422,77,21,50
426,77,21,50
427,77,21,50
431,78,21,50
435,77,21,50
435,73,21,50
435,73,21,50
435,73,21,50
437,75,21,50
440,75,21,50
441,74,21,50
444,74,21,50
444,74,21,50
444,74,21,50
448,74,21,50
448,74,21,50
452,74,21,50
455,69,21,50
456,71,21,50
461,71,21,50
467,71,21,50
467,71,21,50
467,71,21,50
467,71,21,50
470,69,21,50
469,66,21,50
469,66,21,50
472,66,21,50
472,66,21,50
473,65,21,50
477,66,21,50
482,66,21,50
482,66,21,48
483,66,21,48
486,65,21,48
486,65,21,48
486,65,21,48
486,65,21,48
486,65,21,48
486,65,21,48
490,63,21,48
495,62,21,48
495,62,21,48
499,61,21,48
499,61,21,48
499,61,21,48
504,61,21,48
504,61,21,48
505,58,21,48
505,58,21,48
508,61,21,48
509,60,21,48
514,60,19,46
514,60,19,46
514,60,19,46
514,60,19,46
514,60,19,46
520,57,19,46
520,57,19,46
520,57,19,46
520,57,19,46
525,57,19,46
525,57,19,46
533,82,19,46
542,160,19,46
551,160,19,41
535,160,19,41
545,160,19,41
545,160,19,41
554,160,19,41
557,158,19,41
569,158,19,41
569,158,19,41
575,158,19,41
575,158,19,41
575,158,19,41
581,158,19,41
