575,227,25,76
572,226,25,76
572,226,25,76
568,224,25,76
568,224,25,76
564,225,24,76
562,225,24,76
561,225,24,76
558,226,24,76
557,228,24,76
553,226,24,76
550,224,24,76
548,225,24,76
546,224,24,76
544,226,24,76
541,225,24,76
541,225,24,76
537,225,24,76
537,225,24,76
533,227,24,76
532,225,24,76
529,224,24,76
529,224,24,76
526,223,24,76
524,223,24,76
522,223,24,76
521,221,24,76
518,223,24,76
518,223,24,76
511,224,24,75
511,224,24,75
510,223,24,75
508,222,21,74
506,222,21,74
503,221,21,74
503,221,21,74
501,221,21,74
498,221,21,74
496,223,21,74
493,223,21,74
492,221,21,74
490,220,21,74
487,220,21,74
485,223,21,74
485,219,21,74
481,219,21,74
479,218,21,74
477,220,21,74
476,221,21,74
472,221,21,74
472,221,21,74
468,221,21,74
465,218,21,74
464,220,21,74
462,218,21,74
460,218,21,74
460,218,21,74
457,218,21,74
455,220,21,74
454,219,21,74
452,217,21,74
449,217,21,74
449,217,21,74
446,216,21,74
446,216,21,74
442,219,21,74
441,218,21,74
439,218,21,74
432,218,25,73
432,217,25,73
432,217,24,73
428,217,24,73
427,219,24,73
424,215,24,73
423,217,24,73
420,216,24,73
420,216,24,73
418,216,24,73
415,216,24,73
412,216,24,73
409,218,26,71
409,218,25,71
406,215,24,71
406,215,24,71
401,216,24,71
401,216,24,71
398,215,24,71
397,215,24,71
393,216,24,71
392,216,24,71
391,217,24,71
387,216,24,71
386,216,23,70
385,216,23,70
382,215,23,70
380,215,23,70
378,215,23,70
377,215,23,70
373,215,23,70
373,215,23,70
371,216,23,70
368,215,23,70
368,215,23,70
366,214,23,70
366,214,23,70
365,212,23,70
363,212,23,70
362,212,23,70
357,213,23,70
357,213,23,70
355,213,23,70
352,213,23,70
351,214,23,70
351,211,23,70
349,211,23,70
347,211,23,70
344,211,23,70
346,211,23,70
343,210,23,70
341,210,23,70
340,211,23,70
339,211,23,70
339,211,23,70
336,211,23,67
336,209,23,67
334,211,23,67
332,209,23,67
332,209,23,67
330,209,23,67
328,211,23,67
328,209,23,67
325,211,23,67
324,211,23,67
324,211,23,67
320,210,23,67
322,210,23,67
322,210,23,67
320,210,23,67
320,210,23,67
318,210,23,67
318,210,23,67
317,210,23,67
316,210,23,67
316,208,23,67
315,208,23,67
315,209,23,67
313,208,23,67
311,208,23,67
311,208,23,67
308,208,23,67
308,208,23,67
305,208,23,67
306,207,23,67
304,206,23,67
303,207,23,67
301,207,23,67
303,207,23,67
301,206,23,67
301,206,23,67
299,206,23,67
299,206,23,67
298,206,23,67
299,204,23,67
295,203,23,67
296,204,23,67
294,204,23,67
294,204,23,67
292,203,23,67
290,203,23,67
290,203,23,67
290,203,23,67
286,203,23,67
284,203,23,67
284,203,23,67
283,202,23,67
282,202,23,67
282,202,23,67
280,202,23,67
280,202,23,67
278,202,23,67
280,202,23,67
278,201,23,67
276,201,23,67
277,201,23,67
277,198,23,67
275,198,23,67
273,199,23,67
273,199,23,67
273,199,23,67
271,200,23,67
269,200,23,67
269,201,23,67
267,199,23,67
265,199,23,67
265,199,23,67
265,199,23,67
262,199,23,67
261,197,23,67
261,197,23,67
261,197,23,67
259,197,23,67
257,197,23,67
257,197,23,67
257,197,23,67
254,195,23,67
256,195,23,67
255,195,23,67
254,195,23,67
252,195,23,67
251,196,23,67
251,196,23,67
249,197,23,67
249,197,23,67
248,195,23,64
248,195,23,64
246,197,23,64
244,195,23,64
244,196,23,64
244,197,23,64
242,198,23,64
240,198,23,64
239,196,23,64
238,196,23,64
239,196,23,64
236,198,23,64
236,198,23,64
235,194,23,64
235,194,23,64
233,194,23,64
233,194,23,64
233,196,23,64
231,196,23,64
231,196,23,64
229,194,23,64
229,194,23,64
228,194,23,64
227,194,23,64
228,192,23,64
228,192,23,64
227,196,23,64
227,194,23,64
227,194,23,64
225,194,23,64
225,193,23,64
225,191,23,64
223,191,23,64
223,191,23,64
223,193,23,64
223,193,23,64
223,193,23,64
219,191,23,64
219,193,23,64
219,191,23,64
219,191,23,64
217,190,23,64
217,191,23,64
217,191,23,64
217,189,23,64
215,191,23,64
215,191,23,64
215,191,23,64
214,192,23,64
214,192,23,64
213,192,23,64
213,190,23,64
213,190,23,64
213,190,23,64
211,190,23,64
212,190,23,64
212,190,23,64
209,191,23,64
209,189,23,64
210,190,23,64
208,188,23,64
208,188,23,64
208,190,23,64
208,188,23,64
208,190,23,64
208,189,23,64
208,189,23,64
206,189,23,64
208,187,23,61
206,187,23,61
206,189,23,61
206,188,23,61
206,188,23,61
206,188,23,61
206,188,23,61
206,188,20,62
206,188,20,62
205,186,20,62
205,188,20,62
204,188,20,59
204,188,20,59
202,188,20,59
204,188,20,59
202,186,20,59
202,188,20,59
202,188,20,59
202,188,20,59
202,188,20,59
202,186,20,59
202,184,20,59
200,186,20,59
200,186,20,59
200,185,20,59
200,184,20,59
200,184,20,59
200,186,20,59
198,186,20,59
198,187,20,59
198,185,20,59
196,185,20,59
196,183,20,59
196,182,20,59
198,184,20,59
196,184,20,59
196,186,20,59
196,186,20,59
196,186,20,59
196,184,20,59
196,184,20,59
196,184,21,58
193,182,21,58
193,181,21,58
193,183,21,58
196,185,18,56
193,183,18,56
194,183,18,56
193,181,19,58
193,181,19,58
191,183,19,58
191,181,19,58
192,180,19,58
190,180,19,58
190,180,19,58
190,180,19,58
190,180,19,58
190,180,19,58
190,180,19,58
188,180,19,58
190,180,19,58
190,180,19,58
188,178,19,58
190,180,19,58
189,180,19,58
189,180,19,58
188,180,19,58
188,180,19,58
188,180,19,58
186,177,19,58
186,179,19,58
186,181,19,58
187,178,19,58
185,178,19,58
185,180,19,58
185,178,19,58
186,179,19,58
184,179,19,58
184,179,19,58
184,179,19,58
184,179,19,58
184,179,19,58
184,175,19,58
182,177,19,58
181,177,19,58
181,177,19,58
181,177,19,58
179,177,19,58
181,177,19,58
177,176,19,58
179,176,19,58
177,176,19,58
177,176,19,58
177,176,19,58
175,176,19,58
175,174,19,58
173,178,19,58
173,177,19,58
173,176,19,58
171,176,19,58
171,176,19,58
170,175,19,58
171,177,19,58
169,175,19,58
169,175,18,57
169,177,18,57
166,175,18,57
167,175,18,57
165,176,18,57
165,176,18,57
163,177,18,57
162,175,18,54
162,175,18,54
162,175,18,54
162,177,18,54
160,175,18,54
160,175,18,54
160,175,18,54
159,175,18,54
159,175,18,54
159,175,18,54
158,175,18,54
158,175,18,54
156,174,18,54
156,174,18,54
154,176,18,54
152,174,18,54
152,174,18,54
150,174,18,54
148,175,18,54
148,175,18,54
146,175,18,54
147,175,18,54
145,175,18,54
145,175,18,54
145,173,18,54
145,174,18,54
143,174,18,54
142,174,18,54
142,174,17,51
142,172,17,51
141,174,17,51
139,172,17,51
138,172,17,51
137,174,17,51
136,174,17,51
134,174,17,51
136,172,14,51
136,172,14,51
134,172,14,51
133,172,14,51
133,172,14,51
133,172,14,51
131,174,14,51
131,172,14,51
131,172,14,51
129,172,14,51
129,172,14,51
129,170,14,51
127,172,14,51
127,172,14,51
127,172,12,46
127,172,12,46
123,172,12,46
121,172,12,46
119,172,12,46
115,173,14,39
115,173,14,39
113,171,14,39
113,171,14,39
110,171,14,39
110,170,14,39
108,172,14,39
108,172,14,39
106,172,14,39
99,170,14,39
102,172,14,39
102,172,14,39
102,169,14,39
99,170,14,39
99,168,14,39
97,168,14,39
96,169,14,39
96,167,14,39
93,168,14,39
94,169,14,39
92,169,14,39
91,169,14,39
89,169,14,39
89,167,14,39
89,167,14,39
88,166,14,39
87,166,16,39
87,166,16,39
87,166,16,39
85,169,16,39
85,167,16,39
85,167,16,39
85,167,16,39
85,167,16,39
83,169,16,39
83,165,16,50
83,165,16,50
81,167,16,50
81,167,16,50
79,166,16,50
78,166,16,50
77,165,16,50
78,167,16,50
77,166,16,50
75,166,16,50
75,166,16,50
75,164,16,50
75,166,16,50
75,166,16,50
74,168,16,50
74,166,16,50
74,164,16,50
75,165,16,50
75,165,16,50
73,165,16,50
73,163,16,50
73,163,16,50
73,165,16,50
71,166,16,50
71,164,16,50
71,164,16,50
69,164,16,50
69,164,16,50
69,166,16,50
69,164,16,50
69,164,16,50
68,163,16,50
68,163,16,50
68,163,16,50
68,163,16,50
68,165,16,50
67,162,16,50
67,164,16,50
67,162,16,50
67,162,16,50
67,162,16,50
66,163,16,50
66,163,16,50
64,163,16,50
64,163,16,50
64,164,16,50
64,162,16,50
62,162,16,50
62,164,16,50
62,162,16,50
62,162,16,50
60,163,16,50
60,163,16,50
60,165,16,50
60,165,16,50
58,165,16,50
60,161,16,50
58,163,16,50
58,165,16,50
58,163,16,50
56,163,16,50
58,163,16,50
55,165,16,50
54,163,16,50
54,163,16,50
54,165,16,50
54,163,16,50
54,163,16,50
52,163,16,50
52,162,16,50
52,162,16,50
51,162,16,50
51,162,16,50
51,164,16,50
51,162,16,50
51,162,16,50
51,164,16,50
51,160,16,50
49,163,16,50
51,163,16,50
50,165,16,50
50,161,16,50
47,163,16,50
47,161,16,50
48,163,16,50
46,163,16,50
46,163,16,50
46,163,16,50
47,160,16,50
47,162,16,50
45,162,16,50
45,160,16,50
45,162,16,50
45,162,16,50
47,164,16,50
44,162,16,50
44,161,16,50
44,161,16,50
42,157,16,50
43,159,16,50
43,159,16,50
43,159,16,50
41,159,16,50
41,157,16,50
39,159,16,50
39,159,16,50
37,161,16,50
37,160,16,50
37,161,16,50
37,159,16,50
37,162,16,50
37,158,16,50
35,158,16,50
35,160,16,50
33,159,16,50
33,159,16,50
33,157,16,50
33,159,16,50
31,159,16,50
31,159,16,50
30,159,16,50
30,161,16,50
30,161,16,50
27,159,16,50
27,159,16,50
26,161,16,50
24,161,16,50
24,159,16,50
24,159,16,50
24,163,16,50
24,161,16,50
24,161,16,50
22,161,16,50
22,163,16,50
22,161,16,50
20,159,16,50
21,159,16,50
20,157,16,50
20,159,16,50
19,159,16,50
19,161,16,50
16,157,16,50
16,159,16,50
14,161,16,50
14,157,16,50
12,160,16,50
10,160,16,50
12,158,16,50
12,157,16,50
10,161,16,50
8,157,16,50
9,159,16,50
5,164,18,42
5,164,18,42
5,164,18,42
5,164,15,42
6,166,15,42
6,162,15,42
6,162,15,42
6,163,15,42
