402,95,18,56
401,92,18,56
401,92,18,56
401,92,18,56
401,94,18,56
401,94,18,56
401,94,18,56
401,94,18,56
401,94,18,56
401,94,18,56
401,90,18,56
402,92,18,56
404,92,18,56
404,92,18,56
403,94,18,56
406,94,18,56
406,94,18,56
404,94,18,56
406,93,18,56
406,92,18,56
406,90,18,56
405,90,18,56
405,90,18,56
405,90,18,56
405,90,18,56
405,90,18,56
405,89,18,56
405,89,18,56
405,89,18,56
405,89,18,56
405,89,18,56
405,89,18,56
406,88,18,56
406,88,18,56
406,88,18,56
406,88,18,56
406,88,18,56
406,88,18,56
406,88,18,56
406,88,18,56
409,88,18,56
409,88,18,56
409,88,18,56
409,88,18,56
407,88,18,56
407,88,18,56
407,85,18,56
407,85,18,56
409,83,18,56
409,83,18,56
411,86,18,56
411,86,18,56
409,86,18,56
409,86,18,56
409,86,18,56
409,86,18,56
411,86,18,56
411,86,18,56
411,86,18,56
411,86,18,56
411,86,18,56
411,86,18,56
411,86,18,56
411,86,18,56
411,86,18,56
411,86,18,56
411,86,18,56
412,86,18,56
412,86,18,56
413,82,18,56
413,82,18,56
414,82,18,56
414,82,18,56
414,82,18,56
414,82,18,56
414,82,18,56
415,79,18,56
415,79,18,56
415,79,18,56
415,79,18,56
415,79,18,56
415,79,18,56
415,79,18,56
415,79,18,56
415,79,18,56
415,79,18,56
415,79,18,56
415,79,18,56
415,79,18,56
415,79,18,56
415,79,18,56
415,79,18,56
415,79,18,53
415,79,18,53
415,79,18,53
415,79,18,53
415,79,18,53
415,79,18,53
415,79,18,53
415,79,18,53
415,79,18,53
418,78,18,53
418,78,18,53
419,79,18,53
419,79,18,53
419,76,18,53
419,76,18,53
419,76,18,53
419,76,18,53
419,76,18,53
419,76,18,53
419,76,18,53
421,76,18,53
421,76,18,53
421,76,18,53
421,76,18,53
421,76,18,53
421,76,18,53
421,76,18,53
421,76,18,53
421,76,18,53
421,76,18,53
420,75,18,53
420,75,18,53
420,75,18,53
420,75,18,53
420,75,18,53
423,75,18,53
423,75,18,53
423,75,18,53
423,75,18,53
424,74,18,53
424,74,18,53
427,74,18,53
427,74,18,53
427,74,18,53
427,74,18,53
427,74,18,53
427,74,18,53
427,74,18,53
427,74,18,53
427,74,18,53
427,74,18,53
427,74,18,53
429,78,18,53
426,77,18,53
428,74,18,49
428,74,18,49
428,74,18,48
428,74,18,48
428,74,18,48
428,74,18,48
428,74,18,48
431,74,18,48
431,74,18,48
431,74,18,48
431,73,18,48
433,73,18,48
433,73,18,48
433,73,18,48
433,73,18,48
433,73,18,48
433,73,18,48
435,73,18,48
435,73,18,48
435,73,18,48
435,73,18,48
435,73,18,48
435,73,18,48
435,73,18,48
435,72,18,48
435,72,18,48
435,72,18,48
435,72,18,48
435,72,18,48
435,72,18,48
435,72,18,48
435,72,18,48
435,72,18,48
435,72,18,48
435,72,18,48
435,68,18,48
435,68,18,48
435,68,18,48
435,68,18,48
435,68,18,48
435,68,18,48
435,68,18,48
435,68,18,48
435,68,18,48
435,68,18,48
435,66,18,48
435,66,18,48
435,66,18,48
435,66,18,48
439,66,18,48
439,66,18,48
439,66,18,48
439,66,18,48
439,66,18,48
439,66,18,48
439,66,18,48
439,66,18,48
439,66,18,48
439,66,18,48
439,66,18,48
439,66,18,48
439,66,18,48
439,66,18,48
439,66,18,48
441,63,18,48
441,63,18,48
441,63,18,48
441,63,18,48
441,63,18,48
441,63,18,48
441,63,18,48
441,63,18,48
440,65,18,48
440,65,18,48
440,65,18,48
440,65,18,48
443,60,18,48
443,60,18,48
443,60,18,48
443,60,18,48
443,60,18,48
443,60,18,48
443,60,18,48
443,60,18,48
443,60,18,48
443,60,18,48
443,60,18,48
443,60,18,48
443,60,18,48
443,60,18,48
443,60,18,48
445,60,18,48
445,60,18,48
445,60,18,48
445,60,18,48
445,60,18,48
445,60,18,48
445,60,18,48
447,61,18,48
447,61,18,48
447,61,18,48
447,61,18,48
447,61,18,48
447,61,18,48
447,61,18,48
447,61,18,48
447,61,18,48
447,61,18,48
447,61,18,48
449,59,18,48
449,59,18,48
449,59,18,48
449,59,18,48
449,59,18,48
449,59,18,48
449,59,18,48
449,59,18,48
449,59,18,48
449,59,18,48
449,59,18,48
449,59,18,48
452,58,18,48
452,58,18,48
452,58,18,48
452,57,18,48
452,60,18,48
452,60,18,48
452,60,18,48
452,60,18,43
452,60,18,43
453,57,18,43
453,57,18,43
453,57,18,43
453,57,18,43
453,57,18,43
453,57,18,43
456,58,18,43
456,58,18,43
456,57,18,41
456,57,18,41
456,57,18,41
456,57,18,41
456,57,18,41
456,57,18,41
456,57,18,41
456,57,18,41
456,57,18,41
456,57,18,41
457,57,18,41
457,57,18,41
457,57,18,41
457,57,18,41
457,57,18,41
457,57,18,41
457,57,18,39
457,57,18,39
457,57,18,39
457,57,18,39
460,57,18,39
460,57,18,39
460,57,18,39
461,56,18,39
461,56,18,39
463,56,18,39
463,56,18,39
463,56,18,39
463,56,18,39
463,56,18,39
463,56,18,39
463,56,18,39
463,56,18,39
463,56,18,39
463,56,18,39
463,56,18,39
463,56,18,39
463,56,18,39
463,56,18,39
463,56,18,39
466,54,18,39
466,54,18,39
466,54,18,39
466,54,18,39
466,54,18,39
466,54,18,39
469,55,16,39
469,55,16,39
469,55,16,39
469,55,16,39
469,55,16,39
469,55,16,39
469,55,16,39
469,55,16,39
469,53,16,39
469,53,16,39
472,54,16,39
472,54,16,39
472,54,16,39
472,54,16,39
472,54,16,39
472,54,16,39
472,54,16,39
472,54,16,39
