418,287,39,93
416,287,39,93
418,287,32,90
416,287,32,90
416,286,32,90
413,287,32,90
413,287,32,90
407,285,32,90
407,285,32,90
407,283,29,94
407,283,29,94
403,283,29,94
403,283,29,94
402,281,29,94
401,284,28,88
397,284,28,88
397,284,28,88
395,282,28,88
395,282,28,88
392,282,28,88
392,282,28,88
392,282,28,88
392,282,28,88
386,281,28,88
386,281,28,88
384,280,28,88
384,280,28,88
379,277,28,88
379,277,28,88
379,277,28,88
377,276,28,88
377,276,28,88
376,275,28,88
376,275,28,88
370,275,28,88
370,275,28,88
370,275,28,88
370,275,28,88
367,274,28,88
367,274,28,88
367,276,27,82
367,276,27,82
364,276,27,82
364,276,27,82
363,272,27,82
363,272,27,82
361,271,27,82
361,271,27,82
361,271,27,82
361,271,27,82
356,271,27,82
356,271,27,82
356,271,27,82
353,267,27,82
353,267,27,82
352,267,27,82
352,267,27,82
351,266,27,82
351,266,27,82
347,267,27,82
347,267,27,82
347,267,27,82
344,265,27,82
344,265,27,82
344,262,27,82
343,261,27,86
343,261,27,86
339,260,27,86
339,260,27,86
339,260,27,86
337,258,27,84
337,258,27,84
337,258,27,84
337,258,27,84
333,258,27,84
333,258,27,84
333,258,27,84
333,258,27,84
329,259,31,74
329,259,31,74
328,254,29,81
328,254,29,81
322,254,29,81
322,254,29,81
322,254,29,81
322,254,29,81
324,257,27,75
324,257,27,75
320,256,27,75
318,255,27,75
317,252,27,75
317,252,27,75
314,249,29,80
314,249,29,80
314,249,29,80
313,251,29,80
313,251,29,80
310,254,29,71
313,256,29,71
326,250,29,71
326,246,27,80
333,246,27,80
335,246,27,80
339,247,27,80
341,246,27,80
347,248,25,74
350,248,25,74
352,248,25,74
358,245,25,74
360,242,25,74
362,242,25,74
367,246,25,74
369,244,25,74
373,242,25,74
375,242,25,74
377,244,25,74
380,244,25,74
386,243,25,74
388,239,29,78
388,239,29,78
393,239,29,78
396,239,29,78
403,240,23,73
407,242,23,73
410,242,23,73
413,241,23,73
418,240,23,73
424,239,23,73
424,239,23,73
430,239,23,73
435,238,23,73
430,238,23,73
430,239,23,73
430,239,23,73
430,235,23,73
428,235,23,73
427,234,23,73
429,236,23,73
429,236,23,73
429,236,23,73
427,236,23,73
427,236,23,73
427,236,23,73
423,235,23,73
423,235,23,73
423,235,23,73
423,235,23,73
421,231,23,73
421,231,23,73
418,231,23,73
418,231,23,73
418,233,23,73
418,233,23,73
414,233,23,73
414,233,23,73
411,232,23,73
411,232,23,73
411,232,23,73
407,232,23,73
404,231,23,73
404,231,23,73
402,231,23,73
399,228,23,73
401,228,23,73
399,225,29,73
399,226,25,72
395,226,25,72
395,226,25,72
395,226,25,72
395,226,25,72
390,228,25,69
390,228,25,69
386,224,25,69
386,224,25,69
382,224,25,69
382,224,25,69
378,224,25,69
380,224,25,69
376,226,25,69
377,225,21,69
377,225,21,69
375,225,21,69
370,224,21,69
369,223,21,69
369,223,21,69
367,222,21,69
367,221,21,69
365,225,21,69
364,224,21,69
361,224,21,69
367,222,21,69
373,222,21,69
376,222,21,69
377,221,21,69
381,220,21,69
384,220,21,69
386,221,21,69
391,221,21,69
391,221,21,69
394,221,21,69
397,221,21,69
401,220,21,69
401,216,21,69
405,217,21,69
403,217,25,67
401,217,25,67
403,218,25,67
402,218,25,67
397,218,25,67
396,214,25,69
396,214,25,69
392,213,25,69
392,213,25,69
388,213,25,69
388,214,22,68
388,214,22,68
386,213,22,68
386,213,22,68
380,213,22,68
380,213,22,68
378,212,22,68
378,212,22,68
375,212,22,68
375,212,22,68
369,212,22,68
369,212,22,68
367,212,22,68
367,212,22,68
363,208,22,68
363,208,22,68
357,208,22,68
357,208,22,68
357,208,22,68
355,208,22,68
353,209,21,65
353,209,21,65
350,209,21,65
350,209,21,65
348,209,21,65
348,209,21,65
344,206,21,65
344,206,21,65
341,206,21,65
341,206,21,65
336,206,21,65
336,206,21,65
334,206,21,65
334,205,21,65
330,205,21,65
328,203,21,65
327,203,21,65
327,203,21,65
324,203,21,65
321,203,21,65
321,203,21,65
321,203,21,65
318,202,21,65
316,202,21,65
316,202,21,65
314,201,21,65
314,201,21,65
311,201,21,65
311,201,21,65
311,201,18,60
309,201,18,60
308,201,18,60
305,201,18,60
304,199,18,60
302,199,20,61
302,200,20,61
302,200,20,61
297,202,21,57
297,202,21,57
297,202,21,57
296,200,21,57
296,200,21,57
296,200,21,57
296,200,21,57
293,199,21,57
293,199,21,57
293,199,21,57
292,198,21,57
292,198,21,57
288,197,21,57
288,197,21,57
288,197,21,57
287,197,21,57
287,197,21,57
284,197,21,57
284,197,21,57
284,197,21,57
284,197,21,57
282,197,21,57
282,192,20,61
282,192,20,61
280,192,20,61
280,192,20,61
280,192,20,61
280,193,19,58
278,193,19,58
278,193,19,58
278,193,19,58
278,190,19,58
276,189,19,58
276,189,19,58
276,189,19,58
276,189,19,58
273,192,19,58
273,192,19,58
273,192,19,58
273,192,19,58
269,188,19,58
269,188,19,58
269,188,19,58
269,188,19,58
267,188,19,58
267,188,19,58
265,189,20,57
265,189,20,57
263,188,20,57
263,188,20,57
261,188,20,57
261,188,20,57
260,187,20,57
260,187,20,57
257,188,20,57
257,188,20,57
257,188,20,57
257,185,16,60
257,185,16,60
254,184,16,60
252,182,20,61
252,182,20,61
248,184,20,61
258,184,20,61
258,187,21,53
259,187,21,53
265,187,21,53
265,186,21,53
269,184,21,53
273,184,21,53
277,184,21,53
282,184,21,53
284,184,21,53
288,185,21,53
292,184,16,53
291,185,22,53
291,185,22,53
296,184,22,53
294,184,22,53
294,184,22,53
289,181,22,53
289,183,22,53
288,183,22,53
287,185,23,55
285,183,23,55
285,183,23,55
285,183,23,55
282,183,23,55
282,182,19,57
282,180,19,57
280,179,19,57
278,180,19,57
278,180,19,57
277,183,18,52
277,183,18,52
275,183,18,52
273,183,18,52
271,181,18,52
273,183,18,52
270,180,18,52
270,180,18,52
266,179,23,57
265,185,22,52
265,185,22,52
265,185,22,52
261,183,22,52
261,183,22,52
260,176,19,55
260,176,19,55
258,177,19,55
258,177,19,55
258,177,19,55
256,178,19,51
253,182,19,51
253,182,19,51
250,182,19,51
250,182,19,51
249,178,19,51
249,178,19,51
246,178,19,51
246,180,19,51
244,180,21,53
244,182,18,50
244,182,18,50
244,180,18,50
241,179,18,50
241,181,18,50
239,180,18,50
239,180,18,50
236,181,19,49
236,181,19,49
236,179,19,49
237,180,15,48
235,180,15,48
235,180,15,48
235,177,14,50
231,173,18,53
231,173,18,53
231,173,18,53
229,173,18,53
228,176,19,49
228,176,19,49
228,176,19,49
228,175,15,50
228,175,15,50
228,173,15,50
228,173,15,50
228,173,15,50
228,173,15,50
227,175,14,48
227,175,14,48
227,175,14,48
227,175,14,48
223,171,18,51
223,171,18,51
223,171,18,51
225,176,15,45
225,176,15,45
223,172,15,45
225,172,15,45
225,172,15,45
223,174,15,45
223,172,15,45
225,174,15,45
223,174,15,45
223,174,15,45
223,174,15,45
223,172,15,45
223,172,15,45
223,172,15,45
219,172,16,46
223,172,16,46
223,172,16,46
224,169,14,46
224,169,14,46
222,169,14,46
222,169,14,46
222,169,14,46
222,169,14,46
221,172,16,45
221,172,16,45
221,172,16,45
221,172,16,45
219,172,16,45
219,169,16,45
219,169,16,45
221,169,16,45
221,170,14,46
221,170,14,46
221,170,14,46
221,172,14,46
221,170,14,46
220,169,14,46
218,169,14,46
218,169,14,46
218,169,14,46
216,171,14,46
218,169,14,46
218,169,14,46
218,169,14,46
218,169,14,46
216,168,18,49
216,170,18,49
216,170,18,49
216,169,16,48
216,169,16,48
214,167,16,48
214,168,14,43
214,168,14,43
214,168,14,43
214,168,14,43
212,168,14,43
212,168,14,43
212,168,14,43
212,168,14,43
212,168,14,43
212,168,14,43
212,168,14,43
210,167,14,43
210,167,14,43
209,165,14,43
209,165,14,43
209,165,14,43
209,165,14,43
209,165,14,43
207,165,14,43
207,165,14,43
207,165,14,43
204,166,14,45
204,165,14,41
204,165,14,41
203,165,14,41
203,165,14,41
198,165,14,41
200,165,14,41
199,165,14,41
199,165,14,41
199,165,14,34
199,165,14,34
199,165,14,34
195,165,14,34
195,165,14,34
194,168,14,34
194,168,14,34
194,166,14,34
192,166,14,34
188,165,14,34
188,165,14,34
188,165,14,34
186,167,14,34
185,167,14,40
185,167,14,40
185,167,14,40
182,165,14,40
182,165,14,40
181,162,14,40
181,162,14,40
180,162,14,40
178,164,14,40
178,164,14,40
176,164,14,40
176,164,14,40
174,164,14,40
174,164,14,40
172,164,14,40
173,163,14,40
169,161,16,42
169,161,16,42
168,161,16,42
168,163,16,42
165,163,16,42
165,163,16,42
161,164,16,42
165,164,16,44
161,160,16,44
161,160,16,44
161,160,14,41
161,160,14,41
159,161,14,41
160,164,13,39
156,164,13,39
156,164,13,39
155,160,13,39
155,160,13,39
152,163,13,37
152,163,13,37
148,164,16,36
148,164,16,36
148,164,14,35
146,164,14,35
146,164,14,35
143,164,14,35
143,164,14,35
143,164,14,35
144,160,13,39
142,160,13,39
142,160,13,39
142,160,13,39
140,162,13,39
140,162,13,39
140,162,13,39
139,160,13,39
139,160,13,39
139,159,13,39
139,159,13,39
135,160,13,39
135,160,13,39
137,162,13,39
137,162,13,39
132,161,13,39
134,161,13,39
133,160,13,39
133,160,13,39
131,160,13,39
131,160,13,39
131,159,13,41
131,159,13,41
129,162,13,41
129,158,13,41
129,158,13,41
129,158,13,41
135,158,13,41
143,160,13,41
147,157,13,41
150,158,13,41
150,158,13,41
159,158,13,41
159,158,13,41
169,159,13,41
169,159,13,41
176,158,13,41
176,158,13,41
181,158,13,41
180,158,13,41
180,158,13,41
180,158,13,41
178,157,13,41
178,157,13,41
178,155,15,44
178,155,15,44
178,155,15,44
178,155,15,44
175,155,15,44
175,155,15,44
175,155,15,44
175,155,15,44
175,155,15,44
173,155,15,44
173,155,15,44
173,155,15,44
173,155,15,44
173,155,15,44
173,155,15,44
169,154,15,44
169,154,15,44
169,154,15,44
168,154,15,44
168,154,15,44
167,153,15,44
167,153,15,44
165,156,15,44
165,156,15,44
164,156,15,44
164,156,15,44
163,152,14,43
163,152,14,43
161,152,14,43
161,152,14,43
158,152,14,43
158,154,14,43
158,154,14,43
157,154,14,43
157,154,14,43
154,157,18,38
154,155,18,38
151,154,18,38
151,152,18,38
151,154,18,38
150,152,14,44
150,152,14,44
148,152,14,44
148,152,14,44
148,151,14,44
146,149,14,44
144,147,14,44
