540,328,41,123
534,328,41,123
526,325,41,123
523,325,41,123
523,325,41,123
509,326,48,122
509,326,45,122
506,326,42,122
501,326,42,122
496,326,42,122
490,326,42,122
490,324,42,122
486,324,42,122
486,324,42,122
482,324,42,122
482,324,42,122
477,324,42,122
456,322,41,123
456,322,41,123
456,322,37,123
443,321,49,123
437,321,49,123
437,321,49,123
437,321,49,123
437,321,46,123
428,320,46,123
428,320,42,123
419,321,42,123
419,320,36,123
419,320,36,123
405,322,44,120
405,322,44,120
393,322,44,120
389,322,44,120
382,320,44,120
378,320,44,120
373,320,44,120
373,320,44,120
364,320,44,120
361,320,44,120
352,320,44,120
352,320,44,120
345,319,44,120
345,319,44,120
336,316,42,120
330,316,42,120
328,316,42,120
324,319,40,116
320,319,40,116
314,320,40,116
310,320,40,116
304,320,40,116
304,320,40,116
297,318,40,116
297,318,40,116
291,316,40,116
291,316,40,116
283,316,40,116
277,313,40,116
273,313,40,116
270,313,40,116
266,313,40,116
262,313,40,116
262,313,40,116
251,312,40,116
251,312,40,116
242,312,40,116
242,312,40,116
237,312,40,116
237,312,40,116
229,310,40,116
229,310,40,116
222,308,40,116
222,308,40,116
222,308,40,116
222,308,36,115
216,308,36,115
212,308,36,115
212,308,36,115
210,308,36,115
210,308,36,115
203,308,36,115
203,308,36,115
198,307,36,115
198,307,36,115
198,307,31,110
195,306,31,110
195,306,31,110
195,306,31,110
195,306,31,110
195,306,31,110
191,306,31,110
191,306,31,110
191,306,31,110
191,302,31,110
191,302,31,110
194,297,31,110
194,297,31,110
194,297,31,110
194,297,31,110
194,297,31,110
191,297,31,110
191,297,31,110
191,297,31,110
189,297,31,110
189,297,31,110
189,297,31,110
188,298,32,110
188,298,32,110
189,298,32,110
189,298,32,110
189,298,32,110
189,298,32,110
189,298,32,110
189,298,32,110
189,298,32,110
185,298,32,110
183,298,32,110
180,299,32,110
177,295,32,110
175,295,32,110
172,295,32,110
172,295,32,110
168,294,32,110
168,294,32,110
168,294,32,110
168,294,32,110
168,294,32,110
168,294,32,110
168,294,32,110
168,294,32,110
168,294,32,110
168,294,32,110
168,294,32,110
168,294,32,110
168,294,32,110
168,294,32,110
168,294,32,110
168,294,32,110
168,294,32,110
168,294,32,110
168,294,32,110
168,294,32,110
168,294,32,110
166,294,32,110
166,294,32,110
163,294,32,110
160,294,32,110
154,294,36,110
154,294,36,110
154,294,36,110
147,285,36,110
147,291,32,104
147,291,32,104
147,291,32,104
147,291,32,104
147,291,32,104
147,291,32,104
147,291,32,104
147,291,32,104
143,291,30,102
143,291,30,102
143,291,30,102
140,290,30,102
140,290,30,102
140,290,30,102
133,290,37,103
133,290,37,103
133,290,37,103
127,290,37,103
127,290,37,103
127,290,37,103
127,290,37,103
127,290,37,103
127,290,37,103
127,290,37,103
127,290,37,103
127,290,37,103
127,287,37,103
127,287,37,103
127,283,39,110
127,283,39,110
127,282,39,110
127,282,39,110
127,282,39,110
127,282,39,110
127,278,39,110
127,278,39,110
127,278,39,110
127,274,39,110
127,274,39,110
127,274,39,110
127,274,39,110
127,274,39,110
127,274,39,110
127,274,39,110
130,271,39,110
130,271,39,110
130,271,39,110
130,271,39,110
130,271,40,109
130,271,40,109
130,271,40,109
131,266,40,109
133,262,40,109
133,256,40,109
133,256,40,109
133,256,40,109
138,256,36,110
138,256,36,110
138,256,36,110
138,256,36,110
143,248,29,106
143,248,29,106
143,248,29,106
143,248,29,106
142,247,29,106
142,247,29,106
142,247,29,106
142,247,29,106
142,247,29,104
142,247,31,98
140,242,31,98
140,242,31,98
140,242,31,98
142,238,31,98
142,238,31,98
142,238,31,98
142,238,31,98
142,238,31,98
142,238,31,98
140,233,31,98
140,233,31,98
140,233,31,98
140,233,31,98
140,230,31,98
140,230,31,98
140,230,31,98
138,226,31,100
138,226,31,100
138,226,31,100
138,222,31,100
138,222,31,100
138,222,31,100
138,222,31,100
138,222,31,100
138,222,31,100
138,222,31,100
138,214,31,100
138,214,31,100
133,209,31,100
133,209,31,100
133,209,31,100
133,209,31,100
131,207,31,98
131,207,31,98
131,207,31,98
127,206,31,98
127,206,31,98
125,203,31,98
125,203,31,98
125,203,31,98
125,203,31,98
125,203,31,98
125,203,31,98
127,202,31,98
127,202,31,98
127,201,31,98
127,201,31,98
127,201,31,98
126,197,31,98
126,197,31,98
117,195,31,98
117,195,31,98
117,195,31,98
117,195,31,98
110,186,38,97
110,195,36,88
105,193,36,88
105,193,36,88
105,193,36,88
105,193,36,88
101,189,36,88
101,189,36,88
95,188,36,88
95,188,36,88
95,188,36,88
91,188,36,88
91,188,36,88
91,188,36,88
88,187,36,88
88,181,33,94
88,181,33,94
75,179,48,93
70,179,48,93
69,184,48,93
69,184,48,93
58,184,48,93
58,184,48,93
56,182,48,93
56,182,39,93
56,182,39,93
48,176,39,93
48,176,39,93
48,176,39,93
48,176,39,93
48,176,39,93
48,176,39,93
48,176,39,93
48,176,39,93
57,176,39,93
57,176,39,93
62,176,39,93
62,176,39,93
67,176,39,93
67,176,39,93
71,173,39,93
71,173,39,93
71,173,39,93
80,174,39,93
80,174,39,93
80,174,39,93
80,172,39,93
80,172,39,93
83,168,39,93
83,168,39,93
89,163,39,93
89,163,39,93
92,163,35,90
92,163,35,90
92,163,35,90
96,161,35,90
96,161,35,90
96,161,35,90
95,160,35,90
95,160,35,90
95,160,35,90
95,157,35,90
95,157,35,90
93,158,35,80
93,158,35,80
93,158,35,80
93,158,35,80
95,153,35,80
95,153,35,80
97,147,35,80
97,147,35,80
96,144,35,80
96,144,35,80
95,142,38,86
93,136,38,86
91,135,38,86
91,135,38,86
91,135,38,86
91,135,38,86
91,135,38,86
91,135,38,86
93,135,38,82
93,135,38,82
97,132,36,82
97,132,36,82
101,127,36,82
101,127,36,82
101,124,36,85
101,124,36,85
101,124,36,85
101,124,36,85
103,124,36,85
103,124,36,85
103,121,35,89
103,121,35,89
109,117,35,89
109,117,35,89
109,117,35,89
112,117,35,89
112,117,35,89
112,117,35,89
112,117,35,85
112,117,35,85
120,114,35,85
120,114,35,85
120,114,35,85
121,111,35,82
121,111,35,82
121,111,35,82
121,111,35,82
121,110,35,82
121,110,35,82
121,106,35,82
121,106,35,82
121,106,35,82
123,106,30,82
123,106,30,82
123,106,30,82
130,102,30,82
130,102,30,82
130,96,30,82
130,96,30,82
130,96,30,82
130,96,30,82
130,96,30,82
130,96,30,82
130,96,30,82
130,96,30,82
130,96,30,74
130,96,30,74
130,92,30,74
130,92,30,74
130,92,30,74
130,92,30,74
134,90,25,69
134,90,25,69
134,90,25,69
141,89,25,69
141,89,25,69
141,89,25,69
141,89,25,69
139,88,25,69
139,88,25,69
139,88,25,69
138,89,25,69
138,89,25,69
134,87,25,69
134,87,25,69
134,87,25,69
134,87,25,69
134,87,25,69
129,86,25,69
129,86,25,69
