14 35 39 66
15 33 39 65
18 34 41 65
19 34 43 64
20 35 45 65
23 35 50 66
25 36 52 65
27 35 53 64
30 37 53 65
31 36 52 65
32 39 57 66
35 38 59 66
37 39 61 67
39 39 63 68
41 40 64 70
44 40 64 69
45 40 66 71
47 42 68 72
50 41 69 70
51 42 72 72
53 43 75 72
55 42 75 72
57 44 78 73
59 43 78 74
61 43 82 76
65 42 85 73
67 42 86 73
69 42 88 74
72 42 89 74
73 43 92 74
75 42 91 72
77 43 96 74
80 44 99 73
82 43 101 73
84 43 102 74
86 42 102 73
89 42 103 72
91 42 106 72
93 44 111 71
94 43 114 71
96 42 115 72
99 41 115 72
101 39 116 70
104 41 119 69
106 40 121 71
108 41 123 70
110 41 125 68
113 39 127 69
114 41 129 69
117 39 130 68
119 40 132 71
120 40 137 69
121 41 139 68
124 39 142 68
125 40 143 68
128 40 143 67
130 39 143 67
133 38 148 66
134 40 150 67
135 38 153 67
138 39 155 67
141 39 156 68
142 39 155 67
145 39 159 66
147 39 161 69
148 40 165 67
149 40 167 67
151 39 169 67
154 38 170 66
156 37 171 68
159 38 172 67
161 39 175 67
162 39 177 66
164 38 179 66
165 38 181 68
167 39 183 66
170 38 184 66
172 39 185 67
175 39 188 66
175 39 190 66
175 39 192 67
177 38 192 66
180 37 196 67
184 37 198 66
185 36 201 68
188 38 201 65
186 39 204 63
187 39 205 66
189 38 207 66
191 39 208 64
194 38 210 65
195 39 213 65
199 40 214 65
200 39 216 67
202 40 219 66
202 40 220 67
205 38 222 66
206 39 222 65
208 39 224 65
209 39 226 66
