120 103 129 119
119 103 129 121
121 103 130 120
122 103 131 119
123 102 131 119
124 104 133 121
125 104 133 120
126 104 135 122
127 105 135 120
128 105 137 121
128 104 138 120
128 105 138 122
129 105 140 120
129 104 140 121
130 104 140 122
133 104 142 121
133 103 143 123
133 104 143 122
135 104 144 122
135 104 145 122
137 104 147 122
138 104 146 122
138 104 148 121
140 103 149 120
139 103 150 120
139 102 149 120
141 103 152 121
141 103 152 122
143 102 154 122
144 103 154 120
144 101 155 121
146 103 157 121
146 103 156 121
146 104 156 122
146 104 158 123
148 104 159 122
150 102 160 122
150 104 162 124
151 104 162 123
151 104 162 124
153 105 163 122
152 103 164 123
155 104 164 123
155 102 166 123
156 103 166 122
156 102 166 122
158 104 169 122
158 103 169 123
161 104 170 122
161 103 171 121
162 103 172 122
161 103 172 124
161 102 173 123
163 103 173 124
164 103 175 123
165 104 177 123
166 103 177 121
167 103 178 122
167 103 177 122
168 103 179 122
168 102 179 122
170 102 180 121
171 103 181 123
172 103 182 123
173 103 183 122
173 103 184 121
173 103 184 121
175 103 184 121
175 104 185 123
177 104 186 122
176 104 187 122
178 103 187 122
179 104 187 122
179 103 188 122
180 105 190 123
180 105 189 123
181 104 190 123
182 104 191 121
183 104 192 120
182 105 192 123
183 106 193 122
184 106 194 123
185 106 194 123
187 105 195 121
187 106 196 122
186 106 197 123
187 104 197 120
189 103 197 119
189 103 198 121
188 104 199 121
190 103 199 120
190 104 200 121
191 103 200 120
191 104 201 121
191 104 200 120
192 103 200 122
192 105 201 120
193 105 201 120
192 104 201 120
193 102 202 119
193 103 201 119
192 103 202 120
193 104 201 120
193 103 201 119
194 103 202 119
