119 101 128 120
119 102 128 119
120 102 129 120
121 102 130 119
122 103 131 119
122 102 134 121
124 103 134 120
125 103 135 120
125 102 136 119
126 102 136 120
127 103 136 119
128 103 138 119
129 103 139 119
129 101 140 120
131 102 140 121
132 102 142 120
133 102 142 119
133 103 142 118
135 103 144 121
135 104 145 120
136 102 146 121
137 102 147 120
138 102 146 122
139 103 148 120
140 103 149 120
139 102 148 119
141 103 152 120
140 104 151 121
144 102 155 121
143 101 154 120
143 101 155 121
145 103 155 121
145 103 156 121
145 102 155 120
147 103 157 121
148 102 158 122
150 102 159 123
150 102 161 121
151 101 161 121
151 103 162 120
154 103 163 120
153 102 162 119
155 102 165 119
155 101 165 119
155 102 165 120
156 102 166 119
158 102 167 119
159 102 168 119
159 102 169 119
161 102 170 119
162 102 172 120
162 102 172 120
162 102 172 119
164 103 174 120
164 103 174 120
165 103 175 121
166 102 176 120
167 102 177 120
167 103 176 121
168 103 177 120
169 103 179 120
170 102 179 120
171 103 180 119
172 103 181 118
173 102 183 119
173 103 183 119
174 104 182 117
175 103 184 119
175 103 184 118
176 103 185 118
177 102 186 118
177 103 186 117
179 103 187 117
179 103 189 118
181 104 190 118
180 104 189 119
180 103 190 118
182 104 191 117
183 104 191 118
182 103 193 118
184 104 193 118
185 103 193 117
186 101 194 117
187 102 195 115
187 101 196 116
187 101 196 115
188 102 197 116
189 102 197 116
189 101 199 116
190 101 199 116
190 101 199 116
190 101 200 116
191 101 201 117
191 101 201 118
191 102 201 116
192 101 201 116
192 101 202 116
193 101 202 116
193 101 202 115
193 100 202 115
193 100 203 116
193 100 204 115
194 100 203 113
194 100 203 114
194 100 203 115
