288 224 340 261
283 219 333 257
274 214 325 250
273 210 321 246
266 205 313 240
262 203 309 236
255 196 301 230
253 194 297 227
246 190 291 220
244 187 288 219
236 182 279 214
234 180 275 210
229 174 269 205
226 172 265 203
219 169 259 197
218 165 256 196
210 162 249 189
207 160 247 185
205 156 243 184
201 152 237 179
196 149 232 175
194 146 230 174
189 146 227 171
186 141 221 167
185 140 219 166
180 137 213 161
179 135 211 160
174 131 207 157
172 132 205 154
169 128 200 151
167 125 198 150
162 123 194 146
162 120 192 144
157 118 187 140
157 116 185 139
153 114 182 136
151 114 179 134
148 111 176 132
146 109 173 130
145 107 172 128
141 105 172 125
140 104 169 123
138 102 165 121
137 101 162 119
134 99 159 117
133 98 158 116
132 97 156 115
127 93 153 112
127 93 151 112
125 91 149 109
124 90 148 108
121 87 144 106
119 87 143 105
118 85 142 103
117 83 141 102
115 82 138 100
113 81 137 99
111 79 134 97
112 79 133 96
110 77 132 95
109 77 131 94
107 74 128 92
106 74 127 91
103 72 125 88
103 71 124 89
102 71 123 88
98 69 121 85
99 68 120 85
97 67 117 84
96 66 118 82
94 66 115 82
93 65 115 80
92 62 113 79
91 62 111 78
89 60 109 77
89 61 109 76
87 59 106 74
85 57 105 73
85 57 103 72
83 55 102 71
82 54 101 70
80 55 100 70
79 54 98 68
78 53 97 68
78 52 96 67
76 52 95 66
77 52 93 65
74 49 92 64
73 49 92 63
72 47 90 62
70 48 89 59
70 46 86 58
70 45 86 58
67 44 85 57
66 45 84 56
66 43 83 56
65 42 82 55
65 42 81 54
64 41 80 54
62 40 80 53
61 39 78 52
60 39 77 51
60 37 75 51
58 38 75 50
58 36 74 49
57 36 74 48
56 35 72 48
55 35 72 47
55 33 70 46
54 33 70 46
