10,65,21,31
11,65,21,31
11,67,21,31
11,67,21,31
15,67,21,31
15,67,21,31
15,67,21,31
15,65,21,31
17,67,21,31
17,67,21,31
19,65,21,31
21,65,21,31
23,65,21,31
23,65,21,31
23,65,21,31
23,65,21,31
25,67,21,31
25,63,21,31
25,65,21,31
30,65,21,31
28,67,21,31
30,67,21,31
32,69,21,31
32,69,21,31
32,69,21,31
34,69,21,31
36,69,21,31
36,69,21,31
38,67,21,31
38,69,21,31
40,69,21,31
42,67,21,31
42,69,21,31
42,69,21,31
45,67,21,31
47,69,21,31
49,69,21,31
51,69,21,31
49,69,21,31
53,69,21,31
55,67,21,31
55,69,21,31
57,71,21,31
57,69,21,31
61,69,21,31
59,69,21,31
61,69,21,31
61,69,21,31
62,73,21,31
62,73,21,31
64,71,21,31
68,73,21,31
68,71,21,31
72,71,21,31
70,69,21,31
72,71,21,31
74,69,21,31
74,71,21,31
76,73,21,31
78,73,21,31
78,73,21,31
80,73,21,31
83,73,21,31
83,73,21,31
85,73,21,31
87,75,21,31
85,75,21,31
89,75,21,31
91,75,21,31
91,75,21,31
93,75,21,31
93,75,21,31
95,75,21,31
95,75,21,31
97,75,21,31
100,77,21,31
100,75,21,31
102,77,21,31
104,77,21,31
104,79,21,31
108,79,21,31
108,79,21,31
108,79,21,31
112,77,21,31
114,77,21,31
114,77,21,31
117,77,21,31
119,79,21,31
119,79,21,31
119,77,21,31
121,79,21,31
123,79,21,31
123,81,21,31
125,83,21,31
127,81,21,31
129,81,21,31
129,81,21,31
129,83,21,31
131,83,21,31
134,83,21,31
134,85,21,31
134,85,21,31
138,83,21,31
140,81,21,31
140,81,21,31
140,81,21,31
142,83,21,31
142,85,21,31
146,83,21,31
146,85,21,31
150,85,21,31
150,85,21,31
152,85,21,31
151,85,21,31
153,85,21,31
153,87,21,31
155,87,21,31
155,87,21,31
159,87,21,31
161,85,21,31
161,85,21,31
161,87,21,31
165,87,21,31
167,85,21,31
169,87,21,31
167,89,21,31
170,89,21,31
170,89,21,31
172,89,21,31
172,89,21,31
174,89,21,31
176,89,21,31
178,91,21,31
180,91,21,31
180,91,21,31
182,89,21,31
182,91,21,31
184,91,21,31
184,91,21,31
187,91,21,31
189,93,21,31
189,91,21,31
188,93,21,31
191,93,21,31
191,95,21,31
193,95,21,31
195,95,21,31
193,95,21,31
197,97,21,31
197,97,21,31
199,95,21,31
199,95,21,31
201,95,21,31
202,95,21,31
202,97,21,31
202,97,21,31
204,97,21,31
210,97,21,31
208,99,21,31
210,99,21,31
210,99,21,31
214,99,21,31
214,99,21,31
214,99,21,31
216,99,21,31
216,99,21,31
218,95,21,31
219,95,21,31
221,95,21,31
221,93,21,31
221,95,21,31
223,99,21,31
223,101,21,31
225,101,21,31
227,103,21,31
229,103,21,31
233,101,21,31
233,103,21,31
235,103,21,31
234,101,21,31
236,101,21,31
238,103,21,31
238,103,21,31
244,103,21,31
244,103,21,31
248,103,21,31
248,105,21,31
250,105,21,31
250,105,21,31
250,107,21,31
250,107,21,31
253,107,21,31
253,107,21,31
255,107,21,31
257,107,21,31
259,107,21,31
259,107,21,31
261,107,21,31
263,109,21,31
265,109,21,31
265,105,21,31
267,105,21,31
267,107,21,31
269,107,21,31
271,107,21,31
272,111,21,31
273,113,21,31
274,113,21,31
276,113,21,31
274,113,21,31
276,113,21,31
276,113,21,31
278,113,21,31
278,113,21,31
282,113,21,31
284,113,21,31
286,115,21,31
286,115,21,31
288,115,21,31
288,115,21,31
290,115,21,31
291,115,21,31
291,115,21,31
293,115,21,31
293,115,21,31
295,107,21,31
297,107,21,31
299,107,21,31
299,109,21,31
301,111,21,31
303,109,21,31
303,109,21,31
303,113,21,31
303,107,21,31
307,113,21,31
305,113,21,31
307,115,21,31
308,115,21,31
310,115,21,31
312,111,21,31
314,109,21,31
314,113,21,31
316,113,21,31
318,113,21,31
320,113,21,31
320,115,21,31
322,119,21,31
322,121,21,31
330,117,21,31
330,115,21,31
333,121,21,31
333,121,21,31
331,121,21,31
335,121,21,31
337,123,21,31
337,121,21,31
339,121,21,31
339,121,21,31
339,121,21,31
341,123,21,31
343,127,21,31
343,129,21,31
343,125,21,31
345,127,21,31
345,125,21,31
344,125,21,31
344,125,21,31
346,125,21,31
346,125,21,31
350,125,21,31
356,125,21,31
358,125,21,31
358,127,21,31
358,131,21,31
362,133,21,31
362,133,21,31
364,135,21,31
364,133,21,31
367,135,21,31
367,133,21,31
369,131,21,31
371,133,21,31
371,131,21,31
373,129,21,31
375,131,21,31
375,131,21,31
375,135,21,31
377,135,21,31
