458,307,39,52
456,306,39,52
454,306,39,52
452,306,39,52
452,308,38,50
450,307,38,50
450,307,38,50
450,303,38,48
447,303,38,48
447,303,38,48
446,302,38,48
446,302,38,48
445,302,36,47
441,302,36,47
441,303,32,46
439,303,32,46
439,303,32,46
437,299,32,46
435,299,32,46
435,299,32,46
431,299,32,46
431,299,32,49
428,299,32,49
428,299,32,49
426,299,32,49
426,299,32,49
423,297,32,49
423,297,32,49
419,295,32,49
419,295,32,49
416,296,32,49
416,296,32,49
412,296,32,49
412,296,32,49
409,295,32,49
409,295,32,49
405,295,32,49
405,295,32,49
403,295,31,47
403,295,31,47
401,293,31,47
401,293,31,47
398,291,31,47
398,291,31,47
398,291,31,47
395,291,31,47
395,291,31,47
389,291,31,47
389,291,31,47
386,290,31,47
386,290,31,47
384,288,31,47
384,288,31,47
382,287,31,47
382,287,31,47
380,287,31,47
380,287,31,47
380,290,31,45
380,290,31,45
379,287,31,45
379,287,31,45
377,283,31,45
377,283,31,45
373,283,31,45
373,283,31,45
370,283,31,45
370,283,31,45
369,283,31,45
369,283,31,45
368,280,31,45
368,280,31,45
365,280,31,45
365,280,31,45
365,282,28,43
365,282,28,43
362,279,28,43
362,279,28,43
359,278,28,43
359,278,28,43
355,277,28,43
355,277,28,43
355,277,28,43
352,278,28,43
352,278,28,43
350,275,28,43
350,275,28,43
350,275,28,43
345,275,28,43
345,275,28,43
342,275,28,43
342,275,28,43
337,272,28,43
337,272,28,43
336,271,28,43
336,271,28,43
333,273,28,41
333,273,28,41
329,273,28,41
329,273,28,41
326,270,28,41
326,270,28,41
326,270,28,41
324,270,28,41
324,269,24,40
324,269,24,40
320,269,24,40
320,269,24,40
317,269,24,40
317,269,24,40
316,267,24,40
316,267,24,40
312,267,24,40
312,267,24,40
312,267,24,40
310,267,24,40
310,267,24,40
305,266,24,40
305,266,24,40
305,266,24,40
303,266,24,40
303,266,24,40
303,266,24,40
301,265,24,40
301,265,24,40
301,265,24,40
301,265,24,40
297,265,24,40
297,265,24,40
297,265,24,40
292,264,24,40
292,264,24,40
292,264,24,40
290,262,24,40
290,262,24,40
290,262,24,40
290,262,24,40
286,263,24,40
286,263,24,40
286,263,24,40
286,263,24,40
283,260,24,37
283,260,24,37
283,260,24,37
283,260,24,37
280,260,24,37
280,260,24,37
280,260,24,37
280,260,24,37
276,258,24,37
276,258,24,37
276,258,24,37
276,258,24,37
276,258,24,37
270,258,24,37
270,258,24,37
270,258,24,37
270,258,24,37
270,258,24,37
270,255,24,37
270,255,24,37
270,255,24,37
270,255,24,37
270,255,24,37
263,256,24,37
263,256,24,37
263,256,24,37
263,252,24,37
263,252,24,37
263,252,24,37
261,253,24,37
261,253,24,37
261,253,24,37
261,253,24,37
261,253,24,37
256,251,24,37
256,251,24,37
256,251,24,37
256,251,24,37
256,251,24,37
256,251,24,37
251,250,24,37
251,250,24,37
251,250,24,37
249,249,24,37
249,249,24,37
249,249,24,37
249,249,24,37
249,249,24,37
245,249,24,37
245,249,24,37
245,249,24,37
245,249,24,37
245,249,24,37
244,247,24,37
244,247,24,37
244,247,24,37
239,247,24,37
239,247,24,37
236,247,24,37
236,247,24,37
236,247,24,37
235,245,24,37
235,245,24,37
235,245,24,37
235,245,24,37
231,245,24,37
231,245,24,37
231,245,24,37
231,245,24,37
231,245,24,37
228,244,24,37
228,244,24,37
228,244,24,37
228,244,24,37
224,245,24,37
224,245,24,37
224,245,24,37
224,245,24,37
223,241,24,37
223,241,24,37
223,241,24,37
220,241,24,37
220,241,24,37
220,241,24,37
220,241,24,37
220,241,24,37
216,241,24,37
216,241,24,37
216,241,24,37
216,241,24,37
212,241,24,37
212,241,24,37
212,241,24,37
212,241,24,37
209,238,24,37
209,238,24,37
209,238,24,37
209,238,24,37
209,238,24,37
209,238,24,37
206,238,24,37
206,238,24,37
206,238,24,37
206,238,24,37
206,238,24,37
202,238,24,37
202,238,24,37
202,238,24,37
202,238,24,37
195,237,24,37
195,237,24,37
195,237,24,37
195,237,24,37
195,236,24,34
195,236,24,34
195,236,24,34
195,236,24,34
191,236,24,34
191,236,24,34
191,236,24,34
191,236,24,34
191,236,24,34
188,234,24,34
188,234,24,34
188,234,24,34
188,234,24,34
184,234,24,34
184,234,24,34
188,234,24,34
184,234,24,34
186,234,24,34
186,234,24,34
183,234,24,34
183,234,24,34
185,234,24,34
185,234,24,34
185,234,24,34
183,234,24,34
178,232,24,34
178,232,24,34
178,232,24,34
175,231,24,34
175,231,24,34
175,231,24,34
174,230,22,35
174,230,22,35
174,230,22,35
174,230,22,35
176,230,22,35
176,230,22,35
176,230,22,35
170,229,22,35
168,229,22,35
168,229,22,35
171,226,22,35
171,226,22,35
171,226,22,35
169,226,22,35
171,226,22,35
165,228,24,33
168,228,21,32
168,228,21,32
168,228,21,32
168,228,21,32
164,227,21,32
166,227,21,32
166,227,21,32
166,227,21,32
166,227,21,32
163,226,21,32
163,226,21,32
165,226,21,32
163,226,21,32
161,225,21,32
161,225,21,32
161,225,21,32
161,225,21,32
161,225,21,32
159,225,21,32
159,225,21,32
159,225,21,32
159,225,21,32
159,225,21,32
156,225,21,32
156,225,21,32
156,225,21,32
156,225,21,32
156,225,21,32
154,223,21,32
154,223,21,32
154,223,21,32
152,222,21,32
150,222,21,32
150,222,21,32
150,222,21,32
150,222,21,32
146,222,21,32
146,222,21,32
146,222,21,32
146,222,21,32
144,221,19,30
144,221,19,30
144,221,19,30
144,221,19,28
143,220,19,28
143,220,19,28
143,220,19,28
143,220,19,28
