258,181,23,55
258,181,23,55
258,181,23,55
258,181,23,55
258,181,23,55
258,181,23,55
258,181,23,55
260,181,23,55
260,181,23,55
260,181,23,55
260,181,23,55
260,181,23,55
260,181,23,55
260,181,23,55
263,181,23,55
263,181,23,55
263,181,23,55
263,181,23,55
263,181,23,55
263,181,23,55
263,181,23,55
263,181,23,55
265,183,23,55
265,183,23,55
265,183,23,55
265,183,23,55
266,183,23,55
266,183,23,55
239,184,23,55
249,180,23,55
242,186,23,55
245,184,23,55
245,184,23,55
245,184,23,55
249,183,23,55
249,183,23,55
249,183,23,55
249,183,23,55
249,183,23,55
250,186,23,55
250,186,23,55
250,186,23,55
250,186,23,55
251,183,23,58
251,183,23,58
252,183,23,58
252,183,23,58
252,183,23,58
252,183,23,58
252,183,23,58
252,183,23,58
252,183,23,58
254,183,23,58
254,183,23,58
256,185,23,58
256,185,23,58
256,185,23,58
256,185,23,58
256,185,23,58
256,185,23,58
256,185,23,58
258,185,25,58
258,185,25,58
258,185,25,58
258,185,25,58
258,185,25,58
258,185,25,58
260,186,25,58
260,186,25,58
260,186,25,58
260,186,25,58
260,186,25,58
260,186,25,58
260,186,25,58
260,186,25,58
262,186,25,58
262,186,25,58
262,186,25,58
262,186,25,58
263,186,25,58
263,186,25,58
263,186,25,58
263,186,25,58
263,186,25,58
263,186,25,58
263,186,25,58
238,190,25,58
251,185,25,58
244,188,25,58
248,185,25,58
248,185,25,58
248,185,25,58
248,185,25,58
248,185,25,58
252,187,25,58
252,187,25,58
252,187,25,58
252,187,25,58
252,187,25,58
252,187,25,58
252,187,25,58
254,187,25,58
254,187,25,58
254,187,25,58
254,187,25,58
254,187,25,58
250,193,25,58
233,192,25,58
239,189,25,58
239,193,25,58
235,190,25,58
235,190,25,58
237,193,25,58
237,193,25,58
237,193,25,58
244,197,25,58
244,197,25,58
244,197,25,58
244,197,25,58
244,197,25,58
242,191,25,58
242,191,25,58
242,191,25,58
242,191,25,58
242,191,25,58
242,191,25,58
245,191,25,58
245,191,25,58
245,191,25,58
245,191,25,58
245,191,25,58
245,191,25,58
245,191,25,58
245,191,25,58
245,191,25,58
252,193,25,61
252,193,25,61
252,193,25,61
252,193,25,61
252,193,25,61
252,193,25,61
252,193,25,61
252,193,25,61
252,193,25,61
252,193,25,61
252,193,25,61
252,193,25,61
252,193,25,61
224,196,25,61
236,193,25,61
231,193,25,61
231,193,25,61
231,193,25,61
232,197,25,61
235,193,25,61
233,195,25,61
233,195,25,61
233,195,25,61
233,195,25,61
233,195,25,61
233,195,25,61
236,195,25,61
236,195,25,61
236,195,25,61
236,195,25,61
236,195,25,61
236,195,25,61
237,198,25,61
237,198,25,61
237,198,25,61
237,198,25,61
237,198,25,61
237,198,25,61
237,198,25,61
237,198,25,61
237,198,25,61
240,198,25,61
240,198,25,61
240,198,25,61
240,198,25,61
240,198,25,61
241,198,27,62
241,198,27,62
241,198,27,62
243,198,27,62
243,198,27,62
245,198,27,62
245,198,27,62
245,198,27,62
245,198,27,62
245,198,27,62
245,198,27,62
245,198,27,62
245,198,27,62
248,198,27,62
248,198,27,62
248,198,27,62
248,198,27,62
242,199,27,62
220,203,27,62
229,199,27,62
227,200,27,62
227,200,27,62
227,200,27,62
229,201,27,62
229,201,27,62
229,201,27,62
229,201,27,62
234,201,27,62
234,201,27,62
234,201,27,62
234,201,27,62
234,201,27,62
234,201,27,62
234,201,27,62
240,201,27,62
240,201,27,62
240,201,27,62
240,201,27,62
240,201,27,62
240,201,27,62
242,201,27,62
242,201,27,62
242,201,27,62
242,201,27,62
242,201,27,62
242,201,27,62
242,201,27,62
242,201,27,62
244,201,27,62
244,201,27,62
244,201,27,62
244,201,27,62
244,201,27,62
244,201,27,62
244,201,27,62
246,204,27,62
246,204,27,62
246,204,27,62
246,204,27,62
246,204,27,62
246,204,27,62
249,205,31,67
249,205,31,67
249,205,31,67
249,205,31,67
249,205,31,67
249,205,31,67
249,205,31,67
249,205,31,67
249,205,31,67
249,205,31,67
249,205,31,67
250,205,31,67
250,205,31,67
250,205,31,67
250,205,31,67
250,205,31,67
250,205,31,67
250,205,31,67
250,205,31,67
250,205,31,67
250,205,31,67
250,205,31,67
250,205,31,67
250,205,31,67
257,208,31,67
257,208,31,67
257,208,31,67
257,208,31,67
257,208,31,67
257,208,31,67
257,208,31,67
262,207,31,67
262,207,31,67
262,207,31,67
262,207,31,67
262,207,31,67
262,207,31,67
262,207,31,67
262,207,31,67
262,207,31,67
262,207,31,67
262,207,31,67
262,207,31,67
270,209,31,67
270,209,31,67
270,209,31,67
270,209,31,67
270,209,31,67
270,209,31,67
270,209,31,67
270,209,31,67
270,209,31,67
270,209,31,67
270,209,31,67
270,209,31,67
276,210,31,67
276,210,31,67
276,210,31,67
276,210,31,67
276,210,31,67
276,210,31,67
276,210,31,67
276,210,31,67
280,210,31,67
280,210,31,67
280,210,31,67
280,210,31,67
280,210,31,67
280,210,31,67
280,210,31,67
280,210,31,67
280,210,31,67
283,210,31,67
283,210,31,67
283,210,31,67
283,210,31,67
283,210,31,67
288,210,31,67
288,210,31,67
288,210,33,76
288,210,33,76
288,210,33,76
288,210,33,76
288,210,33,76
288,210,33,76
288,210,33,76
292,210,33,76
292,210,33,76
292,210,33,76
292,210,33,76
292,210,33,76
292,210,33,76
296,212,33,76
296,212,33,76
296,212,33,76
296,212,33,76
296,212,33,76
