178,108,117,86
178,108,117,86
178,108,117,86
178,107,117,86
178,107,117,86
178,107,117,86
178,107,117,86
178,107,117,86
180,105,117,86
180,105,117,86
176,102,117,86
176,102,117,86
175,101,114,86
175,101,114,86
175,101,114,86
175,96,114,86
175,96,114,86
175,97,114,86
175,97,114,86
182,96,103,82
182,96,103,82
182,96,103,82
183,94,103,82
183,94,103,82
191,89,103,82
192,89,103,82
192,89,113,76
195,86,113,76
195,86,113,76
195,83,113,76
195,83,120,76
195,83,120,76
195,83,126,74
198,84,126,74
201,83,126,74
205,83,126,74
205,83,126,74
206,81,129,75
206,81,129,75
211,81,131,75
211,81,131,75
212,81,137,75
212,81,137,75
212,80,142,75
212,80,142,75
217,80,142,75
217,80,148,73
222,81,148,73
222,81,148,73
226,79,148,73
227,78,150,73
227,78,150,73
231,76,150,73
231,76,150,73
237,75,155,73
241,75,155,73
241,75,155,73
242,76,161,70
243,76,161,70
246,76,161,70
248,75,161,70
252,75,161,70
256,73,166,70
257,73,166,70
260,73,166,70
263,73,168,70
267,72,168,70
268,72,168,70
270,72,171,70
274,71,171,70
274,71,171,70
280,72,171,70
283,71,171,70
284,71,171,70
290,69,171,70
294,71,171,70
296,71,171,70
301,71,171,70
302,70,174,72
305,70,174,72
309,70,174,72
312,69,174,72
314,69,174,72
316,69,174,72
320,68,174,72
322,68,174,72
326,68,174,72
330,68,174,72
330,68,174,72
336,67,174,72
341,65,174,72
344,66,174,72
350,65,174,72
350,65,174,72
355,65,176,72
355,65,176,72
360,63,176,72
365,62,176,72
367,61,176,72
372,63,176,72
375,62,176,72
380,62,176,72
384,62,176,72
387,65,176,72
390,65,176,72
390,65,176,72
401,64,176,72
403,63,176,72
407,63,176,72
412,63,176,72
418,62,176,72
421,62,176,72
424,62,176,72
428,62,176,72
431,62,176,72
437,62,176,72
443,62,183,73
443,62,185,73
446,62,182,73
447,60,180,72
452,60,175,70
454,60,173,70
457,60,169,73
467,60,160,74
469,60,159,74
475,60,151,74
479,60,149,74
483,60,144,76
490,60,138,76
492,60,135,77
496,60,132,78
497,61,131,78
501,61,127,78
506,61,122,78
523,59,105,79
535,59,93,81
547,59,81,82
549,59,79,82
554,60,74,82
555,60,72,82
557,60,70,82
558,62,70,82
562,64,66,73
563,63,66,73
566,63,63,70
566,63,63,70
569,63,59,70
575,63,54,70
