421,100,19,48
419,101,19,48
416,101,19,48
416,101,19,48
413,100,19,48
413,100,19,48
412,100,19,48
412,100,19,48
410,100,19,48
407,100,19,48
405,99,19,48
405,99,19,48
403,99,19,48
403,99,19,48
398,99,19,48
398,99,19,48
396,100,19,48
396,100,19,48
394,100,19,48
394,100,19,48
390,99,19,48
390,99,19,48
387,100,19,48
387,100,19,48
385,100,19,48
385,100,19,48
383,100,19,48
383,100,19,48
378,99,19,48
378,99,19,48
375,98,19,48
375,98,19,48
371,98,19,48
371,98,19,48
368,100,19,48
368,100,19,48
367,100,19,48
367,100,19,48
359,100,19,48
353,100,19,48
353,100,19,48
350,100,19,48
350,100,19,48
348,99,19,48
348,99,19,48
345,99,19,48
345,99,19,48
342,99,19,48
342,99,19,48
335,99,19,48
335,99,19,48
333,99,19,48
333,99,19,48
330,101,19,48
330,101,19,48
326,100,19,48
321,100,19,48
321,100,19,48
318,100,19,48
318,100,19,48
314,100,19,48
314,100,19,48
313,100,19,48
313,100,19,48
310,100,19,48
310,100,19,48
309,100,19,48
309,100,19,48
304,102,19,48
304,102,19,48
299,100,19,48
299,100,19,48
297,100,19,48
297,100,19,48
295,100,19,48
295,100,19,48
293,100,19,48
293,100,19,48
289,98,19,48
289,98,19,48
285,99,19,48
285,99,19,48
287,101,19,48
287,100,19,48
285,100,19,48
281,100,19,48
278,98,19,48
278,98,19,48
275,100,19,48
267,100,19,48
264,99,19,48
264,99,19,48
261,98,19,48
261,98,19,48
258,101,21,46
256,101,21,46
256,101,21,46
246,101,21,46
246,101,21,46
241,100,21,46
241,100,21,46
239,100,21,46
239,100,21,46
234,100,21,46
234,100,21,46
223,101,21,46
223,101,21,46
216,101,21,46
216,101,21,46
212,101,21,46
212,101,21,46
216,103,21,46
210,101,21,46
208,102,21,46
208,102,21,46
205,102,21,46
200,102,21,46
207,102,21,46
206,104,21,46
205,104,21,46
205,101,21,46
202,103,21,46
193,102,21,46
198,101,21,46
197,101,21,46
197,100,21,46
195,101,21,46
188,102,21,46
193,103,21,46
190,104,21,46
187,103,21,46
188,102,21,46
186,102,21,46
186,101,21,46
182,105,21,46
181,104,21,46
178,100,21,46
179,104,21,46
176,104,21,46
177,102,21,46
176,104,21,46
176,104,21,46
174,104,21,46
174,105,21,46
170,105,21,46
169,104,21,46
167,107,21,46
163,106,21,46
161,105,21,46
163,102,21,46
162,106,21,46
160,105,21,46
158,105,21,46
157,105,21,46
157,105,21,46
156,104,21,46
152,106,21,46
153,105,21,46
147,106,21,46
150,106,21,46
147,107,21,46
146,106,21,46
143,108,21,45
141,104,21,45
140,108,23,41
138,107,23,41
139,107,22,41
138,106,22,41
136,105,19,41
136,106,19,41
136,107,19,41
134,106,18,41
136,105,18,41
133,105,18,41
129,104,18,41
128,108,18,41
129,104,18,41
127,105,18,41
129,104,18,41
127,104,18,41
125,108,18,41
122,104,18,41
119,102,18,41
121,103,18,41
120,104,18,41
119,104,18,41
117,102,18,41
113,104,20,41
117,104,20,41
113,104,20,41
115,105,20,41
111,104,20,41
113,100,20,41
110,104,20,41
115,108,19,43
113,108,19,43
106,108,19,43
111,106,19,43
112,106,19,43
105,104,19,43
109,107,19,43
104,113,19,43
106,108,19,43
106,104,19,43
108,105,19,43
105,102,19,43
103,104,19,43
106,104,19,43
103,104,19,43
103,103,19,43
98,103,27,50
98,103,24,51
97,103,24,49
98,104,23,52
95,100,23,52
94,103,20,48
93,101,28,55
93,104,23,47
92,100,25,51
94,102,22,50
94,102,19,47
91,104,24,46
92,101,22,52
89,100,24,47
90,103,23,46
85,100,22,49
88,102,19,47
85,100,21,54
85,100,25,47
85,101,20,50
81,105,21,46
81,103,21,49
78,106,22,46
78,104,21,46
75,108,24,47
83,107,19,38
74,103,27,49
78,101,21,48
75,102,20,47
75,101,23,49
74,101,23,48
75,101,21,45
73,103,22,49
77,101,19,49
74,99,20,49
73,99,22,57
75,97,23,51
72,100,22,51
70,99,27,51
72,100,23,49
69,100,28,53
73,100,23,55
68,100,27,51
67,101,24,50
67,100,27,49
66,100,25,56
65,98,24,50
64,100,28,43
65,99,24,48
65,100,23,46
64,101,21,43
60,100,20,40
59,98,20,40
58,97,20,40
56,100,20,40
55,103,20,40
50,101,25,47
47,99,30,51
48,104,29,50
47,102,30,47
47,99,25,56
45,102,24,52
45,100,23,49
43,102,23,50
43,101,20,48
40,103,23,48
39,100,21,50
38,100,25,51
38,100,22,51
37,100,23,52
34,99,27,56
35,99,24,55
34,101,24,53
32,100,28,54
33,101,23,50
32,99,25,55
