482,144,44,30
481,143,44,30
479,144,44,30
477,144,44,30
473,146,44,30
472,146,44,30
472,148,44,30
467,148,44,30
464,149,44,30
462,149,44,30
462,151,44,30
458,151,44,30
458,153,44,30
452,153,44,30
452,152,45,31
447,155,45,31
444,154,45,31
441,156,45,31
438,158,45,31
436,156,45,31
435,157,47,32
431,157,47,32
430,156,47,32
428,154,47,32
425,147,47,32
421,144,47,32
422,143,47,32
419,136,47,32
416,133,47,32
413,131,50,30
408,127,50,30
407,123,50,30
404,113,50,30
402,112,50,30
401,108,49,31
393,102,53,32
391,98,53,32
390,91,53,32
387,89,53,32
385,87,53,32
382,81,53,32
378,77,53,32
377,73,53,34
373,69,53,34
371,59,53,36
369,59,53,36
365,50,53,36
363,47,53,36
362,45,53,36
361,39,53,36
357,36,54,36
354,30,54,36
355,26,54,36
352,24,54,36
351,19,54,36
346,12,54,36
346,8,55,39
344,6,55,39
343,6,55,39
342,6,55,39
343,7,55,39
341,10,55,39
339,9,55,42
339,10,55,42
337,10,55,42
338,11,55,42
336,13,55,42
336,16,56,41
334,16,56,41
334,17,54,41
327,19,54,41
321,19,54,41
314,19,56,43
302,22,56,43
295,23,56,43
283,25,56,43
278,25,56,43
274,26,55,43
263,28,55,43
258,29,55,43
251,30,56,45
241,33,56,45
235,33,58,47
227,34,58,47
215,36,62,48
205,39,62,48
200,40,62,48
189,42,62,48
186,44,62,48
176,47,62,48
170,47,65,50
159,49,65,50
155,51,65,50
148,53,66,51
142,55,66,52
138,55,66,52
130,57,70,53
122,61,70,53
117,63,72,53
113,64,72,53
102,66,74,55
96,65,76,56
89,69,76,56
84,70,76,56
78,74,76,56
70,78,76,56
64,79,80,57
64,79,80,61
70,83,80,61
71,85,80,61
75,85,83,65
78,88,82,63
81,90,82,63
85,95,84,63
88,96,84,63
88,97,88,63
96,102,88,63
99,105,88,63
102,106,88,63
105,109,93,65
108,112,93,65
117,117,93,65
121,117,93,67
124,117,96,68
133,114,96,68
138,114,96,68
143,112,100,69
147,109,100,69
150,107,100,69
157,101,105,75
164,101,105,75
169,100,105,75
180,99,105,75
185,96,105,75
189,93,108,78
202,92,108,78
206,92,110,78
211,90,110,78
221,87,116,82
229,88,116,82
236,87,116,82
250,84,116,86
254,81,116,86
266,80,124,90
276,80,124,90
288,76,133,96
292,76,133,96
306,77,131,95
328,79,131,95
336,76,131,95
348,78,138,99
360,78,138,99
370,76,141,103
392,72,144,108
393,70,154,114
407,72,154,114
436,82,154,114
444,84,158,118
456,88,158,118
473,100,157,120
483,103,147,126
