32,213,41,104
32,213,41,104
36,213,41,104
39,212,41,105
42,209,39,105
45,207,39,105
48,207,39,105
50,206,38,105
53,205,38,105
59,205,35,106
63,204,35,106
63,204,35,106
66,205,35,106
70,203,35,106
72,202,35,104
72,202,35,104
72,202,35,104
81,199,35,105
87,198,37,104
87,198,37,104
88,198,37,104
93,198,37,104
93,197,37,104
97,197,37,104
101,195,37,104
104,195,37,104
104,195,37,104
106,195,37,104
110,195,37,104
114,195,36,102
114,195,36,102
118,193,33,102
124,193,31,100
127,192,31,100
129,190,31,100
129,190,31,100
134,189,31,100
135,189,31,100
137,190,31,100
139,190,36,99
142,190,36,99
144,190,36,98
149,188,33,98
151,185,33,100
151,184,33,100
155,185,33,99
159,184,33,99
161,184,33,99
164,184,33,99
166,184,33,98
168,184,33,98
173,182,32,98
175,182,32,98
176,181,32,98
178,180,32,98
182,180,32,98
183,180,32,98
186,179,37,99
189,179,37,99
190,180,37,98
192,180,37,98
194,180,37,98
195,176,37,98
200,176,32,97
200,176,32,97
206,176,30,95
208,176,30,95
211,176,30,95
212,176,30,95
214,176,30,95
215,172,30,95
218,172,28,94
219,172,28,94
219,172,28,94
224,172,30,94
226,172,30,94
229,172,30,94
228,171,33,94
228,171,33,94
231,170,33,94
234,168,33,94
234,168,31,94
234,168,31,94
237,167,31,94
240,167,31,94
240,167,31,94
241,167,31,94
246,167,27,93
246,167,27,93
251,165,24,92
251,164,24,91
253,164,24,91
253,164,24,91
256,163,28,91
259,163,28,91
259,163,29,91
259,163,29,91
261,163,29,91
263,163,29,91
263,160,29,91
266,160,28,90
266,160,28,90
267,160,28,90
269,160,28,90
271,160,27,90
275,160,25,88
275,160,28,89
278,160,28,89
280,158,28,89
282,156,28,89
282,154,28,89
282,154,28,89
282,154,28,89
286,155,31,88
286,155,31,88
286,155,31,88
290,156,33,88
290,156,33,88
297,153,31,87
297,153,31,87
300,151,31,88
300,151,31,88
303,153,31,86
303,153,31,86
308,152,31,86
308,152,31,86
308,152,31,86
311,152,32,85
316,148,29,85
316,148,29,85
317,148,29,85
317,148,29,85
319,151,32,85
319,151,32,85
322,150,32,85
322,150,32,85
328,147,29,85
328,147,29,85
331,145,29,85
331,145,29,85
331,145,29,85
333,144,25,85
333,144,28,85
337,144,28,85
337,144,28,85
337,144,28,85
337,143,28,82
337,143,28,82
339,142,27,81
339,142,27,81
346,141,27,82
346,141,27,82
346,141,30,82
346,141,30,82
350,140,30,82
350,140,30,81
350,140,30,81
351,139,30,81
353,139,28,81
353,139,28,81
356,139,28,81
356,139,28,81
356,139,28,81
360,139,28,81
360,139,28,81
362,137,25,78
362,137,25,78
364,135,27,80
364,135,27,80
368,135,27,80
368,135,27,80
368,135,27,80
369,135,27,80
369,135,27,80
372,132,27,80
372,132,27,80
372,132,27,80
372,132,27,80
376,132,27,80
376,132,27,80
380,131,25,80
380,131,25,80
380,131,25,80
382,129,25,78
382,129,25,78
382,129,25,78
384,128,25,78
384,128,25,78
385,128,28,78
385,128,28,78
385,128,28,78
388,128,27,78
388,128,27,78
392,126,27,78
392,126,27,78
395,126,27,78
395,126,27,78
395,126,27,78
395,126,27,78
395,126,27,78
398,126,27,76
398,126,27,76
399,125,25,74
399,125,25,74
404,124,24,74
404,124,24,74
404,124,24,74
404,124,28,74
404,124,28,74
405,124,28,74
405,124,28,74
407,123,28,74
407,123,28,74
409,120,28,74
409,120,28,74
409,120,28,74
409,120,28,74
409,120,28,74
409,120,28,74
413,122,28,72
413,122,28,72
413,119,28,72
413,119,28,72
413,119,28,72
413,119,28,72
413,119,28,72
413,119,28,72
413,119,28,72
413,119,28,72
413,119,28,72
415,119,28,72
415,115,28,71
415,115,28,71
415,115,28,71
415,115,28,71
415,115,28,71
415,115,28,71
415,115,28,71
415,115,28,71
415,115,28,71
418,115,25,70
418,115,25,70
418,113,25,70
418,113,25,70
418,113,25,70
418,113,25,70
418,113,25,70
418,113,25,70
418,113,25,70
418,113,25,70
421,113,25,70
421,113,25,70
421,113,25,70
421,113,25,70
421,113,25,70
421,113,25,70
422,113,25,68
422,113,25,68
423,110,25,68
423,110,25,68
423,109,25,68
423,109,25,68
423,109,25,68
423,109,25,68
423,109,25,68
427,109,25,68
427,109,25,68
427,109,25,68
427,109,25,68
430,106,25,68
430,106,25,68
430,106,25,68
430,106,25,68
430,106,25,68
433,106,25,68
433,106,25,68
433,106,25,68
433,106,25,68
433,106,25,65
433,106,25,65
436,106,25,65
436,106,25,65
436,106,25,65
436,106,25,65
436,106,25,65
439,106,25,65
439,106,25,65
439,106,25,65
441,103,25,65
441,103,25,65
445,103,23,65
445,103,23,65
445,103,23,65
445,103,23,65
445,103,23,65
445,103,23,65
447,102,23,65
447,102,23,65
448,101,23,65
448,101,23,65
448,101,23,65
448,101,23,65
448,101,23,65
450,102,23,65
450,102,23,65
452,100,25,65
452,100,25,65
452,100,25,65
452,100,25,65
452,98,25,65
452,98,25,65
452,98,25,65
452,98,25,65
452,98,25,65
454,98,25,65
454,98,25,65
454,98,25,65
454,96,25,65
454,96,25,65
457,96,23,65
457,96,23,65
458,96,23,65
458,96,23,65
458,96,23,65
460,96,25,65
460,96,25,65
460,96,25,65
461,94,25,65
461,94,25,65
461,94,25,65
461,94,25,65
461,94,25,65
461,94,25,65
464,93,25,65
464,93,25,65
464,93,25,65
464,93,25,65
464,93,25,65
464,93,25,61
464,93,25,61
464,93,25,61
464,93,25,61
464,93,25,61
466,91,25,61
466,91,25,61
466,91,25,61
466,91,25,61
466,91,25,61
466,91,25,61
466,91,25,61
466,91,25,61
466,91,25,61
466,91,25,61
467,87,25,61
467,87,25,61
467,87,25,61
467,87,25,61
467,87,25,61
467,87,25,61
467,87,25,61
469,87,25,61
469,87,25,61
469,87,25,61
469,87,25,61
469,87,25,61
471,87,24,60
471,87,24,60
471,87,24,60
471,87,24,60
471,87,24,60
473,86,24,60
473,86,24,60
474,85,24,60
474,85,24,60
474,85,24,60
474,85,24,60
474,85,24,60
474,85,24,60
474,84,25,60
474,84,25,60
474,84,25,60
479,83,25,60
479,83,25,60
479,83,25,60
479,83,25,60
479,83,25,60
479,83,25,60
481,83,25,60
481,83,25,60
481,83,25,60
481,81,25,58
481,81,25,58
481,81,25,58
481,81,25,58
481,81,25,58
484,81,25,58
484,81,25,58
484,81,25,58
486,81,25,58
486,81,25,58
486,81,25,58
488,79,22,58
488,79,22,58
488,79,22,58
488,79,22,58
490,79,22,58
490,79,22,58
490,79,22,58
491,77,22,58
491,77,22,58
491,77,22,58
491,77,22,58
491,77,22,58
491,77,22,58
494,78,22,57
494,78,22,57
496,78,22,57
496,78,22,57
496,78,22,57
496,78,22,57
496,76,22,54
496,76,22,54
496,76,22,54
496,76,22,54
496,76,22,54
496,76,22,54
496,76,22,54
496,76,22,54
497,76,22,54
497,76,22,54
497,76,22,54
497,76,22,54
497,76,22,54
499,76,22,54
499,76,22,54
499,76,22,54
499,76,22,54
499,75,22,53
499,75,22,53
499,75,22,53
499,75,22,53
499,75,22,53
499,75,22,53
499,75,22,53
499,75,22,53
499,75,22,53
499,75,22,53
498,73,22,52
498,73,22,52
498,73,22,52
498,73,22,52
498,73,22,52
498,73,22,52
498,73,22,52
498,73,22,52
498,72,22,52
498,72,22,52
498,72,22,52
498,72,22,52
498,72,22,52
498,72,22,52
498,72,22,52
498,70,21,51
498,70,21,51
498,70,21,51
498,70,21,51
498,70,21,51
498,70,21,51
498,70,21,51
498,70,21,51
498,70,21,51
500,70,21,51
500,70,21,51
500,70,21,51
503,69,21,53
503,69,21,53
503,69,21,53
503,69,21,53
503,69,21,53
503,68,21,53
503,68,21,53
503,68,21,53
503,68,21,53
504,65,20,53
504,65,20,53
504,65,20,53
504,65,20,53
506,66,20,53
506,66,20,53
506,66,20,53
509,65,20,53
509,65,20,53
509,65,20,53
509,65,20,53
509,65,20,53
509,65,20,53
509,65,20,53
509,65,20,53
513,65,20,53
513,65,20,53
513,65,20,53
513,65,20,53
513,63,20,53
513,63,20,53
513,63,20,53
513,63,20,53
513,63,20,53
513,63,20,53
513,63,20,53
513,63,20,53
513,63,20,53
513,63,20,53
513,63,20,52
513,63,20,52
513,63,20,52
513,63,20,52
513,63,20,52
511,59,20,52
511,59,20,52
511,59,20,52
508,59,20,52
508,59,20,52
507,58,20,52
507,58,20,52
507,58,20,52
507,58,20,52
507,58,20,52
507,58,20,52
507,58,20,52
506,58,18,50
506,58,18,50
506,58,18,50
506,57,18,50
506,57,18,50
506,57,18,50
505,57,18,50
505,57,18,50
505,57,18,50
505,57,18,50
505,57,18,50
505,57,18,50
505,57,18,50
505,57,18,50
505,57,18,50
505,57,18,50
505,57,18,50
505,57,18,49
505,57,18,49
505,57,18,49
505,57,18,49
505,57,18,49
505,57,18,49
505,57,18,49
505,57,18,49
505,57,18,49
505,56,18,49
505,56,18,49
505,56,18,49
504,55,18,49
504,55,18,49
504,55,18,49
504,55,18,49
504,55,18,49
504,55,18,49
504,55,18,49
504,55,18,49
504,55,18,49
504,55,18,49
503,53,18,49
503,53,18,49
503,53,18,49
503,53,18,49
501,53,18,49
501,53,18,49
501,53,18,49
501,53,18,49
500,52,18,49
500,52,18,49
500,52,18,49
500,52,18,49
500,52,18,49
500,52,18,49
500,52,18,49
500,52,18,49
500,52,18,49
500,52,18,49
500,52,18,49
500,52,18,49
498,51,18,49
498,51,18,49
498,51,18,49
498,51,18,49
498,51,18,49
498,51,18,49
496,49,19,49
496,49,19,49
496,49,19,49
496,49,19,49
494,49,19,49
494,49,19,49
494,49,19,49
491,49,19,49
491,49,19,49
491,49,19,49
491,49,19,49
491,49,19,49
491,49,19,49
491,49,19,49
491,49,19,49
490,49,19,49
490,49,19,49
490,49,19,49
488,49,19,49
488,49,19,49
488,49,19,49
488,49,19,49
488,49,19,49
488,49,19,49
487,47,19,49
487,47,19,49
487,47,19,49
487,47,19,49
487,47,19,49
486,47,19,49
486,47,19,49
486,47,19,49
486,47,19,49
486,47,19,49
486,47,19,49
486,47,19,49
486,47,19,49
486,47,19,49
486,47,19,49
486,47,19,49
484,46,19,49
484,46,19,49
484,46,19,49
484,46,19,49
484,46,19,49
484,46,19,49
484,46,19,49
484,46,19,49
484,46,19,49
484,46,19,49
484,46,19,49
484,46,19,49
484,46,19,44
484,46,19,44
484,46,19,44
484,46,19,44
484,46,19,44
484,46,19,44
484,46,19,44
484,46,19,44
484,46,19,44
484,46,19,44
484,46,19,44
484,46,19,44
484,46,19,44
484,46,19,44
484,46,19,44
484,46,19,44
484,46,19,44
486,44,19,44
486,44,19,44
486,44,19,44
483,43,19,44
483,43,19,44
483,43,19,44
483,43,19,44
483,43,19,44
483,43,19,44
483,43,19,44
483,43,19,44
483,43,19,44
483,43,19,44
483,43,19,44
483,43,19,44
482,42,19,44
482,42,19,44
482,42,19,44
482,42,19,44
482,42,19,44
481,42,19,44
481,42,19,44
481,42,19,44
481,43,16,42
481,43,16,42
481,43,16,42
481,43,16,42
481,43,16,42
481,42,16,42
481,42,16,42
481,42,16,42
481,42,16,42
481,42,16,42
479,42,16,42
479,42,16,42
479,42,16,42
479,42,16,42
479,42,16,42
479,42,16,42
479,41,16,42
479,41,16,42
479,41,16,42
479,41,16,42
479,41,16,42
479,41,16,42
479,40,16,42
479,40,16,42
479,40,16,42
479,40,16,42
479,40,16,42
479,40,16,42
477,40,16,42
477,40,16,42
477,40,16,42
477,40,16,42
477,40,16,42
477,40,16,42
477,40,16,42
477,40,16,42
477,40,16,42
477,40,16,42
477,40,16,42
477,40,16,42
477,40,16,42
477,40,16,42
477,39,18,39
477,39,18,39
477,39,18,39
477,39,18,39
477,39,18,39
477,39,18,39
477,39,18,39
477,39,18,39
475,38,18,39
475,38,18,39
475,38,18,39
475,38,18,39
475,38,18,39
475,38,18,39
475,38,18,39
475,38,18,39
475,38,18,39
475,38,18,39
475,38,18,39
475,38,18,39
475,38,18,39
475,38,18,39
475,38,18,39
475,38,18,39
474,37,16,39
474,37,16,39
474,37,16,39
474,37,16,39
474,37,16,39
474,37,16,39
474,37,16,39
474,37,16,39
474,37,16,39
474,37,16,39
474,37,16,39
474,37,16,39
474,37,16,39
474,37,16,39
474,37,16,39
474,37,16,39
474,37,16,39
472,36,16,37
472,36,16,37
472,36,16,37
472,36,16,37
472,36,16,37
472,36,16,37
472,36,16,37
472,36,16,37
472,36,16,37
472,36,16,37
472,36,16,37
472,36,16,37
472,36,16,37
472,36,16,37
472,35,16,37
472,35,16,37
472,35,16,37
472,35,16,37
472,35,16,37
472,35,16,37
472,35,16,37
472,35,16,37
470,35,16,37
470,35,16,37
470,35,16,37
470,35,16,37
470,35,16,37
470,35,16,37
470,35,16,37
470,35,16,37
470,35,16,37
470,35,16,37
470,35,16,37
470,35,16,37
470,35,16,37
470,35,16,37
470,35,16,37
470,35,16,37
470,35,16,37
469,35,16,37
469,35,16,37
469,35,16,37
469,35,16,37
469,35,16,37
469,35,16,37
467,36,15,34
467,36,15,34
467,36,15,34
467,36,15,34
467,36,15,34
467,32,14,39
467,32,14,39
467,32,14,39
467,32,14,39
467,32,14,39
467,32,14,39
467,32,14,39
467,32,14,39
467,32,14,39
466,31,14,39
466,31,14,39
466,31,14,39
466,31,14,39
466,31,14,39
466,31,14,39
466,31,14,39
466,31,14,39
466,31,14,39
465,31,15,38
465,31,15,38
465,31,15,38
465,31,15,38
465,31,15,38
465,31,15,38
465,31,15,38
465,31,15,38
465,31,15,38
465,31,15,38
464,32,14,34
464,32,14,34
464,32,14,34
464,32,14,34
464,32,14,34
464,32,14,34
464,32,14,34
464,32,14,34
464,32,14,34
464,32,14,34
464,32,14,34
464,32,14,34
464,32,14,34
464,32,14,34
464,32,14,34
464,32,14,34
464,32,14,34
464,32,14,34
464,32,14,34
464,32,14,34
464,32,14,34
464,32,14,34
464,32,14,34
464,32,14,34
464,32,14,34
464,32,14,34
464,32,14,34
464,32,14,34
464,32,14,34
464,32,14,34
464,32,14,34
464,32,14,34
464,32,14,34
464,32,14,34
464,32,14,34
464,32,14,34
464,32,14,34
464,32,14,34
464,32,14,34
464,31,14,35
464,31,14,35
464,31,14,35
464,31,14,35
464,31,14,35
464,31,14,35
464,31,14,35
464,31,14,35
464,31,14,35
464,30,14,35
464,30,14,35
464,30,14,35
464,30,14,35
464,30,14,35
464,30,14,35
464,30,14,35
464,30,14,35
462,30,14,34
462,30,14,34
462,30,14,34
462,30,14,34
462,30,14,34
462,30,14,34
462,30,14,34
462,30,14,34
462,30,14,34
462,30,14,34
462,30,14,34
462,30,14,34
462,30,14,34
462,30,14,34
462,30,14,34
462,30,14,34
462,30,14,34
462,30,14,34
462,31,11,33
462,31,11,33
462,31,11,33
462,31,11,33
462,31,11,33
462,31,11,33
462,31,11,33