441,26,57,57
441,26,57,57
441,26,57,57
441,26,57,57
441,26,57,57
441,26,57,57
441,26,57,57
441,26,57,57
441,26,57,57
441,26,57,57
441,26,57,57
441,26,57,57
441,26,57,57
441,26,57,57
441,26,57,57
441,26,57,57
441,26,57,57
441,26,57,57
441,26,57,57
441,26,57,57
441,26,57,57
441,26,57,57
441,26,57,57
441,26,57,57
441,26,57,57
441,26,57,57
441,26,57,57
441,26,57,57
441,26,57,57
441,26,57,57
441,26,57,57
441,26,57,57
441,26,57,57
439,27,57,57
439,27,57,57
439,27,57,57
439,27,57,57
439,27,57,57
439,27,57,57
439,27,57,57
439,27,57,57
439,27,57,57
439,27,57,57
439,27,57,57
439,27,57,57
439,27,57,57
439,27,57,57
439,27,57,57
439,28,57,57
439,28,57,57
439,28,57,57
441,28,57,57
441,28,57,57
441,28,57,57
438,28,57,57
438,28,57,57
435,28,57,57
432,28,57,57
427,28,57,57
427,28,57,57
423,28,57,57
418,28,57,57
418,28,57,57
418,28,50,57
418,28,50,57
420,33,45,51
420,33,45,51
420,33,45,51
420,33,45,51
420,33,45,51
422,32,45,51
422,32,45,51
422,30,45,51
419,30,45,51
419,30,45,51
419,30,45,51
416,30,45,51
411,29,51,53
409,30,52,52
408,30,53,52
409,29,51,54
409,29,51,53
409,29,50,53
406,29,53,53
407,27,53,54
407,27,52,55
407,27,53,54
405,31,56,50
405,28,56,55
405,29,55,52
405,29,56,53
406,27,54,55
407,28,54,54
408,27,52,55
409,29,54,53
409,28,54,53
409,28,52,51
409,28,50,49
409,28,50,49
409,28,50,49
409,28,50,49
409,28,50,49
409,28,50,49
409,28,50,49
409,28,50,49
409,28,50,49
409,28,50,49
409,28,50,49
409,28,50,49
409,28,50,49
409,28,50,49
409,28,50,49
409,28,50,49
409,28,50,49
409,28,50,49
409,28,50,49
409,28,50,49
409,28,50,49
409,28,50,49
409,28,50,49
409,28,50,49
409,28,50,49
409,28,50,49
409,28,50,49
409,28,50,49
409,28,50,49
409,28,50,49
409,28,50,49
409,28,50,49
409,28,50,49
409,28,50,49
409,28,50,49
409,28,50,49
409,28,50,49
409,28,50,49
409,28,50,49
413,30,50,49
413,30,50,49
418,28,50,49
418,28,50,49
418,28,50,49
418,28,50,49
418,28,50,49
418,28,50,49
418,28,50,49
418,28,50,49
413,28,50,49
413,28,50,49
413,28,50,49
410,30,50,49
410,30,50,49
410,30,50,49
410,30,50,49
405,28,53,51
405,28,53,51
405,28,53,51
404,27,55,54
404,27,55,54
406,29,55,54
410,29,55,54
415,30,55,54
419,30,55,54
419,30,55,54
419,30,55,54
419,30,55,54
422,32,55,54
422,32,55,54
422,32,55,54
422,32,55,54
422,32,55,54
419,29,55,54
419,29,55,54
419,29,55,54
419,29,55,54
419,29,55,54
419,29,55,54
419,29,55,54
418,26,55,54
418,26,55,54
418,26,55,54
415,23,55,54
415,23,55,54
415,23,55,54
415,23,55,54
415,23,55,54
415,20,55,54
415,17,55,54
415,17,55,54
416,12,42,61
416,12,42,61
416,12,42,61
416,12,42,61
416,12,42,61
416,12,42,61
416,12,42,61
416,12,42,61
416,12,42,61
416,12,42,61
416,12,50,61
416,12,50,61
416,12,50,61
416,12,50,61
419,12,50,61
419,12,50,61
419,12,50,61
419,12,50,61
419,12,50,61
419,12,50,61
419,12,50,61
419,12,50,61
419,12,50,61
419,17,50,57
419,17,50,57
419,17,50,57
419,17,50,57
419,17,50,57
419,17,50,57
419,17,50,57
419,17,50,57
421,13,50,57
421,13,50,57
421,9,55,63
423,8,48,61
423,8,48,61
426,7,48,61
420,3,48,61
421,0,48,61
421,0,48,61
423,0,48,61
423,0,48,61
423,0,48,61
423,0,48,61
427,0,48,61
427,0,48,61
427,0,48,61
427,0,48,61
427,0,48,61
427,0,48,61
427,0,48,61
427,0,48,61
427,0,48,61
427,0,48,61
430,0,42,61
430,0,42,61
430,0,42,61
430,0,42,61
430,0,42,61
430,0,42,61
431,0,42,61
431,0,42,61
433,0,42,48
433,0,44,45
433,0,42,41
437,0,38,40
437,0,38,40
437,0,38,40
437,0,38,40
437,0,38,40
437,0,38,34
437,0,38,34
445,0,30,32
445,0,30,32
445,0,30,32
445,0,30,32
445,0,30,32
445,0,30,32
445,0,30,32
445,0,30,32
445,0,30,32
445,0,30,32
445,0,30,32
445,0,30,32
445,0,33,35
445,0,33,35
445,0,33,35
445,0,33,35
448,0,33,37
448,0,33,37
448,0,33,37
448,0,32,42
448,0,32,42
448,0,32,42
448,0,32,42
449,0,32,46
449,0,32,46
449,0,32,46
449,0,32,46
449,0,32,46
449,0,35,53
449,0,35,53
449,0,35,58
449,0,35,58
448,0,37,65
448,0,37,65
448,0,37,65
452,1,38,69
452,1,38,69
452,1,38,69
452,1,38,69
452,1,38,69
452,1,38,69
452,1,38,69
452,1,38,69
452,1,38,69
448,3,38,69
448,3,38,69
443,6,38,69
443,6,38,69
438,6,38,69
438,6,38,69
438,6,38,69
438,6,38,69
438,6,38,69
438,6,38,69
435,12,38,73
435,14,38,73
435,14,38,73
439,18,38,73
439,18,38,73
439,18,38,73
439,18,38,73
439,18,38,73
440,14,39,76
440,14,39,76
440,14,39,76
436,18,39,76
433,21,39,76
431,25,39,76
431,25,39,76
427,30,39,76
427,30,39,76
423,31,39,76
422,31,40,81
422,31,40,81
422,32,40,81
422,41,40,81
426,43,40,81
426,48,40,81
426,51,40,81
427,56,40,81
427,56,40,81
421,56,40,81
421,56,40,81
421,56,40,81
421,56,40,81
419,58,40,81
416,58,37,86
413,67,37,86
409,69,37,86
404,72,37,86
402,73,37,86
401,74,37,86
398,74,37,86
397,77,37,86
397,78,37,86
399,80,37,86
396,85,44,90
396,88,44,90
397,95,44,90
397,98,44,90
397,101,44,90
397,102,44,90
395,102,44,90
395,102,44,90
389,105,44,90
389,105,44,90
384,108,45,92
381,110,45,92
376,117,45,92
372,121,45,92
370,122,46,96
364,126,46,96
364,127,46,96
364,130,46,96
360,134,46,96
361,135,46,96
361,135,46,96
362,139,46,96
363,139,45,101
363,142,45,101
364,146,45,101
367,151,45,101
367,151,45,101
367,157,45,101
367,157,45,101
367,157,45,101
367,160,45,101
365,162,45,101
364,168,45,101
360,169,45,101
359,172,45,101
355,177,45,101
353,184,45,101
350,188,45,101
345,194,45,101
342,199,45,101
338,201,45,101
334,204,45,101
334,206,45,101
334,211,45,101
334,213,45,101
335,213,45,101
335,217,49,107
335,219,49,107
335,221,49,107
337,230,49,107
337,231,49,107
336,237,49,107
336,238,49,107
336,242,49,107
336,242,49,107
336,242,49,107
336,242,49,107
336,242,49,107
336,242,49,107
336,242,49,107
337,246,58,110
337,246,58,110
338,252,58,110
338,252,58,110
345,255,61,114
345,255,61,114
345,255,61,114
345,255,61,114
350,251,61,114
350,251,61,114
352,244,61,114
352,244,61,114
356,242,61,114
360,241,61,114
360,241,61,114
362,235,61,114
370,230,54,111
373,225,54,111
376,221,54,111
382,213,54,111
388,209,54,111
397,208,54,111
407,200,54,111
416,198,55,82
428,194,55,82
438,190,55,82
449,188,55,82
457,187,55,82
460,179,55,82
466,178,55,82
484,169,55,82
484,166,55,82
486,160,55,82
492,152,55,82
494,147,55,82
494,147,55,82
495,141,54,79
495,137,48,79
495,137,48,79
490,135,48,79
490,135,48,79
486,132,48,79
486,132,48,79
486,132,48,79
486,123,48,79
486,123,48,79
486,115,48,79
486,112,48,79
486,107,48,79
484,105,48,79
486,103,48,79
486,103,48,79
486,100,48,79
486,100,48,79
490,97,48,79
490,97,48,79
494,94,48,77
494,94,48,77
494,90,50,70
494,90,50,70
494,81,50,70
494,81,50,70
495,75,50,70
495,75,50,70
495,75,50,70
495,75,50,70
495,75,50,70
495,75,50,70
495,75,50,70
495,75,50,70
497,68,50,70
497,68,50,70
505,64,46,78
505,64,46,78
505,64,46,78
511,63,46,78
512,59,46,78
515,57,46,78
517,55,47,75
516,50,47,75
516,47,47,75
515,44,47,75
514,40,42,74
514,40,42,73
514,40,42,73
514,40,42,73
504,40,48,69
504,40,48,69
504,40,48,69
504,37,48,69
504,37,48,69
505,36,48,69
508,32,48,69
508,32,48,69
508,32,48,69
508,32,48,69
508,32,48,69
513,32,48,69
515,32,46,60
514,28,46,60
515,21,46,60
515,21,46,60
515,21,46,60
514,17,46,60
514,17,46,60
514,17,46,60
514,17,46,60
514,17,46,60
514,17,46,60
514,17,46,60
511,16,46,60
509,13,46,60
509,9,48,64
509,9,48,64
507,7,48,64
507,7,48,64
511,5,48,64
511,5,48,64
511,5,48,64
514,5,48,64
515,4,48,64
520,1,48,64
521,0,40,58
521,0,40,58
524,0,40,57
524,0,40,57
524,0,41,55
526,0,39,53
522,0,39,53
522,0,39,53
522,0,39,53
522,0,39,53
522,0,39,53
520,0,39,53
520,0,39,53
520,0,39,53
520,0,39,53
520,0,39,48
520,0,39,48
520,0,39,48
520,0,39,48
520,0,39,48
520,0,39,48
520,0,39,48
520,0,39,48
520,0,42,48
520,0,42,48
523,0,38,43
523,0,38,43
523,0,38,43
523,0,38,43
526,0,38,43
526,0,38,43
526,0,38,43
526,0,38,43
526,0,38,43
526,0,38,43
520,0,38,43
520,0,38,43
518,0,38,43
518,0,38,43
513,1,38,43
513,1,38,43
513,1,38,43
513,1,38,43
513,1,38,43
503,0,42,45
503,0,42,45
503,0,42,45
503,0,42,45
503,0,42,45
498,0,42,49
498,0,42,49
498,0,42,49
498,0,42,49
498,0,42,49
490,0,42,49
490,0,42,49
481,0,42,49
474,0,42,49
474,0,42,49
474,0,42,49
465,0,47,45
465,0,47,45
465,0,37,45
465,0,37,45
462,1,37,41
462,1,37,41
458,0,37,41
458,0,37,41
453,0,37,41
453,0,37,41
453,0,37,41
448,0,37,41
448,0,37,41
448,0,37,41
448,0,37,41
445,0,37,43
445,0,37,43
444,0,35,48
444,0,35,48
440,0,35,52
440,0,35,52
440,0,35,52
440,0,35,52
440,0,35,52
440,0,35,52
436,0,35,52
436,0,35,52
436,0,35,52
436,0,35,52
436,0,35,52
436,0,35,52
436,0,35,56
436,0,35,56
436,0,35,56
436,0,35,56
436,0,35,56
436,0,35,56
436,0,33,69
436,0,33,69
436,0,33,69
436,0,33,69
436,0,33,69
436,0,33,69
436,0,33,69
436,0,39,78
436,0,39,78
436,0,39,78
439,4,39,78
443,8,39,78
447,8,39,78
447,8,39,78
447,8,39,78
453,5,39,78
453,5,39,78
453,5,39,78
453,5,39,78
453,5,39,78
453,5,39,78
454,11,39,78
454,11,39,78
453,14,39,78
453,14,39,78
453,15,39,78
453,15,39,78
449,20,39,78
449,20,39,78
446,21,39,78
446,21,39,78
446,21,39,78
446,21,39,78
446,25,39,78
446,25,39,78
450,26,39,78
450,26,39,78
450,26,39,78
452,28,39,78
452,28,39,78
454,32,39,78
454,32,39,78
449,30,39,78
449,30,39,78
445,31,39,81
445,31,39,81
440,32,39,81
436,36,39,81
436,36,39,81
431,41,39,81
431,41,39,81
429,43,39,81
426,46,39,81
426,46,39,81
426,46,39,81
426,46,39,81
426,46,39,81
426,50,42,85
426,50,42,85
426,50,42,85
426,50,42,85
426,53,42,85
424,56,42,85
424,56,42,85
424,56,42,85
419,57,42,85
419,57,42,85
415,53,42,85
415,53,42,85
415,53,42,85
415,53,42,85
412,55,42,85
412,55,42,85
412,61,42,85
402,69,62,82
402,69,62,82
402,78,69,73
402,78,69,73
402,78,69,73
395,71,70,83
395,71,70,83
395,67,49,88
386,65,49,88
380,66,49,88
380,66,49,88
367,73,67,90
367,73,67,90
367,73,67,90
372,78,56,88
372,78,56,88
372,78,56,88
384,86,52,90
384,86,52,90
384,91,69,87
384,95,67,83
384,95,67,83
384,95,67,83
384,95,67,83
384,95,67,83
381,93,59,93
381,93,42,91
373,94,42,91
368,94,42,91
359,98,49,97
353,103,49,97
353,105,49,97
353,107,52,94
350,110,52,94
351,113,52,94
352,113,52,94
355,118,59,94
355,118,59,94
359,122,66,95
359,122,66,95
364,131,61,86
353,131,72,99
353,131,59,102
353,135,53,98
345,139,53,98
345,139,53,98
338,143,47,98
338,144,44,97
338,144,44,97
338,144,44,97
338,144,44,97
339,140,42,101
350,137,40,107
356,137,40,107
356,137,40,107
358,140,59,105
364,141,59,105
368,141,59,105
371,148,71,106
371,148,71,106
371,148,71,106
371,148,71,106
371,148,71,106
360,149,63,105
360,149,63,105
343,151,57,104
333,150,49,103
313,154,49,109
308,158,49,109
305,162,49,109
305,162,49,109
308,165,49,109
308,165,49,109
318,165,49,109
316,170,65,108
316,170,81,109
329,170,81,109
335,170,81,109
335,191,93,84
334,197,112,74
337,203,110,61
353,213,104,50
353,213,104,50
360,210,104,50
360,210,104,50
360,210,104,50
367,212,104,50
367,212,104,50
369,217,104,50
369,217,104,50
369,217,104,50
369,217,104,50
369,217,104,50
369,217,104,50
369,217,104,50
369,217,104,50
369,217,104,50
355,225,104,50
360,226,104,57
360,226,104,57
358,233,104,57
358,233,104,57
358,233,104,57
358,233,104,57
358,233,104,57
358,233,104,57
358,233,104,57
358,228,104,57
358,228,104,57
360,220,104,57
364,210,104,57
362,201,104,57
363,190,103,52
363,187,103,52
363,187,103,52
363,177,103,52
363,177,103,52
363,177,103,52
358,176,103,52
358,176,103,52
351,171,103,52
351,171,103,52
352,164,103,52
352,157,103,52
347,151,107,50
350,146,107,50
350,146,107,50
350,146,107,50
350,146,107,50
353,146,107,50
354,148,107,50
354,148,107,50
354,148,107,50
364,146,107,50
367,139,107,50
373,134,107,50
373,134,100,46
380,130,100,46
373,128,100,46
378,126,100,46
378,126,100,46
378,126,100,46
378,126,100,46
378,126,100,46
376,135,100,46
376,135,100,46
377,145,100,46
377,145,100,46
385,145,101,40
393,138,101,40
395,131,101,40
395,131,101,40
399,129,101,40
404,127,101,40
409,127,101,40
413,128,101,40
419,130,101,40
419,130,101,40
419,130,101,40
419,130,101,40
424,123,101,40
424,123,101,40
426,116,101,45
426,116,101,45
426,116,101,45
422,112,101,45
422,112,101,45
416,107,101,45
416,107,101,45
409,107,101,45
409,107,101,45
409,107,101,45
409,107,101,45
405,106,96,48
405,103,96,48
405,103,91,47
405,103,91,47
402,100,91,47
402,100,91,47
398,94,91,47
404,92,91,47
405,92,90,43
405,92,90,43
414,88,90,43
416,86,90,43
416,86,90,43
416,86,90,43
421,82,90,43
421,82,90,43
421,82,90,43
421,79,90,43
421,79,90,43
421,79,90,43
419,77,90,43
419,77,90,43
419,77,90,43
414,76,90,43
414,76,90,43
414,76,90,43
412,78,90,43
407,76,90,43
407,76,90,43
405,74,90,43
405,74,90,43
405,74,90,43
402,73,90,43
402,73,90,43
402,73,90,43
402,73,90,43
402,73,90,43
407,73,90,43
407,74,90,43
410,70,90,43
411,65,90,43
411,65,90,43
415,63,90,43
415,63,90,43
415,58,90,43
415,58,90,43
415,58,90,43
415,58,90,43
421,59,90,43
421,59,90,43
421,59,90,43
421,59,90,43
421,59,90,43
421,59,90,43
418,57,90,43
418,57,90,43
418,52,90,43
418,52,90,43
418,52,90,43
418,52,90,43
420,50,90,43
426,46,86,43
426,46,86,43
426,46,86,43
426,46,86,43
426,46,86,43
426,46,86,43
439,36,67,68
439,36,67,68
446,30,55,80
446,30,55,76
446,30,55,76
446,30,55,76
453,27,39,76
453,27,39,76
453,27,39,76
453,27,39,76
446,28,39,76
446,28,39,76
446,28,39,76
446,28,39,76
446,28,39,76
446,28,39,76
446,28,39,76
446,28,39,76
446,28,39,76
446,28,39,76
443,20,39,76
443,20,39,76
443,20,39,76
443,20,39,76
443,20,39,76
443,20,39,76
443,20,39,76
443,20,39,76
439,16,53,77
439,16,53,77
446,18,59,69
446,18,59,69
446,18,59,69
437,22,76,56
437,22,76,56
437,22,76,56
437,22,76,56
444,20,76,56
444,20,76,56
444,20,76,56
444,20,76,56
444,20,76,56
444,20,76,56
444,20,76,56
444,14,76,56
444,14,76,56
444,14,76,56
440,8,76,56
440,8,76,56
440,8,76,56
441,3,69,65
441,3,69,65
441,3,69,65
441,3,69,65
441,3,69,65
441,3,69,65
441,3,69,65
441,3,69,65
455,3,38,64
455,3,38,64
455,3,38,64
458,0,40,61
458,0,40,61
458,0,40,61
458,0,40,61
458,0,40,61
458,0,40,61
458,0,40,61
458,0,40,61
458,0,40,61
465,0,40,61
465,0,40,61
461,1,50,55
461,1,50,55
461,1,50,55
461,1,50,55
461,1,50,55
461,1,50,55
461,1,50,55
461,1,50,55
466,3,46,64
466,3,46,64
469,5,46,66
469,5,46,66
469,5,46,66
469,5,46,66
469,8,33,69
469,8,33,69
469,8,33,69
469,8,33,69
471,8,33,69
471,8,33,69
471,8,33,69
479,11,33,69
479,11,33,69
479,11,33,69
480,17,33,69
480,17,33,69
480,17,33,69
483,24,33,69
483,24,33,69
480,31,37,63
477,38,37,63
477,38,37,63
469,48,56,55
463,51,63,55
463,57,63,49
463,65,63,41
463,65,63,41
462,73,64,37
462,76,64,34
462,80,64,30
463,82,63,28
464,82,63,28
464,82,63,28
464,85,63,35
464,85,63,35
464,85,63,35
464,85,63,35
464,85,63,35
464,85,63,35
471,77,57,51
471,77,57,51
471,77,57,51
471,69,57,51
471,69,57,51
472,65,57,51
472,65,57,51
472,65,57,51
472,65,57,51
472,65,57,51
472,60,57,51
472,60,57,51
472,60,57,51
472,60,57,51
469,60,57,51
469,60,57,51
467,53,57,51
467,53,57,51
460,52,57,46
460,52,57,46
450,52,66,44
450,52,66,44
446,52,71,38
446,52,71,38
441,52,75,38
441,52,75,38
437,55,75,34
437,55,75,34
432,55,75,34
432,55,75,34
428,54,75,34
428,54,75,34
423,52,75,34
423,52,75,34
423,49,75,34
423,49,75,34
422,48,75,34
422,48,75,34
422,48,75,34
422,48,75,34
422,48,75,34
422,48,75,34
414,50,75,34
414,50,75,34
414,50,75,34
414,50,75,34
414,50,75,34
410,45,73,50
410,45,73,50
410,45,73,50
410,45,73,50
405,45,65,52
405,45,65,52
405,45,65,52
405,45,65,52
405,45,65,52
395,39,70,59
395,39,70,59
395,39,70,59
395,39,70,59
395,39,70,59
395,39,70,59
395,39,70,59
395,39,70,59
395,39,70,59
395,39,70,59
402,27,59,71
402,27,59,71
402,27,59,71
402,27,59,71
405,21,59,71
405,21,59,71
405,21,59,71
405,21,59,71
405,21,59,71
405,21,59,71
405,21,59,71
405,21,59,71
405,21,59,71
405,21,59,71
406,17,58,79
406,17,58,79
405,14,58,79
405,14,54,79
405,14,54,79
405,14,54,79
405,14,54,79
405,14,54,79
405,14,54,79
404,16,54,79
404,16,54,79
412,21,49,84
412,21,49,84
412,21,49,84
412,21,49,84
412,21,49,84
412,21,49,84
412,21,49,84
412,21,49,84
412,21,49,84
412,25,49,84
412,25,49,84
412,25,49,84
413,29,49,84
409,30,49,84
409,30,49,84
409,36,49,84
409,36,49,84
409,36,49,84
409,36,49,84
409,36,49,84
403,36,49,84
403,36,49,84
403,36,49,84
403,36,49,84
405,40,41,82
407,41,40,86
407,41,40,86
407,45,40,86
411,49,40,86
411,49,40,86
414,53,40,86
414,53,40,86
420,55,40,86
420,55,40,86
427,53,40,86
427,53,40,86
424,57,40,86
428,59,40,86
428,59,40,86
428,59,40,86
424,65,47,88
424,65,47,88
423,71,47,88
423,71,47,88
418,77,47,88
418,77,47,88
412,79,47,88
409,82,47,88
401,86,47,88
401,86,47,88
397,86,47,88
390,88,47,88
390,88,47,88
387,86,47,88
387,86,47,88
387,86,47,88
387,86,47,88
387,86,47,88
387,86,47,88
387,86,47,88
392,87,47,88
392,87,47,88
396,89,47,88
396,89,47,88
404,90,44,88
404,90,44,88
404,90,44,88
404,90,44,88
409,86,44,88
409,86,44,88
409,86,44,88
412,79,41,95
412,79,41,95
412,79,41,95
412,74,41,95
412,74,41,95
412,74,41,95
412,74,41,95
412,74,41,95
418,74,41,95
418,74,41,95
418,74,41,95
418,74,41,95
411,82,41,95
411,82,41,95
410,91,41,95
410,91,41,95
410,91,41,95
410,91,41,95
410,91,41,95
410,95,41,95
412,99,41,95
412,99,41,95
412,99,41,95
413,102,50,98
415,105,50,98
416,107,50,98
424,113,50,98
430,115,50,98
441,117,50,98
448,120,50,98
453,123,50,98
467,131,47,96
467,131,47,96
470,132,47,96
480,135,47,96
484,139,47,96
489,140,47,96
492,148,47,96
492,148,47,96
492,148,47,96
497,156,47,96
497,156,47,96
497,156,47,96
494,164,42,96
494,164,42,96
481,164,42,96
473,160,42,96
469,158,42,96
454,154,42,96
447,155,42,96
439,152,42,96
422,149,42,96
415,144,42,96
402,137,42,96
394,135,42,96
389,131,42,96
382,123,42,96
378,118,42,96
379,114,42,96
371,104,42,96
371,102,42,96
372,98,42,96
371,90,42,96
370,86,42,96
371,82,42,96
373,79,39,93
373,79,39,93
372,75,39,93
379,74,39,93
381,69,39,93
381,69,39,93
381,69,39,93
386,72,39,93
389,78,39,93
394,83,39,93
394,83,39,93
397,84,39,93
401,90,39,93
403,89,39,93
407,92,39,93
412,92,39,93
412,92,48,91
416,87,48,91
418,87,48,91
423,86,45,91
423,83,45,91
423,83,45,91
423,83,45,91
422,88,45,91
422,88,45,91
422,88,45,91
414,86,45,91
410,86,49,86
402,82,49,86
397,80,49,86
394,78,49,86
388,70,49,86
388,70,49,86
388,70,49,86
388,70,49,86
384,67,49,86
384,67,49,86
387,67,49,86
390,69,49,86
390,71,49,86
397,74,49,86
397,78,49,86
397,78,49,86
401,80,49,86
412,81,44,86
415,81,41,82
420,78,41,82
423,73,41,82
427,72,41,82
431,69,41,82
433,64,41,82
435,61,41,82
436,57,41,86
436,57,41,86
444,57,38,85
444,57,38,85
447,61,38,85
447,61,38,85
447,61,38,85
447,61,38,85
447,61,38,85
443,63,38,85
443,63,38,85
428,63,54,83
428,63,54,83
419,63,61,81
419,63,61,81
419,63,61,81
410,73,71,69
410,73,71,69
410,73,71,66
407,73,73,60
406,73,74,57
402,73,84,56
402,73,84,50
401,69,86,49
396,66,89,44
396,66,89,44
401,56,81,55
395,52,80,58
395,52,80,58
394,49,80,58
394,49,80,58
394,49,80,58
401,52,67,73
401,52,67,73
401,52,67,73
401,52,67,73
401,52,67,73
401,52,54,73
401,52,54,73
399,46,54,73
399,46,54,73
399,46,54,73
399,49,44,73
399,49,44,73
401,46,44,73
401,46,44,73
404,40,44,73
409,32,39,73
412,28,39,73
414,23,39,73
419,19,39,73
419,19,39,73
415,15,53,76
415,15,53,76
421,13,53,76
421,13,53,76
422,18,64,69
422,18,64,69
423,13,64,69
423,13,64,69
431,9,45,70
431,9,45,70
435,4,42,75
435,4,42,75
435,4,36,74
435,4,36,74
435,4,36,74
435,4,36,74
440,8,36,74
440,8,36,74
450,9,36,74
450,11,45,75
450,11,45,75
450,11,45,75
454,11,45,75
454,11,45,75
454,11,45,75
454,6,39,73
454,6,39,73
453,6,40,71
448,1,40,71
448,1,40,71
448,1,40,71
448,1,40,71
448,1,40,71
448,1,40,71
448,1,40,71
448,1,40,71
452,1,40,71
452,1,40,71
452,1,40,71
452,1,40,71
446,0,40,71
446,0,40,71
446,0,40,71
448,0,38,63
448,0,38,63
452,0,38,63
452,0,38,63
452,0,38,63
452,0,38,63
452,0,38,63
452,0,38,63
449,0,38,63
449,0,38,63
440,0,38,59
440,0,38,59
436,0,38,59
436,0,38,59
433,0,38,59
433,0,38,59
440,0,30,53
440,0,30,53
443,1,37,50
443,1,37,50
443,1,37,50
446,1,37,50
446,1,37,50
446,1,37,50
446,1,37,50
440,1,37,50
440,1,37,50
433,1,37,47
433,1,37,47
428,1,42,42
428,1,42,42
428,1,42,42
428,1,42,42
428,1,42,42
428,1,42,42
428,1,42,42
428,1,42,42
428,1,35,41
428,1,35,41
428,1,35,41
428,1,35,41
428,1,35,41
428,1,35,41
421,1,35,41
421,1,35,41
421,1,35,41
416,0,35,41
416,0,35,41
409,0,35,41
409,0,35,41
401,0,35,41
401,0,35,41
397,0,35,41
397,0,35,41
394,0,35,41
394,0,35,41
394,0,35,41
394,0,35,41
389,0,35,41
389,0,35,41
389,0,35,41
384,0,37,46
384,0,37,46
384,0,37,46
384,0,37,46
384,0,37,46
384,0,37,46
384,0,37,46
384,0,37,46
384,0,30,48
384,0,30,48
384,0,30,48
384,0,30,48
384,0,30,48
384,0,30,48
384,0,30,48
384,0,30,48
384,0,30,48
384,0,30,48
384,0,30,48
384,0,30,48
384,0,30,48
384,0,30,48
384,0,30,48
384,0,30,48
384,0,30,48
384,0,30,48
384,0,30,48
384,0,30,48
382,0,30,48
382,0,30,48
382,0,30,48
382,0,30,48
382,0,30,48
382,0,30,48
382,0,30,48
382,0,30,48
382,0,30,48
382,0,30,48
382,0,30,48
377,1,30,48
377,1,30,48
377,1,30,48
371,1,30,48
371,1,30,48
371,1,30,48
371,1,30,48
367,1,32,44
367,1,32,44
363,0,36,41
363,0,36,41
363,0,29,41
363,0,29,41
358,0,32,41
358,0,32,41
358,0,32,41
358,0,32,41
358,0,32,41
358,0,32,41
358,0,32,41
356,0,28,43
356,0,28,43
353,0,28,43
353,0,28,43
350,0,28,43
350,0,28,43
350,0,28,43
350,0,28,43
350,0,32,45
350,0,32,45
353,0,32,45
353,0,32,45
362,0,32,45
367,1,32,45
369,0,32,45
376,0,32,45
376,0,32,45
376,0,32,45
389,1,32,45
397,4,32,45
397,4,32,45
406,4,32,45
406,4,32,45
411,4,32,45
412,4,36,49
416,2,36,53
423,2,36,53
423,2,36,53
432,0,37,59
432,0,37,59
438,0,37,59
438,0,37,59
443,0,40,62
443,0,40,62
448,0,39,65
448,0,39,65
448,0,39,65
448,0,39,65
448,0,39,65
448,0,39,65
448,0,39,65
437,0,39,65
437,0,39,65
431,1,39,65
431,1,39,65
422,7,39,65
420,8,39,65
420,8,39,65
418,14,39,65
418,18,39,65
414,21,39,65
415,24,39,65
416,25,39,65
416,25,39,65
413,25,39,65
413,25,39,65
410,24,35,64
406,20,35,69
406,20,33,67
404,17,33,67
404,17,33,67
401,12,33,67
401,12,33,67
402,7,33,67
402,7,33,67
402,7,33,67
402,7,33,67
402,7,41,65
392,4,50,65
392,4,50,65
386,5,57,60
381,4,57,60
379,4,57,60
372,3,57,60
368,3,57,60
364,0,57,60
364,0,57,60
359,0,57,60
351,0,57,60
345,1,57,60
341,2,57,60
341,2,57,60
333,0,57,57
333,0,57,57
322,0,57,57
322,0,57,57
313,0,57,54
313,0,57,54
304,0,58,50
297,0,53,47
295,0,53,47
290,0,53,47
290,0,53,47
290,0,32,48
280,0,32,48
276,0,32,48
269,0,28,45
260,1,32,29
252,2,32,29
246,2,32,29
240,1,32,29
232,0,32,29
229,0,32,29
229,0,32,29
219,0,32,29
214,0,32,29
206,0,32,29
201,0,32,29
201,0,32,29
193,0,32,29
193,0,32,29
180,0,32,29
180,0,32,29
173,0,32,29
173,0,32,29
165,0,32,29
165,0,32,29
165,0,32,29
156,1,32,29
156,1,32,29
147,2,32,29
147,2,32,29
140,3,32,29
140,3,32,29
135,3,32,29
130,0,32,29
130,0,32,29
130,0,32,29
124,0,32,29
124,0,32,29
118,0,32,29
