38 34 55 48
40 34 55 49
40 36 55 49
41 37 56 50
41 36 56 49
41 38 57 50
41 39 57 50
42 39 57 51
41 40 59 51
41 39 59 53
42 40 59 52
43 39 60 54
43 40 59 54
43 41 61 55
43 41 61 54
45 42 61 55
46 44 62 56
46 43 62 56
46 43 63 58
45 45 63 58
46 44 64 58
47 45 65 59
48 46 65 59
47 45 66 60
50 47 67 60
50 46 67 61
50 47 69 61
51 47 69 63
51 48 70 64
52 49 71 63
52 50 71 64
52 50 71 65
54 51 72 66
55 51 73 67
55 52 74 67
57 54 75 67
56 53 75 68
58 55 77 69
58 56 78 70
58 55 78 71
60 56 79 71
60 56 80 72
61 58 82 73
61 56 82 74
63 57 83 74
64 58 84 75
64 59 86 75
63 60 86 75
68 62 88 76
68 62 88 78
67 62 88 77
69 63 91 79
68 62 90 79
71 65 91 81
71 64 92 80
73 66 93 81
73 66 94 83
73 67 96 83
75 67 96 84
75 67 97 85
75 68 99 86
77 70 99 87
77 70 99 87
80 71 102 88
80 71 103 89
80 72 103 89
81 73 104 90
82 72 105 91
82 74 106 92
83 74 107 92
85 75 108 93
85 76 109 94
86 77 110 96
86 78 112 95
88 78 112 96
90 79 115 97
90 79 114 98
91 81 116 99
92 81 116 100
94 82 117 101
93 83 118 100
97 84 120 102
95 83 121 104
98 86 121 104
99 86 122 105
101 87 124 106
99 88 124 106
100 88 126 108
103 90 128 109
104 91 128 110
103 91 128 110
105 92 130 112
106 92 130 112
108 94 131 113
108 93 133 114
109 95 134 115
109 95 134 116
109 96 136 117
111 97 137 119
111 97 137 118
114 100 138 120
113 100 139 121
113 101 140 121
116 103 142 123
117 103 142 124
116 104 142 125
118 104 144 125
118 106 145 127
120 107 146 128
121 107 148 129
121 109 147 131
121 109 149 132
124 111 151 133
125 113 153 134
125 113 153 135
128 115 157 137
129 115 156 137
128 115 158 138
130 117 159 141
130 117 161 141
132 119 162 142
132 120 165 145
133 121 166 146
137 123 167 150
137 124 169 149
138 126 171 151
141 128 174 153
143 129 175 154
144 130 176 155
146 132 179 159
147 132 180 159
150 134 183 161
152 135 185 163
153 137 186 164
155 139 188 167
156 140 190 168
160 143 194 169
162 143 196 171
163 148 195 172
166 147 198 174
167 152 200 172
171 150 203 172
172 155 208 178
175 156 204 173
178 161 208 176
181 161 218 187
183 162 219 189
