404,233,20,15
404,233,20,15
404,233,20,15
404,234,20,15
404,234,20,15
404,234,20,15
404,234,20,15
404,234,20,15
404,234,20,15
404,234,20,15
404,234,20,15
404,237,20,15
404,237,20,15
404,237,20,15
405,238,20,15
405,238,20,15
405,238,20,15
405,238,20,15
405,238,20,15
405,238,20,15
407,238,20,15
407,238,20,15
407,238,20,15
407,238,20,15
407,238,20,15
407,238,20,15
407,238,20,15
410,238,20,15
410,238,20,15
410,238,20,15
410,238,20,15
411,240,20,15
411,240,20,15
411,240,20,15
411,240,20,15
411,240,20,15
411,240,20,15
411,240,20,15
411,240,20,15
411,240,20,15
411,240,20,15
411,240,20,15
411,240,20,15
411,241,22,16
411,241,22,16
411,241,22,16
411,241,22,16
411,241,22,16
411,241,22,16
411,241,22,16
414,242,22,16
414,242,22,16
414,242,22,16
414,242,22,16
414,242,22,16
414,242,22,16
414,242,22,16
414,242,22,16
414,242,22,16
414,242,22,16
413,242,24,17
413,242,24,17
413,242,24,17
413,242,24,17
413,242,24,17
413,242,24,17
413,242,24,17
413,242,24,17
413,242,24,17
413,242,24,17
413,242,24,17
413,244,24,17
413,244,24,17
413,244,24,17
413,244,24,17
413,244,24,17
410,244,24,17
410,244,24,17
410,244,24,17
410,244,24,17
410,244,24,17
410,244,24,17
405,244,25,18
405,244,25,18
405,244,25,18
405,244,25,18
405,244,25,18
405,247,25,18
405,247,25,18
405,247,25,18
405,247,25,18
405,247,25,18
405,247,25,18
405,247,25,18
405,247,25,18
401,249,25,18
401,249,25,18
401,249,25,18
401,249,25,18
401,249,25,18
401,249,25,18
401,249,25,18
401,249,25,18
401,249,25,18
401,249,25,18
401,249,25,18
401,249,25,18
401,250,25,18
401,250,25,18
401,250,25,18
401,250,25,18
401,250,25,18
401,250,25,18
401,250,25,18
401,250,25,18
401,253,25,18
401,253,25,18
401,253,25,18
401,253,25,18
401,253,25,18
401,253,25,18
401,253,25,18
398,242,25,18
398,242,25,18
398,242,25,18
398,235,25,18
398,235,25,18
398,235,25,18
399,229,25,18
399,229,25,18
399,229,25,18
399,229,25,18
399,231,25,18
399,231,25,18
399,231,25,18
399,231,25,18
399,231,25,18
399,231,25,18
399,231,25,18
401,225,25,18
401,225,25,18
401,225,25,18
401,214,25,18
401,214,25,18
401,211,25,18
401,211,25,18
401,211,25,18
401,211,25,18
401,211,25,18
401,211,25,18
403,213,25,18
403,213,25,18
403,213,25,18
403,213,25,18
403,213,25,18
406,215,25,18
406,215,25,18
406,215,25,18
406,215,25,18
406,215,25,18
406,215,25,18
411,215,25,18
411,215,25,18
411,215,25,18
411,215,25,18
411,205,25,18
412,205,25,18
412,199,25,18
412,199,25,18
412,189,25,18
412,189,25,18
413,184,25,18
413,184,25,18
412,177,25,18
412,177,25,18
414,179,25,18
414,179,25,18
414,179,25,18
414,179,25,18
414,179,25,18
414,179,25,18
418,181,25,18
418,181,25,18
418,181,25,18
418,181,25,18
418,181,25,18
418,181,25,18
418,181,25,18
418,181,25,18
418,181,25,18
420,186,25,18
420,186,25,18
420,180,25,18
421,174,25,18
421,174,25,18
421,174,25,18
421,166,25,18
421,166,25,18
421,166,25,18
421,166,25,18
421,166,25,18
423,171,25,18
423,171,25,18
423,171,25,18
423,171,25,18
423,171,25,18
423,171,25,18
423,171,25,18
424,172,25,18
424,172,25,18
424,172,25,18
424,172,25,18
424,172,25,18
424,172,25,18
426,174,25,18
426,174,25,18
426,174,25,18
426,174,25,18
426,174,25,18
426,174,25,18
426,174,25,18
426,174,25,18
426,174,25,18
426,174,25,18
430,176,25,18
430,176,25,18
430,176,25,18
430,176,25,18
430,176,25,18
430,176,25,18
430,176,25,18
430,176,25,18
430,165,25,18
430,165,25,18
430,165,25,18
430,165,25,18
430,165,25,18
430,165,25,18
432,165,25,18
432,165,25,18
432,165,25,18
432,165,25,18
435,167,31,22
435,167,31,22
435,167,31,22
436,168,31,22
436,168,31,22
436,168,31,22
436,169,31,22
436,169,31,22
436,169,31,22
436,169,31,22
436,169,31,22
424,171,31,22
424,171,31,22
414,172,31,22
414,172,31,22
406,173,31,22
406,173,31,22
397,173,31,22
397,173,31,22
384,176,31,22
384,176,31,22
384,176,31,22
384,176,31,22
384,176,31,22
384,176,31,22
384,176,31,22
387,176,27,22
387,176,27,22
370,176,27,22
370,178,27,22
370,178,27,22
359,180,27,22
359,180,27,22
354,180,27,22
354,180,27,22
354,180,27,22
354,180,27,22
354,180,27,22
358,183,27,22
358,183,27,22
358,183,27,22
358,183,27,22
362,185,27,22
362,185,27,22
362,185,27,22
362,186,27,22
362,186,27,22
362,186,27,22
362,186,27,22
362,186,27,22
362,186,27,22
362,186,27,22
359,187,27,22
343,187,27,22
343,187,27,22
343,188,27,22
333,188,27,22
325,189,27,22
319,188,27,22
314,190,27,22
314,190,27,22
312,190,27,22
312,190,27,22
312,190,27,22
312,190,27,22
314,191,27,22
314,191,27,22
316,191,27,22
316,191,27,22
316,191,27,22
316,192,27,22
316,192,27,22
316,192,27,22
316,192,27,22
302,197,27,22
302,197,27,22
294,197,27,22
294,197,27,22
294,197,27,22
294,197,27,22
297,199,27,22
297,199,27,22
297,199,27,22
297,200,27,22
297,200,27,22
297,200,27,22
297,200,27,22
301,202,27,22
301,202,27,22
301,202,27,22
301,202,27,22
301,202,27,22
301,202,27,22
301,202,27,22
301,205,32,22
301,205,32,22
301,205,32,22
301,205,32,22
301,205,32,22
302,208,32,22
302,208,32,22
302,208,32,22
302,208,33,26
302,208,33,26
302,208,33,26
302,208,33,26
302,208,33,26
302,208,33,26
302,208,33,26
302,213,33,26
302,213,33,26
302,213,33,26
284,215,33,26
284,215,33,26
268,216,33,26
268,216,33,26
259,217,33,26
259,217,33,26
245,218,33,26
245,218,33,26
245,218,33,26
245,218,33,26
245,218,33,26
245,218,33,26
240,218,38,27
240,218,38,27
240,218,38,27
239,223,38,27
239,223,38,27
239,223,38,27
234,221,40,29
234,221,40,29
234,221,40,29
234,221,40,29
231,221,40,29
231,221,40,29
231,221,40,29
231,225,40,29
231,225,40,29
231,225,40,29
225,225,40,29
225,225,40,29
225,225,40,29
225,225,40,29
225,225,40,29
224,232,40,29
224,232,40,29
224,232,40,29
222,234,40,29
222,234,40,29
222,234,40,29
222,234,40,29
222,234,40,29
222,234,40,29
218,234,40,29
218,234,40,29
218,234,40,29
216,236,40,29
216,236,40,29
216,236,40,29
216,236,40,29
216,236,40,29
216,238,40,29
216,238,40,29
216,238,40,29
216,238,40,29
216,238,40,29
215,242,40,29
215,242,40,29
215,242,40,29
215,247,40,29
215,247,40,29
215,247,40,29
215,247,40,29
215,247,40,29
215,247,40,29
215,247,40,29
210,250,40,29
210,250,40,29
210,250,40,29
210,250,40,29
210,250,40,29
210,250,40,29
210,250,40,29
208,255,40,29
208,255,40,29
208,255,40,29
208,255,40,29
202,260,40,29
202,260,40,29
202,260,40,29
202,260,40,29
202,260,40,29
202,260,40,29
202,260,40,29
222,260,40,29
222,262,40,29
222,262,40,29
240,262,40,29
240,262,40,29
246,262,40,29
246,262,38,32
246,262,38,32
246,262,38,32
246,262,38,32
246,266,38,32
246,266,38,32
