29 157 63 237
32 153 64 234
32 153 66 234
34 151 67 233
35 151 68 230
36 148 68 234
38 145 71 231
39 144 72 232
41 140 74 229
43 138 76 225
45 135 78 224
44 133 80 221
45 133 81 221
45 130 83 220
46 128 82 221
46 123 84 214
46 121 84 210
46 120 84 200
44 118 84 198
46 115 86 198
47 114 86 197
47 112 88 195
51 111 89 190
52 108 89 190
53 107 89 182
54 105 89 184
56 102 91 184
56 100 92 184
58 98 94 182
58 96 94 177
58 95 94 176
57 93 95 175
57 93 96 175
59 91 96 178
59 90 98 176
59 86 96 176
58 85 97 172
58 82 94 167
60 80 94 165
61 78 93 160
61 77 94 159
61 77 94 158
62 76 95 159
62 73 96 160
63 72 96 157
64 70 96 156
65 68 95 152
63 66 96 148
64 64 97 144
63 62 97 143
63 63 97 140
64 61 96 141
63 60 96 142
64 60 98 139
61 59 98 139
61 56 97 137
59 54 95 134
59 52 92 130
56 51 92 128
55 49 90 124
57 50 88 125
55 48 85 125
56 48 86 126
54 46 85 126
51 45 84 123
51 44 83 123
50 42 82 120
49 41 79 118
46 39 78 115
47 38 77 115
46 38 75 113
44 36 74 112
43 37 73 113
43 37 74 113
41 35 72 113
39 32 72 109
38 34 72 109
37 32 68 106
36 31 67 105
35 31 66 105
33 31 65 103
33 28 63 105
33 29 64 102
34 29 64 101
35 27 64 105
35 26 63 101
37 25 62 102
39 24 62 96
40 25 64 93
41 22 62 94
43 23 63 92
44 23 66 93
44 23 70 92
44 20 74 93
46 23 73 93
47 21 76 91
48 21 72 91
49 21 74 90
48 21 75 90
51 21 75 93
51 21 77 93
53 21 77 95
52 21 78 97
53 23 78 97
52 22 79 98
54 24 80 100
54 25 79 99
53 24 80 101
54 24 82 100
54 26 80 99
54 27 83 99
53 27 83 97
53 28 84 100
55 30 85 99
57 28 87 100
56 27 88 101
58 30 91 104
56 30 92 105
59 30 94 104
61 31 92 105
61 31 93 106
61 30 92 107
64 30 94 107
65 32 93 105
65 31 94 107
66 31 96 106
67 31 96 109
70 31 97 109
72 35 97 112
71 33 98 114
72 35 98 114
73 36 100 115
73 37 101 115
74 37 102 118
76 38 103 117
76 40 102 116
76 40 105 116
78 40 105 115
78 40 105 116
79 42 108 116
79 42 109 117
82 42 114 117
82 42 118 118
83 43 122 117
85 43 117 117
86 44 121 118
87 44 122 119
90 43 123 119
92 44 124 116
94 44 123 116
97 43 124 117
99 44 125 118
103 43 126 119
107 44 129 121
107 46 135 120
110 47 141 121
112 44 140 119
115 45 145 120
114 47 146 122
118 46 145 120
118 46 148 120
120 46 150 121
125 47 150 121
126 45 153 120
127 46 157 121
130 48 164 121
132 47 171 121
136 49 168 122
137 48 168 122
139 47 170 123
141 49 169 121
144 47 171 123
144 49 174 122
146 48 173 125
149 48 176 127
152 49 177 128
152 50 179 129
153 52 180 132
156 54 185 131
157 55 188 135
157 54 188 134
159 55 187 135
161 57 187 133
162 57 189 134
163 57 192 136
165 57 194 136
167 57 196 134
168 58 196 136
169 57 203 135
169 59 205 138
171 59 206 139
173 61 207 138
175 59 206 140
177 60 208 140
179 62 208 140
181 63 210 143
182 61 211 140
185 63 213 141
188 63 214 147
189 65 217 148
189 67 218 150
192 68 222 155
195 71 226 156
194 70 226 155
197 70 228 155
200 73 229 156
201 75 232 156
202 75 234 157
203 76 233 157
207 76 237 156
208 76 241 159
212 80 244 161
212 81 248 160
214 78 249 165
218 79 249 161
217 80 251 164
221 81 251 163
221 80 253 164
226 82 258 165
230 82 261 167
232 85 261 169
232 86 264 172
232 86 269 176
234 87 270 174
239 90 274 177
240 89 274 177
242 89 275 177
244 90 277 176
248 92 277 177
250 92 279 177
251 93 279 175
254 96 284 180
257 97 290 183
257 98 290 183
260 100 294 183
263 100 296 186
263 100 298 186
266 100 298 186
267 100 299 187
269 101 302 187
