351,41,29,26
351,41,29,26
351,41,29,26
351,41,29,26
352,41,30,26
352,41,30,26
352,41,30,26
352,41,30,26
352,41,30,26
352,41,30,26
354,41,30,26
354,41,30,26
354,41,30,26
354,41,30,26
355,42,37,24
355,42,37,24
355,42,37,24
358,44,37,24
358,44,37,24
358,44,37,24
358,44,37,24
358,44,37,24
358,44,37,24
358,44,37,24
358,44,37,24
364,44,37,24
364,44,37,24
364,44,37,24
364,44,37,24
364,44,37,24
366,45,37,24
366,45,37,24
366,45,37,24
366,45,37,24
366,45,37,24
366,45,37,24
366,45,37,24
366,45,37,24
368,45,37,24
368,45,37,24
368,45,37,24
368,45,37,24
368,45,37,24
368,47,37,24
368,47,37,24
368,47,37,24
368,47,37,24
368,47,37,24
368,47,37,24
372,47,37,24
372,47,37,24
372,47,37,24
372,47,37,24
372,47,37,24
378,47,37,24
378,47,37,24
378,47,37,24
378,47,37,24
378,47,37,24
378,47,37,24
379,48,37,24
379,48,37,24
379,48,37,24
379,48,37,24
379,48,37,24
381,48,37,24
381,48,37,24
381,48,37,24
381,48,37,24
381,48,37,24
384,49,37,24
384,49,37,24
384,49,37,24
384,49,37,24
384,49,37,24
384,49,37,24
387,51,37,24
387,51,37,24
387,51,37,24
387,51,37,24
387,51,37,24
387,51,37,24
387,51,37,24
390,52,37,24
390,52,37,24
390,52,37,24
390,52,37,24
390,52,37,24
390,52,37,24
390,52,37,24
394,52,42,24
394,52,42,24
394,52,42,24
394,52,42,24
394,52,42,24
394,52,42,24
398,55,42,24
398,55,42,24
398,55,42,24
398,55,42,24
404,54,42,24
404,54,42,24
403,53,42,24
401,55,45,24
404,55,45,24
401,55,45,24
405,54,45,24
406,55,45,24
408,57,48,24
408,57,48,24
408,57,48,24
408,57,48,24
408,57,48,24
408,57,48,24
412,59,52,33
412,59,52,33
412,59,52,33
412,59,52,33
418,59,52,33
418,59,52,33
418,59,52,33
418,59,52,33
419,62,52,33
419,62,52,33
419,62,52,33
425,62,50,33
425,62,50,33
425,62,50,33
425,62,50,33
425,62,50,33
429,64,53,37
429,64,53,37
429,64,53,37
429,64,53,37
429,64,53,37
433,64,52,37
433,64,52,37
433,64,52,37
433,64,52,37
438,67,52,37
438,67,52,37
438,67,52,37
438,67,52,37
438,67,52,37
438,67,52,37
442,70,53,39
442,70,53,39
442,70,53,39
442,70,53,39
446,73,53,39
446,73,53,39
446,73,53,39
446,73,53,39
446,73,53,39
453,78,52,42
453,78,52,42
453,78,52,42
453,78,52,42
453,78,52,42
453,78,52,42
453,80,52,42
453,80,52,42
453,80,52,42
453,80,52,42
458,84,52,42
458,84,52,42
458,84,52,42
458,84,52,42
458,84,52,42
458,84,53,44
458,84,53,44
458,84,53,44
458,84,53,44
458,84,53,44
455,88,57,45
455,88,57,45
455,88,57,45
455,88,57,45
455,88,57,45
455,88,57,45
458,91,61,51
458,91,61,51
458,91,61,51
458,91,61,51
458,91,61,51
458,91,61,51
458,91,61,51
458,91,61,51
464,94,59,54
464,94,59,54
464,94,59,54
464,94,59,54
464,94,59,54
464,94,59,54
464,96,59,54
464,96,59,54
464,96,59,54
464,96,59,54
467,103,61,56
467,103,61,56
467,103,61,56
467,103,61,56
467,103,61,56
467,103,61,56
468,108,61,56
468,108,61,56
468,108,61,56
468,108,61,56
468,108,61,56
467,110,64,60
467,110,64,60
467,110,64,60
467,110,64,60
467,110,64,60
467,110,64,60
469,116,64,60
469,116,64,60
469,116,64,60
469,116,64,60
469,116,64,60
469,119,64,60
469,119,64,60
469,119,64,60
469,119,64,60
465,122,72,63
465,122,72,63
465,122,72,63
465,122,72,63
465,125,72,67
465,125,72,67
465,125,72,67
465,125,72,67
465,125,72,67
464,130,72,67
464,130,72,67
464,130,72,67
464,130,72,67
459,134,72,67
459,134,72,67
459,134,72,67
460,137,74,70
460,137,74,70
460,137,74,70
460,137,74,70
460,137,74,70
460,137,74,70
452,142,82,78
452,142,82,78
452,142,82,78
452,142,82,78
450,147,82,78
450,147,82,78
450,147,82,78
450,147,82,78
443,150,86,80
443,150,86,80
443,150,86,80
443,150,86,80
438,157,87,80
438,157,87,80
438,157,87,80
438,157,87,80
436,161,86,84
436,161,86,84
436,161,86,84
436,161,86,84
430,166,91,86
430,166,91,86
430,166,91,86
430,166,91,86
421,173,104,89
421,173,104,89
421,173,104,89
421,173,104,89
412,177,106,93
412,177,106,93
412,177,106,93
412,177,106,93
403,183,106,93
403,183,106,93
403,183,106,93
403,183,106,93
396,192,115,97
396,192,115,97
396,192,115,97
396,192,115,97
391,197,112,103
391,197,112,103
391,197,112,103
391,197,112,103
381,205,125,110
381,205,125,110
381,205,125,110
381,205,125,110
361,212,125,110
361,212,125,110
361,212,125,110
355,221,141,115
355,221,141,115
355,221,141,115
345,227,141,115
345,227,141,115
345,227,141,115
332,231,144,118
332,231,144,118
332,231,144,118
319,240,154,123
319,240,154,123
319,240,154,123
308,246,154,123
308,246,154,123
308,246,154,123
288,251,173,134
288,251,173,134
279,256,173,134
279,256,173,134
279,256,173,134
266,266,173,134
266,266,173,134
253,270,189,138
253,270,189,138
235,273,189,142
235,273,189,142
223,276,200,147
223,276,200,147
212,290,200,147
212,290,200,147
190,293,215,151
190,293,215,151
182,297,215,151
168,303,215,147
162,301,224,149
153,306,224,144
145,311,230,139
131,315,230,135
131,329,230,121
118,333,230,117
119,334,230,116
110,339,230,111
103,341,230,109
94,349,230,101
92,350,230,100
75,357,230,93
79,362,230,88
52,363,249,87
