11,224,16,41
64,223,16,41
117,223,16,41
184,216,16,41
232,215,16,41
278,216,16,41
288,217,19,40
292,219,19,40
293,214,19,40
296,220,19,40
300,216,19,40
302,217,16,40
304,217,16,40
303,217,16,40
308,218,16,40
309,217,16,40
309,217,16,40
311,217,16,40
316,216,16,40
318,216,16,40
320,215,16,40
325,214,16,40
327,213,16,40
328,214,16,40
254,217,16,40
262,217,16,40
265,215,16,40
267,215,16,40
269,217,16,40
269,217,16,40
275,214,20,40
280,214,20,40
280,214,20,40
282,213,20,40
280,213,20,40
286,213,20,40
286,213,20,40
293,213,20,40
294,215,20,40
296,215,20,40
297,215,20,40
301,214,20,40
303,213,20,40
303,213,20,40
304,211,20,40
309,211,20,40
309,211,20,40
309,211,20,40
309,211,20,40
314,209,20,40
314,209,20,40
314,209,20,40
314,209,20,40
318,209,20,40
318,209,20,40
321,209,20,40
325,209,20,40
325,209,20,40
327,209,20,40
327,209,20,40
331,209,20,40
331,209,20,40
333,211,20,40
333,211,20,40
334,147,20,40
335,119,20,40
333,75,20,40
333,79,20,40
336,82,20,40
336,82,20,40
336,82,20,40
340,81,20,40
340,81,20,40
343,79,19,43
343,79,19,43
344,79,19,43
344,79,19,43
346,79,19,43
350,79,19,43
351,78,19,43
352,81,19,43
355,81,19,43
355,81,19,43
355,81,19,43
355,79,19,43
359,80,19,43
357,80,19,43
359,80,19,43
361,78,19,43
361,78,19,43
365,80,19,43
365,80,20,37
365,80,20,37
367,80,20,37
368,79,20,37
372,78,18,37
370,78,18,37
373,80,18,37
372,77,18,37
373,79,18,37
373,79,18,37
374,80,18,37
378,80,18,37
376,79,18,37
378,77,18,37
380,76,18,37
384,78,18,35
386,78,18,35
386,78,18,35
388,76,18,35
390,76,18,35
393,74,18,35
394,76,18,35
396,76,18,35
397,76,18,35
399,76,18,35
401,74,18,35
