302,74,36,70
302,74,36,70
302,80,36,70
300,80,36,70
302,80,36,70
302,80,36,70
302,78,36,70
302,78,36,70
302,82,36,70
302,78,36,70
302,78,36,70
302,78,36,70
302,78,36,70
302,78,36,70
302,78,36,70
302,78,36,70
302,78,36,70
302,78,36,70
304,84,36,70
304,82,36,70
308,81,36,70
308,79,36,70
308,81,36,70
308,81,36,70
308,81,36,70
308,81,36,70
308,83,36,70
308,83,36,70
308,83,36,70
308,83,36,70
308,83,36,70
308,83,36,70
308,83,36,70
308,85,36,70
308,85,36,70
308,85,36,70
308,85,36,70
308,85,39,75
308,85,39,75
308,85,39,75
308,85,39,75
308,85,39,75
308,85,39,75
308,81,39,75
293,87,39,75
276,91,40,67
253,89,39,73
232,87,39,73
217,90,39,73
195,89,39,73
195,100,41,65
195,96,41,65
192,97,41,69
192,91,41,75
192,95,41,73
192,97,41,65
192,99,41,65
192,97,41,65
192,95,41,67
192,97,41,65
176,96,40,75
155,96,40,75
154,96,40,75
155,97,39,71
155,95,39,71
153,97,39,71
123,97,39,71
110,98,39,71
110,97,39,71
110,97,39,71
110,99,39,71
110,99,39,71
110,99,39,71
110,97,39,71
110,103,39,71
110,99,39,71
110,97,42,77
110,97,42,77
110,97,42,77
107,99,42,77
107,99,42,77
107,99,42,77
107,101,42,77
107,101,42,77
107,101,42,77
107,101,42,77
107,101,42,77
107,101,42,77
107,101,42,77
107,101,42,77
97,103,42,77
66,102,42,77
51,102,42,77
52,107,42,77
48,107,42,77
48,109,42,77
50,107,42,77
50,107,42,77
50,109,42,77
48,111,42,77
50,109,42,77
52,109,42,77
52,111,42,77
52,109,42,77
52,109,42,77
52,113,42,77
52,112,42,77
50,112,42,77
52,112,42,77
54,110,42,77
56,108,42,77
56,108,42,77
54,113,42,77
54,109,42,77
54,111,42,77
54,111,42,77
56,111,42,77
56,111,42,77
56,113,42,77
55,112,42,77
57,116,42,77
55,114,42,77
55,113,41,82
57,113,41,82
57,115,41,82
57,115,41,82
57,115,41,82
59,115,41,82
57,115,41,82
59,115,41,82
57,115,41,82
57,115,41,82
57,117,41,82
59,116,41,82
59,116,41,82
59,116,41,82
59,116,41,82
59,118,41,82
59,118,41,82
61,120,41,82
59,122,41,82
59,122,41,82
59,122,41,82
59,122,42,90
59,122,42,90
59,118,42,90
59,124,42,90
59,120,42,90
59,102,42,90
59,94,42,90
59,89,42,90
59,89,42,90
59,89,42,90
59,89,42,90
59,89,42,90
59,89,42,90
59,89,42,90
59,89,42,90
59,94,42,90
59,94,42,90
59,94,42,90
57,86,42,90
59,77,42,90
61,68,42,90
61,68,42,90
59,68,42,90
59,68,42,90
59,68,42,90
59,68,42,90
59,68,42,90
59,68,42,90
59,68,42,90
59,59,42,90
62,47,42,90
61,42,42,90
61,42,42,90
61,42,42,90
61,42,42,90
61,42,42,90
63,55,42,90
61,49,42,90
57,48,50,92
57,46,50,92
57,34,50,92
59,23,45,89
59,29,45,89
59,29,45,89
59,29,45,89
59,29,45,89
59,29,45,89
59,31,45,89
61,35,45,89
59,35,45,89
59,36,45,89
59,36,45,89
59,36,45,89
59,36,45,89
59,36,45,89
59,40,45,89
61,38,45,89
59,40,45,89
59,40,45,89
62,42,45,89
63,42,45,89
63,44,45,89
63,40,45,89
63,42,45,89
63,44,45,89
63,39,46,97
63,43,46,97
63,45,46,97
63,39,46,97
64,46,46,97
64,46,46,97
64,44,47,104
64,44,47,104
64,44,47,104
64,42,47,104
64,38,47,104
64,39,47,104
64,39,47,104
64,39,47,104
65,39,47,104
65,39,47,104
61,40,54,99
61,40,54,99
61,40,54,99
63,42,54,99
63,42,54,99
64,46,54,99
64,46,54,99
64,46,54,99
69,48,54,99
69,48,54,99
69,48,54,99
69,48,54,99
69,48,54,99
66,48,54,99
66,48,54,99
69,52,54,99
69,52,54,99
69,52,54,99
72,54,54,99
72,54,54,99
72,54,54,99
72,56,54,99
72,56,54,99
76,58,54,99
73,53,59,109
73,53,59,109
78,56,59,110
78,56,59,110
78,56,59,110
78,56,59,110
78,56,59,110
78,60,59,110
78,60,59,110
78,60,59,110
78,60,59,110
78,60,59,110
78,60,59,110
78,60,59,110
82,60,59,110
82,60,59,110
79,64,59,110
79,64,59,110
84,64,59,110
84,64,59,110
84,67,59,110
84,67,59,110
84,67,59,110
84,67,59,110
87,69,59,110
87,69,59,110
87,69,59,110
89,73,59,110
89,73,59,110
89,77,59,110
89,77,59,110
93,77,59,110
93,77,59,110
95,78,59,110
95,78,59,110
95,78,59,110
98,78,59,121
96,76,59,121
96,76,59,121
96,78,59,121
96,78,59,121
96,78,59,121
100,81,59,121
100,81,59,121
100,81,59,121
101,84,59,121
101,84,59,121
101,84,59,121
101,84,59,121
101,84,59,121
101,84,59,121
104,87,59,121
104,87,59,121
104,87,59,121
104,87,59,121
104,87,59,121
104,87,59,121
103,66,59,121
103,66,59,121
103,66,59,121
103,66,59,121
103,66,59,121
103,66,59,121
103,66,59,121
103,66,59,121
103,66,59,121
103,72,59,121
105,71,59,121
105,71,59,121
105,71,59,121
105,71,59,121
105,71,59,121
105,71,59,121
105,71,59,121
105,71,59,121
107,73,59,121
107,73,59,121
107,73,59,121
110,75,59,121
110,75,59,121
110,75,59,121
110,75,59,121
110,77,61,121
110,85,61,121
110,77,61,121
110,83,61,121
110,81,61,121
110,81,61,121
110,87,61,121
113,89,61,121
113,89,61,121
116,88,61,121
116,88,61,121
116,88,61,121
112,91,61,121
114,91,61,121
114,91,61,121
114,91,69,117
114,89,69,117
114,97,69,117
114,97,69,117
114,97,69,117
114,93,69,117
114,93,69,117
114,98,69,117
114,96,69,117
114,96,69,117
114,101,69,117
114,101,69,117
114,104,69,117
114,104,69,117
114,104,69,117
114,106,69,117
114,106,69,117
114,106,69,117
115,107,69,117
115,107,69,117
115,107,69,117
115,109,69,117
115,109,69,117
116,111,69,117
116,111,69,117
114,109,70,137
114,109,70,137
117,113,70,137
117,113,70,137
117,121,70,137
117,118,70,146
117,118,70,146
118,122,70,146
118,122,70,146
120,129,70,146
120,129,70,146
120,131,70,146
120,131,70,146
123,135,70,146
123,135,70,146
124,138,70,146
124,138,70,146
125,129,69,166
125,129,69,166
125,129,69,166
127,138,69,166
127,138,69,166
127,138,69,166
129,142,69,166
129,142,69,166
127,144,69,166
127,144,69,166
131,149,69,166
131,149,69,166
134,152,69,166
135,150,70,173
135,150,70,173
139,153,70,173
139,153,70,173
141,159,70,173
141,159,70,173
141,159,70,173
142,161,70,173
142,161,70,173
149,166,70,173
149,166,70,173
149,171,70,173
149,167,73,179
149,167,73,179
149,167,73,179
155,172,73,179
155,172,73,179
154,178,73,179
154,178,73,179
154,178,73,179
157,180,73,179
157,180,73,179
157,180,73,179
147,180,82,183
147,180,82,183
144,185,82,183
144,185,82,183
144,179,82,183
148,180,82,183
148,167,82,183
149,158,82,183
149,150,82,183
147,148,82,183
147,138,82,183
147,138,82,183
150,125,82,183
150,125,82,183
150,125,82,183
151,129,82,183
151,129,82,183
146,124,91,197
146,130,91,197
146,130,91,197
144,135,91,197
144,135,91,197
144,135,91,197
150,138,91,197
150,138,91,197
150,138,91,197
149,125,91,197
149,125,91,197
155,109,91,197
155,109,91,197
154,93,91,197
154,92,91,197
155,86,91,197
155,86,91,197
155,86,91,197
155,86,91,197
160,83,91,197
160,85,91,197
161,89,91,197
161,89,91,197
161,91,91,197
161,91,91,197
164,89,93,205
164,89,93,205
157,94,107,207
157,94,107,207
158,99,107,207
158,99,107,207
161,99,107,207
160,102,107,207
161,105,107,207
163,111,107,207
163,111,107,207
167,115,107,207
167,115,107,207
167,115,107,207
170,120,107,207
170,120,107,207
168,120,107,207
168,120,107,207
176,125,107,207
172,125,107,207
175,126,108,209
175,126,108,209
175,129,108,209
176,127,108,218
176,127,108,218
180,130,108,218
180,130,108,218
175,127,114,230
175,127,114,230
174,131,114,230
174,131,114,230
177,138,114,230
177,138,114,230
178,141,114,230
178,141,114,230
178,141,114,230
184,146,114,230
184,146,114,230
185,147,114,230
185,117,114,230
192,117,114,230
190,117,114,230
190,117,114,230
190,117,114,230
192,122,114,230
192,122,114,230
192,127,114,230
195,119,120,247
195,119,120,247
190,129,120,247
190,129,120,247
189,131,120,247
195,132,120,247
194,138,120,247
194,138,120,247
201,139,120,247
201,139,120,247
198,144,120,247
198,130,120,247
201,126,120,247
201,126,120,247
203,113,120,247
203,117,120,247
200,99,120,247
205,85,129,268
205,85,129,268
200,75,129,268
199,67,129,268
201,62,129,268
202,58,129,268
202,58,129,268
203,48,129,268
197,43,129,268
198,36,129,268
200,31,129,268
203,22,129,268
203,22,129,268
206,6,129,268
206,1,129,268
206,1,129,268
214,8,129,268
214,14,129,268
215,10,137,281
215,13,137,281
214,16,137,281
214,19,137,281
215,20,137,281
214,25,137,281
214,25,137,281
214,30,137,281
216,35,137,281
216,35,137,281
220,34,137,281
225,40,137,281
224,32,144,297
226,40,144,297
229,44,144,297
229,44,144,297
229,48,144,297
229,56,144,297
229,59,144,297
227,64,144,297
227,64,144,297
237,64,144,297
234,54,158,311
234,54,158,311
236,40,158,311
236,40,158,311
241,34,158,311
242,30,158,311
242,30,158,311
242,30,158,311
249,35,158,311
249,35,158,311
252,36,158,311
252,36,158,311
252,45,158,311
252,45,158,311
246,46,173,333
246,46,173,333
257,48,173,333
254,57,173,333
256,62,173,333
242,64,173,333
233,64,173,333
227,68,173,333
209,72,173,333
199,76,173,333
189,84,173,333
176,89,173,333
176,89,173,333
150,90,202,337
131,98,202,337
131,98,202,337
121,105,202,337
107,109,202,337
93,114,202,337
87,119,202,337
73,118,202,337
73,118,202,337
89,128,184,327
89,128,184,327
89,132,191,323
89,139,198,313
91,139,198,313
95,151,198,304
95,151,198,304
95,151,198,304
