541,336,36,68
540,334,36,68
539,328,36,68
535,326,36,68
531,322,36,68
529,320,36,68
528,318,36,68
527,311,30,69
527,308,30,69
524,307,30,69
524,304,30,69
520,298,30,69
516,295,32,66
514,294,32,66
512,290,32,66
509,287,32,66
508,285,32,66
506,281,32,66
505,273,32,66
503,271,32,66
499,268,32,66
497,267,32,66
496,263,32,66
494,260,32,66
490,255,32,66
490,252,32,66
486,249,32,66
486,245,32,66
484,242,32,66
482,237,32,66
479,236,32,66
477,234,32,66
477,230,32,66
474,224,32,66
473,221,32,66
469,216,32,66
469,213,32,66
467,209,32,66
462,205,32,66
461,204,32,66
459,203,32,66
457,197,32,66
454,195,32,66
452,189,32,66
450,185,32,66
448,182,32,66
446,181,32,66
443,182,32,66
441,182,32,66
440,185,32,66
441,184,32,66
437,184,32,66
435,183,32,66
433,181,32,66
431,185,32,66
429,185,32,66
425,184,32,66
425,185,32,66
423,185,32,66
420,185,32,66
418,185,32,66
418,184,32,66
414,186,32,66
412,186,32,66
409,184,32,66
407,183,32,66
405,183,32,66
402,184,32,66
402,186,32,66
399,186,32,66
399,183,32,66
393,175,32,66
393,168,32,66
391,166,32,66
389,162,32,66
389,162,32,66
387,160,32,66
382,160,32,66
384,158,32,66
378,158,32,66
378,158,32,66
376,160,32,66
372,160,32,66
370,161,32,66
368,163,32,66
367,161,32,66
365,161,32,66
363,161,32,66
361,162,32,66
355,162,32,66
351,162,32,66
344,162,32,66
331,162,32,66
325,161,32,66
321,164,32,66
308,165,32,66
301,166,32,66
287,166,32,66
284,164,32,66
272,166,32,66
268,167,32,66
259,164,32,66
249,168,32,66
242,167,32,66
239,167,32,66
235,167,32,66
231,167,32,66
229,168,32,66
225,167,32,66
226,168,32,66
222,168,32,66
219,170,32,66
214,171,32,66
218,171,32,66
215,170,32,66
214,172,32,66
210,168,32,66
208,170,32,66
205,169,31,72
205,169,31,72
201,170,31,72
203,170,31,72
201,170,31,72
199,169,31,72
197,169,31,72
195,171,31,72
193,170,31,72
193,170,31,72
190,171,31,72
190,171,31,72
187,171,31,72
187,171,31,72
183,170,31,72
183,172,31,72
178,172,31,72
178,170,31,72
176,173,31,72
176,171,31,72
174,173,31,72
174,173,31,72
171,173,31,72
167,173,31,72
169,173,31,72
169,173,31,72
163,173,31,72
165,173,31,72
161,173,31,72
161,173,31,72
160,173,31,72
160,173,31,72
158,173,31,72
155,175,31,72
150,174,31,72
150,174,31,72
149,174,31,72
147,174,31,72
147,174,31,72
150,175,31,72
156,177,31,72
161,176,31,72
165,176,31,72
173,177,31,72
178,177,31,72
180,177,31,72
185,176,31,72
189,178,31,72
194,178,31,72
201,177,31,72
204,177,31,72
209,177,31,72
207,177,31,72
214,178,31,72
222,177,31,72
218,177,31,72
228,176,31,72
237,178,31,72
232,176,31,72
239,176,31,72
248,175,31,72
252,176,31,72
254,178,31,72
262,177,31,72
267,177,31,72
271,176,31,72
276,175,31,72
280,176,31,72
278,176,31,72
276,180,31,72
275,179,31,72
274,180,31,72
273,180,31,72
271,180,31,72
269,180,31,72
269,180,32,82
267,180,32,82
267,182,32,82
274,181,32,82
279,183,32,82
282,183,32,82
292,184,32,82
293,182,32,82
303,183,32,82
306,183,32,82
308,183,32,82
311,181,32,82
316,181,32,82
312,182,32,82
310,182,32,82
310,180,32,82
307,180,32,82
307,180,32,82
309,180,32,82
313,180,32,82
313,180,32,82
320,179,32,82
326,179,32,82
328,180,32,82
335,181,32,82
339,183,32,82
343,182,32,82
350,182,32,82
350,183,32,82
356,183,32,82
356,183,32,82
355,186,32,82
354,186,32,82
352,186,32,82
348,186,32,82
348,190,32,82
348,188,32,82
354,187,32,82
356,185,32,82
358,187,32,82
361,186,32,82
364,188,32,82
369,191,32,82
365,188,32,82
363,189,32,82
359,187,32,82
358,191,32,82
354,189,32,82
352,191,32,82
350,191,32,82
344,190,32,82
342,190,32,82
340,190,32,82
340,188,32,82
337,193,32,82
336,195,32,82
334,195,32,82
331,193,32,82
325,193,32,82
325,193,32,82
322,195,32,82
322,192,32,82
318,194,32,82
316,196,32,82
310,194,32,82
312,196,32,82
307,196,32,82
305,197,32,82
301,197,32,82
299,197,32,82
295,198,32,82
289,198,39,82
287,198,39,82
283,199,39,82
278,199,39,82
280,200,39,82
276,198,39,82
274,198,39,82
272,199,39,82
272,201,39,82
266,201,39,82
265,202,39,82
261,202,39,82
259,201,39,82
259,201,39,82
254,204,39,82
252,205,39,82
250,202,39,82
246,204,39,82
246,203,39,82
244,205,39,82
244,205,39,82
242,205,39,82
235,204,39,82
237,204,39,82
232,204,39,82
232,204,39,82
227,205,39,82
227,205,39,82
223,205,39,82
221,207,39,82
218,207,39,82
212,208,39,82
212,206,39,82
210,208,39,82
207,208,39,82
203,207,39,82
198,209,39,82
198,209,39,82
192,210,39,82
192,210,39,82
190,210,39,82
187,209,39,82
182,209,39,82
178,211,39,82
176,209,39,82
172,213,39,82
167,212,39,82
166,213,39,82
166,213,39,82
161,213,39,82
159,213,39,82
159,213,39,82
153,213,39,82
149,214,39,82
148,206,40,90
141,207,40,90
141,207,40,90
138,207,40,90
133,208,40,90
131,208,40,90
131,208,40,90
129,208,40,90
137,208,40,90
146,209,40,90
146,210,40,90
