211 140 231 187
209 140 229 187
207 138 226 189
205 140 223 189
202 139 220 187
198 139 218 186
195 139 218 186
195 139 216 186
192 138 214 184
190 135 209 182
191 134 208 183
189 134 206 184
187 132 207 183
186 130 204 182
186 129 204 177
185 129 206 176
185 127 202 175
182 127 202 173
182 126 203 174
180 125 200 172
178 124 198 169
176 122 196 167
174 119 193 166
172 119 192 167
173 119 193 166
170 119 190 165
169 117 189 164
167 116 187 163
164 112 184 159
163 111 181 158
159 111 179 157
158 111 180 155
157 111 179 155
154 108 176 153
151 107 171 154
149 105 170 152
148 101 167 150
148 102 167 152
146 100 164 149
143 99 161 145
140 94 158 142
138 92 156 138
137 91 154 137
134 88 152 134
134 89 153 134
133 85 153 132
132 82 151 130
132 82 149 126
129 78 147 122
127 76 146 119
127 75 146 118
126 75 145 117
125 74 145 117
124 71 142 113
124 68 144 112
124 66 143 110
124 66 143 110
124 65 144 111
124 65 141 107
123 62 142 103
122 60 139 104
123 60 139 102
122 59 140 102
121 57 140 99
121 56 139 99
120 55 138 97
120 53 138 97
120 51 138 95
119 50 137 92
118 47 138 89
118 48 138 90
117 46 136 88
116 47 135 89
113 46 135 86
114 45 133 84
115 41 133 83
114 41 133 84
115 41 133 83
112 41 132 82
112 39 131 81
112 37 131 81
111 36 130 77
111 35 128 76
110 36 127 74
109 35 129 75
111 35 129 73
111 33 128 73
110 31 130 73
112 32 130 71
113 31 131 70
113 31 130 69
115 30 133 68
115 28 133 69
115 29 132 69
117 28 135 67
118 29 137 66
120 27 140 64
119 27 140 64
120 25 139 64
123 26 141 64
124 25 141 63
126 25 143 63
126 25 144 64
126 23 144 64
127 25 145 63
128 24 146 64
127 23 146 63
126 23 144 63
127 23 144 63
126 23 143 62
126 23 143 64
126 23 144 64
126 23 144 63
126 23 141 64
125 23 141 64
125 23 141 63
125 24 141 63
124 23 141 64
125 24 141 64
124 24 142 64
126 24 142 63
124 24 142 64
125 24 142 63
125 24 141 62
126 23 141 63
126 23 141 63
126 24 142 65
127 23 142 64
125 23 141 64
125 24 142 64
125 24 142 64
126 23 141 64
125 24 140 64
124 24 141 64
124 24 140 65
125 24 140 64
125 25 140 65
124 23 140 63
125 24 140 63
124 22 141 64
125 25 141 64
124 25 141 65
124 25 141 64
123 26 139 64
123 26 138 63
122 26 138 64
122 26 137 65
122 27 138 65
121 26 138 65
121 26 137 66
122 26 136 65
120 26 135 66
121 27 137 66
120 26 136 65
121 25 136 66
120 26 137 66
122 25 137 67
121 27 136 65
119 27 135 65
120 28 135 66
117 27 135 66
116 28 135 66
116 28 134 66
116 29 133 68
115 28 133 67
114 29 133 66
115 30 131 68
113 30 131 68
112 31 131 70
113 30 132 70
112 29 132 71
112 31 131 71
112 31 132 71
111 32 131 71
112 32 132 72
112 32 132 71
110 33 131 73
111 35 130 73
109 36 130 74
108 36 129 75
107 36 127 75
105 37 127 74
105 37 126 75
105 38 126 74
105 38 125 78
104 39 124 78
106 39 124 78
105 39 125 79
104 40 123 80
104 39 123 79
103 41 124 78
103 42 124 82
102 44 123 83
103 43 123 83
100 44 121 85
102 44 122 84
100 44 121 84
101 43 120 86
102 44 120 87
103 45 120 89
104 46 121 89
104 46 121 88
104 46 122 89
104 46 121 88
105 46 121 90
105 48 120 91
105 48 122 92
105 47 123 94
105 48 122 93
106 50 124 94
106 50 123 94
105 51 124 93
105 52 122 92
105 52 122 93
106 53 123 92
105 54 124 94
105 53 123 95
105 55 125 97
107 55 124 96
108 55 125 98
107 56 126 96
107 56 126 96
107 58 127 99
107 57 126 100
108 58 126 101
107 58 126 100
105 58 125 100
104 59 123 101
104 59 123 101
105 59 123 101
104 59 123 101
104 60 125 102
105 61 125 104
105 60 124 104
105 62 124 103
106 62 125 104
106 62 125 105
106 63 124 103
105 62 123 105
105 63 122 106
105 63 123 106
105 64 121 106
104 65 122 107
104 64 122 107
105 65 121 108
105 66 122 107
105 67 121 108
104 67 122 107
104 69 122 110
103 69 122 108
103 69 122 109
104 70 123 109
104 70 123 110
104 73 124 113
106 73 126 115
104 74 125 117
105 73 125 116
106 75 126 115
106 76 124 117
107 78 126 121
107 79 126 121
107 79 126 123
105 80 124 123
105 80 126 123
106 80 126 126
106 82 125 128
107 85 125 129
107 84 126 132
107 87 126 130
107 86 126 130
107 87 127 133
107 89 127 135
107 91 127 137
108 92 127 137
108 93 128 137
107 94 128 138
108 95 128 139
109 96 129 141
109 99 130 144
111 99 129 146
112 101 129 145
111 101 131 145
111 103 132 148
111 103 131 149
113 105 131 153
112 107 132 153
112 107 133 152
112 107 133 153
113 108 133 152
114 110 133 156
114 112 134 159
113 114 135 162
114 115 134 164
114 116 135 163
115 116 136 161
116 118 136 167
116 121 137 169
116 121 137 169
115 123 137 171
116 125 136 171
117 126 137 172
118 128 138 173
118 130 139 179
119 131 137 178
119 131 138 182
120 135 140 185
119 134 139 185
119 136 140 184
119 138 139 188
119 142 141 191
120 142 139 193
120 145 140 192
118 147 140 194
118 148 139 195
119 151 140 200
119 153 140 201
120 153 140 202
120 156 140 204
120 159 141 208
121 161 142 208
120 160 142 208
121 161 143 208
119 163 142 212
121 166 143 217
120 168 142 220
120 170 143 219
119 172 143 221
120 172 143 220
121 171 144 222
121 175 146 228
121 178 148 228
122 177 147 230
121 176 147 231
121 177 149 230
121 178 148 232
123 182 148 236
121 185 147 239
122 188 146 240
123 191 146 242
124 191 147 242
123 193 147 246
124 193 146 248
123 197 146 251
123 198 146 252
124 201 148 253
124 202 149 251
124 203 152 258
125 205 149 258
125 204 150 258
125 206 149 260
125 208 149 263
124 209 149 263
124 209 148 260
121 211 149 262
121 210 149 262
122 210 149 262
122 211 150 264
124 211 150 263
125 211 149 265
124 213 149 263
123 211 150 262
127 213 149 262
128 213 149 263
129 214 150 264
129 214 148 265
128 214 150 268
127 215 147 264
128 213 148 266
129 214 149 267
128 215 148 265
127 215 147 266
128 215 148 266
125 217 147 266
126 216 147 266
125 215 147 267
124 217 146 266
