381,94,30,71
381,94,30,71
381,94,30,71
384,94,30,71
384,94,30,71
384,94,30,71
384,94,30,71
382,90,30,71
382,90,30,71
382,90,30,71
382,90,30,71
378,88,30,71
378,88,30,71
378,88,30,71
378,85,30,71
378,85,30,71
378,85,30,71
378,85,30,71
378,85,30,71
378,85,30,71
375,85,30,71
375,85,30,71
375,85,30,71
375,85,30,71
373,82,30,69
373,82,30,69
373,82,30,69
367,80,30,69
367,80,30,69
367,80,30,69
367,80,30,69
364,76,30,69
364,76,30,69
364,76,30,69
364,76,30,69
364,75,25,65
364,75,25,65
364,75,25,65
364,75,25,65
361,74,25,65
361,74,25,65
361,74,25,65
361,74,25,65
361,72,25,65
361,72,25,65
361,72,25,65
361,72,25,65
356,70,25,65
356,70,25,65
356,70,25,65
356,70,25,65
356,68,25,65
356,68,25,65
356,68,25,65
356,69,25,63
356,69,25,63
356,69,25,63
352,65,25,63
352,65,25,63
352,65,25,63
352,65,25,63
350,63,25,63
350,63,25,63
350,63,25,63
350,63,25,63
350,63,25,63
350,63,25,63
350,63,25,63
350,63,25,63
345,61,25,63
345,61,25,63
345,61,25,63
345,61,25,63
341,62,25,61
341,62,25,61
341,62,25,61
341,62,25,61
341,62,25,61
338,58,25,61
338,58,25,61
338,58,25,61
338,58,25,61
338,58,25,61
338,58,25,61
335,57,25,61
335,57,25,61
335,57,25,61
335,57,25,61
335,57,25,61
333,57,25,61
333,57,25,61
333,57,25,61
333,57,25,61
325,57,25,61
318,56,25,61
314,55,25,61
305,55,25,61
294,54,25,61
290,54,25,61
288,54,25,61
278,56,25,61
270,53,25,61
272,53,25,61
268,53,25,61
268,53,25,61
268,53,25,61
268,53,25,61
268,50,25,61
268,50,25,61
268,50,25,61
268,50,25,61
268,50,25,61
268,50,25,61
267,49,25,61
267,49,25,61
267,49,25,61
267,49,25,61
267,49,25,61
267,51,25,57
265,51,25,55
267,51,25,57
267,57,25,55
265,59,25,55
265,63,25,53
265,66,25,57
265,68,25,57
263,74,25,57
265,85,25,53
265,85,25,55
265,91,25,53
263,94,25,53
263,98,25,55
265,100,25,55
263,100,25,57
265,102,25,57
265,104,25,57
263,100,25,55
265,102,25,55
263,98,25,55
263,102,25,57
263,107,25,57
265,113,25,57
265,119,25,55
265,122,25,53
265,120,25,57
265,120,25,50
261,116,25,52
261,116,25,52
261,116,25,52
265,120,25,52
265,122,25,52
269,128,25,52
267,134,25,52
267,134,25,52
267,142,25,52
267,149,25,52
267,151,25,52
267,155,25,52
267,163,25,52
269,167,25,52
277,239,25,52
277,240,25,52
279,246,25,52
279,248,25,52
279,248,25,52
282,248,25,52
282,243,25,52
282,243,25,52
284,245,25,52
284,245,25,52
286,245,25,52
286,245,25,52
288,242,25,52
288,246,25,52
290,242,25,52
290,241,25,52
292,241,25,52
292,245,25,52
293,244,25,52
294,242,25,52
296,239,25,52
297,241,25,52
297,243,25,52
301,242,25,52
301,242,25,52
304,244,21,51
306,244,21,51
310,244,21,51
313,238,21,51
314,238,21,51
312,240,21,51
314,238,21,51
322,236,21,51
324,236,21,51
324,237,21,51
324,237,21,51
324,237,21,51
322,239,21,51
324,237,21,51
326,237,21,51
326,234,21,51
326,232,21,51
328,232,21,51
328,232,21,51
327,232,21,51
327,232,21,51
337,232,21,51
335,237,21,51
339,233,21,51
339,233,21,51
337,237,21,51
341,233,21,51
341,235,21,51
342,235,21,51
342,233,21,51
342,235,21,51
344,232,21,51
342,234,21,51
344,232,21,51
350,233,16,49
350,233,16,49
347,233,16,49
352,234,16,49
350,232,16,49
350,234,16,49
356,231,16,49
356,233,16,49
358,231,16,49
359,236,16,44
361,232,16,44
361,230,16,44
360,231,16,44
364,231,16,44
365,229,16,44
365,229,16,44
369,229,16,44
369,233,16,44
373,229,16,44
378,228,16,44
374,230,16,44
374,230,16,44
374,230,16,44
376,230,16,44
377,230,16,44
377,230,16,44
377,224,16,44
377,228,16,44
381,224,16,44
381,228,16,44
384,226,16,44
384,224,16,44
381,222,16,44
379,225,16,44
379,225,16,44
382,222,16,44
384,224,16,44
386,222,16,44
388,220,16,44
386,220,16,44
384,220,16,44
372,221,16,44
372,221,16,44
363,221,16,44
363,221,16,44
350,222,16,44
350,222,16,44
341,221,16,44
341,221,16,44
326,222,16,44
326,222,16,44
318,221,16,44
311,221,16,44
305,225,16,44
305,221,16,44
297,221,16,44
293,221,16,44
285,221,16,44
285,229,16,44
279,228,16,44
271,228,16,44
267,229,16,44
265,231,16,44
256,231,16,44
256,233,16,44
245,228,16,44
238,229,16,44
236,229,16,44
226,228,16,44
224,224,16,44
212,223,16,44
212,227,16,44
206,227,16,44
210,229,16,44
212,229,16,44
212,229,16,44
212,229,16,44
212,229,16,44
212,229,16,44
212,229,16,44
214,229,16,44
214,226,16,44
214,228,16,44
216,228,16,44
218,238,16,44
220,228,16,44
218,232,16,44
218,234,16,44
220,228,16,44
220,232,16,44
222,229,16,44
218,225,16,44
220,225,16,44
220,223,16,44
220,221,16,44
220,225,16,44
220,227,16,44
220,227,16,44
220,226,16,44
222,226,16,44
222,224,16,44
222,226,16,44
222,222,16,44
224,222,16,44
224,226,16,44
224,224,16,44
226,224,16,44
224,226,16,44
226,222,16,44
224,224,16,44
228,224,16,44
228,222,16,44
229,218,16,44
226,220,16,44
229,226,16,44
229,222,16,44
231,226,16,44
229,228,16,44
228,220,16,44
228,222,16,44
231,222,16,44
229,222,16,44
231,224,16,44
231,224,16,44
231,222,16,44
231,224,16,44
233,234,16,44
231,224,16,44
231,224,16,44
233,220,16,44
233,222,16,44
233,215,16,44
237,221,16,44
237,209,16,44
235,209,16,44
235,207,16,44
235,207,16,44
235,207,16,44
235,207,16,44
238,208,16,44
236,208,16,44
238,208,16,44
240,208,16,44
239,209,16,44
239,209,16,44
239,209,16,44
237,211,16,44
237,209,16,44
240,209,16,44
240,209,16,44
240,209,16,44
240,209,16,44
240,209,16,44
240,209,16,44
245,209,14,35
245,209,14,35
245,209,14,35
245,209,14,35
248,209,14,35
248,209,14,35
