381,94,30,71
381,94,30,71
381,94,30,71
384,94,30,71
384,94,30,71
384,94,30,71
384,94,30,71
382,90,30,71
382,90,30,71
382,90,30,71
382,90,30,71
378,88,30,71
378,88,30,71
378,88,30,71
378,85,30,71
378,85,30,71
378,85,30,71
378,85,30,71
378,85,30,71
378,85,30,71
375,85,30,71
375,85,30,71
375,85,30,71
375,85,30,71
373,82,30,69
373,82,30,69
373,82,30,69
367,80,30,69
367,80,30,69
367,80,30,69
367,80,30,69
364,76,30,69
364,76,30,69
364,76,30,69
364,76,30,69
364,75,25,65
364,75,25,65
364,75,25,65
364,75,25,65
361,74,25,65
361,74,25,65
361,74,25,65
361,74,25,65
361,72,25,65
361,72,25,65
361,72,25,65
361,72,25,65
356,70,25,65
356,70,25,65
356,70,25,65
356,70,25,65
356,68,25,65
356,68,25,65
356,68,25,65
356,69,25,63
356,69,25,63
356,69,25,63
352,65,25,63
352,65,25,63
352,65,25,63
352,65,25,63
350,63,25,63
350,63,25,63
350,63,25,63
350,63,25,63
350,63,25,63
350,63,25,63
350,63,25,63
350,63,25,63
345,61,25,63
345,61,25,63
345,61,25,63
345,61,25,63
341,62,25,61
341,62,25,61
341,62,25,61
341,62,25,61
341,62,25,61
338,58,25,61
338,58,25,61
338,58,25,61
338,58,25,61
338,58,25,61
338,58,25,61
335,57,25,61
335,57,25,61
335,57,25,61
335,57,25,61
335,57,25,61
333,57,25,61
333,57,25,61
333,57,25,61
333,57,25,61
325,57,25,61
318,56,25,61
314,55,25,61
305,55,25,61
294,54,25,61
294,54,25,61
288,54,25,61
278,54,25,61
268,53,25,61
268,53,25,61
268,53,25,61
268,53,25,61
268,53,25,61
268,53,25,61
268,50,25,61
268,50,25,61
268,50,25,61
268,50,25,61
268,50,25,61
268,50,25,61
267,49,25,61
267,49,25,61
267,49,25,61
267,49,25,61
267,49,25,61
265,51,25,55
265,49,25,55
265,51,25,55
265,53,25,55
265,57,25,53
265,61,25,53
263,64,25,57
263,70,25,55
263,76,25,55
263,77,25,55
263,81,25,55
263,87,25,53
263,90,25,55
263,92,25,57
263,96,25,55
263,98,25,55
263,98,25,55
263,98,25,55
263,98,25,55
263,98,25,55
263,98,25,55
263,100,25,55
263,105,25,55
263,109,25,57
263,113,25,55
261,116,25,53
261,116,25,55
261,116,25,52
261,116,25,52
261,116,25,52
261,116,25,52
261,116,25,52
261,116,25,52
263,128,25,52
263,128,25,52
263,128,25,52
263,138,25,52
265,143,25,52
263,149,25,52
263,155,25,52
262,157,25,52
273,221,25,52
273,227,25,52
271,232,25,52
271,232,25,52
275,236,25,52
275,236,25,52
275,236,25,52
279,237,25,52
279,237,25,52
279,237,25,52
279,237,25,52
279,237,25,52
279,237,25,52
282,234,25,52
282,234,25,52
282,234,25,52
284,237,25,52
284,237,25,52
284,237,25,52
288,234,25,52
288,234,25,52
292,233,25,52
292,233,25,52
292,233,25,52
294,234,25,52
294,234,25,52
300,234,21,51
300,234,21,51
300,234,21,51
305,232,21,51
305,232,21,51
305,232,21,51
310,232,21,51
310,232,21,51
310,232,21,51
313,231,21,51
313,231,21,51
313,231,21,51
318,231,21,51
318,231,21,51
318,231,21,51
322,232,21,51
322,232,21,51
322,232,21,51
322,232,21,51
327,232,21,51
327,232,21,51
327,232,21,51
331,231,21,51
331,231,21,51
331,231,21,51
333,231,21,51
333,231,21,51
333,231,21,51
338,229,21,51
338,229,21,51
338,229,21,51
342,228,21,51
342,228,21,51
342,228,21,51
347,227,16,49
347,227,16,49
347,227,16,49
350,226,16,49
350,226,16,49
350,226,16,49
352,225,16,49
352,225,16,49
352,225,16,49
355,230,16,44
355,230,16,44
355,230,16,44
358,227,16,44
358,227,16,44
363,225,16,44
363,225,16,44
363,225,16,44
365,221,16,44
365,221,16,44
368,224,16,44
368,224,16,44
368,224,16,44
370,224,16,44
370,224,16,44
373,224,16,44
373,224,16,44
373,224,16,44
377,224,16,44
377,224,16,44
377,224,16,44
381,222,16,44
381,222,16,44
381,222,16,44
379,225,16,44
379,225,16,44
382,222,16,44
382,222,16,44
382,222,16,44
384,220,16,44
384,220,16,44
384,220,16,44
372,221,16,44
372,221,16,44
363,221,16,44
363,221,16,44
350,222,16,44
350,222,16,44
341,221,16,44
341,221,16,44
326,222,16,44
326,222,16,44
311,221,16,44
311,221,16,44
303,221,16,44
303,221,16,44
297,221,16,44
297,221,16,44
283,221,16,44
283,221,16,44
275,220,16,44
271,220,16,44
265,221,16,44
265,221,16,44
256,221,16,44
256,221,16,44
241,220,16,44
236,219,16,44
236,219,16,44
224,218,16,44
224,218,16,44
212,219,16,44
212,219,16,44
206,221,16,44
206,221,16,44
206,221,16,44
206,221,16,44
206,221,16,44
206,221,16,44
206,221,16,44
206,221,16,44
206,221,16,44
209,218,16,44
209,218,16,44
209,218,16,44
209,218,16,44
209,218,16,44
209,218,16,44
209,218,16,44
209,218,16,44
209,218,16,44
211,217,16,44
211,217,16,44
211,217,16,44
211,217,16,44
214,217,16,44
214,217,16,44
214,217,16,44
214,217,16,44
216,214,16,44
216,214,16,44
216,214,16,44
216,214,16,44
216,214,16,44
222,212,16,44
222,212,16,44
222,212,16,44
222,212,16,44
222,212,16,44
222,212,16,44
224,212,16,44
224,212,16,44
224,212,16,44
224,212,16,44
224,212,16,44
224,212,16,44
224,212,16,44
224,212,16,44
224,212,16,44
224,212,16,44
224,212,16,44
224,212,16,44
224,212,16,44
228,210,16,44
228,210,16,44
228,210,16,44
228,210,16,44
228,210,16,44
228,210,16,44
228,210,16,44
228,210,16,44
228,210,16,44
227,209,16,44
227,209,16,44
227,209,16,44
227,209,16,44
231,207,16,44
231,207,16,44
231,207,16,44
231,207,16,44
234,208,16,44
234,208,16,44
234,208,16,44
234,208,16,44
237,209,16,44
237,209,16,44
237,209,16,44
237,209,16,44
237,209,16,44
240,209,16,44
240,209,16,44
240,209,16,44
240,209,16,44
240,209,16,44
240,209,16,44
245,209,14,35
245,209,14,35
245,209,14,35
245,209,14,35
248,209,14,35
248,209,14,35
