209,155,89,128
207,155,89,128
205,159,89,128
199,161,89,128
195,167,98,120
186,175,108,113
186,177,108,109
186,177,104,112
184,179,104,112
184,181,104,112
184,181,104,112
184,183,104,112
178,187,115,105
182,189,112,109
182,195,113,105
184,197,112,104
186,203,104,112
186,203,104,112
184,199,104,112
186,193,104,112
188,191,104,112
192,187,99,118
195,187,99,118
195,189,104,128
201,187,99,130
199,187,99,138
199,187,102,142
205,187,92,143
203,187,97,148
205,185,98,153
212,193,88,150
218,191,86,156
229,195,78,157
239,195,71,158
241,193,68,164
241,199,68,164
239,201,68,164
243,204,62,165
240,204,62,165
239,208,62,165
239,214,62,165
239,218,62,165
239,216,62,165
241,220,62,165
239,226,62,165
239,228,62,165
239,230,62,165
241,232,62,165
237,238,62,165
237,238,62,165
235,242,62,165
235,240,62,165
235,244,62,165
231,244,63,158
233,244,62,165
231,250,62,165
231,252,62,165
228,260,65,158
226,264,65,158
220,266,65,158
218,272,65,158
218,274,65,158
214,276,65,158
209,276,65,158
207,278,65,158
199,280,65,158
197,280,65,158
194,282,65,158
186,284,65,158
182,284,65,158
178,284,65,158
171,286,65,158
169,286,65,158
163,290,65,158
158,290,65,158
148,296,65,158
144,300,65,158
143,300,65,158
131,294,65,158
121,294,65,158
117,294,65,158
113,294,65,158
110,294,65,158
118,294,65,158
116,294,65,158
118,294,65,158
110,294,65,158
108,294,65,158
108,294,65,158
108,294,65,158
108,294,65,158
108,294,65,158
108,294,65,158
108,294,65,158
108,294,65,158
108,294,65,158
108,294,65,158
108,294,65,158
108,294,65,158
108,294,65,158
108,294,65,158
108,294,65,158
108,294,65,158
108,294,65,158
108,294,65,158
108,294,65,158
108,294,65,158
108,294,65,158
108,294,65,158
108,294,65,158
108,294,65,158
108,294,65,158
108,294,65,158
108,294,65,158
114,294,65,158
112,292,65,158
112,294,65,158
112,280,65,158
112,276,65,158
110,268,65,158
114,270,65,158
112,270,65,158
122,274,65,158
114,264,65,158
116,266,65,158
110,264,65,158
110,264,65,158
110,264,65,158
108,256,65,158
106,256,65,158
110,258,65,158
110,256,65,158
110,250,65,158
110,244,65,158
112,244,65,158
112,244,65,158
114,244,65,158
114,242,65,158
116,242,65,158
118,242,65,158
127,238,65,158
135,238,65,158
148,232,65,158
152,228,65,158
167,224,65,158
169,230,65,158
178,230,65,158
188,230,65,158
193,230,65,158
209,226,65,158
209,224,65,158
209,222,65,158
211,220,65,158
214,220,65,158
218,220,65,158
220,220,65,158
228,224,65,158
239,224,65,158
246,224,65,158
254,218,65,158
254,218,65,158
260,214,65,158
258,216,65,158
260,214,65,158
263,214,65,158
262,216,65,158
265,216,65,158
267,216,65,158
263,214,65,158
265,206,65,158
265,204,65,158
271,208,65,158
273,202,61,158
275,206,55,152
275,206,57,148
277,206,55,148
282,204,55,148
284,204,53,148
286,198,53,154
288,196,53,156
288,198,53,156
292,200,53,156
292,198,53,156
294,198,53,156
293,198,53,156
297,196,53,156
296,188,53,156
297,190,53,156
301,186,53,156
303,190,53,156
305,188,53,156
309,188,53,156
309,188,53,150
311,190,53,150
313,192,53,150
316,196,53,146
320,190,53,146
320,194,53,146
322,194,53,146
324,194,53,146
326,194,53,146
328,188,53,146
330,186,53,146
333,184,53,146
333,184,53,146
337,186,53,146
337,186,53,146
341,186,53,146
341,184,53,146
343,184,53,146
347,184,53,146
352,186,53,146
352,186,55,138
347,186,55,138
356,184,55,138
358,180,55,138
360,180,55,138
356,180,55,138
352,180,55,138
339,180,55,138
337,184,55,138
329,182,55,138
327,182,55,138
324,182,55,138
316,180,55,138
314,180,55,138
305,182,55,138
303,182,55,138
299,180,55,138
301,180,55,138
303,178,55,138
301,176,55,138
303,172,55,138
301,172,55,138
303,170,55,138
301,172,55,138
301,172,53,126
299,170,55,126
294,170,55,126
292,168,55,126
292,168,55,126
288,166,55,130
286,164,55,130
286,164,55,130
284,164,53,132
284,170,48,133
282,174,48,133
282,180,48,133
277,180,48,133
277,186,48,133
273,188,48,133
273,190,44,133
271,192,44,133
267,194,44,133
267,198,44,133
265,204,44,133
258,208,44,133
254,212,44,133
250,216,44,133
246,218,44,133
241,214,44,133
235,220,44,133
227,222,44,133
227,218,44,133
222,218,44,133
216,210,44,133
216,214,44,133
209,208,44,133
201,210,44,133
197,210,44,133
191,210,44,133
195,210,44,133
195,210,44,133
199,208,44,133
201,208,44,133
203,208,44,133
207,208,44,133
211,208,44,133
214,208,44,133
216,208,44,133
209,208,44,133
209,208,44,133
207,208,44,133
207,208,44,133
211,208,44,133
214,208,44,133
211,204,44,133
212,204,44,133
216,202,44,133
218,202,44,133
218,206,44,133
218,204,44,133
220,204,44,133
220,202,44,133
222,202,44,133
222,204,44,133
222,204,44,133
222,202,44,133
222,200,44,133
224,200,44,133
224,200,44,133
228,202,44,133
226,198,44,133
226,200,44,133
231,200,44,133
233,202,44,133
235,198,44,133
235,200,44,133
235,200,44,133
235,198,44,133
237,196,44,133
239,196,44,133
239,196,44,133
241,198,44,133
243,200,44,133
245,200,44,133
242,198,44,133
245,198,44,133
245,196,44,133
246,194,44,133
246,192,44,133
250,192,44,133
254,194,44,133
254,192,44,133
260,194,44,133
258,190,44,133
260,196,44,133
258,190,44,133
262,190,44,133
261,184,44,133
265,186,44,133
267,186,44,133
269,186,44,133
263,188,44,133
254,188,44,133
254,188,44,133
246,186,44,133
241,186,44,133
237,186,44,133
231,188,44,133
229,188,44,133
220,188,44,133
210,188,44,133
203,186,44,133
199,184,44,133
197,186,44,133
188,186,44,133
180,186,44,133
174,186,44,133
169,186,44,133
161,190,44,133
160,188,44,133
156,182,44,133
159,184,44,133
160,184,44,133
163,184,44,133
167,186,44,133
167,186,44,133
167,180,44,133
169,180,44,133
161,180,44,133
158,182,44,133
158,180,44,133
163,178,44,133
165,182,44,133
165,182,44,133
156,184,44,133
152,176,44,133
146,182,44,133
140,182,44,133
140,174,44,133
142,176,44,133
144,174,44,133
148,178,44,133
152,174,44,133
156,180,44,133
161,180,44,133
169,178,44,133
167,178,40,121
165,178,40,121
163,176,40,121
156,178,40,121
158,180,40,121
160,180,40,121
163,178,40,121
156,178,40,121
154,176,40,121
150,174,40,121
150,174,40,121
144,176,40,121
141,176,40,121
137,176,40,121
139,174,40,121
143,170,40,121
141,170,40,121
141,170,40,121
137,168,40,121
133,164,40,121
129,172,40,121
123,172,40,121
122,176,40,121
120,178,40,121
116,180,40,121
