158,132,25,61
158,130,25,63
158,130,25,63
158,131,24,61
158,131,24,61
158,131,24,61
157,132,24,61
157,132,24,61
157,132,24,61
157,132,23,63
157,132,23,63
157,132,23,63
155,132,23,63
155,132,23,63
155,133,25,62
152,134,25,62
152,135,27,61
151,135,27,61
150,135,27,61
150,133,27,65
149,132,25,67
149,132,25,67
149,132,25,67
148,132,25,66
148,134,25,65
148,134,25,65
146,137,28,65
146,137,28,65
146,138,25,64
144,137,25,64
144,139,28,61
144,139,28,61
144,139,25,61
142,140,25,61
142,140,25,61
142,140,25,64
142,140,25,64
141,138,25,64
141,138,25,64
141,138,25,64
140,136,25,65
140,136,24,68
140,136,24,68
140,139,24,65
140,138,25,69
139,139,25,69
139,139,25,69
139,139,25,69
139,139,25,69
139,139,25,69
138,139,25,69
138,139,25,69
137,139,25,69
137,139,25,69
133,142,27,69
133,142,27,69
133,142,27,69
133,142,27,69
133,142,27,69
133,143,27,69
133,143,27,69
133,143,27,69
133,143,27,69
133,143,27,69
135,144,27,69
173,147,30,65
197,144,25,69
195,142,25,69
192,143,25,69
192,143,25,69
189,145,25,69
188,147,25,69
189,147,25,69
189,147,25,69
189,147,25,69
188,147,25,69
188,147,25,69
185,146,25,69
185,146,25,69
223,150,22,69
241,149,22,66
249,147,25,72
245,147,27,69
246,147,27,69
246,147,27,69
246,147,27,69
248,148,27,69
245,149,27,69
244,149,27,69
244,149,27,69
243,149,27,73
243,149,27,73
243,149,24,73
243,149,24,73
243,149,24,73
243,149,24,73
240,150,27,71
241,152,25,69
241,152,25,69
241,152,25,69
240,129,25,67
240,109,25,67
240,94,25,71
240,94,25,71
239,91,25,71
237,93,28,71
237,93,28,71
236,93,28,71
236,95,28,71
236,95,28,71
234,95,28,71
234,95,28,71
234,95,28,71
234,95,27,70
234,95,27,70
233,97,27,70
233,97,27,70
233,97,27,70
233,98,29,73
233,98,29,73
233,98,29,73
233,98,29,73
233,98,29,73
232,96,28,75
232,96,28,75
232,96,28,75
232,96,28,75
229,98,28,75
229,98,28,75
229,98,28,75
229,98,28,75
229,98,28,75
229,98,28,75
228,101,28,75
228,101,28,75
228,101,28,75
228,103,31,73
228,103,31,73
229,101,30,78
229,101,30,78
229,101,30,78
229,102,30,76
229,102,30,76
227,102,30,76
228,105,29,73
228,105,29,73
227,105,29,73
227,105,27,78
227,105,27,78
225,105,29,78
225,105,29,78
223,105,31,76
223,105,31,78
223,105,31,78
223,106,31,76
223,106,31,76
224,106,31,79
224,106,31,79
223,106,31,79
223,106,31,79
224,106,31,79
224,106,31,78
223,109,31,78
223,109,31,78
222,110,31,77
222,110,31,77
219,111,31,77
219,111,31,79
219,111,31,79
219,111,31,79
219,111,29,78
219,111,29,78
217,111,29,78
217,111,29,78
217,113,29,78
217,113,29,78
218,113,29,81
218,113,29,81
218,113,29,81
218,113,29,81
218,113,29,81
218,113,29,81
216,115,29,81
216,115,29,81
216,117,29,78
215,117,30,81
215,117,30,81
214,116,32,83
214,116,29,83
212,116,30,83
212,116,30,83
212,116,30,83
211,119,29,81
211,119,29,81
209,119,31,81
211,122,31,81
211,122,31,81
211,122,32,82
209,122,32,82
209,122,32,82
209,122,32,82
209,122,32,82
210,123,32,82
210,123,32,82
209,125,32,82
207,125,32,82
207,125,32,82
208,126,32,82
208,126,32,82
208,126,32,82
208,126,32,82
209,126,32,82
209,126,32,82
209,128,35,82
209,128,35,82
209,128,35,82
209,128,35,82
211,130,35,82
211,130,35,82
211,130,35,82
210,130,35,82
211,131,35,82
210,132,35,82
210,135,36,82
210,135,36,82
210,135,36,82
210,135,36,82
210,135,33,82
210,135,33,82
210,135,33,83
210,135,33,85
209,136,33,85
209,136,33,85
209,136,33,85
209,136,33,85
209,136,33,85
209,136,35,87
209,136,35,87
209,136,35,87
209,138,32,86
209,142,33,82
208,141,35,86
206,141,35,87
206,141,35,87
206,143,35,86
203,143,37,86
203,143,37,86
203,143,37,86
206,147,33,82
205,147,36,86
205,147,36,89
205,147,36,89
205,147,36,89
208,147,36,89
208,147,36,89
207,147,37,90
207,147,37,90
207,149,36,87
207,151,35,90
207,151,35,90
207,151,35,90
205,151,35,90
205,151,35,90
205,151,35,90
205,151,35,93
203,151,35,91
203,153,35,89
203,153,35,94
203,153,35,94
202,153,36,95
201,154,37,94
198,154,40,93
198,154,40,93
195,157,40,93
195,157,37,93
195,160,37,90
195,160,37,94
195,160,37,94
194,160,37,94
192,160,37,94
192,160,37,94
190,160,37,94
189,161,37,94
190,164,35,94
189,164,35,94
189,167,35,94
189,166,35,95
185,165,35,95
185,165,35,95
183,164,32,98
183,164,32,98
178,164,37,99
178,164,37,99
176,167,38,99
174,167,41,100
173,170,41,98
173,170,36,97
169,170,36,97
169,170,33,96
168,168,31,97
167,169,29,98
166,174,32,97
163,175,32,97
161,176,32,97
158,176,32,97
155,176,33,99
155,176,30,98
155,176,30,98
178,176,39,98
212,167,39,114
223,167,39,114
275,164,39,114
278,166,39,114
284,167,39,114
283,167,39,114
263,170,39,114
263,174,39,114
263,174,39,114
260,174,39,114
260,174,39,114
249,183,41,106
244,182,41,106
241,184,41,106
241,184,35,106
237,186,32,102
235,189,32,99
229,190,32,99
229,190,32,99
258,189,32,97
280,193,41,94
310,195,41,94
328,195,41,94
346,195,41,94
385,193,41,94
409,191,42,94
407,189,42,94
404,192,42,94
401,192,42,94
385,193,49,96
378,189,55,95
378,191,55,95
378,189,55,95
373,192,55,95
373,192,49,95
371,192,41,96
371,192,35,96
367,189,35,96
360,189,38,98
356,188,42,101
348,187,47,96
351,187,38,97
350,187,38,97
348,184,35,99
348,184,30,96
339,184,33,98
337,181,33,100
333,181,38,101
330,181,41,101
329,181,40,104
329,181,37,102
326,181,30,98
322,181,33,97
353,182,33,97
364,181,33,97
389,182,33,97
407,183,36,97
409,183,35,96
409,183,31,96
404,183,31,96
404,183,31,96
395,182,35,96
395,182,35,96
387,182,45,98
387,182,45,98
387,182,41,98
385,183,40,98
381,180,37,98
379,182,37,98
370,181,37,98
368,181,37,98
365,183,41,97
360,184,42,96
360,187,39,97
352,187,30,96
350,184,30,96
344,182,30,96
341,182,30,96
338,181,30,96
331,182,30,96
325,182,30,96
321,182,30,96
317,183,30,96
309,183,39,97
309,183,39,97
297,183,35,97
294,183,35,97
280,183,45,98
271,182,49,98
263,185,56,94
260,185,59,94
260,185,53,94
260,185,45,95
253,184,44,95
246,181,36,97
242,182,36,97
225,182,53,98
225,182,53,98
225,182,53,98
217,184,49,98
232,185,49,98
265,183,48,94
274,184,48,94
283,184,53,94
283,184,53,94
271,183,46,95
263,181,41,95
258,180,41,95
246,180,45,95
237,182,45,95
231,183,42,94
225,184,42,94
212,182,42,94
211,182,42,94
198,182,42,94
192,182,46,94
177,180,42,95
172,183,38,95
160,181,42,96
149,183,48,98
141,186,46,96
138,191,44,92
123,189,44,92
117,189,44,92
106,185,52,92
99,186,52,92
