244,343,23,76
245,341,23,76
246,340,23,76
246,340,23,76
249,340,23,76
249,340,23,76
250,340,23,76
250,340,23,76
252,339,23,76
252,339,23,76
252,337,23,76
253,336,23,76
253,336,23,76
253,336,23,76
256,336,23,76
257,336,23,76
257,336,23,76
259,336,23,76
262,336,23,76
263,335,23,76
263,336,23,76
265,333,21,74
265,333,21,74
267,336,22,73
267,336,22,73
269,335,22,73
269,334,22,73
269,332,22,73
270,334,22,71
271,334,22,71
271,334,22,69
273,333,22,69
273,333,22,69
277,335,22,69
277,335,24,69
279,335,24,69
280,333,24,69
280,332,25,65
280,332,25,65
282,332,25,65
282,332,25,65
282,331,25,65
282,331,25,65
282,331,25,65
283,330,25,65
284,330,25,65
286,330,25,65
288,328,25,65
288,330,25,65
288,330,25,65
291,331,25,65
291,331,25,65
293,330,25,65
295,328,25,65
295,328,25,65
295,327,25,65
295,327,25,65
295,327,25,65
295,329,25,65
295,329,25,65
297,329,22,62
297,329,22,62
297,327,22,62
297,326,22,62
299,326,22,62
299,326,23,65
302,326,23,65
302,326,23,65
302,324,23,65
302,324,24,67
303,324,24,67
303,324,24,67
303,324,24,67
304,324,24,67
304,324,24,67
304,324,24,67
307,324,24,67
307,324,24,67
307,324,24,67
307,324,24,67
307,324,24,67
307,324,24,67
307,324,24,68
307,324,24,68
307,322,24,68
307,322,24,68
308,321,24,68
309,324,24,68
309,324,24,69
309,324,24,69
310,322,24,69
312,320,24,67
312,320,24,67
314,322,23,65
314,322,23,65
314,320,23,65
314,320,23,65
314,320,24,65
314,320,24,65
316,320,24,65
316,320,24,65
316,318,24,65
316,319,24,65
317,320,24,65
318,319,24,65
319,318,24,65
319,317,24,65
321,317,24,65
322,316,24,65
322,316,24,65
322,316,24,65
322,316,24,65
324,316,24,65
325,316,24,65
325,316,24,65
324,315,24,65
325,314,24,65
326,314,24,65
326,314,24,65
327,314,24,65
327,314,24,65
329,314,23,67
329,314,23,67
331,312,23,67
331,312,23,67
331,312,23,67
334,312,23,67
334,312,23,67
334,315,23,65
335,314,23,65
336,313,23,65
336,312,23,65
342,312,23,65
344,312,22,62
344,312,22,62
346,311,22,62
346,311,22,62
346,311,22,62
348,310,22,62
348,310,22,62
348,310,22,62
348,311,22,62
350,312,22,62
350,312,23,61
350,312,22,59
350,310,22,59
350,308,22,59
350,308,22,59
352,311,22,59
352,311,22,59
354,309,22,59
354,309,22,59
354,309,22,59
355,310,22,59
355,310,22,59
356,308,22,61
356,308,22,61
356,308,22,61
358,309,22,61
358,309,22,61
358,309,22,61
358,308,22,61
358,308,22,61
358,305,22,61
358,305,22,61
359,307,22,61
359,307,22,61
359,307,22,61
359,307,22,61
360,307,22,61
360,307,22,61
362,307,22,61
362,307,22,61
362,304,22,61
362,303,22,61
362,303,22,61
362,303,22,61
362,303,22,61
362,303,22,61
362,304,22,61
362,304,22,61
363,302,22,61
363,302,22,61
363,302,22,61
363,303,22,61
363,303,22,61
363,303,22,61
365,302,22,61
365,302,22,61
367,302,22,61
367,302,21,60
367,302,21,60
367,300,21,60
367,300,21,60
369,302,21,60
369,302,21,60
368,300,21,60
368,300,21,60
369,299,21,60
371,299,19,61
371,299,20,59
371,299,20,58
371,299,20,58
371,299,20,58
372,299,20,58
375,299,20,58
375,299,20,58
375,299,20,58
377,299,20,58
377,299,20,58
377,298,20,58
377,298,20,58
377,299,20,58
377,299,20,58
377,297,20,58
378,296,20,58
378,296,20,58
378,297,20,58
378,297,20,58
378,297,20,58
378,297,20,58
378,297,20,58
379,297,20,58
381,297,20,58
382,295,20,58
382,295,19,57
382,294,19,57
382,294,20,57
382,294,20,57
384,294,20,57
384,294,20,57
384,294,20,57
384,294,20,57
382,295,20,57
382,295,21,57
382,295,21,57
384,295,21,57
384,295,21,57
384,295,21,57
384,295,21,57
384,294,21,57
384,294,21,57
384,294,21,57
384,294,21,57
384,294,22,56
384,293,22,56
384,293,22,57
385,293,22,57
385,293,22,57
384,293,22,57
384,293,22,57
384,293,22,57
384,293,22,57
384,293,22,57
384,293,22,57
384,291,22,57
384,291,22,57
384,291,22,57
384,291,22,57
384,291,22,57
384,291,22,57
384,291,22,57
384,291,23,56
384,291,23,56
384,292,23,56
385,292,21,53
385,292,21,53
385,291,21,53
385,291,21,53
385,291,20,55
385,291,20,55
385,291,20,55
384,288,20,55
386,290,20,55
384,291,20,55
386,291,20,55
384,289,20,55
384,289,20,55
384,289,20,55
385,291,20,55
385,291,20,55
385,291,20,55
385,289,20,55
385,289,20,55
385,289,20,55
386,290,20,55
386,290,20,55
386,289,20,55
386,289,20,55
386,289,20,55
386,289,20,55
385,290,20,55
385,290,20,55
385,288,20,55
385,288,20,55
385,287,20,55
385,289,20,55
385,289,20,55
385,289,20,55
385,287,20,55
385,287,20,55
385,287,20,55
385,287,20,55
385,286,20,55
385,286,20,55
385,285,20,53
385,285,20,53
388,287,20,53
388,287,20,53
386,287,20,53
386,287,20,53
386,287,20,53
386,287,20,53
387,286,20,53
387,286,20,53
388,284,20,53
388,284,20,53
387,287,20,53
387,287,20,53
387,287,20,53
388,283,20,53
388,283,20,53
388,283,20,53
388,283,20,53
389,283,20,53
389,283,20,53
389,283,20,53
389,285,19,51
389,285,19,51
389,285,18,50
390,283,18,50
390,283,18,50
390,283,18,50
390,283,18,50
390,283,18,50
390,283,18,50
390,283,18,50
390,283,18,50
393,283,18,50
393,283,18,50
393,281,18,50
393,281,18,50
393,281,18,50
393,281,18,50
395,282,18,50
395,282,18,50
395,281,18,50
395,281,18,50
396,281,18,50
396,281,18,50
396,281,18,50
397,280,18,50
397,280,18,50
397,280,18,50
397,280,18,50
397,280,18,50
397,280,18,50
399,280,18,50
399,280,18,50
402,279,18,50
402,279,18,50
401,281,18,50
401,281,18,50
401,281,18,50
401,281,18,50
401,281,18,50
401,279,18,50
401,279,18,50
401,279,18,50
401,279,18,50
403,279,18,50
403,279,18,50
403,279,18,50
403,279,18,50
405,279,18,50
405,279,18,50
405,279,18,50
405,279,18,50
405,279,18,50
405,279,18,50
405,279,18,50
405,279,18,50
405,279,18,50
406,280,18,50
406,280,18,50
406,280,18,50
407,277,18,50
407,277,18,50
407,277,18,50
407,277,18,50
407,277,18,50
407,277,18,50
407,277,18,50
407,277,18,50
407,277,18,50
407,277,18,50
411,277,18,50
411,277,18,50
411,277,18,50
411,277,18,50
411,277,18,50
411,277,18,50
409,275,18,50
409,275,18,50
409,275,18,50
409,275,18,50
409,275,18,50
409,275,18,50
409,275,18,50
409,275,18,50
409,275,18,50
409,275,18,50
409,275,18,50
409,275,18,50
409,275,18,50
409,275,18,50
409,275,18,50
409,275,18,50
411,275,18,50
411,275,18,50
411,275,18,50
411,275,18,50
411,275,18,50
411,275,18,50
411,275,18,48
411,275,18,48
411,275,18,48
411,275,18,48
411,275,18,48
411,275,18,48
414,275,16,48
414,275,16,48
414,275,16,48
414,275,16,48
414,275,16,48
416,274,16,48
416,274,16,48
416,274,16,48
416,274,16,48
416,274,16,48
416,274,16,48
416,274,16,48
416,274,16,48
416,272,14,48
416,272,14,48
416,272,14,48
416,272,14,48
416,272,14,48
416,272,14,48
416,272,14,48
418,273,14,48
418,273,14,48
418,273,14,48
418,271,15,45
418,271,15,45
418,271,15,45
418,271,15,45
418,271,15,45
418,271,15,45
418,271,15,45
418,271,15,45
418,271,15,45
418,271,12,45
418,271,12,45
418,271,12,45
418,271,12,45
418,271,12,45
419,272,12,45
419,272,12,45
419,271,12,45
419,271,12,45
419,271,12,45
419,271,12,45
419,271,12,45
419,271,12,45
419,271,12,45
419,271,12,45
419,271,12,45
419,271,12,45
418,270,12,45
418,270,12,45
418,267,12,45
418,267,12,45
418,267,12,45
418,267,12,45
418,267,12,45
418,267,12,45
418,267,12,45
418,267,12,45
418,267,12,45
418,267,12,45
419,266,12,45
419,266,12,45
419,266,12,45
419,266,12,45
419,266,12,45
419,266,12,45
419,266,12,45
419,266,12,45
419,266,12,45
419,266,12,45
419,266,12,45
419,265,12,45
419,265,12,45
419,265,12,45
419,265,12,45
419,265,12,45
419,265,12,45
419,265,12,45
419,265,12,45
419,265,12,45
419,265,12,45
419,265,12,45
420,265,12,45
420,265,12,45
420,265,12,45
420,265,12,45
420,265,12,45
420,265,13,40
420,265,13,40
420,265,13,40
420,265,13,40
420,265,13,40
420,265,13,40
420,265,13,40
420,265,13,40
422,266,13,40
422,266,13,40
422,266,13,40
422,266,13,40
422,266,13,40
422,266,13,40
422,266,13,40
422,266,13,40
422,266,13,40
422,264,13,40
422,264,13,40
423,263,13,40
423,263,13,40
423,263,13,40
423,263,13,40
426,263,13,40
426,263,13,40
426,263,13,40
426,263,13,40
426,263,13,40
426,263,13,40
426,263,13,40
426,263,13,40
427,263,13,40
427,263,13,40
427,263,13,40
427,263,13,40
427,263,13,38
427,263,13,38
427,263,13,38
427,263,13,38
427,263,13,38
427,263,13,38
429,263,13,38
429,263,13,38
429,263,13,38
429,263,13,38
429,263,13,38
429,263,13,38
435,262,13,38
435,262,13,38
435,262,13,38
435,262,13,38
435,262,13,38
435,262,13,38
437,262,13,38
437,262,13,38
437,262,14,32
437,262,14,32
437,262,14,32
437,262,14,32
438,260,14,32
438,260,14,32
438,260,14,32
438,260,14,32
438,260,14,32
441,262,14,32
441,262,14,32
441,260,14,32
441,260,14,32
444,260,14,32
444,260,14,32
444,260,14,32
444,260,14,32
445,260,14,32
445,260,14,32
445,260,14,32
445,260,14,32
445,260,14,32
447,260,14,32
447,260,14,32
447,260,14,32
447,260,14,32
447,260,14,32
450,260,12,32
450,260,12,32
452,260,12,32
452,260,12,32
455,261,12,32
455,261,12,32
455,261,12,32
457,261,12,32
457,261,12,32
457,261,12,32
461,262,12,32
461,262,12,32
461,262,12,32
461,262,12,32
461,262,12,32
464,262,12,32
464,262,12,32
464,262,12,32
464,262,12,32
466,262,12,32
466,262,12,32
469,262,12,32
469,262,12,32
469,262,12,32
472,262,12,32
472,262,12,32
474,260,12,32
475,261,12,32
475,261,12,32
475,261,12,32
478,261,12,32
478,261,12,32
478,261,12,32
481,261,12,32
481,261,12,32
481,259,11,32
483,258,11,32
483,258,11,32
483,258,11,32
487,258,11,32
487,258,11,32
489,258,11,32
489,258,11,32
489,258,11,32
492,258,11,32
492,258,11,32
495,258,11,32
495,258,11,32
495,258,11,32
495,258,11,32
497,258,11,32
497,258,11,32
497,258,11,32
497,258,11,32
497,258,11,32
499,258,11,32
499,258,11,32
501,257,10,28
501,257,10,28
501,257,10,28
504,257,10,28
504,257,10,28
505,257,10,28
505,257,10,28
503,256,10,28
503,256,10,28
503,256,10,28
504,255,10,28
504,255,10,28
504,255,10,28
504,255,10,28
504,255,10,28
504,255,10,28
506,255,10,28
506,255,10,28
508,255,10,28
508,255,10,28
508,255,10,28
511,255,10,28
511,255,10,28
511,255,10,28
514,255,10,28
514,255,10,28
514,255,10,28
515,255,10,28
515,255,10,28
515,255,10,28
515,255,10,28
515,254,11,28
515,254,11,28
515,254,11,28
520,255,11,28
520,255,11,28
520,255,11,28
520,255,11,28
521,256,12,28
521,256,12,28
521,256,12,28
522,253,12,28
522,253,12,28
526,254,12,28
526,254,12,28
526,254,12,28
526,254,12,28
528,251,12,28
528,251,12,28
529,252,12,28
529,252,12,28
529,252,12,28
529,252,12,28
533,253,11,28
533,253,11,28
533,253,11,28
537,251,11,28
537,251,11,28
540,250,11,28
540,250,11,28
540,250,11,28
543,250,13,28
543,250,13,28
545,254,13,28
545,254,13,28
545,254,13,28
547,254,13,28
547,254,13,28
543,253,13,28
543,253,13,28
545,250,13,28
545,250,13,28
546,252,13,28
546,252,13,28
546,254,13,28
546,251,13,28
546,251,13,28
549,254,13,28
549,254,13,28
551,253,13,28
551,253,13,28
554,249,13,28
554,249,13,28
554,254,13,28
554,254,13,28
555,252,11,28
555,252,11,28
557,251,11,28
560,253,11,28
560,253,11,28
560,253,11,28
560,248,11,28
560,248,11,28
563,248,11,28
563,248,11,28
565,253,11,28
565,253,11,28
565,249,11,32
566,248,11,32
566,248,11,32
567,250,11,32
567,250,11,32
567,250,11,32
569,249,11,32
569,249,11,32
571,250,11,32
571,250,11,32
571,250,11,32
571,247,12,36
571,247,12,36
573,246,12,36
575,251,12,36
575,251,12,36
576,249,12,36
576,248,11,36
577,248,11,36
580,248,11,36
581,250,11,36
581,246,11,36
581,246,11,36
581,246,11,36
584,246,11,36
584,246,11,36
584,246,11,36
584,246,11,36
584,245,11,36
584,245,11,36
586,248,11,36
586,248,11,36
586,248,11,36
586,248,11,36
588,248,11,36
590,247,11,36
591,247,11,36
591,247,11,36
592,246,11,36
592,248,11,36
592,248,11,36
593,246,11,36
593,244,12,37
598,244,12,37
600,244,12,37
600,244,12,37
600,244,12,37
602,243,12,37
605,243,12,37
605,243,12,37
605,243,12,37
605,241,12,37
606,242,12,37
606,241,12,37
608,240,12,37
609,240,12,37
609,240,12,37
611,239,12,37
611,238,12,37
614,238,12,37
614,238,12,37
614,238,12,38
614,238,12,38
613,239,12,38
613,239,12,38
615,239,12,38
616,238,12,38
616,238,12,38
617,240,12,38
617,240,12,38
616,239,12,38
616,239,12,38
616,239,12,38
616,239,12,38
616,239,12,38
616,239,12,38
617,238,12,38
617,238,12,38
617,238,12,38
617,238,12,38
617,238,12,38
617,238,12,38
617,238,12,38
617,238,12,38
619,238,10,38
619,238,10,38
619,238,10,38
618,236,10,38
618,236,10,38
618,236,10,38
620,238,10,37
620,238,10,37
620,238,10,37
