249 222 299 260
247 220 294 259
247 220 294 259
247 220 294 257
245 218 291 254
245 218 291 254
242 215 288 251
242 215 288 251
238 212 285 248
238 212 285 248
234 208 279 244
234 208 279 244
232 206 276 240
232 206 276 240
230 204 272 237
230 204 272 237
226 200 269 234
226 200 269 234
228 201 269 234
226 197 267 232
226 197 267 232
223 196 262 228
223 196 262 228
220 193 258 223
220 193 258 223
217 187 256 220
219 186 254 217
219 186 254 217
219 186 253 216
218 185 252 216
218 185 252 216
218 182 246 213
218 182 246 213
216 181 245 210
216 181 245 210
209 175 241 207
209 175 241 207
204 174 239 204
204 174 239 204
202 173 235 202
202 173 235 202
199 170 232 198
199 170 232 198
195 168 229 196
195 168 229 196
192 164 226 192
192 164 226 192
192 164 225 192
192 164 225 192
187 164 220 185
187 164 220 185
187 162 221 185
180 160 217 183
180 160 217 183
177 159 216 182
177 159 216 182
175 156 210 179
175 156 210 179
172 153 209 177
172 153 209 177
170 152 207 178
170 152 207 178
168 150 203 176
168 150 203 176
167 149 201 173
167 149 201 173
164 147 199 173
164 147 199 173
162 145 196 168
162 145 196 168
159 143 194 167
159 143 194 167
159 141 193 166
159 141 193 166
155 140 190 164
155 140 190 164
155 138 186 162
155 138 186 162
151 136 185 160
151 136 185 160
150 134 182 159
150 134 182 159
152 135 183 159
148 131 181 156
148 131 181 156
148 132 178 155
148 132 178 155
146 130 175 153
144 128 175 151
144 128 175 151
143 126 174 152
142 126 170 150
142 126 170 150
141 126 171 149
141 126 171 149
140 124 169 147
140 124 169 147
138 123 165 146
138 123 165 146
137 120 166 144
137 120 166 144
135 121 165 143
135 121 165 143
133 119 161 140
133 119 161 140
134 118 160 140
134 118 160 140
131 116 158 138
131 116 158 138
128 115 156 136
128 115 156 136
127 114 154 136
127 114 154 136
126 113 152 133
126 113 152 133
126 112 151 132
126 112 151 132
123 111 149 131
123 111 149 131
121 111 150 131
121 111 150 131
121 108 146 129
121 108 146 129
119 108 145 127
119 108 145 127
119 107 143 128
116 106 144 126
116 106 144 126
116 105 142 126
115 104 141 124
115 104 141 124
114 102 139 123
114 102 139 123
112 102 138 123
112 102 138 123
113 101 139 122
111 100 136 120
111 100 136 120
111 98 136 120
111 98 136 120
110 99 136 119
110 99 136 119
108 98 133 118
108 98 133 118
106 96 133 115
106 96 133 115
106 94 131 114
106 94 131 114
105 95 130 113
105 95 130 113
105 94 131 114
105 94 131 114
104 93 129 113
102 94 129 113
102 94 129 113
103 91 126 112
101 92 125 108
101 92 125 108
99 91 124 108
99 91 124 108
98 90 123 108
98 90 123 108
99 90 122 108
97 89 122 106
97 89 122 106
98 88 120 106
96 85 120 105
96 85 120 105
97 87 120 105
98 86 119 104
98 86 119 104
