190,134,24,35
191,134,24,35
191,134,24,35
189,134,24,35
187,134,24,35
189,134,24,35
187,134,24,35
187,134,24,35
185,136,24,35
185,134,24,35
183,136,24,35
183,136,24,35
183,136,24,35
183,136,24,35
183,138,24,35
183,136,24,35
181,136,24,35
183,134,24,35
181,136,24,35
178,134,24,35
178,134,24,35
176,134,24,35
181,134,24,35
176,134,24,35
176,132,24,35
178,132,24,35
176,132,24,35
174,130,24,35
174,132,24,32
172,134,24,32
172,132,24,32
172,132,24,32
170,134,24,32
170,136,24,32
168,136,24,32
166,134,24,32
168,134,20,33
168,134,20,33
166,132,20,33
168,132,20,33
166,132,20,33
166,132,20,33
164,132,20,33
164,130,20,33
161,132,20,33
164,132,20,33
161,132,20,33
159,132,20,33
161,130,20,33
163,130,20,33
161,132,20,33
161,130,20,33
159,130,20,33
159,130,20,33
159,132,20,33
157,130,20,33
157,132,20,33
157,128,20,33
157,130,20,33
155,130,20,33
153,132,20,33
155,128,20,33
155,128,20,33
151,128,20,33
151,126,20,33
151,126,20,33
151,126,20,33
151,126,20,33
151,128,20,33
151,124,20,33
149,124,20,33
149,124,20,33
147,124,20,33
149,126,20,33
149,122,20,33
147,126,20,33
147,126,20,33
147,124,20,33
180,128,20,33
190,128,20,33
218,124,20,33
235,128,20,33
256,128,20,33
279,128,20,33
291,128,20,33
313,128,20,33
333,128,20,33
335,118,20,33
333,116,20,33
331,118,20,33
333,118,20,33
327,118,20,33
333,116,20,33
329,120,20,33
327,120,20,33
329,118,20,33
327,116,20,33
329,118,20,33
325,116,20,33
325,118,20,33
327,118,20,33
325,122,20,33
327,118,20,33
325,120,20,33
325,120,20,33
323,122,20,33
323,120,20,33
323,120,20,33
321,122,20,33
321,120,20,33
321,120,20,33
321,116,20,33
321,114,20,33
321,116,20,33
319,116,20,33
319,116,20,33
319,114,20,33
319,116,20,33
319,116,20,33
319,116,20,33
319,116,20,33
317,114,20,33
316,116,20,33
316,116,20,33
314,116,20,33
314,120,20,33
312,116,20,33
312,118,20,33
312,118,20,33
312,118,20,33
312,114,20,33
310,114,20,33
310,114,20,33
308,114,20,33
310,114,20,30
310,116,20,30
310,114,20,30
308,116,20,30
308,114,20,30
308,116,20,30
308,118,20,30
306,116,20,30
306,118,20,30
306,114,20,30
306,116,20,30
304,114,20,30
304,114,20,30
304,116,20,30
304,118,20,30
302,118,20,30
302,118,20,30
302,118,20,30
300,118,20,30
301,118,20,30
302,118,20,30
300,118,20,30
300,118,20,30
297,118,20,30
300,114,20,30
297,116,20,30
297,118,20,30
297,116,20,30
295,120,20,30
295,120,20,30
295,120,20,30
293,120,20,30
293,120,20,30
291,120,20,30
291,116,20,30
291,118,20,30
293,120,20,30
291,118,20,30
291,116,20,30
289,118,20,30
289,118,20,30
289,120,20,27
287,120,20,27
289,118,20,27
287,118,20,27
285,118,20,27
285,118,20,27
285,120,20,27
283,120,20,27
283,120,20,27
283,120,20,27
283,120,20,27
280,120,20,27
280,120,20,27
280,120,20,27
280,120,20,27
280,116,20,27
280,118,20,27
280,120,20,27
276,118,20,27
276,120,20,27
276,118,20,27
276,118,20,27
274,118,20,27
276,118,20,27
274,118,20,27
272,118,20,27
272,118,20,27
270,118,20,27
272,118,20,27
274,118,20,27
270,118,20,27
272,120,20,27
270,118,20,27
272,118,20,27
272,118,20,27
268,118,20,27
268,118,20,27
270,116,20,27
270,116,20,27
270,118,20,27
270,118,20,27
270,118,20,27
270,118,20,27
270,118,20,27
270,116,20,27
272,116,20,27
272,116,20,27
270,116,20,27
270,116,20,27
268,116,20,27
268,116,20,27
268,116,20,27
268,116,20,27
268,116,20,27
268,116,20,27
266,116,20,27
270,116,20,27
269,118,20,27
271,120,20,27
271,120,20,27
261,114,20,27
261,114,20,27
261,114,20,27
271,118,18,26
273,116,18,26
271,116,18,26
269,118,18,26
271,120,18,26
273,118,18,26
271,118,18,26
273,118,18,26
271,118,18,26
269,118,18,26
255,114,18,26
244,116,18,26
244,114,18,26
240,114,18,26
240,114,18,26
240,114,18,26
238,112,18,26
240,112,18,26
240,112,18,26
238,112,18,26
240,112,18,26
240,112,18,26
238,112,18,26
238,112,18,26
238,112,18,26
238,112,18,26
234,112,18,26
232,114,18,26
232,114,18,26
232,112,18,26
232,112,18,26
232,112,18,26
229,112,18,26
225,112,18,26
229,112,18,26
225,112,18,26
223,114,18,26
223,114,18,26
225,114,18,26
223,112,18,26
223,112,18,26
221,112,18,26
225,112,18,26
227,116,18,26
221,116,18,26
219,114,18,26
217,112,18,26
221,114,18,26
221,112,18,26
217,116,18,26
217,112,18,26
215,114,18,26
212,114,18,26
210,112,18,26
215,112,18,26
210,114,18,26
210,112,18,26
210,112,18,26
208,110,18,26
206,110,18,26
208,110,18,26
208,110,18,26
206,110,18,26
206,110,18,26
204,110,18,26
202,110,18,26
202,110,18,26
202,110,18,26
202,110,18,26
198,110,18,26
198,110,18,26
200,110,18,26
193,110,18,26
195,110,18,26
193,110,18,26
193,110,18,26
193,110,18,26
191,110,18,26
191,110,18,26
189,110,18,26
189,110,18,26
189,110,18,26
189,110,18,26
187,110,18,26
185,110,18,26
183,110,18,26
185,110,18,26

