201,138,24,35
199,136,24,35
199,136,24,35
199,136,24,35
199,136,24,35
199,136,24,35
199,136,24,35
197,136,24,35
197,136,24,35
197,136,24,35
195,136,24,35
195,136,24,35
195,136,24,35
193,136,24,35
193,136,24,35
193,136,24,35
191,134,24,35
191,134,24,35
191,134,24,35
191,134,24,35
189,134,24,35
189,134,24,35
189,134,24,35
187,136,24,35
187,136,24,35
187,136,24,32
187,136,24,32
185,134,24,32
185,134,24,32
183,134,24,32
183,134,24,32
183,134,24,32
183,134,24,32
183,134,20,33
181,134,20,33
181,134,20,33
181,134,20,33
178,132,20,33
178,132,20,33
178,132,20,33
178,132,20,33
176,132,20,33
176,132,20,33
174,132,20,33
174,132,20,33
174,132,20,33
174,132,20,33
174,132,20,33
172,132,20,33
172,132,20,33
172,132,20,33
172,132,20,33
170,132,20,33
170,132,20,33
170,132,20,33
170,132,20,33
170,132,20,33
168,132,20,33
168,132,20,33
166,132,20,33
166,132,20,33
164,132,20,33
164,130,20,33
164,130,20,33
164,130,20,33
161,130,20,33
161,130,20,33
161,130,20,33
161,130,20,33
159,130,20,33
159,130,20,33
159,130,20,33
159,130,20,33
159,130,20,33
159,130,20,33
157,128,20,33
157,128,20,33
157,128,20,33
188,128,20,33
201,128,20,33
224,128,20,33
237,128,20,33
256,128,20,33
267,128,20,33
292,128,20,33
309,126,20,33
327,126,20,33
341,126,20,33
337,126,20,33
337,126,20,33
337,126,20,33
333,126,20,33
337,126,20,33
333,126,20,33
335,126,20,33
335,126,20,33
333,126,20,33
335,122,20,33
333,124,20,33
333,124,20,33
333,124,20,33
333,126,20,33
333,126,20,33
333,126,20,33
331,126,20,33
329,126,20,33
329,126,20,33
329,126,20,33
329,126,20,33
327,124,20,33
327,124,20,33
327,124,20,33
325,124,20,33
325,124,20,33
325,124,20,33
325,124,20,33
325,124,20,33
325,124,20,33
325,124,20,33
325,124,20,33
325,124,20,33
323,124,20,33
323,124,20,33
323,124,20,33
321,124,20,33
321,124,20,33
321,124,20,33
321,124,20,33
321,124,20,33
321,124,20,33
321,124,20,33
317,124,20,30
317,124,20,30
317,124,20,30
317,124,20,30
316,124,20,30
316,124,20,30
316,122,20,30
314,122,20,30
314,122,20,30
314,122,20,30
314,122,20,30
312,122,20,30
312,122,20,30
312,120,20,30
312,120,20,30
312,120,20,30
312,120,20,30
310,120,20,30
310,122,20,30
308,122,20,30
308,122,20,30
308,122,20,30
308,122,20,30
306,122,20,30
306,120,20,30
306,120,20,30
306,120,20,30
306,120,20,30
304,120,20,30
302,120,20,30
302,120,20,30
302,122,20,30
302,120,20,30
302,120,20,30
300,122,20,30
300,122,20,30
300,122,20,30
300,122,20,30
297,122,20,30
297,122,20,30
297,122,20,30
299,120,20,27
297,120,20,27
295,120,20,27
295,120,20,27
295,120,20,27
295,120,20,27
293,120,20,27
293,120,20,27
291,120,20,27
291,120,20,27
291,120,20,27
291,120,20,27
289,120,20,27
289,120,20,27
289,120,20,27
287,120,20,27
287,120,20,27
287,120,20,27
287,120,20,27
287,120,20,27
287,120,20,27
287,118,20,27
285,118,20,27
285,118,20,27
283,118,20,27
283,118,20,27
283,118,20,27
280,118,20,27
280,118,20,27
280,118,20,27
280,118,20,27
278,118,20,27
278,118,20,27
278,118,20,27
278,118,20,27
278,118,20,27
278,118,20,27
276,116,20,27
276,116,20,27
276,118,20,27
276,118,20,27
276,118,20,27
274,118,20,27
274,118,20,27
272,116,20,27
272,116,20,27
272,116,20,27
270,116,20,27
270,116,20,27
268,116,20,27
268,116,20,27
268,116,20,27
268,116,20,27
268,116,20,27
268,116,20,27
266,116,20,27
266,114,20,27
263,114,20,27
263,114,20,27
263,114,20,27
261,114,20,27
261,114,20,27
261,114,20,27
261,116,18,26
261,116,18,26
261,116,18,26
259,116,18,26
259,116,18,26
259,114,18,26
257,114,18,26
257,114,18,26
257,114,18,26
255,114,18,26
255,114,18,26
255,114,18,26
255,114,18,26
253,114,18,26
251,114,18,26
251,114,18,26
251,112,18,26
249,112,18,26
249,112,18,26
249,112,18,26
249,112,18,26
249,112,18,26
249,112,18,26
249,112,18,26
246,112,18,26
246,112,18,26
246,112,18,26
244,114,18,26
244,114,18,26
242,112,18,26
242,112,18,26
242,112,18,26
242,112,18,26
240,112,18,26
240,112,18,26
240,112,18,26
238,114,18,26
238,114,18,26
238,114,18,26
236,112,18,26
234,112,18,26
234,112,18,26
232,112,18,26
232,112,18,26
232,112,18,26
232,114,18,26
229,112,18,26
229,112,18,26
229,112,18,26
229,112,18,26
227,112,18,26
225,112,18,26
225,112,18,26
225,112,18,26
225,110,18,26
223,110,18,26
223,110,18,26
223,110,18,26
221,110,18,26
219,110,18,26
219,110,18,26
219,110,18,26
217,110,18,26
217,110,18,26
217,110,18,26
215,110,18,26
212,110,18,26
212,110,18,26
212,110,18,26
212,110,18,26
210,110,18,26
210,110,18,26
210,110,18,26
208,110,18,26
208,110,18,26
206,110,18,26
206,110,18,26
204,110,18,26
204,110,18,26
204,110,18,26
202,110,18,26
202,110,18,26
202,110,18,26
200,110,18,26
200,110,18,26
200,110,18,26
198,110,18,26
198,110,18,26
198,110,18,26
198,110,18,26
