93,170,25,66
93,170,25,66
93,170,25,66
97,169,25,69
97,169,25,69
97,169,25,69
101,172,25,69
101,172,25,69
103,172,25,69
105,173,25,69
108,173,25,69
112,175,25,69
112,175,25,69
112,175,25,69
116,176,25,69
116,176,25,69
121,176,29,68
121,176,29,68
123,177,29,68
123,177,29,68
127,180,29,68
127,180,29,68
127,181,29,68
127,181,29,68
132,178,29,68
132,178,29,68
138,180,29,68
138,180,29,68
141,180,29,68
141,180,29,68
141,180,29,68
146,183,29,68
146,183,29,68
146,183,29,68
150,183,29,68
154,183,29,68
154,183,29,68
161,180,29,68
161,180,29,68
161,185,32,73
165,187,37,72
165,187,37,72
165,187,37,72
165,187,37,72
165,187,37,72
168,188,37,72
168,188,37,72
174,188,37,72
174,188,37,72
183,188,33,76
183,188,33,76
183,188,33,76
183,188,33,76
183,188,33,76
189,190,33,76
189,190,33,76
192,190,33,76
192,190,33,76
192,190,33,76
192,190,33,76
195,191,33,76
195,191,33,76
202,193,33,76
202,193,33,76
208,195,33,76
208,195,33,76
208,195,33,76
215,194,38,81
215,194,38,81
219,194,38,81
219,194,38,81
224,197,38,81
224,197,38,81
224,197,38,81
232,200,38,81
237,196,36,82
237,196,36,82
237,196,36,82
237,196,36,82
236,199,36,82
236,199,36,82
242,199,36,82
246,201,36,82
249,203,36,82
249,203,36,82
256,206,36,82
266,206,36,82
271,207,36,82
271,207,36,82
271,207,36,82
275,207,36,82
275,207,36,82
280,210,36,82
288,210,36,82
288,210,36,82
288,210,36,82
288,210,36,82
294,211,36,82
294,211,36,82
294,211,36,82
294,211,36,82
299,211,36,82
299,211,36,82
301,211,36,82
301,211,36,82
307,212,36,82
