195,123,20,14
195,123,20,14
193,123,20,14
192,122,20,14
189,121,20,14
189,119,20,14
189,119,20,14
188,117,20,14
189,115,20,14
188,115,20,14
188,116,20,14
186,117,20,14
186,117,20,14
186,117,20,14
186,117,20,14
186,117,20,14
186,117,20,14
188,119,20,14
189,119,20,14
189,119,20,14
189,120,20,14
190,121,20,14
190,123,20,14
190,128,20,14
189,130,20,14
189,131,20,14
188,133,20,14
188,135,20,14
188,137,20,14
186,137,20,14
186,137,20,14
186,137,20,14
186,137,20,14
188,137,20,14
188,137,20,14
191,135,19,14
191,134,19,14
190,131,19,14
190,130,19,14
190,130,19,14
190,130,19,14
188,130,19,14
188,130,19,14
186,131,19,14
184,130,19,14
184,130,19,14
183,130,19,14
180,128,19,14
178,126,19,14
175,126,19,14
175,126,19,14
172,126,19,14
170,125,19,14
165,119,19,14
166,117,19,14
167,116,19,14
167,116,19,14
167,116,19,14
167,116,19,14
167,116,19,14
171,115,19,14
173,117,19,14
173,117,19,14
174,116,19,14
174,116,19,14
174,116,19,14
174,118,19,14
174,120,16,14
173,121,16,14
173,123,16,14
173,123,16,14
171,123,16,14
168,123,16,14
167,122,16,14
163,121,16,14
163,121,16,14
161,121,16,14
159,120,16,14
157,119,16,14
157,119,16,14
152,117,16,14
152,117,16,14
152,117,16,14
150,116,16,14
148,116,16,14
149,116,16,14
149,115,16,14
149,115,16,14
149,115,16,14
149,117,16,14
152,119,16,14
152,121,16,14
152,123,16,14
156,124,16,14
156,124,16,14
158,126,16,14
158,126,16,14
160,125,16,14
162,125,16,14
162,124,16,14
163,124,16,14
163,123,16,14
163,123,16,14
163,123,16,14
162,122,16,14
162,122,16,14
161,122,16,14
160,122,16,14
160,123,16,14
158,122,16,14
157,123,16,14
157,123,16,14
157,123,16,14
154,122,16,14
152,120,16,14
152,118,16,14
152,118,16,14
152,116,16,14
152,116,16,14
152,115,16,14
154,115,16,14
154,115,16,14
156,115,16,14
157,114,16,14
159,114,16,14
161,115,16,14
161,115,16,14
165,117,16,14
165,117,16,14
170,119,16,14
170,119,16,14
174,120,16,14
176,120,16,14
179,120,16,14
181,120,16,14
184,120,16,14
186,119,16,14
188,119,16,14
189,118,16,14
192,118,16,14
194,117,16,14
194,117,16,14
196,117,16,14
196,117,16,14
199,117,16,14
201,118,18,14
202,119,18,14
205,118,18,14
205,117,18,14
206,115,18,14
208,112,18,14
208,111,18,14
208,110,18,14
210,108,18,14
210,108,18,14
210,108,18,14
210,108,18,14
211,114,18,14
212,121,16,13
210,125,16,13
210,128,16,13
211,134,16,13
209,135,16,13
209,140,16,13
210,144,16,13
211,145,16,13
212,146,16,13
213,148,16,13
214,150,16,13
217,152,16,13
217,152,16,13
218,150,16,13
220,147,16,13
222,142,16,13
222,140,16,13
224,134,16,13
226,131,16,13
227,130,16,13
227,123,16,13
230,119,16,13
231,113,16,13
231,110,16,13
231,110,16,13
231,110,16,13
233,112,16,13
234,119,16,13
235,123,16,13
235,130,19,16
235,133,19,16
235,139,19,16
235,139,19,16
235,145,19,16
236,148,18,15
236,152,18,15
236,152,18,15
239,156,18,15
241,156,18,15
243,156,18,15
243,156,18,14
246,155,18,14
246,155,18,14
247,153,18,14
247,153,18,14
250,152,18,14
253,150,16,14
253,149,16,14
253,149,16,14
257,148,16,14
259,148,16,14
260,149,16,14
263,149,16,14
263,149,16,14
266,149,16,14
268,146,16,14
268,146,16,14
268,146,16,14
273,145,16,14
273,145,16,14
275,145,16,14
275,145,16,14
276,142,16,14
276,142,16,14
279,141,16,14
279,141,16,14
279,141,16,14
279,141,16,14
279,152,16,14
279,156,16,14
279,156,16,14
278,160,16,14
278,160,16,14
278,159,16,14
278,159,16,14
278,157,16,14
277,152,16,14
278,151,16,14
276,147,16,14
276,144,16,14
276,144,16,14
274,139,16,14
274,139,16,14
272,137,16,14
272,134,16,14
269,134,16,14
266,131,16,14
265,130,16,14
264,130,16,14
262,130,16,14
261,131,16,14
261,134,16,14
258,137,16,14
257,141,16,14
257,141,16,14
254,144,16,14
254,147,16,14
254,147,16,14
252,149,16,14
253,152,16,14
253,152,16,14
253,152,16,14
252,153,16,14
252,153,16,14
253,155,16,14
253,155,16,14
254,154,16,14
254,154,16,14
254,152,16,14
254,152,16,14
254,145,16,14
256,142,16,14
256,142,16,14
257,140,16,14
258,137,16,14
258,137,16,14
257,132,16,14
254,129,16,14
254,129,16,14
250,126,16,14
250,126,16,14
248,126,16,14
248,126,16,14
246,126,16,14
244,127,16,14
244,127,16,14
241,133,16,14
238,137,16,14
236,140,16,14
236,140,16,14
235,142,16,14
234,145,16,14
232,145,16,14
232,145,16,14
232,145,16,14
232,145,16,14
232,145,16,14
232,145,16,14
232,145,16,14
232,145,16,14
232,145,16,14
234,143,16,14
234,143,16,14
234,143,16,14
232,141,16,14
233,141,16,14
231,139,16,14
231,139,16,14
231,139,16,14
231,138,16,14
231,138,16,14
233,138,16,14
233,138,16,14
233,140,16,14
236,139,16,14
236,139,16,14
239,137,16,14
239,136,16,14
243,134,16,14
243,132,16,14
246,130,16,14
246,130,16,14
246,130,16,14
247,130,16,14
248,129,16,14
248,129,16,14
249,130,16,14
250,133,16,14
250,133,16,14
250,136,16,14
250,136,16,14
248,135,16,14
247,137,16,14
247,137,16,14
247,137,16,14
242,137,16,14
242,137,16,14
239,137,16,14
239,137,16,14
235,136,16,14
235,136,16,14
232,130,16,14
230,129,16,14
227,128,16,14
226,126,16,14
224,125,16,14
223,123,16,14
222,120,16,14
222,120,16,14
220,119,16,14
218,120,16,14
218,121,16,14
217,125,16,14
217,127,16,14
217,130,16,14
218,130,16,14
220,132,16,14
220,132,16,14
220,132,16,14
223,131,16,14
223,131,16,14
223,131,16,14
223,131,16,14
225,129,16,14
225,129,16,14
227,127,16,14
227,127,16,14
230,126,16,14
230,126,16,14
228,126,16,14
228,126,16,14
228,130,16,14
228,130,16,14
224,132,16,14
226,132,16,14
226,132,16,14
226,134,16,14
222,135,16,14
222,134,16,14
222,134,16,14
219,133,16,14
217,131,16,14
217,129,16,14
217,129,16,14
214,128,16,14
213,125,16,14
212,123,16,14
211,123,16,14
210,122,16,14
208,120,16,14
208,120,16,14
208,120,16,14
206,120,16,14
206,121,16,14
206,123,16,14
206,123,16,14
206,126,16,14
206,126,16,14
207,127,16,14
207,131,16,14
207,131,16,14
207,131,16,14
207,131,16,14
207,132,16,14
207,132,16,14
207,132,16,14
207,130,16,14
209,127,16,14
208,124,16,14
208,122,16,14
210,121,16,14
210,121,16,14
208,121,16,14
208,121,16,14
208,121,16,14
208,121,16,14
208,121,16,14
208,121,16,14
208,121,16,14
206,126,16,14
206,126,16,14
206,126,16,14
205,130,16,14
205,130,16,14
204,131,16,14
204,131,16,14
201,131,16,14
200,119,16,14
200,119,16,14
200,119,16,14
197,119,16,14
197,119,16,14
199,121,16,14
199,121,16,14
199,125,16,14
199,125,16,14
199,125,16,14
199,125,16,14
199,125,16,14
199,125,16,14
199,125,16,14
199,125,16,14
199,125,16,14
198,124,16,14
198,124,16,14
198,124,16,14
199,123,16,14
199,123,16,14
200,125,16,14
202,125,16,14
202,125,16,14
202,125,16,14
202,125,16,14
202,125,16,14
202,125,16,14
202,125,16,14
205,127,16,14
205,127,16,14
204,127,16,14
201,128,16,14
201,128,16,14
201,128,16,14
199,127,16,14
199,127,16,14
199,126,16,14
199,126,16,14
201,124,16,14
201,124,16,14
201,124,16,14
204,124,16,14
206,122,16,14
209,122,16,14
210,121,16,14
210,121,16,14
216,120,16,14
219,123,16,14
222,124,16,14
225,129,16,14
229,132,16,14
229,132,16,14
232,134,16,14
235,135,16,14
238,134,16,14
242,134,16,14
242,130,16,14
244,128,16,14
245,127,16,14
248,123,16,14
248,123,16,14
247,120,16,14
250,119,16,14
249,122,16,14
249,122,16,14
249,127,16,14
251,128,16,14
253,130,16,14
253,133,16,14
253,134,16,14
254,137,16,14
254,137,16,14
256,138,16,14
256,138,16,14
259,137,16,14
259,137,16,14
261,134,16,14
265,132,16,14
267,130,16,13
268,130,16,13
268,130,16,13
273,126,18,14
276,124,18,14
277,124,18,14
280,127,18,14
280,127,18,14
283,131,18,14
285,134,18,14
286,137,18,14
288,137,18,14
288,140,18,14
292,140,18,14
294,141,18,14
295,142,18,14
297,141,18,14
297,141,18,14
299,142,18,14
300,141,18,14
300,141,18,14
303,139,18,14
303,139,18,14
303,134,18,14
303,134,18,14
306,133,18,14
304,133,18,14
309,131,18,14
309,131,18,14
311,133,18,14
311,133,18,14
313,135,18,14
315,136,18,14
316,137,18,14
320,140,18,14
321,142,18,14
325,145,18,14
326,147,18,14
328,149,18,14
331,151,18,14
331,151,18,14
334,152,18,14
334,152,18,14
337,154,18,14
337,154,18,14
341,153,18,14
341,153,18,14
343,151,18,14
343,151,18,14
346,146,18,14
346,146,18,14
347,141,18,14
347,141,18,14
348,137,18,14
348,137,18,14
348,134,18,14
348,134,18,14
348,134,18,14
348,136,18,14
348,136,18,14
348,141,18,14
348,141,18,14
349,150,18,14
349,152,18,14
349,152,18,14
348,158,18,14
348,158,18,14
349,160,18,14
351,164,18,14
351,164,18,14
354,164,18,14
355,163,18,14
358,160,18,14
358,160,18,14
362,159,18,14
364,157,18,14
366,154,18,14
368,153,18,14
371,152,18,14
371,152,18,14
375,149,18,14
375,149,18,14
376,149,18,14
376,149,18,14
378,151,18,14
378,154,18,14
379,156,18,14
379,156,18,14
379,156,18,14
377,159,18,14
377,159,18,14
370,159,18,14
368,157,18,14
364,156,18,14
361,155,18,14
354,153,18,14
351,151,18,14
352,148,18,14
349,147,18,14
344,145,18,14
336,141,18,14
336,141,18,14
332,141,18,14
332,141,18,14
328,141,18,14
328,141,18,14
328,141,18,14
327,141,18,14
327,141,18,14
325,141,18,14
324,143,18,14
324,143,18,14
324,145,18,14
324,147,18,14
324,147,18,14
324,147,18,14
324,147,18,14
325,142,18,14
326,137,18,14
327,135,18,14
327,134,18,14
327,133,18,14
326,132,18,14
326,132,18,14
325,131,18,14
325,131,18,14
325,132,18,14
323,134,18,14
323,135,18,14
318,138,18,14
318,138,18,14
316,140,18,14
311,140,18,14
303,137,18,14
303,137,18,14
301,137,18,14
297,134,18,14
296,133,18,14
291,128,16,14
288,123,16,14
285,123,16,14
285,123,16,14
282,122,16,14
280,120,16,14
279,120,16,14
277,119,16,14
277,120,16,14
274,123,16,14
272,124,16,14
272,129,16,14
268,134,16,14
268,136,16,14
268,136,16,14
269,134,16,14
269,134,16,14
269,130,16,14
272,127,16,14
272,123,16,14
270,121,16,14
270,118,16,14
270,118,16,14
270,118,16,14
268,118,16,14
268,119,16,14
268,120,16,14
266,125,16,14
264,134,16,14
263,137,16,14
262,141,16,14
261,142,16,14
260,143,16,14
259,143,16,14
256,142,16,14
256,142,16,14
256,137,16,14
254,134,16,14
254,130,16,14
253,126,16,14
254,123,16,14
251,120,16,14
251,118,16,14
251,115,16,14
249,115,16,14
249,115,16,14
247,118,16,14
247,121,16,14
246,122,16,14
245,126,16,14
242,128,16,14
240,130,16,14
238,132,16,14
236,134,16,14
233,135,16,14
232,134,16,14
231,134,16,14
228,130,16,14
225,126,16,14
223,124,16,14
222,121,16,14
214,119,16,14
210,119,16,14
209,124,16,14
207,127,16,14
207,127,16,14
207,128,16,14
206,131,16,14
206,131,16,14
206,131,16,14
205,128,16,14
205,128,16,14
205,121,16,14
204,116,16,14
202,115,16,14
202,111,16,14
199,108,18,14
199,108,18,14
194,106,18,14
194,106,18,14
194,108,18,14
193,113,18,14
192,115,18,14
189,123,18,14
189,123,18,14
186,127,18,14
186,128,18,14
186,131,18,13
185,130,18,13
183,130,18,13
182,126,18,13
182,122,18,13
182,122,18,13
181,119,18,13
181,119,18,13
180,117,18,13
181,114,18,13
180,113,18,13
180,111,18,13
179,109,18,13
179,109,18,13
179,109,18,13
181,112,18,13
179,116,18,13
180,121,18,13
180,121,18,13
181,123,18,13
180,123,18,13
182,123,18,13
182,123,18,13
182,123,18,13
181,119,18,13
181,119,18,13
180,115,18,13
180,115,18,13
179,112,18,13
178,111,18,13
176,105,18,13
174,104,18,13
168,104,18,13
168,104,18,13
168,104,18,13
165,105,18,13
163,109,18,13
159,114,18,13
156,117,18,13
155,119,18,13
152,120,18,13
152,120,16,13
151,120,16,13
151,120,16,13
151,120,16,13
149,119,16,13
149,119,16,13
149,114,16,13
149,113,16,13
150,111,16,13
150,111,16,13
150,111,16,13
152,111,16,13
152,111,16,13
152,115,16,13
152,115,16,13
152,119,16,13
152,119,16,13
152,119,16,13
152,119,16,13
152,119,16,13
152,119,16,13
151,119,16,13
151,119,16,13
148,117,16,13
145,118,16,13
143,117,16,13
138,115,16,13
138,115,16,13
134,115,16,13
134,115,16,13
130,115,16,13
128,118,16,13
128,118,16,13
124,117,16,13
123,119,16,14
123,119,16,14
123,119,16,14
120,120,16,14
120,120,16,14
118,119,16,14
118,119,16,14
118,119,16,14
118,119,16,14
118,119,16,14
120,121,16,14
120,121,16,14
123,121,16,14
123,121,16,14
123,121,16,14
123,121,16,14
128,127,16,14
130,128,16,14
131,130,16,14
132,130,16,14
134,131,16,14
136,134,16,14
136,134,16,14
139,135,16,14
139,135,16,14
142,134,16,14
142,134,16,14
144,130,16,14
144,130,16,14
144,126,16,14
145,125,16,14
147,121,16,14
147,120,16,14
148,117,16,14
148,115,16,14
150,108,16,14
150,108,16,14
150,108,16,14
152,105,16,14
152,105,16,14
155,108,16,14
155,108,16,14
157,112,16,14
158,115,16,14
160,119,16,14
163,122,16,14
163,122,16,14
170,129,16,14
173,125,16,14
175,121,16,14
174,116,16,14
174,110,16,14
174,106,19,14
174,106,19,14
174,103,19,14
173,104,19,14
173,104,19,14
174,108,19,14
175,113,19,14
174,116,19,14
176,122,19,14
173,126,19,14
176,128,19,14
176,128,19,14
176,128,19,14
178,129,19,14
178,129,19,14
181,126,19,14
182,123,19,14
182,123,19,14
186,121,19,14
186,121,19,14
190,119,19,14
192,116,19,14
192,115,19,14
194,112,18,14
194,112,18,14
197,111,18,14
199,112,18,14
199,112,18,14
200,115,18,14
202,118,18,14
205,121,18,14
207,124,18,14
209,126,18,14
209,128,18,14
211,130,18,14
211,130,18,14
211,130,18,14
213,129,18,14
213,129,18,14
215,130,18,14
215,130,18,14
215,130,18,14
215,130,18,14
215,130,18,14
217,130,18,14
217,130,18,14
218,131,19,14
218,131,19,14
218,131,19,14
218,131,19,14
218,131,19,14
218,131,19,14
220,131,18,13
220,131,18,13
220,128,18,13
220,128,18,13
220,126,18,13
220,126,18,13
220,126,18,13
220,130,18,13
220,131,18,13
219,131,18,13
218,132,18,13
216,135,16,12
216,135,16,12
211,134,16,12
211,134,16,12
208,133,18,12
208,133,18,12
206,131,18,12
206,131,18,12
206,131,18,12
204,131,18,12
204,131,18,12
204,131,18,12
204,131,18,12
204,131,18,12
204,131,18,12
204,131,18,12
205,131,18,12
208,132,18,12
211,132,18,12
211,133,18,12
214,134,18,12
215,134,18,12
219,134,18,12
222,132,18,12
222,132,18,12
224,133,18,12
224,133,18,12
227,130,18,12
227,130,18,12
227,130,18,12
228,131,18,12
228,131,18,12
228,134,18,12
228,134,18,12
227,134,18,12
226,136,18,12
225,136,18,12
223,136,18,12
220,136,18,12
220,137,18,12
216,137,18,12
216,137,18,12
215,135,18,12
211,135,18,12
211,135,18,12
209,134,18,12
208,133,18,12
206,132,18,12
206,132,18,12
209,133,18,12
209,133,18,12
212,130,18,12
212,130,18,12
216,125,18,12
218,121,18,12
222,117,18,12
226,111,18,12
226,107,18,12
230,104,18,12
230,93,18,12
235,86,18,12
238,79,18,12
241,65,18,12
247,53,18,12
247,47,18,12
248,36,18,12
249,33,18,12
252,29,18,15
254,25,18,15
257,24,18,15
262,28,18,15
