150,207,30,98
150,207,30,98
150,207,30,98
150,207,30,98
150,207,30,98
150,207,30,98
150,207,30,98
150,207,30,98
150,207,30,98
150,207,30,98
150,207,30,98
150,207,30,98
150,207,30,98
150,207,30,98
150,207,30,98
150,207,30,98
150,205,30,98
150,207,30,98
150,207,30,98
150,207,30,98
150,207,30,98
150,207,30,98
150,207,30,98
150,207,30,98
150,207,30,98
150,207,30,98
150,207,30,98
150,207,30,98
150,207,30,98
150,207,30,98
150,207,30,98
150,207,30,98
150,207,30,98
150,207,30,98
150,207,30,98
150,207,30,98
150,207,30,98
150,207,30,98
148,207,30,98
148,207,30,98
148,207,30,98
148,205,30,98
148,207,30,98
148,207,30,98
148,207,30,98
148,205,30,98
148,205,30,98
148,205,30,98
148,205,30,98
148,205,30,98
148,205,30,98
148,205,30,98
148,207,30,98
148,207,30,98
148,207,30,98
148,207,30,98
148,207,30,98
148,207,30,98
148,207,30,98
148,207,30,98
148,207,30,98
148,207,30,98
148,207,30,98
148,207,30,98
148,207,30,98
148,207,30,98
148,207,30,98
148,207,30,98
148,207,30,98
150,207,30,98
150,207,30,98
150,207,30,98
150,207,30,98
150,207,30,98
148,207,30,98
148,207,30,98
150,207,30,98
150,207,30,98
148,205,30,98
150,207,30,98
150,205,30,98
152,207,30,98
150,207,30,98
152,207,30,98
150,213,30,98
152,213,30,98
150,225,28,78
152,225,28,78
154,227,28,78
152,231,28,78
152,233,32,74
154,233,32,74
152,233,32,74
154,233,32,74
154,229,32,74
152,229,30,70
152,229,30,70
150,231,30,70
150,227,30,70
150,231,30,70
152,231,30,70
150,233,30,70
150,231,30,70
150,231,30,70
148,231,30,70
150,231,30,70
150,229,30,70
150,229,30,70
148,229,30,70
150,229,30,70
150,229,30,70
150,231,30,70
150,233,30,70
152,237,30,70
152,237,30,70
152,242,29,73
152,244,29,73
154,248,29,73
158,248,25,60
156,250,25,60
157,252,25,57
155,252,25,57
157,250,25,57
157,250,25,57
157,250,25,57
159,250,25,57
157,252,25,57
157,252,25,57
159,250,25,57
161,250,25,57
161,250,25,57
161,250,25,57
159,252,25,57
159,250,25,57
159,252,25,57
159,250,25,57
159,252,25,57
159,252,25,57
159,252,25,57
159,252,25,57
159,252,25,57
159,252,25,57
159,252,25,57
159,252,25,57
159,252,25,57
159,252,25,57
159,252,25,57
157,254,25,57
159,254,25,57
157,256,25,57
159,254,25,57
159,254,25,57
159,254,25,57
157,254,25,57
159,254,25,57
157,254,25,57
157,254,25,57
157,254,25,57
159,254,25,57
159,256,25,57
159,254,25,57
159,254,25,57
161,254,25,57
158,254,25,57
159,254,25,57
159,256,25,57
159,254,25,57
159,254,25,57
161,254,25,57
159,254,25,57
159,254,25,57
159,254,25,57
159,254,25,57
159,254,25,57
159,254,25,57
157,254,25,57
159,254,25,57
159,254,25,57
159,254,25,57
159,254,25,57
159,254,25,57
159,254,25,57
159,254,25,57
157,254,25,57
159,254,25,57
159,254,25,57
159,254,25,57
159,254,25,57
159,254,25,57
157,254,25,57
159,254,25,57
159,254,25,57
161,254,25,57
159,254,25,57
159,254,25,57
159,254,25,57
159,254,25,57
159,254,25,57
159,254,25,57
159,254,25,57
159,254,25,57
159,254,25,57
159,254,25,57
161,254,25,57
161,254,25,57
161,254,25,57
161,254,25,57
161,252,25,57
159,252,25,57
159,254,25,57
161,254,25,57
161,254,25,57
159,254,25,57
159,254,25,57
159,254,25,57
159,254,25,57
159,254,25,57
159,254,25,57
157,254,25,57
159,254,25,57
157,254,25,57
159,254,25,57
157,254,25,57
159,254,25,57
159,254,25,57
159,254,25,57
159,254,25,57
159,254,25,57
157,254,25,57
157,254,25,57
157,254,25,57
159,254,25,57
159,254,25,57
157,254,25,57
155,254,25,57
157,254,25,57
157,254,25,57
157,254,25,57
157,254,25,57
157,254,25,57
157,254,25,57
159,254,25,57
159,254,25,57
159,254,25,57
157,254,25,57
159,254,25,57
159,254,25,57
159,254,25,57
157,254,25,57
159,254,25,57
159,254,25,57
159,254,25,57
159,254,25,57
159,254,25,57
157,254,25,57
157,254,25,57
157,254,25,57
157,254,25,57
157,254,25,57
157,254,25,57
159,254,25,57
159,254,25,57
159,254,25,57
159,254,25,57
159,254,25,57
159,254,25,57
159,254,25,57
157,254,25,57
159,254,25,57
159,254,25,57
159,254,25,57
159,254,25,57
159,254,25,57
157,254,25,57
157,254,25,57
159,254,25,57
157,254,25,57
159,254,25,57
157,254,25,57
157,254,25,57
157,254,25,57
157,254,25,57
157,254,25,57
157,254,25,57
159,254,25,57
157,254,25,57
159,254,25,57
159,254,25,57
161,254,25,57
161,254,25,57
157,254,25,57
159,254,25,57
159,254,25,57
157,254,25,57
159,254,25,57
159,254,25,57
159,254,25,57
159,254,25,57
159,256,25,57
159,254,25,57
159,254,25,57
159,254,25,57
159,254,25,57
159,254,25,57
157,254,25,57
157,254,25,57
159,254,25,57
157,254,25,57
157,254,25,57
157,254,25,57
159,254,25,57
157,254,25,57
157,254,25,57
157,254,25,57
157,254,25,57
157,254,25,57
157,254,25,57
157,254,25,57
157,254,25,57
157,254,25,57
157,254,25,57
157,254,25,57
157,254,25,57
157,254,25,57
159,254,25,57
157,254,25,57
157,254,25,57
157,254,25,57
157,254,25,57
157,254,25,57
157,254,25,57
157,254,25,57
157,254,25,57
157,256,25,57
157,254,25,57
157,254,25,57
157,254,25,57
157,254,25,57
157,254,25,57
157,254,25,57
157,254,25,57
157,254,25,57
157,254,25,57
157,254,25,57
157,254,25,57
159,254,25,57
157,254,25,57
157,254,25,57
157,254,25,57
157,254,25,57
159,254,25,57
159,254,25,57
157,252,25,57
157,254,25,57
157,254,25,57
157,254,25,57
157,254,25,57
159,254,25,57
157,254,25,57
157,254,25,57
159,254,25,57
157,254,25,57
157,254,25,57
159,254,25,57
157,254,25,57
157,254,25,57
157,254,25,57
157,256,25,57
159,256,25,57
159,254,25,57
159,254,25,57
157,254,25,57
159,254,25,57
159,254,25,57
157,254,25,57
159,254,25,57
159,254,25,57
159,252,25,57
161,254,25,57
161,254,25,57
161,254,25,57
161,254,25,57
161,254,25,57
161,254,25,57
161,254,25,57
161,254,25,57
161,254,25,57
161,254,25,57
161,254,25,57
159,254,25,57
159,254,25,57
159,254,25,57
159,254,25,57
161,254,25,57
159,254,25,57
161,254,25,57
159,254,25,57
159,254,25,57
159,252,25,57
159,252,25,57
159,252,25,57
159,254,25,57
159,254,25,57
159,254,25,57
159,254,25,57
159,254,25,57
159,252,25,57
159,252,25,57
159,254,25,57
159,254,25,57
157,254,25,57
159,254,25,57
159,254,25,57
159,252,25,57
159,252,25,57
161,254,25,57
159,250,25,57
159,252,25,57
159,252,25,57
159,252,25,57
161,252,25,57
159,252,25,57
159,252,25,57
159,252,25,57
159,252,25,57
159,252,25,57
159,252,25,57
159,252,25,57
157,254,25,57
157,252,25,57
159,252,25,57
157,252,25,57
159,252,25,57
159,252,25,57
159,252,25,57
159,252,25,57
157,252,25,57
157,252,25,57
155,254,25,57
155,254,25,57
157,254,25,57
157,252,25,57
157,252,25,57
157,252,25,57
157,252,25,57
157,252,25,57
157,252,25,57
155,252,25,57
157,252,25,57
155,252,25,57
157,252,25,57
157,252,25,57
157,252,25,57
157,252,25,57
157,252,25,57
157,252,25,57
157,252,25,57
157,252,25,57
157,252,25,57
157,252,25,57
157,254,25,57
157,254,25,57
157,254,25,57
159,254,25,57
155,254,25,57
157,254,25,57
157,254,25,57
157,254,25,57
159,254,25,57
157,254,25,57
157,254,25,57
155,254,25,57
159,254,25,57
159,254,25,57
157,254,25,57
159,254,25,57
157,254,25,57
157,254,25,57
157,254,25,57
155,254,25,57
155,254,25,57
157,254,25,57
155,254,25,57
157,254,25,57
157,254,25,57
155,254,25,57
157,254,25,57
157,254,25,57
159,254,25,57
159,254,25,57
159,254,25,57
155,254,25,57
157,254,25,57
157,254,25,57
157,254,25,57
157,254,25,57
157,254,25,57
157,254,25,57
157,254,25,57
157,252,25,57
155,252,25,57
157,254,25,57
157,254,25,57
155,254,25,57
155,254,25,57
157,254,25,57
157,254,25,57
157,254,25,57
157,254,25,57
157,254,25,57
157,254,25,57
157,254,25,57
155,254,25,57
155,254,25,57
157,254,25,57
157,254,25,57
157,254,25,57
157,254,25,57
157,254,25,57
155,254,25,57
155,254,25,57
155,254,25,57
157,254,25,57
157,254,25,57
157,254,25,57
157,254,25,57
157,254,25,57
157,254,25,57
155,254,25,57
155,254,25,57
155,254,25,57
155,254,25,57
155,254,25,57
157,254,25,57
157,254,25,57
157,254,25,57
155,254,25,57
155,254,25,57
155,254,25,57
157,254,25,57
157,254,25,57
157,254,25,57
155,254,25,57
157,254,25,57
159,254,25,57
157,254,25,57
155,254,25,57
157,254,25,57
157,254,25,57
157,254,25,57
157,254,25,57
157,256,25,57
157,254,25,57
155,254,25,57
155,256,25,57
155,256,25,57
155,256,25,57
155,256,25,57
155,256,25,57
155,256,25,57
155,256,25,57
155,256,25,57
157,256,25,57
155,256,25,57
155,256,25,57
157,254,25,57
157,254,25,57
157,254,25,57
157,254,25,57
155,254,25,57
155,254,25,57
157,254,25,57
157,254,25,57
157,254,25,57
155,254,25,57
157,254,25,57
159,254,25,57
159,254,25,57
159,254,25,57
157,254,25,57
157,254,25,57
157,254,25,57
157,254,25,57
157,254,25,57
159,254,25,57
157,254,25,57
157,254,25,57
157,254,25,57
157,254,25,57
157,256,25,57
157,256,25,57
157,256,25,57
157,254,25,57
155,254,25,57
157,254,25,57
155,254,25,57
157,254,25,57
157,254,25,57
157,254,25,57
157,254,25,57
155,254,25,57
157,254,25,57
155,254,25,57
157,254,25,57
157,254,25,57
155,254,25,57
159,254,25,57
157,254,25,57
157,254,25,57
157,254,25,57
155,254,25,57
157,254,25,57
157,254,25,57
157,254,25,57
157,254,25,57
159,254,25,57
157,254,25,57
157,254,25,57
157,254,25,57
157,254,25,57
157,254,25,57
157,254,25,57
157,254,25,57
157,254,25,57
157,256,25,57
155,254,25,57
155,254,25,57
155,254,25,57
155,254,25,57
157,254,25,57
153,254,25,57
155,256,25,57
157,254,25,57
159,254,25,57
159,254,25,57
157,254,25,57
155,254,25,57
157,254,25,57
157,254,25,57
157,254,25,57
157,254,25,57
157,254,25,57
155,254,25,57
157,254,25,57
155,254,25,57
157,254,25,57
157,254,25,57
157,254,25,57
157,254,25,57
157,254,25,57
157,254,25,57
157,254,25,57
157,254,25,57
157,254,25,57
157,254,25,57
157,254,25,57
157,254,25,57
155,254,25,57
155,252,25,57
155,252,25,57
155,252,25,57
155,252,25,57
157,252,25,57
153,252,25,57
157,252,25,57
155,252,25,57
155,250,25,57
153,250,25,57
155,250,25,57
155,254,25,57
155,254,25,57
155,254,25,57
153,254,25,57
155,254,25,57
155,258,25,57
153,258,25,57
153,260,25,57
153,260,25,57
157,256,25,57
157,254,25,57
157,254,25,57
157,254,25,57
157,254,25,57
157,254,25,57
157,254,25,57
157,254,25,57
157,254,25,57
157,254,25,57
157,254,25,57
155,254,25,57
157,254,25,57
159,254,25,57
157,254,25,57
157,254,25,57
159,254,25,57
159,254,25,57
159,254,25,57
161,254,25,57
159,254,25,57
157,254,25,57
159,254,25,57
159,254,25,57
159,254,25,57
159,254,25,57
159,254,25,57
159,254,25,57
159,254,25,57
159,254,25,57
159,254,25,57
159,254,25,57
159,254,25,57
159,254,25,57
159,254,25,57
159,254,25,57
159,254,25,57
157,254,25,57
159,254,25,57
159,254,25,57
159,254,25,57
159,254,25,57
157,254,25,57
157,254,25,57
157,254,25,57
157,254,25,57
157,254,25,57
157,254,25,57
157,254,25,57
157,254,25,57
157,254,25,57
157,254,25,57
155,254,25,57
155,254,25,57
157,254,25,57
157,256,25,57
155,256,25,57
157,256,25,57
155,256,25,57
157,256,25,57
155,256,25,57
155,256,25,57
157,256,25,57
157,256,25,57
157,256,25,57
157,254,25,57
155,254,25,57
157,254,25,57
157,254,25,57
157,254,25,57
157,254,25,57
157,254,25,57
157,254,25,57
157,254,25,57
157,254,25,57
155,254,25,57
157,252,25,57
157,252,25,57
157,252,25,57
155,252,25,57
157,250,25,57
157,250,25,57
157,250,25,57
157,250,25,57
155,250,25,57
155,248,25,57
157,248,25,57
157,248,25,57
157,248,25,57
157,246,25,57
157,248,25,57
155,246,25,57
155,246,25,57
155,246,25,57
155,246,25,57
155,248,25,57
155,246,25,57
155,248,25,57
155,248,25,57
155,248,25,57
155,248,25,57
155,248,25,57
155,248,25,57
155,248,25,57
155,250,25,57
157,248,25,57
155,248,25,57
157,248,25,57
155,248,25,57
157,248,25,57
157,248,25,57
157,248,25,57
157,250,25,57
157,250,25,57
155,250,25,57
157,250,25,57
155,248,25,57
155,248,25,57
157,248,25,57
155,250,25,57
157,250,25,57
157,250,25,57
157,250,25,57
157,250,25,57
157,248,25,57
155,248,25,57
157,250,25,57
157,250,25,57
157,250,25,57
159,248,25,57
155,250,25,57
157,250,25,57
157,250,25,57
159,250,25,57
159,250,25,57
157,250,25,57
157,250,25,57
157,250,25,57
157,250,25,57
157,250,25,57
157,250,25,57
157,248,25,57
155,250,25,57
157,250,25,57
157,250,25,57
155,250,25,57
155,248,25,57
155,248,25,57
155,250,25,57
155,250,25,57
153,250,25,57
155,250,25,57
155,248,25,57
155,248,25,57
157,250,25,57
157,248,25,57
157,250,25,57
155,248,25,57
155,248,25,57
157,250,25,57
157,250,25,57
157,250,25,57
157,248,25,57
157,248,25,57
157,248,25,57
157,248,25,57
157,248,25,57
157,248,25,57
159,248,25,57
157,248,25,57
157,250,25,57
157,250,25,57
157,250,25,57
157,250,25,57
157,250,25,57
157,250,25,57
155,250,25,57
157,250,25,57
157,250,25,57
155,250,25,57
157,250,25,57
157,248,25,57
157,248,25,57
157,248,25,57
155,248,25,57
157,248,25,57
157,250,25,57
159,248,25,57
163,250,25,57
157,250,25,57
157,250,25,57
155,248,25,57
153,248,25,57
153,248,25,57
153,246,25,57
155,246,25,57
153,246,25,57
153,248,25,57
155,248,25,57
157,248,25,57
155,250,25,57
157,250,25,57
155,250,25,57
157,250,25,57
155,250,25,57
155,250,25,57
153,250,25,57
155,250,25,57
155,250,25,57
155,250,25,57
155,250,25,57
155,250,25,57
155,250,25,57
155,250,25,57
153,250,25,57
155,250,25,57
155,250,25,57
153,250,25,57
153,250,25,57
155,248,25,57
155,250,25,57
155,250,25,57
155,250,25,57
155,250,25,57
155,250,25,57
157,250,25,57
157,250,25,57
155,250,25,57
155,248,25,57
157,250,25,57
157,250,25,57
157,250,25,57
157,250,25,57
157,250,25,57
157,248,25,57
159,248,25,57
157,250,25,57
155,250,25,57
155,250,25,57
159,250,25,57
159,248,25,57
159,250,25,57
159,250,25,57
155,252,25,57
155,250,25,57
157,250,25,57
157,250,25,57
157,250,25,57
157,250,25,57
157,250,25,57
157,250,25,57
157,250,25,57
157,250,25,57
157,250,25,57
157,250,25,57
157,250,25,57
157,250,25,57
157,250,25,57
157,250,25,57
155,250,25,57
157,250,25,57
157,252,25,57
157,250,25,57
157,250,25,57
157,250,25,57
157,250,25,57
157,250,25,57
157,250,25,57
157,250,25,57
157,250,25,57
155,250,25,57
157,250,25,57
157,250,25,57
155,250,25,57
157,250,25,57
157,250,25,57
157,250,25,57
157,250,25,57
157,250,25,57
157,250,25,57
157,250,25,57
157,250,25,57
155,250,25,57
155,250,25,57
155,250,25,57
153,248,25,57
155,248,25,57
155,250,25,57
155,250,25,57
155,248,25,57
155,248,25,57
155,250,25,57
155,250,25,57
155,250,25,57
153,248,25,57
155,250,25,57
153,250,25,57
153,250,25,57
153,250,25,57
155,250,25,57
155,250,25,57
153,250,25,57
155,250,25,57
153,248,25,57
155,250,25,57
155,250,25,57
157,250,25,57
155,250,25,57
155,250,25,57
155,250,25,57
155,250,25,57
155,250,25,57
155,248,25,57
155,250,25,57
157,250,25,57
155,250,25,57
155,250,25,57
155,250,25,57
155,250,25,57
155,250,25,57
157,250,25,57
157,250,25,57
155,250,25,57
155,248,25,57
157,248,25,57
157,248,25,57
157,246,25,57
157,246,25,57
157,242,25,57
153,248,25,57
153,248,25,57
151,249,25,57
151,251,25,57
151,250,25,57
148,238,28,68
148,238,28,68
150,225,27,85
150,225,27,85
150,218,27,85
150,218,27,85
149,211,25,95
149,211,25,95
149,211,25,95
149,211,25,95
149,211,25,95
149,211,25,95
149,211,25,95
149,211,25,95
149,211,25,95
149,211,25,95
147,211,25,95
149,211,25,95
149,211,25,95
149,211,25,95
147,211,25,95
147,211,25,95
147,211,25,95
147,211,25,95
147,211,25,95
147,211,25,95
147,211,25,95
147,211,25,95
147,211,25,95
