307 222 362 260
307 222 362 260
298 217 357 254
298 217 357 254
301 217 355 254
292 211 346 246
292 211 346 246
290 206 341 242
290 206 341 242
282 202 335 237
282 202 335 237
279 199 329 233
279 199 329 233
273 193 322 226
273 193 322 226
271 192 320 226
269 189 315 222
269 189 315 222
261 185 310 219
261 185 310 219
256 180 304 214
256 180 304 214
259 181 305 214
253 175 297 208
253 175 297 208
245 173 292 204
245 173 292 204
243 170 287 200
243 170 287 200
239 167 285 195
239 167 285 195
234 164 278 192
234 164 278 192
235 163 277 193
228 158 272 187
228 158 272 187
222 156 268 183
222 156 268 183
221 154 264 180
221 154 264 180
218 152 258 178
218 152 258 178
218 149 258 177
214 146 254 172
214 146 254 172
210 144 251 169
210 144 251 169
210 144 250 168
206 139 245 163
206 139 245 163
204 136 242 161
204 136 242 161
204 138 241 162
200 136 238 159
200 136 238 159
195 132 232 157
194 129 230 156
194 129 230 156
194 129 229 154
188 126 224 152
188 126 224 152
186 124 221 150
186 124 221 150
184 121 218 148
184 121 218 148
183 122 217 146
180 118 213 145
180 118 213 145
176 115 209 141
176 115 209 141
174 114 205 139
174 114 205 139
173 111 202 135
173 111 202 135
171 110 200 133
171 110 200 133
170 109 200 134
168 107 197 129
168 107 197 129
165 103 195 126
165 103 195 126
165 104 194 127
164 102 191 124
164 102 191 124
157 101 189 124
158 101 188 124
153 98 185 122
153 98 185 122
155 97 185 118
155 97 185 118
151 95 182 114
151 95 182 114
152 95 181 116
150 95 179 112
150 95 179 112
147 92 176 109
147 92 176 109
146 91 177 110
144 89 174 107
144 89 174 107
143 87 173 106
143 87 173 106
139 86 170 104
139 86 170 104
137 83 169 103
137 83 169 103
134 81 167 100
134 81 167 100
135 83 165 100
133 79 162 99
133 79 162 99
129 78 160 97
129 78 160 97
127 76 159 95
127 76 159 95
125 77 156 94
125 77 156 94
127 76 156 93
125 74 154 91
125 74 154 91
121 72 151 90
121 72 151 90
118 69 150 88
118 69 150 88
118 70 148 87
118 70 148 87
117 69 146 87
116 67 146 85
116 67 146 85
112 66 142 84
112 66 142 84
111 65 140 82
111 65 140 82
109 66 140 81
109 66 140 81
110 63 139 81
107 62 137 80
107 62 137 80
105 60 134 78
105 60 134 78
104 60 133 78
104 60 133 78
104 60 132 78
103 59 131 76
103 59 131 76
102 57 129 74
102 57 129 74
100 57 127 72
100 57 127 72
97 56 125 71
97 56 125 71
98 56 125 72
97 53 123 71
97 53 123 71
94 52 122 69
94 52 122 69
94 52 119 69
94 52 119 69
91 51 118 66
91 51 118 66
