273,213,31,77
273,212,31,77
276,211,30,79
276,211,30,79
276,210,30,79
276,209,30,79
276,209,31,78
276,209,31,78
276,209,31,78
276,209,31,78
276,209,31,78
277,208,31,78
277,208,31,78
278,206,31,78
278,206,31,78
278,206,31,78
278,206,31,78
278,206,31,78
278,206,30,78
278,206,30,77
278,206,30,77
278,206,30,76
278,206,30,76
278,206,30,76
278,204,28,77
278,204,28,77
278,204,28,77
278,204,28,77
278,204,28,77
278,204,28,76
278,204,32,75
278,204,31,74
278,202,32,76
278,202,32,76
278,202,32,76
278,202,32,76
278,202,32,75
278,202,32,75
278,202,32,75
278,202,32,75
280,198,32,79
280,198,32,79
280,198,32,79
280,198,32,79
280,198,31,76
280,198,31,76
280,198,31,76
280,198,31,76
280,198,31,76
280,198,31,76
280,198,31,76
280,198,31,76
280,198,31,76
280,198,30,74
280,198,30,74
280,198,28,73
280,198,28,73
277,198,31,73
277,198,31,72
277,198,31,72
277,198,31,72
277,198,31,72
277,194,31,77
277,194,31,77
273,194,36,77
273,194,36,77
273,194,36,77
273,194,36,77
273,193,33,76
273,193,33,76
273,193,33,76
273,193,33,76
273,193,33,76
273,193,33,76
273,193,33,76
273,193,32,74
273,193,32,74
273,193,32,74
275,193,30,74
275,193,30,74
275,188,30,78
275,188,30,78
275,188,30,78
275,188,30,78
275,188,30,78
275,188,30,78
275,188,32,75
275,188,32,75
275,188,32,75
275,188,32,75
275,188,32,75
275,188,32,75
275,188,32,75
275,188,32,74
275,188,32,74
275,188,32,74
277,188,30,74
277,188,30,74
277,188,30,74
277,188,30,74
277,188,30,74
277,188,30,74
277,188,30,74
277,188,30,74
277,188,30,74
277,188,30,74
277,187,30,74
277,187,30,74
277,187,30,74
277,187,30,74
277,187,30,74
277,187,30,74
277,187,30,74
277,187,30,74
277,187,30,74
277,187,29,69
277,187,29,69
277,187,29,69
277,187,29,69
277,187,29,69
267,187,39,68
267,187,31,68
260,185,33,70
253,185,38,72
249,185,33,70
245,184,33,73
241,184,33,72
235,185,33,72
231,184,35,73
224,184,39,71
219,184,39,71
216,184,39,71
214,184,35,69
219,184,35,69
223,184,38,72
225,184,39,71
229,184,33,71
237,184,35,71
237,181,38,72
244,181,38,72
244,181,45,74
250,180,36,73
258,180,32,73
260,180,38,72
265,180,38,72
269,180,38,71
263,180,40,71
263,180,40,71
258,180,36,72
253,180,40,73
246,180,39,71
243,180,38,71
243,180,33,69
233,180,33,69
233,180,33,69
229,180,33,69
225,180,33,69
219,180,33,69
214,180,33,69
220,181,33,69
220,181,33,69
226,180,33,69
229,180,33,69
234,180,33,69
241,179,33,69
243,179,33,69
248,178,33,69
253,176,33,69
259,177,33,69
259,177,33,69
263,177,33,69
268,176,33,69
268,176,33,69
266,176,33,69
261,176,33,69
256,175,33,69
249,175,33,69
246,174,33,69
243,174,33,69
236,174,33,69
234,174,33,69
229,173,33,69
226,173,33,69
220,173,33,69
217,173,33,69
217,173,33,69
223,173,33,69
223,173,33,69
228,173,33,69
233,173,33,69
239,172,33,69
244,173,33,69
248,173,33,69
252,172,33,69
258,172,33,69
260,172,33,69
265,172,33,69
269,172,33,69
274,172,33,69
269,171,33,69
263,173,33,69
257,172,33,69
257,172,33,69
252,172,33,69
246,171,33,69
241,171,33,69
235,171,36,68
232,171,35,68
229,171,37,67
220,169,37,67
216,168,37,67
216,168,37,67
225,166,28,69
228,166,28,69
233,166,25,66
239,166,25,66
244,165,25,66
249,165,25,66
253,164,25,66
257,164,25,66
263,171,21,57
267,167,21,57
270,165,21,57
275,164,21,57
278,164,21,57
270,161,21,57
267,161,21,57
261,160,21,57
254,159,21,57
250,170,19,57
242,164,19,57
240,168,16,53
232,166,16,53
222,166,24,53
218,164,23,53
211,167,24,51
207,167,24,66
202,167,24,66
209,167,24,66
214,166,24,66
218,166,24,66
225,166,24,66
228,166,25,66
235,166,25,66
242,166,25,66
246,166,25,66
256,167,23,64
260,168,23,64
266,168,23,64
271,168,23,64
277,165,23,64
271,165,23,64
266,165,23,64
260,165,23,64
256,165,23,64
248,165,23,64
242,165,23,64
237,165,23,64
231,164,23,64
227,164,23,64
219,164,23,64
212,164,23,64
209,164,23,64
202,164,23,64
206,164,23,64
212,164,23,64
218,162,23,64
224,162,23,64
229,164,23,64
235,164,23,64
241,164,23,64
246,164,23,64
253,164,23,64
258,164,23,64
263,164,23,64
269,163,23,64
276,162,23,64
273,162,25,64
267,162,25,64
262,162,25,64
256,163,25,63
249,163,25,63
244,163,25,63
236,163,25,63
231,162,25,63
227,162,25,63
219,163,25,63
212,161,25,63
209,161,25,63
202,160,25,63
205,160,25,63
210,160,25,63
215,158,25,63
220,159,25,63
228,160,25,63
233,160,25,63
240,160,25,63
246,159,25,63
252,159,25,63
257,160,25,63
263,160,25,63
270,160,25,63
276,160,25,63
276,160,25,63
265,159,25,63
260,157,25,63
249,158,25,65
241,158,25,65
233,157,25,65
225,157,25,65
216,157,25,65
208,158,25,65
201,158,25,65
191,159,25,65
183,159,25,65
174,157,25,65
171,157,25,65
181,157,25,65
189,157,25,65
200,156,25,65
208,156,25,65
216,156,25,65
226,159,27,61
235,160,27,61
245,160,27,61
254,156,27,61
265,157,27,61
275,156,27,61
280,156,27,61
288,158,28,60
278,157,28,60
275,156,28,60
263,157,29,60
257,157,29,60
246,158,31,60
240,157,31,60
232,157,29,61
224,159,29,57
216,158,30,57
207,158,30,57
198,160,30,57
193,160,30,57
185,159,30,57
195,160,30,57
201,160,30,57
212,156,30,57
220,157,33,58
229,157,33,58
241,156,33,58
249,155,33,58
259,155,33,58
267,155,33,58
277,155,33,58
287,155,33,58
295,156,33,58
304,156,33,58
296,155,33,58
290,154,33,58
280,154,33,58
274,154,33,58
263,154,33,58
258,154,33,58
250,156,29,57
242,156,29,57
236,155,29,57
227,155,29,57
218,154,29,57
211,154,29,57
202,153,29,57
208,153,29,57
217,152,29,57
226,153,29,57
234,153,29,57
244,152,29,57
253,152,29,57
263,151,29,57
271,151,29,57
280,151,29,57
291,151,29,57
299,151,29,57
309,151,29,57
318,151,29,57
318,151,29,57
284,152,29,57
270,149,29,57
242,149,29,57
224,149,29,57
198,145,29,57
174,144,29,57
151,142,29,57
127,143,29,57
104,145,29,57
80,145,29,57
59,145,29,57
36,145,29,57
28,148,29,57
63,147,29,57
78,149,29,57
105,148,29,57
131,149,29,57
154,150,29,57
178,147,29,57
201,147,29,57
225,144,29,57
246,143,29,57
273,143,29,57
295,143,29,57
319,143,29,57
334,147,25,57
300,143,25,57
292,144,25,57
259,144,25,57
243,146,25,57
214,147,25,57
194,149,25,57
167,144,31,61
139,144,31,61
118,143,31,61
93,142,31,61
71,143,31,61
48,143,31,61
35,149,27,55
65,149,27,55
74,148,27,55
107,147,27,55
126,146,27,55
156,146,27,55
175,145,27,55
200,143,27,55
224,142,27,55
245,140,27,55
273,142,27,55
294,142,27,55
316,141,27,55
333,143,27,55
311,137,27,55
297,140,27,55
265,145,27,55
250,146,27,55
217,146,30,57
199,146,32,60
175,146,32,60
149,145,36,59
127,142,32,63
105,142,32,63
81,143,32,63
57,143,32,63
38,143,32,63
54,140,32,63
76,143,32,63
106,139,32,63
123,140,32,63
152,139,32,63
173,139,32,63
199,139,32,63
219,140,32,63
245,139,32,63
269,138,32,63
290,139,32,63
316,139,32,63
335,139,32,63
330,139,32,63
301,136,31,65
278,134,38,65
259,135,32,65
233,135,35,61
212,138,29,60
183,139,29,60
158,143,38,61
135,143,38,61
110,140,38,61
88,140,38,61
64,139,38,61
42,139,38,61
42,139,32,59
76,143,32,59
99,143,32,59
118,140,32,59
148,139,32,59
166,139,29,58
195,139,29,58
214,139,29,58
241,137,29,58
262,136,29,58
286,135,29,58
310,135,29,58
331,137,29,58
341,142,25,53
303,141,25,53
296,141,25,53
262,139,25,53
223,136,25,53
218,135,25,53
188,135,25,53
171,136,25,53
144,138,25,53
118,129,38,67
89,129,38,67
71,131,38,67
52,133,31,67
45,136,30,63
76,137,30,63
93,137,30,63
116,136,30,63
135,143,39,57
161,142,31,57
190,142,31,57
211,134,31,57
235,132,31,57
256,132,31,57
280,133,31,57
303,127,31,57
322,128,31,57
341,132,25,57
307,133,25,57
297,133,25,57
260,133,25,57
253,135,25,57
220,135,25,57
186,135,25,57
176,133,25,57
142,134,25,57
125,131,29,64
99,131,29,64
75,131,29,64
53,132,29,64
42,132,24,64
75,134,24,64
82,134,24,64
117,132,25,57
131,133,25,57
161,131,25,57
172,131,25,57
205,134,25,57
229,134,25,57
252,134,25,57
277,134,25,57
300,134,25,57
324,134,25,57
339,134,25,57
335,135,25,57
338,134,25,57
336,135,25,57
336,135,25,57
336,135,25,57
336,135,25,57
336,135,25,57
336,135,24,55
336,135,24,55
336,135,24,55
335,135,24,55
335,135,24,55
335,135,24,55
335,135,24,55
335,135,24,55
335,135,24,55
335,135,23,53
335,135,23,53
333,135,23,53
333,135,23,53
333,135,23,53
333,135,23,53
333,135,23,53
333,135,23,53
333,135,23,53
333,135,23,53
333,135,23,51
333,135,23,51
333,135,23,51
331,134,23,51
331,134,23,51
331,134,23,51
331,134,23,51
331,134,23,51
331,134,23,51
331,134,23,51
331,134,23,51
331,134,23,51
331,134,23,51
331,134,23,51
331,134,23,51
331,134,21,51
331,132,21,53
331,132,21,53
331,132,21,53
331,132,21,53
331,132,21,53
331,132,21,53
331,132,21,53
331,132,21,53
331,132,21,53
331,134,22,50
331,134,22,50
331,134,22,50
331,134,22,50
331,134,22,50
330,133,22,50
330,133,22,50
330,133,22,50
330,133,22,50
330,133,22,50
330,131,22,50
330,131,22,50
330,131,22,50
330,131,22,50
330,131,22,50
330,131,22,50
330,131,22,50
330,131,22,50
330,131,22,50
330,131,22,50
330,131,22,50
330,131,22,50
330,131,22,50
330,131,22,50
330,131,22,50
330,131,22,50
330,131,22,50
330,131,22,50
330,131,22,50
330,131,22,50
329,131,22,50
329,131,22,50
329,131,22,50
329,131,22,50
329,131,22,50
329,131,22,50
329,131,22,50
329,131,22,50
329,131,22,50
329,131,22,50
329,131,22,50
329,131,22,50
329,131,22,50
329,129,23,49
329,129,23,49
329,129,23,49
329,129,23,49
329,129,23,49
329,129,23,49
329,129,23,49
329,129,23,49
329,129,23,49
329,129,23,49
329,129,23,49
329,129,23,49
329,129,23,49
329,129,23,49
329,129,23,49
329,129,23,49
329,129,23,49
333,129,23,49
333,129,23,49
333,129,23,49
333,129,23,49
333,129,23,49
333,127,23,49
333,127,23,49
333,127,23,49
333,127,23,49
333,127,23,49
333,127,23,49
333,127,23,49
333,127,23,49
335,126,23,49
335,126,23,49
335,126,23,49
335,126,23,49
335,126,23,49
335,126,23,49
335,126,23,49
335,126,23,49
335,126,23,49
335,126,23,49
335,126,23,49
336,125,23,49
336,125,23,49
336,125,23,49
336,125,23,49
338,125,23,49
338,125,23,49
338,123,23,49
338,123,23,49
338,123,23,49
338,123,23,49
338,123,23,49
338,123,23,49
338,123,23,49
338,123,23,49
338,123,23,49
338,123,23,49
343,125,20,49
343,125,20,49
341,122,20,49
341,122,20,49
341,122,20,49
341,122,20,49
341,122,20,49
343,122,20,49
343,122,20,49
343,122,20,49
343,122,20,49
343,122,20,49
347,121,20,49
347,121,20,49
347,121,20,49
347,121,20,49
347,121,20,49
347,121,20,49
347,121,20,49
347,121,20,49
347,121,20,49
347,121,20,49
347,121,20,49
347,121,20,49
347,121,20,49
350,121,20,49
350,121,20,49
350,121,20,49
350,121,20,49
350,121,20,49
350,121,20,49
350,121,24,53
350,121,24,53
350,121,24,53
348,127,24,53
348,127,24,53
348,127,24,53
348,127,24,53
348,127,24,53
348,127,24,53
348,127,24,53
348,127,24,53
348,127,24,53
348,127,24,53
348,127,24,53
348,127,24,53
348,127,24,53
