260 171 278 236
259 171 277 237
257 171 276 237
254 171 275 236
254 171 274 237
254 171 272 238
253 172 272 237
252 172 270 237
249 172 269 237
249 172 268 237
247 172 266 237
247 171 266 236
246 171 266 236
244 170 265 236
244 173 263 237
241 173 262 236
241 173 262 236
239 172 261 237
238 171 260 237
237 171 260 236
238 174 258 236
237 174 259 237
238 173 260 237
239 173 260 237
238 174 260 235
237 172 260 235
238 173 260 236
238 173 259 236
238 172 259 236
237 174 259 236
238 174 257 235
238 173 257 235
237 173 254 236
236 174 257 234
236 173 258 235
237 175 257 235
234 175 256 233
235 173 257 235
236 173 257 234
235 173 257 233
234 175 257 234
232 174 255 233
232 174 255 234
232 175 254 234
231 175 253 235
231 174 253 234
231 174 254 234
230 175 252 233
231 175 253 232
231 176 252 232
230 174 251 233
230 175 253 233
230 175 251 233
230 174 252 232
229 176 251 231
229 176 250 233
226 175 248 233
227 175 248 232
227 175 248 232
226 175 247 232
227 176 247 232
226 175 247 233
227 175 247 231
225 174 247 231
226 175 247 232
227 174 247 233
223 176 246 232
225 175 246 231
224 176 245 230
224 176 245 232
225 174 245 231
223 175 243 230
225 175 244 231
224 175 244 232
225 176 244 231
224 175 245 231
226 176 244 231
226 175 243 231
226 174 244 231
225 176 244 231
225 176 245 231
225 176 245 232
224 176 244 231
225 175 245 230
225 175 244 231
224 176 246 231
225 175 245 232
226 177 246 231
227 175 247 229
229 176 247 230
227 176 247 230
228 175 248 229
229 177 249 229
228 176 246 228
228 177 248 228
229 177 249 228
229 175 249 228
229 177 249 228
230 177 250 229
230 176 250 229
233 177 251 229
232 176 251 228
233 175 252 228
234 176 252 229
233 175 254 227
234 176 252 227
236 177 254 227
234 176 254 227
234 176 253 228
234 175 255 226
235 175 254 227
235 177 253 227
236 177 255 228
238 176 252 230
239 175 257 226
239 176 257 226
239 176 258 228
239 176 258 226
239 175 258 225
239 177 258 227
239 177 259 227
238 177 258 226
239 176 259 227
239 176 259 227
239 176 260 226
240 178 259 226
