330,182,25,78
328,182,25,78
328,182,25,78
328,183,24,78
325,183,27,78
325,183,27,78
325,183,27,78
325,183,27,78
325,184,27,78
325,184,27,78
325,184,27,78
325,184,27,78
325,184,27,78
325,184,27,78
325,184,27,78
325,184,27,78
325,184,27,78
325,184,27,78
325,186,27,78
325,186,27,78
325,186,27,78
325,186,27,78
325,186,27,78
325,186,27,78
325,186,27,78
325,186,27,78
325,186,29,80
326,186,29,80
328,188,29,80
329,188,28,80
330,188,27,80
331,188,27,80
331,188,27,80
331,188,27,80
331,188,27,80
333,189,29,80
333,189,29,80
333,189,29,80
333,191,29,78
333,191,29,78
333,191,29,78
333,191,29,82
333,191,29,82
333,191,29,82
333,193,29,80
335,192,29,80
335,195,31,80
335,195,31,80
337,195,32,81
341,196,32,81
344,197,32,81
347,195,32,81
348,195,31,82
350,196,29,81
351,197,29,81
353,198,29,78
354,198,31,80
354,198,31,80
361,201,28,82
361,201,28,82
364,200,25,81
364,200,25,81
364,199,30,81
364,199,30,81
367,198,30,81
367,198,30,81
369,200,30,81
369,200,30,81
371,200,30,81
373,202,30,81
373,202,30,81
376,201,30,81
377,203,30,81
378,201,30,83
378,201,30,83
379,201,30,83
380,201,30,83
380,201,30,83
380,201,30,83
382,205,30,83
382,205,30,86
382,205,30,86
382,205,30,86
382,205,30,86
382,205,30,86
382,205,30,86
382,205,30,86
384,205,30,86
385,206,30,86
385,206,30,86
385,208,30,86
387,209,30,86
389,209,30,86
389,209,30,86
390,209,30,86
393,209,30,86
393,209,30,86
394,211,30,86
394,211,30,86
394,211,30,86
397,211,30,86
397,211,30,86
397,211,30,86
397,211,30,86
399,211,30,86
399,211,30,86
399,211,30,86
402,211,30,86
404,213,30,86
404,213,30,86
404,213,30,86
407,216,30,86
407,216,30,86
407,216,30,86
411,217,30,86
413,216,30,86
413,216,30,86
413,216,30,86
415,214,30,86
415,215,30,88
415,215,30,88
415,215,30,88
415,218,30,88
415,218,30,88
415,218,30,88
415,218,30,88
418,217,30,88
418,217,30,88
418,217,30,88
418,217,30,88
418,217,30,88
418,217,33,92
418,221,36,89
422,221,27,89
422,221,27,89
422,221,27,89
423,221,27,89
424,221,27,89
424,221,27,89
427,222,27,89
427,222,27,89
427,222,27,89
428,222,27,89
428,222,27,89
430,222,27,89
430,222,27,89
430,222,27,89
430,222,27,89
432,222,29,90
432,222,29,90
433,224,32,90
433,224,32,90
436,224,33,91
446,227,33,91
446,227,33,91
446,227,33,91
446,227,33,91
450,234,25,88
450,234,25,88
452,234,25,88
452,234,25,88
452,234,25,88
452,234,25,88
452,234,25,88
449,234,29,88
449,234,29,88
447,235,29,88
447,235,29,88
445,236,29,88
443,237,29,88
439,237,29,88
436,238,29,88
436,238,29,88
435,238,29,88
433,238,29,88
431,238,29,88
430,234,29,88
421,234,33,91
421,234,33,91
421,234,33,91
419,232,33,94
418,233,30,94
415,233,30,94
415,233,30,94
415,233,30,94
412,233,30,94
411,234,30,94
411,234,30,94
409,234,30,94
409,234,30,94
407,235,30,94
407,235,30,94
407,235,30,94
407,235,30,94
407,235,30,94
407,235,30,94
407,235,30,94
406,235,30,94
406,235,30,94
406,235,30,94
402,235,35,94
402,235,35,94
401,238,35,94
401,238,35,94
398,240,35,94
398,237,32,101
398,237,32,101
398,237,32,101
396,236,32,101
396,236,32,101
395,238,32,101
395,239,32,101
395,242,35,98
395,245,35,98
395,245,35,98
395,245,35,98
395,245,35,98
396,245,35,98
396,245,35,98
396,245,35,98
396,245,35,98
396,245,35,98
396,245,35,98
396,245,35,98
395,250,35,98
394,254,35,98
394,250,35,102
394,250,35,102
394,250,35,102
394,250,35,102
394,250,35,102
394,250,35,102
397,250,35,102
397,254,35,102
399,254,35,102
399,254,35,102
401,255,35,102
403,256,35,102
405,256,35,102
405,254,36,102
407,254,33,102
407,254,37,102
407,258,37,102
409,259,37,102
410,259,37,102
412,259,36,107
412,262,36,107
412,262,36,107
414,262,36,107
414,262,36,107
414,262,36,107
416,263,36,107
416,263,39,107
418,266,39,107
421,267,39,107
421,267,39,107
423,268,39,107
423,268,39,107
426,271,40,110
426,271,40,110
428,274,36,111
428,276,37,110
428,276,37,110
428,276,37,110
429,276,37,110
433,276,40,109
433,276,40,109
436,276,40,110
436,276,40,110
436,276,40,110
440,278,40,110
446,278,35,110
446,279,37,110
446,279,37,110
448,280,37,110
448,284,37,110
448,287,39,119
448,287,39,119
448,287,39,119
448,287,39,119
448,287,39,119
448,287,39,119
450,287,39,119
450,287,39,119
450,287,39,119
452,287,39,119
453,293,38,118
453,293,38,118
453,293,38,118
453,293,38,118
453,293,38,118
450,291,33,118
450,291,33,118
450,291,33,118
450,291,33,118
450,291,33,118
450,291,33,118
450,291,33,118
450,291,33,118
447,291,33,118
446,291,33,118
446,291,33,118
446,291,33,118
446,291,33,118
443,291,38,115
439,291,38,115
439,291,38,115
439,291,38,115
435,289,38,115
435,289,38,115
431,289,38,115
429,288,38,115
429,288,38,115
424,287,42,113
424,287,41,113
423,287,41,113
423,287,41,113
423,287,41,113
423,287,41,113
423,285,41,113
423,285,41,113
423,283,41,113
423,280,41,111
423,279,41,111
422,277,41,111
422,277,41,111
422,277,41,110
422,277,41,110
422,277,38,108
422,277,38,108
420,276,38,108
419,272,38,108
418,270,38,108
418,270,38,108
418,270,38,108
418,270,38,108
416,270,38,108
416,270,38,108
416,270,38,108
416,270,38,108
416,270,38,108
420,264,33,105
420,264,33,105
420,264,36,104
421,254,36,109
422,257,33,108
422,256,36,104
422,254,35,102
423,253,32,102
423,253,32,102
423,253,32,102
424,250,32,102
424,250,32,102
424,250,32,102
428,249,35,102
428,247,35,102
429,244,35,102
430,242,35,102
430,242,35,102
430,242,35,102
432,243,35,102
432,243,35,102
432,243,35,102
432,243,35,102
431,242,35,102
431,242,35,102
430,237,35,102
432,237,35,102
432,237,35,102
432,237,35,102
433,236,35,102
433,236,35,102
433,236,35,102
438,235,35,102
438,235,35,102
438,235,35,102
440,233,35,102
440,233,35,102
443,231,35,102
443,231,35,102
445,231,35,102
445,231,35,102
445,231,35,102
447,230,31,101
447,230,31,101
447,230,31,101
448,228,31,101
448,228,31,101
448,228,31,101
448,228,31,101
449,227,31,101
449,227,31,101
449,227,31,101
461,225,31,101
461,225,31,101
461,225,31,101
461,225,31,101
461,225,31,101
464,225,31,101
464,225,31,101
464,221,31,101
464,221,31,101
464,221,31,101
464,220,31,101
464,220,31,101
464,220,31,101
464,220,31,101
464,220,31,101
464,220,31,101
464,220,31,101
461,216,31,101
461,216,31,101
461,216,31,101
460,214,31,101
460,214,31,101
450,215,37,101
450,215,37,101
439,235,40,81
437,234,35,77
432,233,31,78
428,224,31,86
428,224,31,86
426,224,31,86
426,224,31,86
422,224,31,86
420,224,31,86
418,224,31,86
412,221,31,86
412,221,31,86
412,221,31,86
412,221,31,86
412,221,31,86
412,221,31,86
412,221,31,86
412,221,31,86
412,218,31,86
412,218,31,86
412,218,31,86
412,218,31,86
412,218,31,86
412,218,31,86
412,218,31,86
412,218,31,86
412,218,31,86
412,218,31,86
412,218,31,86
412,215,31,86
412,215,31,86
412,215,31,86
412,215,31,86
412,215,31,86
410,214,31,86
410,214,31,86
410,214,31,86
406,211,31,86
406,211,31,86
406,211,31,86
406,211,31,86
410,211,31,86
411,209,31,86
415,209,31,86
415,209,31,86
415,209,31,86
415,209,31,86
415,209,31,86
415,209,31,86
416,209,31,86
416,209,31,86
419,206,31,86
419,206,31,86
421,204,31,86
421,204,31,86
424,203,31,86
424,203,31,86
424,203,31,86
424,203,31,86
431,203,28,86
431,203,28,86
435,202,28,86
435,202,28,86
435,202,28,86
435,202,28,86
437,201,28,86
437,201,28,86
437,201,28,86
437,201,28,86
440,199,28,86
440,199,28,86
440,199,28,86
440,199,28,86
440,199,28,86
446,197,28,86
446,197,28,86
446,197,28,86
446,197,28,86
446,197,28,86
446,197,28,86
446,197,28,86
448,194,28,86
448,194,28,86
448,194,28,86
448,194,28,86
448,194,28,86
448,194,28,86
448,194,28,86
448,194,28,86
448,193,28,86
448,193,28,86
448,193,28,86
448,193,28,86
448,193,28,86
452,189,28,86
452,189,28,86
452,189,28,86
448,188,28,86
448,188,28,86
448,188,28,86
448,188,28,86
448,188,28,86
448,188,28,86
448,188,28,86
448,188,28,86
452,186,28,86
452,186,28,86
452,186,28,86
452,186,28,86
450,184,28,86
450,184,28,86
450,184,28,86
450,184,28,86
450,184,28,86
445,185,32,88
445,185,32,88
440,183,32,88
440,198,30,73
437,198,30,73
437,198,30,73
437,198,30,73
433,198,30,73
433,198,30,73
424,198,30,73
424,198,30,73
418,194,36,73
418,194,36,73
413,194,36,73
413,194,36,73
405,193,36,73
402,187,32,78
399,187,32,78
395,188,32,78
395,188,32,78
384,188,32,78
384,188,32,78
380,188,32,78
380,188,32,78
380,188,32,78
380,188,32,78
376,187,32,78
376,187,32,78
365,187,32,78
365,187,32,78
365,187,32,78
365,187,32,78
360,187,32,78
360,187,32,78
350,187,32,78
348,185,32,78
348,185,32,78
347,185,32,78
347,185,32,78
341,185,30,78
341,185,30,78
338,185,30,78
338,185,30,78
334,185,30,78
334,185,30,78
329,184,30,78
327,183,30,78
327,183,30,78
324,183,30,78
321,181,30,78
321,181,30,78
318,181,30,78
318,181,30,78
316,181,30,78
316,181,30,78
313,180,30,78
313,180,30,78
313,180,30,78
309,180,30,78
309,180,30,78
309,178,30,78
309,178,30,78
305,177,30,78
305,177,30,78
305,177,30,78
305,177,30,78
302,175,30,78
302,175,30,78
302,175,30,78
302,175,30,78
302,175,30,78
302,175,30,78
302,175,30,78
302,175,30,78
302,175,30,78
304,174,30,78
304,174,30,78
304,174,30,78
304,174,30,78
304,174,30,78
304,174,30,78
304,174,30,78
302,172,30,78
302,172,30,78
302,172,30,78
300,173,30,78
300,173,30,78
300,173,30,78
300,173,30,78
300,173,30,78
296,173,30,78
296,173,30,78
293,173,27,74
293,173,27,74
293,173,27,74
293,173,27,74
293,173,25,75
293,173,25,75
293,173,25,75
291,173,25,75
291,173,25,75
291,173,25,75
291,173,25,75
291,173,25,75
291,173,23,74
291,173,23,74
287,173,25,74
287,173,25,74
288,172,27,73
288,172,27,73
288,172,27,73
288,172,27,73
288,172,27,73
288,172,27,73
288,172,27,73
288,172,27,73
288,172,27,73
288,172,27,73
288,172,27,73
288,172,27,73
288,172,27,73
288,172,27,73
288,172,27,73
288,172,27,73
288,172,27,73
288,172,27,73
288,172,27,73
291,172,27,73
291,172,27,73
295,171,27,73
295,171,27,73
299,171,27,73
299,171,27,73
302,172,27,73
302,172,27,73
305,171,27,73
305,171,27,73
309,171,27,73
314,172,27,73
314,172,27,73
317,172,27,73
317,172,27,73
319,171,27,73
319,171,27,73
319,171,27,73
322,173,27,73
326,172,27,73
326,172,27,73
334,172,27,73
334,172,27,73
334,172,27,73
334,172,27,73
339,171,27,73
343,173,27,73
343,173,27,73
343,173,27,73
343,173,27,73
343,173,27,73
343,173,27,73
348,172,27,73
348,172,27,73
355,172,25,73
355,172,25,73
358,172,25,73
360,172,25,73
367,172,25,73
367,172,25,73
367,172,25,73
368,171,25,73
368,171,25,73
370,171,25,73
370,171,25,73
376,171,25,73
376,171,25,73
380,171,25,73
380,171,25,73
380,171,25,73
382,171,25,73
382,171,25,73
386,171,25,73
386,171,25,73
386,171,25,73
390,172,25,73
390,172,25,73
393,172,25,73
397,172,25,73
398,172,25,73
399,171,27,69
399,171,27,69
402,173,27,69
405,173,21,69
405,173,21,69
405,173,21,69
405,173,21,69
405,173,21,69
407,173,21,69
407,173,21,69
407,173,21,69
407,173,21,69
414,173,21,69
414,173,21,69
418,172,21,69
418,172,21,69
421,173,21,69
421,173,21,69
421,173,21,69
421,173,21,69
421,173,21,69
422,173,21,69
422,173,21,69
426,173,21,69
430,175,21,69
430,175,21,69
433,174,21,69
433,174,21,69
431,174,21,69
431,174,21,69
431,174,21,69
431,174,21,69
431,174,21,69
431,174,21,69
429,166,21,69
429,166,21,69
429,166,21,69
429,166,21,69
426,165,21,69
426,165,21,69
423,164,21,69
423,164,21,69
420,164,21,69
420,164,21,69
412,168,21,69
412,168,21,69
412,168,21,69
411,168,21,69
409,171,24,69
409,171,24,69
402,172,24,69
402,172,24,69
399,172,24,69
397,172,24,69
395,172,24,69
395,172,24,69
392,172,24,69
392,172,24,69
386,173,24,69
386,173,24,69
384,173,24,69
381,172,24,69
381,172,24,69
378,173,24,69
378,173,24,69
375,173,24,69
375,173,24,69
373,173,24,69
373,173,24,69
369,173,24,69
365,173,24,69
365,173,24,69
362,172,24,69
358,172,24,69
354,174,24,69
354,174,24,69
354,174,24,69
350,174,27,69
348,174,27,69
348,174,27,69
341,173,27,69
341,173,27,69
334,173,27,69
334,173,27,69
333,175,20,68
333,175,20,68
331,173,20,68
328,173,20,68
328,173,20,68
326,173,20,68
322,173,20,68
322,173,20,68
317,173,24,71
317,173,24,71
313,173,24,71
297,173,35,73
297,173,31,73
297,173,25,73
292,173,25,73
292,173,25,73
288,172,25,73
288,172,25,73
288,172,25,73
282,172,25,73
282,172,25,73
282,172,25,73
276,172,29,72
276,172,29,72
268,172,29,72
268,172,29,72
263,172,29,72
263,172,29,72
263,172,29,72
260,175,29,72
260,175,29,72
260,175,29,72
260,175,29,72
260,175,29,72
260,175,29,72
260,175,29,72
260,175,29,72
260,175,29,72
260,175,29,72
260,175,29,72
260,175,29,72
260,175,29,72
260,175,29,72
260,175,29,72
261,175,29,72
263,174,29,72
263,174,29,72
267,179,28,67
267,179,28,67
271,174,29,71
271,174,29,71
275,172,29,71
275,172,29,71
279,174,29,71
279,174,29,71
283,174,29,71
283,174,29,71
286,174,29,71
291,173,25,70
291,173,25,70
294,173,25,70
294,173,25,70
299,173,25,70
299,173,25,70
302,172,25,70
302,172,25,70
309,172,25,70
309,172,25,70
314,172,25,70
314,172,25,70
317,173,25,70
317,173,25,70
317,173,25,70
317,173,25,70
319,173,25,70
319,173,25,70
320,173,29,72
324,173,29,72
326,173,29,72
331,173,29,72
334,172,29,72
334,172,29,72
334,172,29,72
334,172,29,72
334,172,29,72
334,172,29,72
339,172,29,72
339,172,29,72
344,172,29,72
344,172,29,72
346,172,29,72
359,170,29,72
359,170,29,72
359,170,29,72
363,171,29,72
363,171,29,72
363,171,29,72
367,171,29,72
367,171,29,72
371,171,29,72
371,171,29,72
371,171,29,72
377,170,29,72
377,170,29,72
377,170,29,72
377,170,29,72
377,170,29,72
384,170,29,72
384,170,29,72
384,170,29,72
384,170,29,72
384,170,29,72
384,170,29,72
384,170,29,72
387,169,29,72
387,169,29,72
387,169,29,72
387,169,29,72
387,169,29,72
387,169,29,72
387,169,29,72
387,169,29,72
387,169,29,72
387,169,29,72
387,169,29,72
387,169,29,72
387,169,29,72
387,169,29,72
387,169,29,72
387,169,29,72
387,169,29,72
387,169,29,72
387,169,29,72
387,169,29,72
387,169,29,72
387,169,29,72
387,169,29,72
384,176,29,72
384,176,29,72
384,176,29,72
384,176,29,72
384,176,29,72
381,176,29,72
381,176,29,72
381,176,29,72
381,176,29,72
376,176,29,72
376,176,29,72
376,176,29,72
371,177,29,72
371,177,29,72
371,177,29,72
371,177,29,72
371,177,29,72
371,177,25,72
368,177,25,72
365,179,25,72
365,179,29,76
362,179,29,76
359,178,29,76
355,177,29,76
355,177,29,76
355,177,29,76
352,176,29,76
352,176,29,76
351,180,29,76
350,180,29,76
350,180,29,76
350,180,29,76
344,180,29,76
344,180,29,76
344,180,29,76
342,180,29,76
342,180,29,76
342,180,29,76
336,179,29,76
336,179,29,76
336,179,29,76
333,180,29,76
333,180,29,76
329,180,29,76
329,180,29,76
329,180,29,76
329,180,29,76
324,182,29,76
324,182,29,76
324,182,29,76
324,182,29,76
324,182,29,76
324,182,29,76
321,185,29,76
318,183,29,76
318,183,29,76
318,183,29,76
318,183,29,76
318,183,29,76
318,183,29,76
318,183,29,76
318,183,29,76
316,184,29,76
316,184,29,76
316,184,29,76
316,184,29,76
316,184,29,76
316,184,29,76
316,184,29,76
316,184,29,76
316,184,29,76
316,184,29,76
316,186,29,76
316,186,29,76
317,188,29,76
317,188,29,76
317,188,29,76
320,188,29,76
320,188,29,76
320,188,29,76
320,188,31,81
320,188,31,81
320,188,31,81
322,188,31,81
322,188,31,81
322,188,31,81
328,190,31,81
328,190,31,81
331,191,31,81
331,191,31,81
333,193,31,81
333,193,31,81
335,193,31,81
335,193,31,81
342,195,31,81
342,195,31,81
342,195,31,81
342,195,31,81
342,195,31,81
350,196,31,81
350,196,31,81
350,196,31,81
352,198,31,81
352,198,31,81
356,198,31,81
356,198,31,81
356,198,31,81
361,200,31,81
361,200,31,81
363,198,31,81
367,198,31,81
369,200,31,81
370,199,31,81
370,199,31,81
370,199,31,81
375,201,31,81
375,201,31,81
377,204,31,81
377,204,31,81
377,204,31,81
380,202,31,81
380,202,31,81
380,202,31,81
382,202,31,81
385,202,31,81
385,202,31,81
384,206,31,81
384,206,31,81
384,206,31,81
384,206,31,81
388,207,31,81
388,207,31,81
388,207,31,81
388,207,31,81
388,207,31,81
388,207,31,81
388,212,31,81
388,212,31,81
390,209,32,85
390,209,32,85
390,209,32,85
390,209,32,85
390,209,32,85
390,209,32,85
390,209,32,85
389,212,32,85
389,212,32,85
389,212,32,85
389,212,32,85
385,212,32,85
385,212,32,85
385,212,32,85
385,212,32,85
384,213,32,85
384,213,32,85
382,214,32,85
379,215,32,85
379,215,32,85
379,215,32,85
377,216,32,85
377,216,32,85
376,215,32,85
376,215,32,85
371,216,32,85
371,216,32,85
371,216,32,85
367,217,32,85
367,217,32,85
362,217,32,85
362,217,32,85
358,217,32,85
358,217,32,85
356,217,32,85
356,217,32,85
355,217,35,92
355,217,35,92
355,217,35,92
351,220,35,92
351,220,35,92
351,220,35,92
351,220,35,92
346,221,35,92
346,221,35,92
344,223,35,92
344,223,35,92
341,223,35,92
338,223,35,92
338,223,35,92
334,224,35,92
334,224,35,92
330,225,35,92
330,225,35,92
327,227,35,92
322,225,35,92
322,225,35,92
316,226,35,92
316,226,35,92
310,230,35,92
305,230,35,92
305,230,35,92
297,231,35,92
297,231,35,92
292,231,35,92
292,231,35,92
287,232,35,92
287,232,35,92
283,233,35,92
283,233,35,92
280,234,35,92
277,234,35,92
277,234,35,92
274,234,35,92
274,234,35,92
263,234,35,92
263,234,35,92
263,234,35,92
248,235,42,92
248,235,42,92
245,236,42,92
245,236,42,92
239,237,42,92
239,237,31,92
235,238,31,92
232,239,31,92
232,239,31,92
232,239,31,92
229,241,31,92
226,242,31,92
226,242,31,92
218,242,31,92
215,244,31,92
211,244,31,92
207,244,31,92
207,244,31,92
199,245,39,94
199,245,39,94
186,250,50,90
184,255,50,90
178,255,50,90
176,257,50,90
174,254,42,95
174,254,42,95
155,255,42,95
149,255,42,95
149,255,36,94
140,254,36,94
140,254,36,94
134,256,36,94
134,256,36,94
122,255,42,97
122,255,42,97
122,255,42,97
122,255,42,97
122,255,42,97
122,255,36,97
122,255,36,97
117,254,29,97
117,254,29,97
117,254,29,97
117,254,29,97
117,254,29,97
117,254,29,97
114,254,37,95
114,254,37,95
114,258,37,95
120,258,37,95
120,258,37,95
124,258,37,95
124,258,37,95
126,258,37,95
129,258,38,100
129,258,38,100
129,258,38,100
129,258,38,100
132,258,38,100
132,258,38,100
138,258,38,100
138,258,38,100
144,259,38,100
144,259,38,100
148,260,38,100
148,260,38,100
148,260,38,100
154,261,38,100
154,261,38,100
154,261,38,100
163,260,38,100
168,262,38,100
168,262,38,100
171,262,38,100
172,264,38,100
172,264,38,100
176,265,38,100
176,265,38,100
176,265,38,100
182,265,38,100
182,265,38,100
186,266,38,100
186,266,38,100
186,266,38,100
189,266,38,100
189,266,38,100
195,268,38,100
195,268,38,100
201,270,38,100
201,270,38,100
201,270,38,100
210,269,38,100
210,269,38,100
210,269,38,100
216,270,38,100
216,270,38,100
220,270,38,100
220,270,38,100
226,271,38,100
226,271,38,100
229,272,40,103
229,272,40,103
229,272,40,103
236,273,40,103
236,273,40,103
