125 84 148 101
127 84 149 102
127 85 149 103
129 86 151 105
130 86 150 105
131 87 153 106
133 88 153 107
132 88 154 107
133 89 153 108
133 90 155 109
134 89 156 109
135 90 157 110
136 91 158 110
137 92 158 112
138 93 160 112
138 93 160 113
139 94 162 113
140 95 162 114
141 97 163 116
141 95 162 116
140 96 163 116
141 97 164 117
142 97 165 118
141 98 166 118
143 99 166 119
144 100 168 120
144 100 169 122
145 101 169 121
146 103 170 123
148 102 170 124
148 104 170 124
147 104 172 124
148 104 173 125
149 105 173 126
150 106 174 127
150 107 175 128
150 109 175 129
153 110 176 129
153 110 176 131
154 111 177 131
154 111 178 132
154 112 180 134
154 113 180 134
156 114 181 135
156 115 181 137
158 116 181 138
157 116 182 139
158 117 184 139
158 119 184 140
159 121 185 143
159 120 186 143
160 120 185 143
161 122 186 145
162 123 187 145
162 124 188 146
163 124 189 148
165 126 191 149
165 127 190 151
166 128 193 151
166 129 193 152
166 129 192 152
168 130 195 155
169 131 194 156
170 133 196 157
169 133 197 158
171 135 199 160
171 138 199 161
172 137 199 163
173 138 201 164
173 139 203 165
174 139 202 166
174 140 202 168
177 144 207 171
175 144 206 171
177 146 207 172
177 147 208 174
180 149 209 175
181 152 212 179
181 153 213 180
183 154 214 182
184 155 215 184
186 158 218 186
187 159 219 189
187 159 219 187
188 161 221 190
189 161 224 190
190 164 224 193
192 165 227 194
195 167 228 195
197 169 229 194
199 171 231 195
198 171 230 195
201 175 233 198
202 175 234 197
202 177 239 200
204 178 239 203
205 181 241 206
208 184 242 206
209 186 244 207
213 188 246 209
219 187 246 212
223 190 249 211
224 191 248 211
225 193 249 210
226 194 251 209
227 198 252 213
229 199 262 230
238 203 265 236
237 205 269 240
241 206 271 244
245 209 273 245
249 212 277 250
249 215 279 251
251 215 279 252
247 215 282 255
252 218 284 257
251 221 287 261
249 224 292 266
250 228 294 267
253 231 298 270
254 232 300 275
254 233 301 273
257 238 306 278
259 239 308 281
261 241 311 284
