273,211,31,77
273,211,31,77
273,211,31,77
273,211,31,77
275,210,31,77
276,209,30,79
276,209,30,79
276,208,30,79
276,207,30,79
276,207,31,78
276,207,31,78
276,207,31,78
276,207,31,78
276,207,31,78
277,206,31,78
277,206,31,78
278,204,31,78
278,206,31,78
278,204,31,78
278,204,31,78
278,204,31,78
278,204,30,78
278,204,30,77
278,204,30,77
278,204,30,76
278,204,30,76
278,204,30,76
278,202,28,77
278,202,28,77
278,202,28,77
278,202,28,77
278,202,28,77
278,202,28,76
278,202,32,75
278,202,31,74
278,200,32,76
278,200,32,76
278,200,32,76
278,200,32,76
278,200,32,75
278,200,32,75
278,200,32,75
278,200,32,75
278,198,32,79
278,198,32,79
278,198,32,79
278,198,32,79
278,198,31,76
278,198,31,76
278,198,31,76
278,198,31,76
278,198,31,76
278,196,31,76
276,196,31,76
276,196,31,76
276,196,31,76
276,196,30,74
276,196,30,74
276,196,28,73
276,196,28,73
275,196,31,73
275,196,31,72
275,196,31,72
275,196,31,72
273,196,31,72
275,194,31,77
275,194,31,77
271,194,36,77
271,194,36,77
271,194,36,77
271,194,36,77
271,193,33,76
271,193,33,76
271,193,33,76
271,193,33,76
271,193,33,76
271,193,33,76
271,193,33,76
271,193,32,74
271,193,32,74
271,193,32,74
275,193,30,74
275,193,30,74
275,188,30,78
275,188,30,78
275,188,30,78
275,188,30,78
275,188,30,78
275,188,30,78
275,188,32,75
275,188,32,75
275,188,32,75
275,188,32,75
275,188,32,75
275,188,32,75
275,188,32,75
275,188,32,74
275,188,32,74
275,188,32,74
277,188,30,74
277,188,30,74
277,188,30,74
277,188,30,74
277,188,30,74
277,188,30,74
277,188,30,74
277,188,30,74
277,188,30,74
277,188,30,74
277,187,30,74
277,187,30,74
277,187,30,74
277,187,30,74
277,187,30,74
277,187,30,74
277,187,30,74
277,187,30,74
277,187,30,74
277,187,29,69
277,187,29,69
277,187,29,69
267,185,29,69
261,185,29,69
249,185,39,68
251,185,31,68
244,185,33,70
236,185,38,72
234,185,33,70
233,186,33,73
227,186,33,72
223,187,33,72
219,186,35,73
212,186,39,71
217,184,39,71
220,186,39,71
226,186,35,69
231,184,35,69
233,184,38,72
235,184,39,71
241,184,33,71
245,184,35,71
250,185,38,72
252,185,38,72
254,185,45,74
262,184,36,73
267,184,32,73
260,180,38,72
257,180,38,72
253,180,38,71
249,180,40,71
242,180,40,71
242,180,36,72
236,180,40,73
229,180,39,71
229,180,38,71
227,180,33,69
221,180,33,69
219,180,33,69
216,180,33,69
217,180,33,69
221,180,33,69
226,180,33,69
231,179,33,69
233,179,33,69
237,178,33,69
243,180,33,69
248,178,33,69
252,179,33,69
256,177,33,69
258,178,33,69
263,178,33,69
269,179,33,69
267,179,33,69
263,177,33,69
259,178,33,69
255,178,33,69
249,178,33,69
246,176,33,69
242,175,33,69
235,175,33,69
233,174,33,69
229,174,33,69
223,174,33,69
219,174,33,69
218,173,33,69
216,173,33,69
218,173,33,69
225,173,33,69
229,173,33,69
235,173,33,69
239,173,33,69
242,173,33,69
246,173,33,69
254,172,33,69
256,173,33,69
261,173,33,69
267,172,33,69
271,172,33,69
271,172,33,69
265,172,33,69
263,172,33,69
257,172,33,69
255,171,33,69
250,171,33,69
246,172,33,69
242,172,33,69
236,172,33,69
232,171,33,69
227,171,33,69
223,171,36,68
219,171,35,68
214,171,37,67
220,171,37,67
222,170,37,67
228,168,37,67
237,166,28,69
241,166,28,69
246,166,25,66
252,166,25,66
254,165,25,66
259,167,25,66
263,168,25,66
267,170,25,66
273,169,21,57
275,171,21,57
270,171,21,57
265,172,21,57
259,172,21,57
255,171,21,57
249,171,21,57
242,172,21,57
238,171,21,57
231,172,19,57
227,172,19,57
221,170,16,53
216,172,16,53
206,172,24,53
202,172,23,53
205,173,24,51
211,171,24,66
218,167,24,66
222,167,24,66
227,166,24,66
235,166,24,66
241,166,24,66
245,166,25,66
250,166,25,66
258,166,25,66
263,166,25,66
269,165,23,64
275,168,23,64
270,168,23,64
263,166,23,64
259,165,23,64
253,167,23,64
246,165,23,64
240,165,23,64
234,165,23,64
229,165,23,64
225,165,23,64
219,165,23,64
212,164,23,64
206,164,23,64
200,164,23,64
204,164,23,64
209,164,23,64
216,164,23,64
222,164,23,64
227,164,23,64
233,162,23,64
237,166,23,64
245,164,23,64
252,162,23,64
256,162,23,64
262,164,23,64
267,162,23,64
273,164,23,64
271,164,23,64
265,163,23,64
261,164,23,64
255,164,25,64
246,164,25,64
242,164,25,64
236,165,25,63
232,163,25,63
225,163,25,63
219,163,25,63
212,162,25,63
208,162,25,63
202,163,25,63
202,165,25,63
209,165,25,63
214,162,25,63
222,160,25,63
227,160,25,63
231,162,25,63
237,161,25,63
243,162,25,63
250,160,25,63
256,160,25,63
261,159,25,63
269,159,25,63
271,160,25,63
275,160,25,63
265,160,25,63
261,160,25,63
249,160,25,63
242,159,25,63
234,159,25,63
229,162,25,65
219,162,25,65
208,163,25,65
204,163,25,65
193,163,25,65
185,162,25,65
178,164,25,65
172,163,25,65
181,161,25,65
190,161,25,65
201,161,25,65
209,161,25,65
220,159,25,65
226,158,25,65
237,158,25,65
245,156,25,65
254,157,27,61
263,158,27,61
273,156,27,61
282,156,27,61
288,157,27,61
278,156,27,61
272,156,27,61
261,158,28,60
255,157,28,60
246,156,28,60
240,159,29,60
232,159,29,60
221,160,31,60
217,159,31,60
208,159,29,61
198,161,29,57
191,160,30,57
185,160,30,57
193,160,30,57
203,160,30,57
212,159,30,57
222,160,30,57
229,158,30,57
239,156,30,57
248,157,33,58
256,155,33,58
267,156,33,58
275,155,33,58
284,155,33,58
292,155,33,58
301,153,33,58
295,153,33,58
287,154,33,58
280,154,33,58
272,155,33,58
263,154,33,58
257,154,33,58
246,154,33,58
240,154,33,58
234,156,33,58
225,156,29,57
219,156,29,57
210,155,29,57
200,155,29,57
204,154,29,57
216,154,29,57
224,155,29,57
233,153,29,57
243,156,29,57
252,153,29,57
261,153,29,57
269,154,29,57
275,152,29,57
288,153,29,57
299,151,29,57
307,151,29,57
316,151,29,57
316,151,29,57
289,147,29,57
268,151,29,57
244,151,29,57
221,152,29,57
200,149,29,57
176,149,29,57
153,149,29,57
129,145,29,57
106,144,29,57
83,142,29,57
65,143,29,57
38,145,29,57
30,155,29,57
63,149,29,57
86,149,29,57
110,148,29,57
131,147,29,57
156,149,29,57
178,148,29,57
201,149,29,57
226,150,29,57
248,147,29,57
275,147,29,57
296,144,29,57
316,143,29,57
328,149,29,57
310,143,29,57
285,145,29,57
259,147,25,57
240,143,25,57
215,150,25,57
195,144,25,57
172,146,25,57
147,147,25,57
123,149,25,57
93,144,31,61
72,144,31,61
49,143,31,61
32,154,31,61
65,149,31,61
75,157,31,61
104,149,27,55
129,149,27,55
156,152,27,55
178,147,27,55
201,146,27,55
229,146,27,55
246,145,27,55
271,143,27,55
290,148,27,55
313,146,27,55
333,150,27,55
330,148,27,55
295,145,27,55
270,145,27,55
251,149,27,55
219,150,27,55
206,151,27,55
176,146,27,55
155,146,30,57
132,146,32,60
102,146,32,60
85,145,36,59
64,142,32,63
40,148,32,63
55,145,32,63
78,151,32,63
107,149,32,63
117,144,32,63
154,143,32,63
175,139,32,63
195,140,32,63
222,139,32,63
241,139,32,63
271,139,32,63
288,140,32,63
316,139,32,63
337,138,32,63
333,139,32,63
297,139,32,63
291,139,32,63
255,139,32,63
238,136,31,65
204,134,38,65
181,135,32,65
164,135,35,61
142,146,29,60
123,147,29,60
93,143,38,61
68,143,38,61
49,140,38,61
47,140,38,61
80,153,38,61
93,153,38,61
127,147,32,59
152,143,32,59
171,143,32,59
197,140,32,59
214,139,32,59
245,139,29,58
267,139,29,58
290,139,29,58
311,137,29,58
330,138,29,58
337,143,29,58
304,141,29,58
291,139,29,58
261,142,25,53
249,141,25,53
218,141,25,53
200,139,25,53
170,138,25,53
149,147,25,53
127,145,25,53
102,148,25,53
81,154,25,53
51,145,38,67
40,147,38,67
75,137,38,67
89,143,31,67
120,136,30,63
150,137,30,63
163,139,30,63
194,140,30,63
203,141,39,57
237,142,31,57
254,142,31,57
284,140,31,57
303,144,31,57
326,142,31,57
333,133,31,57
305,139,31,57
295,138,31,57
263,144,25,57
253,143,25,57
221,141,25,57
208,151,25,57
174,145,25,57
153,149,25,57
136,145,25,57
102,145,25,57
85,144,25,57
57,143,29,64
40,147,29,64
49,143,29,64
84,142,29,64
118,142,24,64
129,134,24,64
163,140,24,64
172,142,25,57
205,142,25,57
233,138,25,57
252,136,25,57
282,132,25,57
299,137,25,57
321,133,25,57
338,134,25,57
331,138,25,57
337,133,25,57
334,135,25,57
335,135,25,57
338,134,25,57
336,135,25,57
336,135,25,57
336,135,25,57
336,135,25,57
336,135,25,57
336,135,24,55
336,135,24,55
336,135,24,55
335,135,24,55
335,135,24,55
335,135,24,55
335,135,24,55
335,135,24,55
335,135,24,55
335,135,23,53
335,135,23,53
333,135,23,53
333,135,23,53
333,135,23,53
333,135,23,53
333,135,23,53
333,135,23,53
333,135,23,53
333,135,23,53
333,135,23,51
333,135,23,51
333,135,23,51
331,134,23,51
331,134,23,51
331,134,23,51
331,134,23,51
331,134,23,51
331,134,23,51
331,134,23,51
331,134,23,51
331,134,23,51
331,134,23,51
331,134,23,51
331,134,23,51
331,134,21,51
331,132,21,53
331,132,21,53
331,132,21,53
331,132,21,53
331,132,21,53
331,132,21,53
331,132,21,53
331,132,21,53
331,132,21,53
331,134,22,50
331,134,22,50
331,134,22,50
331,134,22,50
331,134,22,50
330,133,22,50
330,133,22,50
330,133,22,50
330,133,22,50
330,133,22,50
330,131,22,50
330,131,22,50
330,131,22,50
330,131,22,50
330,131,22,50
330,131,22,50
330,131,22,50
330,131,22,50
330,131,22,50
330,131,22,50
330,131,22,50
330,131,22,50
330,131,22,50
330,131,22,50
330,131,22,50
330,131,22,50
330,131,22,50
330,131,22,50
330,131,22,50
330,131,22,50
329,131,22,50
329,131,22,50
329,131,22,50
329,131,22,50
329,131,22,50
329,131,22,50
329,131,22,50
329,131,22,50
329,131,22,50
329,131,22,50
329,131,22,50
329,131,22,50
329,131,22,50
329,129,23,49
329,129,23,49
329,129,23,49
329,129,23,49
329,129,23,49
329,129,23,49
329,129,23,49
329,129,23,49
329,129,23,49
329,129,23,49
329,129,23,49
329,129,23,49
329,129,23,49
329,129,23,49
329,129,23,49
329,129,23,49
329,129,23,49
333,129,23,49
333,129,23,49
333,129,23,49
333,129,23,49
333,129,23,49
333,127,23,49
333,127,23,49
333,127,23,49
333,127,23,49
333,127,23,49
333,127,23,49
333,127,23,49
333,127,23,49
335,126,23,49
335,126,23,49
335,126,23,49
335,126,23,49
335,126,23,49
335,126,23,49
335,126,23,49
335,126,23,49
335,126,23,49
335,126,23,49
335,126,23,49
336,125,23,49
336,125,23,49
336,125,23,49
336,125,23,49
338,125,23,49
338,125,23,49
338,123,23,49
338,123,23,49
338,123,23,49
338,123,23,49
338,123,23,49
338,123,23,49
338,123,23,49
338,123,23,49
338,123,23,49
338,123,23,49
343,125,20,49
343,125,20,49
341,122,20,49
341,122,20,49
341,122,20,49
341,122,20,49
341,122,20,49
343,122,20,49
343,122,20,49
343,122,20,49
343,122,20,49
343,122,20,49
347,121,20,49
347,121,20,49
347,121,20,49
347,121,20,49
347,121,20,49
347,121,20,49
347,121,20,49
347,121,20,49
347,121,20,49
347,121,20,49
347,121,20,49
347,121,20,49
347,121,20,49
350,121,20,49
350,121,20,49
350,121,20,49
350,121,20,49
350,121,20,49
350,121,20,49
350,121,24,53
350,121,24,53
350,121,24,53
348,127,24,53
348,127,24,53
348,127,24,53
348,127,24,53
348,127,24,53
348,127,24,53
348,127,24,53
348,127,24,53
345,121,24,53
348,122,24,53
