214,164,14,20
212,164,14,20
212,164,14,20
215,164,14,20
215,164,14,20
219,166,14,20
218,166,18,21
218,166,18,21
221,166,15,21
223,166,15,21
223,164,16,24
223,164,16,24
224,164,19,24
224,164,19,24
235,168,17,23
235,167,19,27
237,167,18,27
239,166,17,27
241,169,16,23
243,166,14,27
241,167,16,25
244,167,16,28
242,164,16,28
245,164,13,27
246,164,13,27
250,166,13,27
248,167,17,26
255,167,16,28
257,168,17,28
259,169,17,28
262,168,18,27
267,170,16,27
275,170,18,28
280,170,18,28
282,168,16,30
286,170,16,30
285,170,17,31
285,168,19,32
285,168,19,32
285,168,19,32
285,168,19,32
285,168,19,32
287,171,17,29
286,171,17,31
285,168,19,32
285,172,18,29
286,170,18,30
285,168,19,32
285,168,19,32
285,169,19,31
285,168,19,32
285,168,19,32
285,168,19,32
285,168,19,32
285,168,19,32
285,168,19,32
285,168,19,32
285,168,19,32
285,168,19,32
285,168,19,32
286,170,19,32
287,169,19,32
287,170,19,32
289,170,20,32
289,170,20,32
291,173,17,27
291,171,20,32
292,170,19,30
293,170,18,32
294,170,19,32
296,168,19,32
296,168,19,32
296,168,19,32
296,168,19,32
296,168,19,32
301,170,15,32
303,170,15,32
303,171,15,32
262,168,15,32
190,178,15,32
194,181,22,27
190,172,32,33
194,177,20,31
198,178,18,32
198,176,21,31
200,175,19,29
199,175,21,32
201,178,21,32
203,176,16,32
203,174,16,32
207,172,13,32
207,176,13,32
207,176,18,32
207,176,18,32
207,176,18,32
210,176,16,33
210,176,16,33
210,177,21,33
210,176,21,33
211,179,19,30
215,178,21,33
215,176,18,33
216,177,18,33
218,178,16,33
218,176,19,33
218,176,19,33
221,176,18,36
221,178,18,36
221,176,18,36
223,178,18,36
227,183,15,33
227,182,17,30
226,179,18,36
228,181,17,35
228,181,15,32
231,178,16,36
229,180,18,36
232,180,17,33
229,182,18,31
233,180,16,33
236,183,13,29
233,181,20,33
235,182,18,32
237,183,17,28
237,183,17,31
238,180,15,33
238,182,15,33
239,182,15,33
239,182,15,33
239,179,16,36
242,182,15,31
241,182,16,33
243,183,16,35
244,181,15,36
244,180,15,36
244,181,15,36
244,184,18,36
245,182,16,35
246,183,16,30
246,185,16,27
249,184,16,28
249,182,16,31
252,186,16,27
249,184,19,33
251,185,19,33
254,182,14,31
252,183,19,33
254,185,19,33
255,184,19,33
255,184,19,34
256,186,17,32
257,187,18,30
257,188,19,32
259,186,19,36
259,185,19,36
259,184,20,38
262,186,17,36
259,186,20,38
260,187,19,38
260,187,20,35
265,187,14,39
265,188,18,35
263,186,19,39
266,187,17,39
263,186,19,39
263,188,24,33
263,188,24,33
263,188,24,33
263,188,24,33
267,188,19,34
267,188,24,36
267,188,24,36
267,188,24,36
267,188,24,36
267,188,24,36
267,188,24,36
267,188,24,36
267,188,24,36
267,188,24,36
273,189,18,35
275,189,19,40
276,189,19,35
278,191,20,36
278,190,17,35
280,188,20,40
280,188,20,40
280,188,20,40
280,188,20,40
280,188,20,40
280,188,20,40
283,188,20,41
283,188,20,41
283,188,20,41
283,188,20,41
286,188,20,41
286,188,20,41
295,193,20,41
295,193,18,35
293,190,21,38
296,190,21,39
296,190,21,39
299,190,21,42
304,199,17,37
302,191,22,42
307,196,18,40
308,195,19,41
310,196,17,39
309,196,17,39
309,195,20,38
311,193,18,39
312,195,20,39
317,195,16,40
317,198,18,37
318,196,17,39
317,199,21,36
319,198,19,38
320,200,20,35
324,200,16,35
322,199,21,37
324,197,20,40
326,198,20,40
326,198,18,39
327,197,20,41
327,197,20,41
329,197,20,42
329,197,20,42
329,197,20,42
333,197,19,42
333,197,19,42
335,197,18,42
335,197,18,42
336,197,19,42
336,197,19,42
339,197,20,45
339,197,20,45
340,202,20,39
343,203,16,39
344,199,17,41
346,203,17,39
347,203,18,35
351,202,17,42
352,203,17,41
353,203,18,39
348,203,22,42
353,203,18,42
355,203,18,42
358,203,18,42
360,203,18,42
361,206,22,39
