323 235 390 285
320 233 383 276
315 230 378 274
308 224 372 268
307 220 366 264
300 215 360 259
294 211 352 253
290 209 348 247
289 204 343 244
286 206 343 242
283 203 336 239
278 198 332 236
273 193 326 228
270 189 323 226
266 186 317 221
263 182 313 218
259 179 309 213
252 174 305 209
250 171 302 205
247 170 295 203
247 168 296 202
243 167 292 199
238 163 287 193
234 159 283 189
232 157 280 189
230 155 276 185
224 151 271 180
221 146 265 178
217 145 263 174
216 143 261 171
212 142 255 170
208 137 251 164
208 137 252 165
206 134 247 163
202 134 244 160
200 132 241 157
197 126 238 154
193 125 234 151
190 124 231 148
188 122 227 146
188 121 226 148
185 121 224 145
179 113 218 138
179 113 217 140
178 112 213 139
175 110 211 136
172 107 209 134
170 105 205 131
167 103 202 130
166 103 198 128
162 100 196 124
163 101 195 124
160 97 193 122
158 96 189 120
156 94 188 117
152 92 185 115
151 90 184 112
149 88 182 110
146 85 179 106
145 84 179 104
143 82 176 104
143 81 178 104
140 80 173 101
140 78 171 100
136 78 170 99
135 76 166 96
133 75 164 94
131 73 160 93
127 71 159 91
128 71 159 89
128 71 158 89
125 68 158 87
125 65 156 87
122 64 154 84
121 63 153 82
119 61 151 81
118 60 147 80
116 56 146 79
115 58 143 76
113 57 142 76
112 55 141 74
110 55 140 75
108 53 139 73
107 53 139 72
107 51 137 70
106 50 134 69
104 49 133 67
104 48 131 66
102 47 131 66
101 45 129 64
99 45 128 64
99 45 128 63
99 45 125 62
98 43 125 61
96 42 124 59
95 41 122 58
93 39 122 58
93 39 120 56
93 38 120 55
92 38 119 56
91 37 117 55
89 36 117 53
88 36 116 51
87 34 113 50
86 34 112 49
83 32 113 48
83 32 112 47
84 31 110 47
84 31 109 45
81 29 109 45
81 30 108 44
80 28 106 43
79 26 105 42
79 27 106 41
78 25 105 39
78 25 103 39
77 23 102 40
77 23 102 38
75 23 102 38
74 20 101 36
72 19 97 35
74 20 99 34
74 20 99 34
71 19 92 36
71 18 91 34
71 18 93 34
69 17 90 33
69 15 90 32
69 16 90 32
68 16 91 31
69 14 90 31
69 14 88 31
67 12 87 30
68 12 86 30
67 12 85 30
65 12 82 27
65 11 82 26
65 12 83 27
65 11 82 25
63 11 82 26
64 8 81 24
64 8 78 23
63 8 78 23
62 8 78 23
54 5 81 18
54 5 81 18
59 5 76 21
57 5 74 18
58 5 74 21
57 5 72 19
56 3 72 18
56 2 72 17
55 2 71 18
54 2 70 17
54 2 70 16
54 1 69 15
