474,194,14,37
473,193,14,37
471,194,14,37
471,192,14,37
469,194,14,37
465,194,14,37
467,194,14,37
466,194,14,37
463,194,14,37
461,194,14,37
461,195,14,37
458,195,14,37
457,195,14,37
456,195,14,37
454,195,14,37
453,195,14,37
452,195,14,37
450,195,14,36
450,195,14,36
448,195,14,36
448,195,14,36
446,193,14,36
444,193,14,36
445,193,14,36
443,193,14,36
441,193,14,36
439,193,14,36
439,193,14,36
438,193,14,36
436,193,14,36
435,193,14,36
433,193,14,36
430,194,14,36
430,194,14,36
430,194,14,36
426,192,14,36
426,192,14,36
424,192,14,36
424,192,14,36
419,195,14,36
421,191,14,36
418,190,14,36
416,190,14,36
413,190,14,36
412,192,14,36
412,192,14,36
412,192,14,36
410,191,14,36
408,190,14,36
408,190,14,36
406,188,14,36
406,190,14,36
405,189,14,36
401,187,14,36
399,191,14,36
396,193,14,36
394,191,14,36
390,191,14,36
388,193,14,36
388,193,14,36
387,191,14,36
385,193,14,36
382,194,14,36
380,194,14,36
379,193,14,36
377,191,14,36
375,191,14,36
373,192,14,36
373,192,14,36
371,192,14,36
369,192,14,36
367,193,14,36
363,193,14,36
364,193,14,36
362,193,14,36
362,193,14,36
361,191,14,36
361,193,14,36
359,193,14,36
359,193,14,36
357,193,14,36
357,191,14,36
357,191,14,36
355,191,14,36
355,191,14,36
353,193,14,36
352,192,14,36
350,192,14,36
348,192,14,36
348,192,14,36
346,192,14,36
345,193,14,36
345,193,14,36
335,191,14,36
331,193,14,36
322,193,14,36
323,192,14,36
319,194,14,36
286,190,14,36
286,190,14,36
280,190,14,36
274,191,14,36
272,194,13,32
