564,187,38,145
564,187,38,145
562,186,38,145
558,186,37,135
556,182,35,141
554,182,35,141
554,182,35,141
544,173,34,141
537,171,34,141
533,171,34,141
527,168,31,137
527,168,31,137
523,169,26,137
523,169,26,137
519,169,25,136
519,169,25,136
512,166,25,136
506,165,25,135
506,165,25,135
496,164,25,130
486,160,28,130
486,160,28,130
484,160,28,130
473,160,28,130
473,160,28,130
471,159,28,130
471,159,28,130
471,154,28,130
471,154,28,130
464,155,28,130
464,155,28,130
461,155,28,130
461,155,28,130
454,154,28,130
454,154,28,130
448,151,28,130
448,151,28,130
439,149,28,130
439,149,28,130
434,149,28,130
434,149,28,130
429,146,26,127
429,146,26,127
421,145,26,127
421,145,26,127
412,144,26,127
412,144,26,127
402,143,32,127
402,143,32,127
395,138,32,127
391,138,32,127
391,138,32,127
386,136,32,127
386,136,32,127
383,136,30,126
383,136,30,126
379,134,30,126
379,134,30,126
372,134,30,126
368,134,30,119
363,131,30,119
360,127,30,119
357,127,30,119
354,127,30,119
350,127,30,119
350,127,30,119
350,127,30,119
346,124,30,119
341,123,32,117
341,123,32,117
337,121,32,117
337,121,32,117
337,121,32,117
337,121,28,116
332,119,28,116
332,119,28,116
329,118,28,116
329,118,28,116
327,117,28,116
327,117,28,116
323,116,28,116
323,116,28,116
317,114,28,116
317,114,28,116
314,112,28,115
314,112,28,115
311,111,28,115
299,111,28,115
293,105,28,115
293,105,24,114
288,104,24,114
288,104,24,114
269,101,29,113
269,101,29,113
264,100,29,113
258,100,29,113
253,99,29,113
248,97,29,113
246,97,29,111
244,96,29,111
236,99,29,105
236,99,29,105
229,96,29,105
229,96,29,105
224,94,29,105
218,96,29,105
211,94,29,105
206,94,29,105
202,92,29,105
198,91,29,105
196,90,29,105
193,90,29,105
190,90,29,105
186,90,29,105
183,89,29,105
178,88,29,105
172,89,29,104
165,89,29,104
160,86,29,104
154,88,29,104
149,87,29,104
147,87,29,104
143,87,29,104
143,86,29,104
139,84,29,104
136,84,29,104
127,85,29,104
127,85,29,104
121,82,29,104
117,82,29,104
117,82,26,104
117,82,26,104
109,81,26,104
109,81,26,104
104,78,26,104
103,78,21,104
94,79,26,101
84,79,26,101
82,79,25,98
81,78,25,98
75,78,25,98
75,78,25,98
70,78,25,98
68,78,24,96
64,78,24,96
64,78,24,96
59,77,24,96
54,77,24,96
50,75,24,93
45,74,24,93
42,74,24,93
39,74,24,93
34,74,24,93
31,73,24,93
31,73,24,93
28,72,24,93
23,71,24,93
23,71,24,93
20,71,24,93
14,70,24,93
14,70,24,93
