9,225,16,41
11,224,16,41
64,223,16,41
138,219,16,41
184,216,16,41
232,215,16,41
278,216,16,41
288,217,19,40
292,221,19,40
293,214,19,40
296,220,19,40
300,216,19,40
300,215,16,40
300,215,16,40
303,217,16,40
308,218,16,40
309,217,16,40
309,217,16,40
309,217,16,40
316,216,16,40
318,216,16,40
324,215,16,40
325,214,16,40
329,213,16,40
290,212,16,40
252,215,16,40
262,217,16,40
263,213,16,40
263,213,16,40
265,217,16,40
275,215,16,40
279,214,20,40
282,214,20,40
282,214,20,40
286,213,20,40
286,213,20,40
286,213,20,40
286,213,20,40
293,213,20,40
294,215,20,40
296,215,20,40
297,215,20,40
301,214,20,40
303,213,20,40
303,213,20,40
304,211,20,40
309,211,20,40
309,211,20,40
309,211,20,40
309,211,20,40
314,209,20,40
314,209,20,40
314,209,20,40
314,209,20,40
318,209,20,40
318,209,20,40
321,209,20,40
325,209,20,40
325,209,20,40
327,209,20,40
327,209,20,40
331,209,20,40
331,209,20,40
333,211,20,40
333,211,20,40
334,165,20,40
335,127,20,40
336,75,20,40
337,79,20,40
338,82,20,40
338,82,20,40
338,82,20,40
342,81,20,40
342,81,20,40
345,79,19,43
345,79,19,43
346,79,19,43
346,79,19,43
346,79,19,43
350,79,19,43
351,78,19,43
352,81,19,43
355,81,19,43
355,81,19,43
355,81,19,43
355,81,19,43
359,80,19,43
359,80,19,43
359,80,19,43
363,78,19,43
363,78,19,43
367,80,19,43
367,80,20,37
368,80,20,37
368,80,20,37
368,79,20,37
372,78,18,37
372,78,18,37
373,80,18,37
376,77,18,37
377,81,18,37
377,79,18,37
380,80,18,37
380,80,18,37
384,77,18,37
384,77,18,37
386,78,18,37
386,78,18,35
386,78,18,35
388,78,18,35
392,78,18,35
394,78,18,35
397,78,18,35
398,78,18,35
398,76,18,35
403,78,18,35
406,76,18,35
407,76,18,35
