449,257,43,74
449,257,40,74
449,257,40,74
449,257,38,74
448,258,38,74
448,258,38,74
448,258,38,74
448,258,36,73
448,258,36,73
448,258,36,73
448,258,36,73
446,258,38,73
446,258,38,73
444,258,40,73
444,258,40,73
444,258,40,73
444,258,40,73
444,258,40,73
444,258,40,73
441,258,43,73
441,258,43,73
441,258,43,73
441,258,41,73
436,256,41,74
434,259,43,74
434,259,42,74
429,258,42,74
423,257,42,74
423,257,42,74
420,257,42,74
420,257,42,74
419,257,42,74
419,257,42,74
417,257,42,74
417,257,42,74
417,257,42,74
415,256,42,74
415,256,42,74
415,256,42,74
415,256,42,74
415,256,42,74
415,256,42,74
413,256,43,71
413,256,43,71
413,256,42,69
413,256,42,69
411,252,42,69
411,252,42,69
411,252,42,69
411,252,42,69
406,252,42,69
402,252,42,69
402,252,42,69
400,252,42,69
400,252,42,69
394,249,42,69
394,249,42,69
394,249,39,68
394,249,39,68
389,248,39,68
389,248,34,68
387,248,34,68
378,248,34,68
374,248,34,68
368,248,34,68
366,247,34,68
364,246,34,68
362,246,34,68
358,246,32,67
360,246,32,67
362,245,32,67
356,245,32,67
353,245,32,67
351,245,32,67
348,245,32,67
344,245,32,67
343,244,32,67
342,242,32,67
340,242,31,64
339,240,31,64
335,240,31,64
331,240,34,64
327,240,34,64
327,240,34,64
321,240,36,64
319,240,36,64
315,239,38,63
313,239,38,63
311,237,38,63
309,237,38,63
308,236,38,63
303,234,43,62
304,235,41,61
302,235,41,61
300,235,41,61
298,235,41,61
295,234,41,61
294,230,41,61
292,230,41,61
290,228,41,61
290,228,41,61
284,229,41,61
282,229,41,61
280,229,41,61
277,228,41,61
277,228,41,61
273,227,41,61
273,225,41,61
273,225,41,61
271,224,41,61
271,224,41,61
268,225,38,60
268,225,38,60
266,225,38,60
263,223,38,60
263,223,38,60
262,220,37,58
260,220,37,58
256,221,37,58
254,221,37,58
248,222,37,58
246,222,37,58
243,221,38,57
243,221,38,57
239,219,38,57
237,219,38,57
234,219,38,57
234,219,38,57
232,219,38,57
227,219,38,57
227,219,38,57
222,217,38,57
222,217,38,57
218,216,37,58
218,216,37,58
216,216,37,58
212,216,37,58
210,216,37,58
205,215,37,58
202,215,37,58
202,215,37,58
196,213,37,58
195,211,36,53
192,210,36,53
192,208,36,55
192,208,36,55
187,208,36,55
185,208,36,55
181,208,36,55
181,206,33,55
181,206,33,55
178,205,33,55
176,204,32,52
173,207,32,52
170,207,32,52
168,209,32,52
167,209,32,52
163,207,32,52
165,207,32,52
158,203,36,52
158,203,36,52
155,203,36,52
155,203,36,52
151,203,36,52
148,203,34,52
148,203,34,52
145,202,34,52
143,200,34,52
143,200,32,52
139,198,32,52
138,197,32,52
136,198,33,53
133,198,33,53
133,198,28,53
129,197,28,53
127,197,28,53
127,197,28,53
124,196,30,52
120,193,33,52
118,192,33,52
116,193,33,52
115,194,33,52
109,196,33,52
109,196,33,52
109,193,33,52
109,193,30,52
109,193,30,52
105,191,30,52
107,193,30,52
101,193,30,52
101,193,30,52
97,192,30,52
95,192,30,52
95,192,30,52
93,190,33,52
90,189,33,52
90,189,33,52
90,189,33,52
88,190,33,52
88,190,33,52
84,190,33,52
84,190,33,52
82,190,33,52
82,190,33,52
79,186,33,52
79,186,33,52
75,186,33,52
75,186,33,52
75,186,33,52
74,186,33,52
70,186,33,52
70,186,30,51
67,185,30,51
67,185,30,51
65,183,30,51
65,183,30,51
63,185,30,51
63,185,30,51
61,185,30,51
61,185,30,51
59,185,30,51
55,183,30,51
51,183,30,51
49,183,30,51
48,183,30,51
50,185,30,51
46,185,30,51
46,185,30,51
40,184,30,51
40,184,30,51
39,184,30,51
39,182,30,51
35,181,30,51
35,181,30,51
30,182,30,51
28,182,30,51
24,182,30,51
24,184,30,51
21,182,30,51
19,182,30,48
17,182,30,48
14,182,30,48
12,181,30,48
10,182,30,48
10,182,30,48
6,179,30,48
6,177,30,48
5,175,30,48
5,175,30,48
1,173,30,48
1,175,30,48
1,177,30,48
1,177,25,48
1,171,19,46
1,171,19,46
0,168,19,46
0,168,19,46
0,168,19,46
43,168,28,44
79,169,28,44
133,167,28,44
218,169,28,44
260,168,28,44
308,169,28,44
397,167,28,44
445,164,28,44
542,162,28,44
542,162,28,44
542,162,28,44
542,162,28,44
542,162,28,44
532,162,28,44
528,162,28,44
528,162,28,44
521,162,28,44
523,162,28,44
516,162,28,44
518,159,25,44
514,159,25,44
511,159,25,44
507,159,25,44
507,159,25,44
502,158,25,44
496,158,25,44
496,158,25,44
494,158,25,44
490,156,25,44
492,156,25,44
484,156,25,44
484,157,25,44
483,157,25,44
475,156,22,45
475,156,22,45
470,153,22,45
468,153,22,45
465,152,22,45
465,152,22,45
460,152,22,45
459,152,22,45
454,152,22,45
448,152,22,45
448,152,22,45
441,149,22,45
438,149,22,45
438,149,22,45
431,152,22,45
429,152,22,45
430,152,22,45
427,152,22,45
421,152,22,45
417,152,22,45
414,149,22,45
410,149,22,45
406,150,22,45
402,150,22,45
400,150,22,45
396,149,22,45
392,150,22,45
386,149,22,45
384,148,22,45
381,146,22,45
379,146,22,45
378,148,22,45
371,148,22,45
369,148,22,45
367,148,22,45
366,148,22,45
360,148,22,45
355,145,22,45
355,145,22,45
349,147,22,45
344,145,22,45
339,145,22,45
338,147,22,45
333,145,22,45
330,146,22,45
326,146,22,45
325,146,22,45
322,146,22,45
317,146,22,45
315,145,22,45
310,145,22,45
306,145,22,45
300,147,22,45
296,146,22,45
295,145,22,45
290,145,22,45
289,147,25,46
283,145,25,46
279,150,25,42
277,148,22,41
271,149,22,41
269,147,22,41
268,147,22,41
263,148,22,41
260,149,22,41
256,149,22,41
248,149,22,41
248,149,22,41
242,149,22,41
241,147,22,41
234,147,22,41
234,147,22,41
228,147,22,41
224,148,22,41
224,148,22,41
218,148,22,41
216,148,22,41
210,146,22,41
208,146,22,41
201,146,22,41
201,150,22,41
194,151,22,41
192,151,22,41
185,151,22,41
