149,84,42,110
153,85,42,110
166,87,42,110
178,86,42,110
182,86,42,110
189,92,42,110
203,92,42,116
209,92,42,116
215,92,42,116
215,92,47,123
228,98,47,123
231,98,47,123
231,98,47,123
239,98,47,123
239,98,47,123
252,98,47,123
252,98,47,123
262,98,47,123
267,102,47,123
274,102,47,123
277,102,47,123
276,99,47,123
284,98,47,123
291,98,47,123
293,113,47,123
302,111,47,123
304,111,47,123
310,118,47,123
316,122,47,123
318,122,47,123
323,125,47,123
327,125,47,123
335,131,47,123
341,131,47,123
350,134,47,123
351,134,47,123
359,140,47,123
370,138,47,123
368,138,47,123
374,138,47,123
380,141,47,123
385,141,47,123
391,141,47,123
399,148,47,123
406,148,47,123
408,150,47,123
414,153,47,123
419,153,47,123
425,154,47,123
433,156,47,123
438,158,47,123
446,161,47,123
455,164,47,123
463,168,47,123
470,166,47,123
476,170,50,124
486,169,50,124
488,172,50,124
488,172,57,126
499,185,57,126
505,187,57,126
508,186,57,126
508,186,57,126
518,186,57,126
524,190,57,126
529,200,61,142
531,200,61,142
537,201,61,142
539,203,61,142
546,210,61,142
548,210,61,142
554,210,61,142
556,210,61,142
560,216,61,142
560,216,61,142
560,224,61,142
564,229,61,142
564,229,61,142
564,229,61,142
564,229,61,142
564,229,61,142
564,234,61,142
564,234,61,142
565,256,61,142
565,256,61,142
565,256,61,142
565,256,61,142
565,255,61,142
565,256,61,142
565,256,61,142
565,256,61,142
556,258,66,142
551,258,61,142
551,258,61,142
547,268,61,142
541,281,61,142
541,281,61,142
541,283,61,142
541,281,61,142
