543,312,16,50
545,312,16,50
548,312,16,50
548,312,16,50
550,312,16,50
552,312,16,50
557,311,16,50
555,315,16,50
465,313,16,50
466,315,16,50
464,315,16,50
466,315,16,50
469,315,16,50
467,315,16,50
467,315,16,50
472,316,16,50
472,316,16,50
472,322,16,50
469,317,16,50
380,322,16,50
380,322,16,50
380,324,16,50
382,322,16,50
384,320,16,50
385,318,16,50
385,321,16,50
387,319,16,50
387,321,16,50
387,321,16,50
385,321,16,50
385,321,16,50
293,324,16,50
293,324,16,50
295,323,16,50
291,323,16,50
291,323,16,50
291,323,16,50
290,323,16,50
290,323,16,50
288,324,16,50
288,324,16,50
288,326,16,50
288,326,16,50
285,327,16,50
283,327,16,50
280,326,16,50
284,328,16,50
284,328,16,50
284,328,16,50
282,330,16,50
282,328,16,50
278,329,16,50
278,329,16,50
277,330,16,50
277,332,18,55
277,330,18,55
277,334,18,55
275,334,18,55
271,336,18,55
273,336,18,55
273,334,18,55
271,336,18,55
271,336,18,55
269,338,18,55
269,336,18,55
266,336,18,55
266,336,18,55
265,336,18,55
267,336,18,55
267,339,18,55
263,339,18,55
263,339,18,55
260,340,18,55
261,271,18,55
258,272,18,55
262,273,18,55
260,271,18,55
260,271,18,55
260,271,18,55
260,271,18,55
260,271,18,55
256,272,18,55
256,272,18,55
256,272,18,55
256,272,18,55
256,272,18,55
256,274,18,55
254,274,18,55
252,274,18,55
252,274,18,55
252,274,18,55
254,275,18,55
254,275,18,55
255,277,18,55
257,277,18,55
255,277,18,55
252,279,18,55
252,279,18,55
252,279,18,55
253,279,18,55
255,279,18,55
254,280,18,55
254,282,18,55
250,282,20,55
248,282,20,55
252,283,20,55
252,285,20,55
254,283,20,55
254,283,20,55
253,286,20,55
253,286,20,55
254,287,20,55
254,287,20,55
254,287,20,55
254,287,20,55
254,287,20,55
253,290,22,56
253,290,22,56
253,291,22,56
256,291,22,56
256,291,22,56
257,294,22,56
259,294,22,56
255,294,22,56
255,294,22,56
257,297,22,56
259,297,22,56
259,297,22,56
259,299,22,56
258,300,24,67
258,300,24,67
256,299,24,67
258,299,24,67
260,299,24,67
262,299,24,67
262,299,24,67
262,299,24,67
262,301,24,69
262,301,24,69
262,301,24,69
262,303,24,69
263,303,24,69
265,303,24,69
267,303,24,69
267,303,24,69
267,306,24,69
269,306,24,69
269,306,24,69
269,306,24,69
272,307,24,69
272,309,24,69
269,311,24,69
269,311,24,69
269,313,24,69
269,313,24,69
269,313,24,69
267,313,24,69
269,313,24,69
269,313,24,69
271,315,24,69
271,315,24,69
271,317,24,69
271,317,24,69
273,319,24,69
273,320,24,69
275,316,24,69
275,318,24,69
275,320,24,69
278,323,24,70
279,323,24,70
279,323,25,78
279,323,25,78
279,323,25,78
279,323,25,78
280,323,25,78
284,326,25,78
284,326,25,78
284,326,25,78
282,326,25,78
280,326,25,78
278,328,25,78
278,328,25,78
278,328,25,78
278,328,25,78
278,328,25,78
278,330,25,78
278,334,25,78
278,332,25,78
278,332,25,78
277,334,25,78
277,336,25,78
275,336,25,78
272,336,25,78
274,336,25,78
274,337,28,86
274,337,28,86
274,337,28,86
274,337,28,86
272,344,28,86
270,344,28,86
271,345,28,86
273,345,28,86
273,345,28,86
271,345,28,86
273,345,28,86
273,346,28,86
271,346,28,86
271,346,28,86
269,351,28,86
269,351,28,86
267,351,28,86
269,351,28,86
269,351,28,86
267,351,28,86
269,354,28,86
269,356,28,86
269,356,28,86
269,356,28,86
267,358,28,86
267,361,28,86
267,359,28,86
267,361,28,86
267,359,28,86
265,359,28,86
265,360,30,93
267,360,30,93
265,360,30,93
265,365,30,93
267,365,30,93
