148 15 158 35
147 15 158 37
145 16 157 37
142 16 153 37
141 17 152 38
140 19 150 40
138 18 148 41
136 20 146 42
134 22 145 43
132 23 144 44
131 23 142 44
130 24 141 46
128 23 139 45
126 24 138 46
124 26 135 47
122 26 134 48
121 27 133 50
119 27 131 52
117 28 128 51
116 30 127 51
114 30 127 54
113 30 125 54
111 33 123 56
111 33 123 56
110 34 121 56
108 36 119 58
105 36 118 58
106 38 118 60
105 37 117 61
104 39 116 62
103 38 116 65
103 40 115 65
104 41 116 66
105 44 117 67
106 45 117 67
107 43 118 68
108 43 119 68
108 44 121 70
111 45 123 70
112 47 124 70
116 47 128 74
120 47 131 74
122 48 133 75
125 50 137 77
128 50 142 77
132 50 146 78
136 51 150 79
143 52 157 80
146 52 160 80
149 52 163 78
154 50 168 79
157 50 170 78
167 51 180 77
171 50 184 77
180 48 190 76
183 47 195 74
187 47 200 74
189 46 200 75
197 45 210 72
201 45 213 73
204 45 216 71
210 42 223 68
214 43 226 71
217 41 229 72
220 39 232 70
226 40 240 70
227 37 240 70
230 37 244 65
233 36 247 67
237 35 250 63
240 34 251 61
240 34 253 62
245 32 257 61
246 33 259 57
248 33 261 56
252 30 265 55
254 29 265 54
254 29 267 55
257 28 269 53
259 27 270 49
261 26 273 52
262 25 274 51
264 23 276 52
266 23 278 49
267 22 279 48
269 23 280 45
268 23 280 47
272 20 282 45
272 20 284 45
273 18 285 42
273 17 285 40
276 17 287 40
276 16 288 41
277 15 288 38
278 14 289 36
280 12 291 37
279 11 291 35
280 11 291 37
282 11 293 35
282 10 294 35
