67,135,19,34
67,133,19,34
67,133,19,34
71,135,19,34
71,135,19,34
71,132,19,34
73,132,19,34
73,132,19,34
72,135,19,34
76,135,19,34
76,135,19,34
80,135,19,34
80,135,19,34
83,135,19,34
83,135,19,34
84,136,19,34
87,136,19,34
90,136,19,34
90,136,19,34
90,136,19,34
93,136,15,34
96,136,15,34
96,136,15,34
100,136,15,34
101,137,15,34
101,137,15,34
103,137,15,34
103,137,15,34
103,137,15,34
103,137,15,34
103,137,15,34
103,137,15,34
103,137,15,34
117,139,15,34
117,139,15,34
118,140,15,34
118,140,15,34
120,142,15,34
120,142,15,34
120,144,15,34
122,144,15,34
123,143,15,34
125,143,15,34
129,142,15,34
132,141,15,34
132,141,15,34
135,141,15,34
135,141,15,34
138,143,15,34
140,142,15,34
140,142,15,34
144,142,15,34
144,142,15,34
148,142,15,34
148,142,15,34
151,143,15,34
151,143,15,34
154,142,15,34
154,142,15,34
155,143,15,34
155,143,15,34
155,143,15,34
157,143,15,34
157,143,15,34
157,143,15,34
159,143,15,34
159,143,15,34
159,143,15,34
161,145,15,34
161,145,15,34
164,145,15,34
168,145,15,34
168,145,15,34
171,145,15,34
173,146,15,39
173,146,15,39
176,146,15,39
176,146,15,39
178,147,15,39
178,147,15,39
178,147,15,39
183,147,15,39
183,147,15,39
183,147,15,39
186,145,15,39
186,145,15,39
186,145,15,39
186,145,15,39
191,145,15,39
191,145,15,39
192,147,15,39
192,147,15,39
192,147,15,39
192,147,15,39
192,147,15,39
193,148,15,39
193,148,15,39
193,148,15,39
193,148,15,39
195,148,15,39
195,148,15,39
198,148,15,39
198,148,15,39
200,151,15,39
200,151,15,39
200,151,15,39
206,151,15,39
206,151,15,39
209,152,15,39
209,152,15,39
212,152,15,39
212,152,15,39
212,152,15,39
217,154,15,39
217,154,15,39
219,154,15,39
219,154,15,39
220,155,15,39
223,155,15,39
223,155,15,39
223,155,15,39
228,156,15,39
228,156,15,39
231,156,15,39
231,156,15,39
231,156,15,39
231,156,15,39
236,158,15,39
236,158,15,39
236,158,15,39
239,158,15,39
239,158,15,39
241,158,15,41
242,158,15,41
242,158,15,41
246,158,15,41
248,158,15,41
250,158,15,41
253,160,15,41
253,160,15,41
256,160,15,41
256,160,15,41
258,160,15,41
260,160,15,41
260,160,15,41
262,160,18,46
265,161,18,46
265,161,18,46
265,161,18,46
265,161,18,46
268,163,18,46
268,163,18,46
271,163,18,46
275,164,18,46
275,164,18,46
279,164,18,46
279,164,18,46
279,164,18,46
279,164,18,46
285,164,18,46
285,164,18,46
285,164,18,46
290,164,18,46
295,164,18,46
295,164,18,46
297,164,18,46
308,168,18,46
308,168,18,46
314,169,18,46
314,169,18,46
321,170,18,46
321,170,18,46
325,170,18,46
325,170,18,46
327,172,18,46
327,172,18,46
333,171,18,46
335,172,18,46
337,172,18,46
341,173,18,46
341,173,18,46
341,173,18,46
345,173,18,46
345,173,18,46
347,172,19,53
350,176,19,53
354,176,19,53
354,176,19,53
361,176,19,53
361,176,19,53
367,178,19,53
367,178,19,53
371,178,19,53
371,178,19,53
373,180,19,53
373,180,19,53
378,179,19,53
378,179,19,53
384,180,19,53
384,180,19,53
388,181,19,53
388,181,19,53
388,181,19,53
392,183,19,53
392,183,19,53
401,185,19,53
401,185,19,53
401,185,19,53
401,185,19,53
404,187,19,53
404,187,19,53
412,188,19,53
416,188,19,53
421,188,19,53
423,191,19,53
429,191,19,53
432,192,19,53
435,192,19,53
437,192,19,53
437,192,19,53
440,192,19,53
440,192,19,53
446,193,19,53
446,193,19,53
450,200,19,53
453,199,19,53
456,194,21,62
458,199,21,62
463,199,21,62
467,197,21,62
467,197,21,62
471,199,21,62
471,199,21,62
480,198,21,62
484,200,21,62
484,200,21,62
486,201,21,62
486,201,21,62
491,201,21,62
491,201,21,62
499,201,21,62
516,205,21,62
515,206,25,65
515,206,25,65
522,205,25,65
525,208,25,65
531,209,25,65
531,209,25,65
531,209,25,65
537,209,25,65
537,209,25,65
539,210,25,65
539,210,25,65
543,211,25,65
549,210,25,65
556,213,25,65
556,213,25,65
562,213,25,65
565,213,25,65
565,213,25,65
571,216,25,65
573,221,25,65
577,221,25,65
579,222,25,65
586,223,25,65
589,223,25,65
