179 163 199 206
182 166 203 208
180 167 203 207
183 165 206 205
183 165 206 205
183 163 207 205
185 166 210 206
185 166 210 206
188 164 211 208
192 167 215 206
192 167 215 206
192 167 215 206
195 167 215 207
195 167 215 207
197 167 217 208
197 167 217 208
200 167 219 207
200 167 219 207
201 166 220 207
201 166 220 207
204 166 223 208
204 166 223 208
205 163 225 209
205 163 225 209
208 161 227 209
208 161 227 209
211 161 229 207
211 161 229 207
213 160 233 209
213 160 233 209
215 161 237 209
215 161 237 209
217 160 240 210
217 160 240 210
219 159 243 209
219 159 243 209
221 159 246 208
221 159 246 208
221 160 245 210
223 159 247 210
223 159 247 210
225 159 251 209
229 160 253 209
229 160 253 209
228 160 253 208
231 160 255 209
231 160 255 209
233 160 256 210
233 160 256 209
235 159 255 210
235 159 255 210
237 160 257 210
237 160 257 210
240 160 259 210
240 160 259 210
242 160 260 210
242 160 260 210
243 158 262 210
243 158 262 210
245 157 265 212
245 157 265 212
248 157 268 211
248 157 268 211
250 159 269 214
250 159 269 214
252 159 270 212
252 159 270 212
254 159 275 213
254 159 275 213
256 159 279 214
256 159 279 214
258 158 282 213
258 158 282 213
260 158 286 214
260 158 286 214
262 157 288 215
262 157 288 215
264 157 288 214
264 157 288 214
266 157 290 214
266 157 290 214
267 160 292 216
267 160 292 216
269 161 292 215
269 161 292 215
271 159 293 215
271 159 293 215
271 159 293 216
271 159 293 217
271 159 293 217
272 159 296 215
273 158 295 217
273 158 295 217
274 159 295 216
273 159 296 216
273 159 296 216
276 158 298 216
276 158 298 216
276 157 298 217
276 157 298 217
278 159 300 218
278 159 300 218
278 159 302 219
278 159 302 219
279 155 303 219
279 155 303 219
281 157 304 217
281 157 304 217
281 157 304 219
281 157 304 219
280 156 305 218
280 156 305 218
279 156 305 219
279 156 305 219
279 157 307 220
279 157 307 220
279 155 308 221
279 155 308 221
279 155 307 220
279 155 307 220
280 155 308 222
280 155 308 222
280 157 307 224
280 157 307 224
279 154 307 223
279 154 307 223
280 156 308 222
280 156 308 222
280 157 309 224
280 157 309 224
281 155 308 225
281 155 308 225
281 154 307 225
281 154 307 225
280 153 310 225
280 153 310 225
281 154 309 228
281 154 309 228
280 154 309 226
280 154 309 226
279 153 311 227
279 153 311 227
279 153 311 228
279 153 311 228
281 153 312 228
281 153 312 228
281 154 312 229
281 154 312 229
281 154 311 231
281 154 311 231
280 155 313 230
281 153 312 230
280 153 312 232
280 153 312 232
280 154 311 232
280 154 311 232
281 152 312 232
281 152 312 232
281 155 314 234
281 155 314 234
