167,224,100,122
155,223,99,120
140,224,99,118
121,223,99,118
108,223,99,118
98,221,99,118
87,219,99,118
84,221,99,118
76,221,99,118
61,219,99,115
49,220,97,115
36,218,97,115
25,217,91,117
27,214,84,115
48,212,75,113
67,209,71,112
73,209,64,114
92,206,57,113
102,203,57,113
122,202,57,113
137,200,57,113
156,199,56,110
173,195,56,110
180,195,59,108
195,194,63,106
211,192,63,106
226,192,63,106
243,188,62,102
267,188,62,102
284,184,62,102
301,182,62,102
320,180,61,100
339,177,61,100
363,176,61,100
380,175,61,100
392,174,61,100
409,170,61,100
428,170,59,98
449,168,57,97
477,164,52,97
509,164,52,97
528,164,47,94
535,161,47,94
527,161,47,94
518,159,47,94
512,156,47,94
504,156,47,94
497,155,49,90
490,153,49,90
503,152,47,92
518,151,47,92
535,151,47,92
560,149,47,90
567,146,47,90
559,147,46,86
554,145,46,86
546,145,44,86
542,143,44,86
538,143,41,86
531,142,41,86
527,144,41,86
520,144,41,86
514,139,41,86
514,136,41,86
509,135,41,86
505,135,41,86
499,132,41,86
495,132,41,86
490,130,46,85
484,128,46,85
481,129,46,85
474,130,46,85
471,129,42,86
467,129,42,86
471,129,42,86
471,129,37,86
469,128,37,86
465,128,37,86
461,129,37,82
461,129,37,82
455,127,37,82
455,127,37,82
455,126,32,80
466,126,32,80
490,126,32,80
511,123,32,80
528,121,32,80
543,121,32,80
540,121,32,80
540,121,32,80
534,119,32,80
529,118,32,80
521,119,32,80
521,119,32,80
507,115,32,80
505,115,32,80
500,115,32,78
494,115,32,78
513,111,32,78
535,111,32,78
564,107,32,78
582,108,32,78
582,109,32,78
582,109,32,78
572,104,32,78
572,104,30,73
572,104,30,73
571,102,30,72
571,101,24,74
568,99,24,74
565,98,24,74
565,100,24,70
557,99,24,70
554,101,24,66
548,99,24,66
548,99,24,66
542,97,24,66
537,97,24,66
533,98,25,65
530,97,25,65
522,96,28,64
520,95,28,64
500,91,28,64
497,91,28,64
497,91,25,61
490,89,25,61
490,89,25,61
484,88,25,61
481,87,25,61
481,87,25,61
475,86,25,58
472,86,25,58
469,85,25,58
465,85,25,58
462,84,25,58
457,82,25,58
452,82,25,58
448,80,25,58
443,81,27,57
437,79,27,57
432,79,25,56
428,78,25,56
428,78,25,56
422,77,25,56
416,76,25,56
416,76,25,56
411,77,24,53
407,77,24,53
407,77,24,53
401,76,24,53
401,76,24,53
401,75,19,51
401,75,19,51
396,74,19,51
396,74,19,51
392,73,19,51
388,71,19,51
384,71,21,51
378,69,21,51
378,69,21,51
378,69,21,51
372,69,21,51
369,69,21,51
369,69,21,51
364,66,21,51
364,66,21,51
361,65,21,51
361,65,21,51
361,65,21,51
359,66,18,49
359,66,18,49
353,65,18,49
353,65,18,49
350,64,18,49
350,64,18,49
