334,84,44,31
333,84,44,31
329,84,44,31
327,86,41,30
325,86,41,30
323,86,41,30
319,88,41,30
317,88,41,30
316,88,41,30
312,88,41,30
310,88,41,30
308,90,41,30
310,90,41,30
302,92,41,30
300,92,41,30
295,92,41,30
291,94,41,30
288,92,45,31
286,94,45,31
282,94,47,33
278,94,47,33
266,98,47,33
261,98,47,33
259,98,47,33
255,100,47,33
253,100,47,33
251,100,47,35
249,100,47,35
244,102,47,35
240,102,50,36
238,102,50,36
234,104,50,36
232,104,50,36
227,104,50,36
225,106,50,36
223,106,50,36
219,108,50,36
217,108,50,36
212,110,50,36
208,112,50,36
206,112,50,36
202,110,54,39
200,112,54,39
193,112,54,39
187,114,54,39
187,114,54,39
183,116,54,39
178,118,54,39
176,116,54,39
174,118,54,39
172,120,54,39
174,120,54,39
166,120,54,39
159,119,56,43
155,121,56,43
153,123,56,43
151,121,56,43
149,123,56,43
146,123,56,43
142,125,56,43
140,127,56,43
136,127,56,43
136,129,56,43
127,133,56,43
121,133,56,43
117,135,56,43
113,137,56,43
113,137,56,43
110,139,56,43
108,139,56,43
106,141,56,43
106,141,56,43
104,143,56,43
102,143,56,43
100,145,56,43
98,145,56,43
98,147,56,43
96,147,56,43
98,147,56,43
96,149,56,43
96,151,56,43
93,153,56,43
91,155,56,43
91,155,56,43
91,157,56,43
91,155,56,43
89,157,56,43
89,159,56,43
89,161,56,43
89,161,56,43
91,163,56,43
91,161,56,43
85,165,63,63
89,165,58,61
87,173,63,61
89,173,63,61
89,175,69,58
93,177,76,52
93,177,76,52
93,179,76,52
95,181,76,52
97,179,76,52
97,181,76,52
104,183,76,52
98,183,88,64
106,187,88,64
110,189,88,64
109,189,96,70
117,189,92,70
117,189,100,76
123,191,100,76
142,201,105,79
155,203,105,79
164,207,108,80
166,209,108,80
182,211,108,80
193,215,108,80
195,215,113,84
202,219,113,84
214,221,113,84
216,225,120,84
225,227,120,84
237,229,120,84
242,231,126,87
246,235,126,87
257,237,126,87
261,239,135,93
267,241,135,93
286,245,135,93
276,249,151,96
291,248,156,101
305,253,160,103
346,267,177,112
378,281,187,114
392,287,187,114
407,293,195,116
418,295,195,116
435,301,194,121
442,305,186,121
462,313,168,124
471,313,157,129
493,321,135,125
513,325,117,125
533,331,97,121
547,339,83,117
573,353,53,107
585,361,45,99
