418,70,13,41
418,70,13,41
418,71,13,41
418,71,13,41
418,73,13,41
416,73,13,41
416,73,13,41
416,73,13,41
416,73,13,41
416,72,13,41
416,72,13,41
415,74,13,41
415,75,13,40
415,75,13,40
413,74,13,40
413,74,13,40
414,76,13,40
414,77,13,40
412,77,13,40
412,77,13,40
412,77,13,40
412,76,13,40
413,77,13,40
413,77,13,40
413,77,13,40
413,77,13,40
413,77,13,40
413,78,13,40
413,79,13,40
411,79,15,41
413,80,15,41
413,80,15,41
415,82,15,41
416,82,15,41
418,82,15,41
418,82,15,41
418,82,15,41
420,83,15,41
420,85,15,41
422,86,15,41
422,85,15,41
424,86,15,41
424,86,15,41
424,86,15,41
426,86,15,41
428,88,15,41
430,88,15,41
430,87,15,41
431,89,15,41
433,89,15,41
435,89,15,41
437,89,15,41
437,90,15,41
437,90,16,44
437,90,16,44
438,90,16,44
440,91,16,44
440,91,16,44
440,91,16,44
442,91,16,44
443,92,16,44
443,93,16,44
444,93,16,44
448,95,16,44
449,96,16,44
449,97,16,44
452,98,16,44
452,98,16,44
454,98,16,44
458,101,16,44
460,102,16,44
461,104,16,44
462,103,16,44
463,106,16,44
464,107,16,44
465,108,16,44
465,108,16,44
465,108,16,44
467,107,16,44
467,107,16,44
469,109,16,47
469,110,16,47
469,110,16,47
471,109,16,47
471,110,19,50
471,110,19,50
471,110,19,50
473,110,19,50
473,112,19,50
474,115,19,53
478,178,19,53
480,234,19,53
481,246,19,53
481,245,19,53
481,249,19,53
481,249,19,53
481,249,19,53
481,249,20,59
481,247,20,59
481,249,20,59
482,251,20,59
482,252,20,59
482,252,20,59
482,252,20,59
483,252,20,59
483,254,20,59
481,259,20,59
481,259,20,59
479,259,20,59
478,261,20,59
479,262,19,64
478,263,19,64
476,265,19,64
474,265,19,64
474,265,19,64
473,267,21,72
469,268,21,72
467,268,21,72
466,270,21,72
465,271,21,72
454,281,21,72
454,281,21,72
450,283,21,72
448,283,21,72
447,284,21,72
446,288,21,72
446,286,21,72
444,287,21,72
442,288,21,72
439,289,21,72
435,290,23,75
433,292,23,75
431,293,23,75
427,293,23,75
427,297,23,75
425,299,23,79
422,297,23,79
418,299,23,79
418,299,23,79
414,301,23,79
412,302,23,79
411,302,23,79
408,306,23,79
405,307,23,79
403,307,23,79
398,310,23,79
393,312,23,79
389,312,23,79
386,316,23,79
383,318,23,86
377,318,23,86
375,318,23,86
371,319,25,91
369,321,25,91
364,324,25,91
361,324,25,91
358,325,25,91
352,329,25,91
345,331,25,91
341,331,25,91
339,333,25,91
327,336,33,100
318,338,33,100
311,340,33,100
304,343,33,100
299,344,33,100
296,346,33,100
290,347,33,100
287,349,33,100
284,350,33,100
276,353,33,100
265,357,33,100
261,359,33,98
253,361,33,98
238,366,33,92
229,370,35,88
222,373,33,85
