345,218,92,84
352,221,92,84
367,221,92,84
373,223,92,84
379,221,92,84
384,221,92,84
391,219,92,84
390,221,92,84
394,221,92,84
399,222,92,84
401,222,92,84
402,220,92,84
402,220,92,84
402,220,92,84
402,220,92,84
401,220,92,84
401,220,92,84
401,220,92,84
399,220,92,84
399,218,92,84
401,220,92,84
401,220,92,84
401,220,92,84
399,220,92,84
401,220,92,84
401,220,92,84
401,220,92,84
403,220,92,84
406,220,92,84
406,220,92,84
410,220,92,84
414,218,92,84
421,218,92,84
431,214,83,81
436,214,83,81
443,215,78,79
445,213,78,79
453,211,70,80
453,211,70,80
438,212,70,80
448,208,61,82
453,208,57,82
456,206,57,82
459,206,57,82
463,204,57,82
469,203,54,81
475,201,54,81
480,200,54,80
480,200,54,80
486,199,54,80
490,199,50,79
492,197,50,79
491,198,50,79
495,197,50,79
497,197,50,79
499,195,50,79
499,193,50,79
503,193,48,79
503,193,48,79
503,191,48,79
503,193,48,79
503,193,48,79
505,191,42,77
505,191,42,77
505,193,42,77
499,193,42,77
478,193,42,77
482,193,42,77
482,193,42,77
484,193,42,77
482,193,42,77
482,193,42,77
482,195,42,77
484,193,42,77
484,193,42,77
482,191,42,77
484,195,42,77
482,193,42,77
482,195,42,77
482,191,42,77
482,193,42,77
482,193,42,77
482,193,42,77
480,193,42,77
484,193,42,77
480,191,42,77
482,193,42,77
480,193,42,77
482,193,42,77
482,193,42,77
480,193,42,77
482,195,42,77
482,195,42,77
482,197,42,77
482,193,42,77
482,191,42,77
482,193,42,77
484,195,42,77
482,193,42,77
482,193,42,77
482,193,42,77
482,195,42,77
480,193,42,77
480,193,42,77
480,195,42,77
480,193,42,77
480,193,42,77
480,193,42,77
482,193,42,77
482,195,42,77
482,195,42,77
484,195,42,77
486,193,42,77
486,193,42,77
482,191,42,77
486,197,42,77
484,197,42,77
482,195,42,77
484,197,42,77
486,197,42,77
484,197,42,77
484,195,42,77
482,195,42,77
484,195,42,77
484,195,42,77
484,193,42,77
482,195,42,77
486,195,42,77
484,193,42,77
484,193,42,77
484,193,42,77
482,193,42,77
484,193,42,77
482,193,42,77
486,193,42,77
484,191,42,77
484,193,42,77
486,193,42,77
484,193,42,77
484,193,42,77
484,193,42,77
482,193,42,77
484,193,42,77
484,193,42,77
484,193,42,77
484,193,42,77
484,193,42,77
486,191,42,77
486,193,42,77
486,193,42,77
484,193,42,77
484,193,42,77
484,191,42,77
484,193,42,77
482,191,42,77
478,191,42,77
478,190,42,77
476,190,42,77
475,188,42,77
469,188,42,77
471,187,42,77
463,187,42,76
455,187,52,73
447,187,59,74
433,185,59,74
426,187,64,73
415,186,64,73
407,186,64,73
392,187,72,73
367,188,76,73
361,191,76,73
325,192,76,74
323,192,76,73
317,193,74,74
314,193,74,74
306,193,74,74
295,193,74,74
289,194,74,74
284,197,71,76
280,196,64,78
276,198,64,78
271,200,58,81
271,202,50,81
265,204,50,81
251,210,44,84
251,208,44,84
246,211,44,84
240,213,44,84
237,215,44,84
232,217,44,84
229,220,44,84
227,220,44,84
223,222,45,86
221,225,45,86
214,226,49,89
210,229,48,91
206,232,48,91
199,236,48,95
195,239,48,95
188,242,48,95
176,245,48,95
169,248,48,95
157,255,48,95
148,258,48,95
132,265,48,95
120,269,47,101
110,276,47,101
50,296,47,101
44,296,58,101
23,298,59,110
12,301,61,112
