469,182,28,60
469,182,28,60
469,182,28,60
469,182,28,60
467,182,28,61
467,182,28,61
467,184,28,61
467,184,28,61
467,184,28,61
467,186,28,61
467,184,28,61
467,184,28,61
465,185,28,61
465,185,28,61
467,185,28,61
465,185,28,61
465,185,28,61
466,186,28,61
464,188,28,61
464,188,28,61
464,188,28,61
463,189,28,61
463,189,28,61
463,189,28,61
461,190,28,61
461,190,28,61
461,190,28,61
460,191,28,61
460,191,28,61
460,191,28,61
458,192,28,61
458,192,28,61
458,192,28,61
456,193,28,61
456,193,28,61
456,193,28,61
456,193,28,61
456,194,28,61
454,194,28,61
456,194,28,61
454,197,28,61
456,195,28,61
454,193,28,61
456,195,28,61
454,195,28,61
454,195,29,64
452,197,29,64
449,196,31,65
450,196,31,65
447,199,35,65
444,200,35,65
445,200,35,65
445,200,35,65
444,202,35,65
444,202,35,65
444,202,35,65
441,204,35,65
441,204,35,65
441,204,35,65
440,203,36,67
440,203,36,67
440,203,36,67
436,205,36,67
436,205,36,67
436,205,36,67
436,205,36,67
436,205,36,67
436,205,36,67
436,205,36,67
433,205,38,70
433,205,38,70
432,205,38,70
432,205,38,70
430,208,38,70
430,208,38,70
430,208,38,70
430,208,38,70
427,210,38,70
427,210,38,70
427,210,38,70
427,210,38,70
427,212,38,70
427,212,38,70
426,214,38,70
426,214,38,70
426,214,38,70
424,214,38,70
424,214,38,70
424,217,38,71
424,217,38,71
424,217,38,71
424,217,38,71
424,217,33,73
424,217,33,73
424,217,33,73
421,219,33,73
421,219,33,73
421,219,33,73
421,219,33,73
419,221,33,73
419,221,33,73
418,221,35,75
418,221,35,75
414,223,35,75
414,223,35,75
414,223,35,75
412,223,35,75
411,224,36,75
411,224,36,75
405,226,36,75
407,226,36,75
404,225,38,78
404,225,38,78
401,227,38,78
401,229,38,78
399,231,38,78
396,234,39,78
396,232,39,78
395,232,39,78
393,233,39,78
393,233,39,78
390,235,40,80
387,236,40,80
387,236,40,80
387,236,40,80
385,236,40,80
384,234,40,80
380,237,40,80
380,237,40,80
378,238,40,80
376,240,40,80
378,242,40,80
374,244,40,80
373,243,41,80
373,243,41,80
370,243,41,82
370,245,41,82
369,244,41,82
365,246,41,82
365,247,41,82
363,247,41,82
360,248,41,82
360,250,41,82
357,251,41,82
357,253,41,82
355,254,41,82
352,254,41,82
352,253,39,86
348,254,40,87
348,254,40,87
346,257,40,87
343,259,40,87
341,259,40,87
337,257,40,87
333,260,42,87
331,261,44,88
331,263,44,88
328,262,45,90
328,264,45,90
327,265,45,90
325,265,45,90
324,264,45,90
324,262,45,90
318,263,45,90
320,267,45,90
318,267,45,90
316,269,45,90
314,269,45,90
313,270,45,90
309,270,45,90
309,271,46,92
307,271,46,92
306,274,46,92
303,276,46,92
303,276,46,92
300,276,46,92
297,277,45,94
297,277,45,94
295,281,45,94
295,279,45,94
293,277,45,94
291,281,45,94
289,281,45,94
284,283,47,95
280,284,52,95
278,284,52,95
276,284,52,95
274,284,52,95
326,283,52,95
333,283,52,95
375,285,52,95
373,287,52,95
372,287,52,95
371,287,52,95
367,288,52,95
369,288,48,102
367,290,50,100
363,290,50,100
360,291,50,103
358,290,50,103
354,292,50,103
353,293,50,101
350,295,50,101
346,293,50,101
344,295,50,101
342,297,50,102
341,301,50,102
337,297,50,102
333,299,50,102
331,303,50,102
329,305,50,102
323,305,54,106
321,305,54,106
316,306,54,106
316,308,54,106
312,309,54,106
310,314,54,106
308,311,54,106
304,313,54,106
303,312,56,109
297,312,56,109
299,313,56,109
295,315,56,109
290,316,56,109
289,318,58,109
284,319,58,111
280,321,58,111
280,321,58,111
274,324,58,111
272,324,58,111
269,321,58,111
265,324,58,111
261,326,59,112
257,326,59,112
254,328,59,112
252,328,59,112
248,328,59,112
244,328,59,112
242,302,59,112
236,242,59,115
236,245,59,115
231,243,59,115
229,246,59,115
223,247,59,115
222,249,59,115
217,251,59,119
212,252,62,119
208,254,62,119
206,255,62,119
202,255,62,119
195,257,62,119
193,260,62,119
189,259,63,125
183,259,63,125
184,258,63,125
180,262,63,125
176,265,65,125
168,263,65,125
167,265,65,127
165,269,65,127
161,268,65,127
153,270,65,130
148,273,65,130
142,271,69,131
138,275,71,131
135,277,71,131
131,279,71,131
125,281,73,133
119,283,73,133
116,284,73,133
112,288,73,133
110,286,75,136
105,290,75,136
101,292,75,136
95,293,75,136
87,294,75,136
85,294,75,136
82,297,75,136
76,299,75,136
70,302,79,136
63,307,79,136
57,305,75,136

