79,208,48,119
79,208,48,116
79,208,48,116
79,208,48,116
79,206,48,116
79,206,48,116
78,205,48,116
78,205,48,116
78,205,48,116
78,205,48,116
78,205,48,116
78,202,48,116
78,202,48,116
78,202,48,116
76,201,48,116
76,201,48,116
76,201,48,116
76,200,48,116
76,200,48,116
76,200,48,116
74,197,48,116
76,200,48,116
76,200,48,116
76,198,48,116
76,198,48,116
78,197,48,116
78,197,48,116
80,197,46,113
84,197,46,113
84,197,46,113
84,197,46,113
88,197,42,113
88,197,42,113
90,195,42,113
90,195,42,113
92,195,42,113
93,195,41,113
99,195,38,113
99,195,39,110
99,195,39,110
99,195,39,110
101,193,39,110
99,193,39,110
101,193,39,110
105,193,39,110
101,193,48,109
101,193,48,109
103,193,48,109
103,193,48,109
104,192,48,109
104,192,48,109
107,191,48,109
109,189,48,109
106,190,52,108
107,189,52,108
109,189,52,108
112,188,52,108
112,188,52,108
112,188,52,108
114,189,52,108
114,187,52,108
114,187,52,108
116,187,52,108
118,186,52,108
120,186,52,108
123,185,52,108
123,185,52,108
124,185,52,106
127,184,52,106
127,184,52,106
129,184,52,106
131,184,52,106
131,184,52,106
133,182,52,106
137,182,52,106
137,182,52,106
137,181,52,106
137,180,55,106
138,180,55,106
140,179,55,106
142,179,55,106
141,179,55,106
148,179,55,106
146,178,55,106
146,178,55,106
148,177,55,106
150,177,55,106
152,177,55,106
154,176,55,106
154,176,55,106
158,176,55,106
158,176,55,106
160,176,55,104
159,176,55,104
159,176,55,103
160,174,55,103
163,174,54,101
163,174,54,101
160,175,54,101
167,173,54,101
169,171,54,101
169,171,54,101
171,171,54,101
172,171,54,101
170,173,54,101
172,173,54,101
174,173,54,101
176,172,54,101
176,172,54,101
176,172,54,101
178,170,54,101
177,172,54,101
178,169,54,101
180,168,54,101
184,168,54,101
186,168,54,101
184,168,54,101
184,168,54,101
184,166,54,101
185,168,54,101
185,168,54,101
187,167,54,101
194,167,46,101
195,167,46,101
197,167,46,101
195,167,46,101
199,166,46,101
199,166,46,101
199,166,46,101
202,166,46,101
202,166,44,98
204,166,44,98
206,166,44,98
208,164,44,98
204,164,44,98
208,164,44,98
208,164,44,98
210,163,44,98
208,163,44,98
208,163,44,98
208,163,44,98
212,161,42,98
212,161,42,98
214,161,42,98
214,161,42,98
218,161,42,98
216,159,42,96
216,161,42,96
219,159,42,97
217,159,42,97
217,159,42,97
217,159,42,97
217,158,42,97
217,158,42,97
221,158,39,96
221,158,39,96
221,158,39,96
224,158,39,96
224,158,39,96
224,157,39,94
224,157,39,94
226,157,39,94
226,157,39,94
227,155,39,94
227,155,39,94
227,155,39,94
229,155,39,94
229,155,39,94
229,155,39,94
229,155,39,94
233,155,39,94
233,155,39,94
233,155,39,91
233,155,39,91
235,155,39,91
235,155,39,91
235,155,39,91
235,153,39,91
236,152,39,91
236,152,39,91
236,152,39,91
241,151,39,91
241,151,39,91
241,151,39,91
241,151,39,91
241,151,39,91
244,151,37,90
244,151,37,90
244,151,37,90
242,149,37,90
244,151,37,90
242,149,37,90
244,151,37,90
245,145,37,90
245,147,37,90
245,147,37,90
245,147,37,90
245,147,37,90
245,145,37,90
246,147,37,90
248,147,37,90
248,147,37,90
248,147,37,90
250,147,37,90
250,147,37,90
250,146,37,90
250,146,37,90
250,146,37,90
252,146,37,90
252,146,37,90
253,145,37,90
253,145,37,90
253,145,37,90
253,145,37,86
254,143,37,86
254,143,37,86
254,143,37,86
254,143,37,86
254,143,37,86
254,143,37,86
254,142,37,86
254,142,37,86
254,142,37,86
254,142,37,86
254,142,37,86
254,142,37,86
254,142,37,86
254,137,37,86
254,139,37,86
254,139,37,86
254,139,37,86
254,139,37,86
254,139,37,86
254,139,37,86
254,139,37,86
254,139,37,86
254,139,37,86
254,139,37,86
254,139,37,86
254,139,37,86
254,139,37,86
254,139,37,86
254,139,37,86
254,139,37,86
253,136,37,86
253,136,37,86
253,136,37,86
253,136,37,86
253,136,37,86
253,136,37,86
253,136,37,86
253,136,37,86
253,136,37,86
253,136,37,86
253,136,37,86
253,136,37,86
253,136,37,86
254,134,37,86
254,134,37,86
254,134,37,86
254,134,37,86
254,134,37,86
254,134,37,86
254,134,37,86
254,132,37,86
252,134,37,86
254,130,33,86
254,132,33,86
254,132,33,86
254,132,33,86
254,132,33,86
254,132,33,86
256,131,33,86
256,131,33,86
256,131,33,86
256,131,33,86
260,128,33,86
299,128,33,86
314,128,33,86
343,128,33,86
358,128,33,86
384,128,33,86
408,124,33,82
424,127,33,82
454,128,33,82
481,126,33,82
503,125,33,82
513,121,33,82
507,124,33,82
509,118,33,82
509,119,33,82
511,119,33,82
510,117,33,82
514,117,33,82
511,114,33,82
512,115,33,82
511,117,33,82
511,115,33,82
512,112,33,82
514,114,33,82
514,113,33,82
514,113,33,82
515,115,33,82
514,114,33,82
514,112,33,82
514,112,33,82
516,112,33,82
516,114,33,82
516,114,33,82
516,114,33,82
516,114,33,82
516,112,33,82
516,112,33,82
516,110,33,82
516,108,33,82
516,110,33,82
516,108,33,82
516,106,33,82
516,108,33,82
516,107,33,82
516,105,33,82
516,107,33,82
516,107,33,82
516,107,33,82
516,107,33,82
516,107,33,82
516,105,33,82
516,104,33,82
516,106,33,82
516,102,33,82
516,104,33,82
514,106,33,82
516,106,33,82
516,106,33,82
514,106,33,82
516,106,33,82
514,104,33,82
514,104,33,82
512,104,33,82
512,104,33,82
512,102,33,82
512,102,33,82
512,104,33,82
512,104,33,82
510,102,33,82
510,102,33,82
508,102,33,82
509,103,33,82
509,101,33,82
509,101,33,82
509,101,33,78
510,101,33,78
508,101,33,78
508,103,33,78
508,103,33,78
508,101,33,78
507,101,33,78
507,101,33,78
507,101,33,78
507,102,33,78
509,102,33,78
511,100,33,78
507,100,33,78
507,100,33,78
509,102,33,78
509,100,33,78
509,102,33,78
509,102,33,74
509,102,33,74
509,102,33,74
509,102,33,74
511,102,33,74
509,100,33,73
511,99,33,73
511,97,33,73
511,99,33,73
511,99,33,73
511,99,33,73
511,99,33,73
511,98,33,73
513,100,33,73
511,100,33,73
513,100,33,73
511,100,33,73
513,100,33,73
511,100,33,73
513,100,33,73
511,98,33,73
513,97,33,73
513,97,33,73
511,99,33,73
511,97,33,73
511,95,33,73
511,97,33,73
513,95,33,73
513,95,33,73
511,95,33,73
509,95,33,73
509,95,33,73
509,93,33,73
509,93,33,73
508,94,33,73
508,94,33,73
506,94,33,73
508,94,33,73
508,94,33,73
510,94,33,73
506,94,33,73
508,94,33,73
506,92,33,73
506,94,33,73
505,90,33,73
505,90,33,73
503,92,33,73
503,92,33,73
503,94,33,73
503,92,33,73
503,93,33,73
504,93,33,73
503,93,33,73
503,91,33,73
505,91,33,73
501,93,33,73
503,93,33,73
501,91,33,73
501,91,33,73
501,91,33,73
499,91,33,73
501,91,33,73
501,91,33,73
499,93,33,73
501,91,33,73
499,89,33,73
499,92,33,73
497,86,33,73
499,90,33,73
497,90,33,73
499,90,33,73
499,90,33,73
499,88,33,73
497,88,33,73
497,90,33,73
499,88,33,73
497,92,33,73
497,88,33,73
497,90,33,73
497,88,33,73
497,88,33,73
497,87,33,73
495,87,33,73
