259,119,47,90
259,119,47,90
263,119,47,90
263,119,47,90
263,126,47,90
263,126,47,90
265,126,47,90
267,126,47,90
271,129,47,90
269,127,47,90
269,127,47,90
272,127,47,94
274,127,47,94
274,127,47,94
272,129,47,94
274,128,53,94
274,128,53,94
278,128,53,94
276,131,53,94
274,131,53,94
276,131,53,94
274,131,53,94
274,133,53,94
276,133,53,94
276,131,53,94
276,131,53,94
276,131,53,94
279,138,53,94
279,138,53,94
279,138,53,94
279,138,53,94
279,138,53,94
279,138,53,94
280,138,53,94
280,138,53,94
280,138,53,94
280,138,53,94
284,140,53,94
284,140,53,94
284,140,53,94
284,140,53,94
287,143,53,94
287,143,53,94
287,143,53,94
293,145,53,94
293,145,53,94
293,145,53,94
295,147,53,94
295,147,53,94
295,147,53,94
297,149,53,94
297,149,53,94
297,149,53,94
297,151,61,96
297,151,61,96
297,151,61,96
297,151,61,96
297,151,61,96
297,151,61,96
302,157,61,96
302,157,61,96
302,157,61,96
302,157,61,96
302,157,61,96
302,157,61,96
307,159,57,95
307,159,57,95
307,159,57,95
313,161,57,95
313,161,57,95
313,161,57,95
313,163,58,98
313,163,58,98
313,163,58,98
316,165,54,99
316,165,54,99
316,165,54,99
319,168,54,99
319,168,54,99
319,168,54,99
320,170,54,99
320,170,54,99
320,170,54,99
321,175,54,99
321,175,54,99
326,172,59,103
326,172,59,103
326,172,59,103
326,172,59,103
327,176,64,103
327,176,64,103
327,176,64,103
333,181,64,103
333,181,64,103
333,181,64,103
335,181,66,107
335,181,66,107
335,181,66,107
335,181,66,107
341,184,62,106
341,184,62,106
341,184,62,106
341,184,62,106
342,188,62,106
346,189,71,108
346,189,71,108
350,192,71,108
350,192,71,108
350,192,71,108
356,193,71,108
356,193,71,108
356,193,71,108
362,199,71,108
362,199,71,108
362,199,71,108
371,201,71,108
371,201,71,108
377,200,71,108
377,200,71,108
377,200,71,108
384,202,71,108
384,202,71,108
384,202,71,108
363,201,71,108
353,205,71,108
348,205,76,108
340,209,76,108
333,208,76,108
325,208,76,108
321,205,87,108
317,209,87,108
308,212,87,108
306,212,87,108
299,214,87,108
295,214,87,108
297,213,79,110
287,213,79,110
283,215,79,110
283,215,79,110
275,215,79,110
268,217,79,110
266,216,79,110
259,218,79,110
261,220,79,110
251,220,79,110
246,220,79,110
240,224,79,110
236,223,79,110
232,223,79,110
225,225,79,110
225,223,79,110
224,226,79,110
218,226,79,110
212,227,86,113
208,225,86,113
204,225,86,113
206,227,86,113
199,228,86,113
199,230,86,113
193,231,86,113
193,231,86,113
189,233,86,113
189,231,86,113
182,233,86,113
182,233,86,113
175,234,86,113
173,232,86,113
168,232,86,113
168,234,86,113
161,233,86,113
161,235,86,113
160,238,86,113
156,238,86,113
155,236,86,113
151,238,86,113
144,238,86,113
146,238,86,113
144,235,86,113
141,237,86,113
141,239,86,113
141,239,86,113
130,239,86,113
134,237,86,113
130,235,86,113
130,235,86,113
127,233,86,113
127,233,86,113
116,233,86,113
116,233,86,113
124,249,79,110
129,243,79,110
137,244,79,110
141,244,79,110
144,242,79,110
152,242,79,110
154,245,79,110
165,242,79,110
167,242,79,110
171,246,79,110
188,240,79,110
190,238,79,110
192,239,79,110
197,241,79,110
204,237,79,110
216,237,79,110
222,236,79,110
235,238,79,110
231,238,79,110
239,235,79,110
241,235,79,110
256,235,71,104
252,235,71,104
260,236,71,104
258,234,71,104
258,235,71,104
258,235,71,104
252,234,71,104
252,234,71,104
242,231,81,103
242,231,81,103
237,230,81,103
237,230,81,103
232,229,81,103
232,229,81,103
224,230,81,103
224,230,81,103
215,228,81,103
215,228,81,103
212,227,81,103
212,227,81,103
200,226,81,103
200,226,81,103
195,225,81,103
195,225,81,103
186,225,81,103
186,225,81,103
180,225,81,103
180,225,81,103
180,228,80,96
180,228,80,96
177,226,80,96
174,225,80,96
174,225,80,96
164,224,80,96
164,224,80,96
152,223,80,96
152,223,80,96
143,223,80,96
160,224,80,96
163,224,80,96
171,224,80,96
175,221,80,96
177,221,80,96
178,221,80,96
186,221,80,96
186,219,80,96
190,219,80,96
205,218,80,96
203,218,80,96
207,218,80,96
212,218,80,96
218,217,80,96
228,213,79,94
233,212,79,94
233,212,79,94
239,215,79,94
243,215,79,94
245,213,76,96
246,213,76,96
254,211,76,96
258,213,76,96
258,209,76,96
258,209,76,96
266,208,76,96
266,208,76,96
275,207,76,96
275,207,76,96
290,207,76,96
292,207,76,96
305,207,76,96
305,207,76,96
309,205,76,96
309,205,76,96
320,205,76,96
333,205,76,96
327,205,76,96
331,205,76,96
345,204,76,96
347,204,76,96
358,204,76,96
367,202,76,96
372,202,76,96
390,202,76,96
401,205,76,96
411,205,76,96
411,203,76,96
416,204,76,96
416,204,76,96
406,204,76,96
404,204,76,96
401,203,76,96
401,203,76,96
404,203,76,96
406,203,76,96
406,203,76,96
420,203,76,96
424,203,76,96
432,203,76,96
443,203,76,96
439,203,76,96
449,204,76,96
454,202,76,96
458,202,76,96
469,201,76,96
456,201,76,96
459,201,76,96
465,201,76,96
466,201,76,96
466,201,76,96
466,201,76,96
454,201,76,96
454,201,76,96
452,201,76,96
452,201,76,96
452,201,76,96
456,200,76,96
456,200,76,96
456,200,76,96
460,199,76,96
460,199,76,96
471,199,76,96
469,199,76,96
469,199,76,96
469,199,76,96
459,199,76,96
459,195,76,96
459,195,76,96
457,195,76,96
450,194,76,96
444,192,76,96
439,197,76,96
431,197,76,96
419,197,76,96
416,197,76,96
406,197,76,96
402,197,76,96
393,197,76,96
385,197,76,96
385,197,76,96
387,197,76,96
386,197,76,96
392,197,76,96
394,197,76,96
394,197,76,96
394,197,76,96
394,197,76,96
394,197,76,96
394,197,76,96
394,197,76,96
394,197,76,96
394,197,76,96
394,197,76,96
394,197,76,96
394,197,76,96
394,197,76,96
394,197,76,96
394,197,76,96
394,197,76,96
394,197,76,96
394,197,76,96
394,197,76,96
394,197,76,96
401,194,76,96
401,194,76,96
401,194,76,96
401,194,76,96
401,194,76,96
401,194,76,96
403,194,76,96
403,194,76,96
403,194,76,96
403,194,76,96
407,197,83,89
407,197,83,89
407,197,83,89
407,197,83,89
407,197,83,89
413,196,83,89
413,196,83,89
413,196,83,89
413,196,83,89
413,196,83,89
413,196,83,89
413,196,83,89
413,196,83,89
413,196,83,89
413,196,83,89
413,196,83,89
413,196,83,89
399,196,83,89
389,196,83,89
376,197,83,89
372,197,83,89
370,197,83,89
365,197,83,89
348,197,83,89
344,197,83,89
342,194,83,89
342,194,83,89
325,192,83,89
327,192,83,89
325,189,83,89
310,189,83,89
308,188,83,89
310,188,83,89
297,188,83,89
289,188,83,89
278,187,83,89
283,187,83,89
278,188,82,86
280,188,82,86
261,188,82,86
258,188,82,86
252,188,82,86
246,188,82,86
240,192,82,86
242,192,82,86
229,194,78,86
231,192,78,86
224,192,78,86
224,192,78,86
210,189,78,86
210,189,78,86
210,189,78,86
198,190,78,86
198,190,78,86
186,186,78,86
182,192,78,86
177,190,80,90
177,190,80,90
172,187,80,90
164,187,80,90
158,188,80,90
158,188,80,90
146,189,80,90
150,191,80,90
153,190,80,90
151,190,80,90
152,192,80,90
152,190,80,90
155,185,80,90
155,185,80,90
155,185,80,90
155,185,80,90
155,185,80,90
155,185,80,90
155,185,80,90
160,179,86,102
160,179,86,102
175,183,86,102
184,188,86,102
186,186,86,102
197,190,86,102
197,190,86,102
205,194,86,102
209,194,86,102
218,193,86,102
222,193,86,102
229,196,78,102
231,196,78,102
235,190,78,102
235,190,78,102
241,190,78,102
243,190,78,102
250,194,78,102
250,194,78,102
252,196,78,102
252,196,78,102
258,193,78,102
260,193,78,102
265,199,78,102
267,199,78,102
272,200,78,102
274,200,78,102
277,196,81,106
280,202,81,106
284,200,81,106
288,202,81,106
294,203,76,105
297,201,76,105
297,203,76,105
297,203,76,105
295,203,76,105
291,204,81,108
291,206,81,108
287,206,81,108
287,206,81,108
282,208,81,108
282,208,81,108
275,211,84,110
275,209,84,110
269,209,84,110
269,209,84,110
260,211,84,110
260,211,84,110
260,213,84,110
254,211,84,110
246,209,84,110
246,209,84,110
246,209,84,110
246,209,84,110
243,212,84,110
243,212,84,110
243,212,84,110
233,211,84,110
233,211,84,110
233,211,84,110
224,214,84,110
224,214,84,110
224,214,84,110
222,217,84,110
222,217,84,110
222,217,84,110
222,217,84,110
208,219,84,110
208,219,84,110
208,219,84,110
199,221,90,108
199,221,90,108
200,221,90,108
200,221,90,108
200,221,90,108
193,229,90,108
185,228,91,113
185,226,91,113
185,226,91,113
185,226,91,113
185,226,91,113
185,226,91,113
175,227,91,113
175,227,91,113
175,233,91,113
169,236,91,113
169,236,91,113
169,236,91,113
169,236,91,113
159,236,91,113
159,230,91,113
159,230,91,113
155,240,91,113
155,240,91,113
146,242,91,113
146,242,91,113
146,242,91,113
147,244,91,113
147,244,91,113
147,244,91,113
147,244,91,113
133,244,91,113
133,248,91,113
133,246,91,113
135,248,91,113
139,248,91,113
144,248,91,113
146,248,91,113
152,250,91,113
156,252,91,113
152,250,91,113
159,246,91,117
159,246,91,117
159,246,91,117
168,247,91,117
168,247,91,117
168,247,91,117
188,249,91,117
188,249,91,117
195,249,91,117
195,249,91,117
208,250,91,117
208,250,91,117
215,253,91,117
215,253,91,117
224,256,91,117
224,256,91,117
237,256,91,117
237,256,91,117
246,257,91,117
246,257,91,117
273,258,91,117
269,258,91,117
275,258,91,117
275,258,91,117
278,261,91,117
282,261,91,117
299,261,91,117
303,261,91,117
305,259,95,124
309,259,95,124
302,259,95,124
302,259,95,124
302,259,95,124
302,259,95,124
302,259,95,124
302,259,95,124
302,259,95,124
302,265,95,124
294,268,95,124
294,268,95,124
294,269,95,124
294,271,95,124
294,273,95,124
290,275,95,124
292,277,95,124
294,277,95,124
288,286,95,124
288,276,95,124
288,274,95,124
288,274,95,124
288,274,95,124
288,280,95,124
280,280,95,124
276,280,95,124
276,280,95,124
276,280,95,124
276,280,95,124
276,280,95,124
277,283,95,124
277,283,95,124
277,283,95,124
277,283,95,124
277,283,95,124
277,283,95,124
265,286,95,124
265,286,95,124
265,286,95,124
265,286,95,124
265,286,95,124
273,289,95,124
282,289,95,124
284,288,95,124
297,288,95,124
299,288,95,124
303,289,95,124
311,289,95,124
320,291,95,124
316,291,95,124
314,293,95,124
312,293,95,124
312,293,95,124
312,293,95,124
312,293,95,124
304,296,95,124
304,296,95,124
304,296,95,124
304,296,95,124
304,296,95,124
304,296,95,124
304,296,95,124
304,296,95,124
304,296,95,124
304,296,95,124
304,296,95,124
304,296,95,124
322,302,95,124
328,302,95,124
335,302,95,124
339,302,95,124
358,305,95,124
350,305,95,124
373,305,95,124
364,305,95,124
377,305,95,124
386,308,95,124
390,308,95,124
398,313,95,124
403,313,95,124
398,313,95,124
