209 155 309 218
203 154 298 217
193 159 284 217
187 159 276 214
183 159 267 215
180 156 261 212
176 160 254 212
173 158 248 212
166 158 242 211
166 158 236 211
164 159 231 209
160 159 226 209
159 161 227 207
156 160 223 209
155 162 218 207
153 160 213 205
153 160 209 206
149 162 207 206
153 162 203 205
148 160 201 204
145 160 198 205
147 160 197 203
145 160 194 202
145 160 194 202
144 162 191 201
145 163 192 201
145 162 189 200
142 162 189 202
144 162 189 199
145 162 188 199
145 163 188 201
145 163 187 198
146 163 186 198
146 161 187 199
145 161 188 199
146 161 189 199
147 162 189 197
146 164 190 198
148 163 190 196
149 162 191 196
148 161 191 196
149 163 194 197
150 161 195 196
153 163 197 196
152 163 195 195
157 162 196 195
158 163 197 196
159 163 198 194
159 163 201 194
159 161 201 193
162 163 203 194
160 163 204 192
165 162 202 194
166 162 205 192
168 164 203 192
167 163 206 193
172 165 208 192
172 165 208 191
174 163 208 192
174 164 209 193
176 164 211 191
176 164 209 191
179 163 210 191
178 163 209 190
179 163 211 190
181 164 209 189
182 164 213 190
184 163 215 188
188 163 215 186
189 163 218 188
189 164 220 189
191 163 220 189
191 163 221 188
192 162 223 188
192 163 224 188
192 163 225 188
197 163 224 187
197 164 226 187
198 164 227 187
197 164 228 188
200 164 228 188
200 164 229 187
202 163 230 187
205 164 231 187
205 164 231 188
207 165 233 187
206 163 235 187
208 163 235 186
209 165 237 187
210 165 238 186
211 164 239 186
214 164 240 186
213 165 241 186
215 164 242 187
216 164 242 185
219 164 242 184
217 164 244 184
220 164 245 185
221 163 246 185
223 163 246 184
224 163 248 184
225 163 249 184
227 164 250 184
227 163 253 185
228 163 252 185
230 164 253 184
228 163 254 184
229 164 255 184
231 164 253 184
233 163 256 184
233 164 257 183
234 163 258 183
236 163 259 183
238 164 259 183
236 163 263 183
