461,306,142,60
463,306,142,60
466,306,142,60
466,306,142,60
466,306,142,60
470,308,137,60
472,307,137,60
476,307,133,60
477,307,132,60
479,307,130,60
479,307,130,60
481,307,128,60
484,307,125,60
485,307,124,60
487,307,122,60
487,307,122,60
487,307,122,60
491,307,118,60
493,307,117,60
493,307,117,60
494,307,115,60
494,306,115,60
494,306,115,60
495,306,114,60
495,306,114,60
495,306,114,60
495,306,114,60
495,306,114,60
495,306,114,60
495,306,114,60
495,306,114,60
495,306,114,60
495,306,114,60
495,306,114,60
495,306,114,60
495,306,114,60
495,306,114,60
495,306,114,60
495,306,114,60
495,306,114,60
495,306,114,60
495,306,114,60
495,306,114,60
495,306,114,60
495,306,114,60
495,306,114,60
495,306,114,60
495,306,114,60
495,306,114,60
495,306,114,60
495,306,114,60
495,306,114,60
495,306,114,60
495,306,114,60
495,306,114,60
495,306,114,60
495,306,114,60
495,306,114,60
495,306,114,60
495,306,114,60
495,306,114,60
495,306,114,60
495,306,114,60
495,306,114,60
491,306,118,61
491,306,118,61
491,306,118,61
491,306,118,61
491,306,118,61
491,306,118,61
491,306,118,61
491,306,118,61
488,306,120,62
488,306,120,62
488,306,120,62
488,306,120,62
486,307,120,62
486,307,120,62
486,307,120,62
486,307,120,62
485,307,121,60
485,307,121,60
485,307,121,60
483,307,121,60
483,307,121,60
482,308,126,58
482,308,126,58
482,308,126,58
479,308,129,58
479,308,129,58
479,308,129,58
474,308,137,58
474,308,137,58
474,308,137,58
473,306,138,59
473,306,138,59
471,308,136,56
471,308,136,56
471,308,136,56
467,308,140,56
467,308,140,56
467,308,140,56
467,308,140,56
463,308,144,56
463,308,144,56
463,308,144,56
460,308,144,56
460,308,144,56
460,308,144,56
459,308,144,56
459,308,144,56
456,308,144,56
456,308,144,56
454,308,144,56
454,308,144,56
452,308,144,56
452,308,144,56
449,308,144,56
449,308,144,56
447,308,144,56
447,308,144,56
447,308,144,56
445,308,144,56
445,308,144,56
440,308,144,56
440,308,144,56
440,308,144,56
438,308,144,56
438,308,144,56
438,308,141,56
438,308,141,56
437,308,141,56
437,308,139,56
437,308,139,56
434,308,139,56
434,308,139,56
434,308,139,56
431,308,139,56
431,308,139,56
431,308,139,56
430,308,139,56
430,308,139,56
430,308,139,56
427,308,139,56
427,308,139,56
427,308,139,56
427,308,139,56
427,308,139,56
427,308,137,56
427,308,137,56
425,308,137,56
425,308,137,56
425,308,137,56
425,308,137,56
422,308,137,56
422,308,137,56
422,308,137,56
422,308,137,56
419,308,137,56
419,308,137,56
419,308,137,56
419,308,137,56
418,308,137,56
418,308,137,56
418,308,137,56
416,308,137,56
416,308,137,56
416,308,137,56
416,308,137,56
411,308,137,56
411,308,137,56
411,308,137,56
411,308,137,56
412,308,137,56
412,308,137,56
412,308,137,56
412,308,137,56
410,308,137,56
410,308,137,56
410,308,137,56
410,308,137,56
410,308,134,56
410,308,134,56
410,308,134,56
410,308,134,56
410,308,134,56
410,308,134,56
410,308,134,56
410,308,134,56
410,308,134,56
410,308,134,56
410,308,134,56
410,308,134,56
410,308,134,56
410,308,134,56
410,308,134,56
410,308,134,56
410,308,134,56
410,308,134,56
410,308,134,56
410,308,134,56
410,308,134,56
410,308,134,56
410,308,134,56
410,308,134,56
410,308,134,56
410,308,134,56
410,308,134,56
410,308,134,56
410,308,134,56
410,308,134,56
410,308,134,56
410,308,134,56
410,308,134,56
410,308,134,56
410,308,134,56
410,308,134,56
410,308,134,56
410,308,134,56
410,308,134,56
410,308,134,56
410,308,134,56
410,308,134,56
416,308,134,56
414,308,134,56
416,308,134,56
416,308,134,56
414,308,134,56
416,308,134,56
421,308,134,56
419,308,134,56
419,308,134,56
419,308,134,56
419,308,134,56
422,308,134,56
425,308,134,56
429,308,134,56
427,308,134,56
429,308,134,56
429,308,134,56
429,308,134,56
431,308,134,56
433,308,134,56
433,308,134,56
433,308,134,56
429,308,134,56
433,308,134,56
435,308,134,56
439,308,134,56
439,308,134,56
439,307,134,56
441,307,134,56
440,307,134,56
442,307,134,56
447,307,134,56
447,307,134,56
451,306,134,56
449,306,134,56
453,306,134,56
454,306,134,56
456,306,134,56
461,306,134,56
463,306,134,56
466,306,134,56
466,306,134,56
467,306,134,56
470,305,134,56
473,305,132,57
473,305,132,57
477,304,129,57
478,304,128,57
481,304,128,57
484,304,127,57
487,304,124,57
487,304,124,57
490,302,121,58
495,302,116,58
495,302,116,59
499,302,112,59
501,302,110,57
504,302,107,57
506,302,105,56
507,302,104,56
510,302,100,53
513,300,98,55
517,300,94,56
520,300,91,56
522,300,89,53
522,300,89,53
527,300,84,54
529,300,82,55
529,299,82,55
532,298,79,56
535,296,76,56
535,296,76,56
535,296,76,56
537,296,74,53
539,296,72,53
541,296,70,54
544,296,67,52
544,296,67,52
548,296,63,51
546,296,65,51
545,296,65,51
545,296,65,51
548,294,62,51
548,294,62,51
548,294,62,51
548,294,62,51
552,293,56,51
552,293,56,51
553,292,56,51
553,291,56,51
553,291,56,51
554,289,55,51
554,289,55,51
554,289,55,51
558,289,50,51
558,289,50,51
556,288,50,51
556,288,50,51
558,286,50,51
558,286,50,51
558,285,50,51
558,285,50,51
558,285,50,51
558,285,50,51
557,285,50,51
558,284,50,51
558,284,50,51
561,284,49,49
561,284,49,49
561,283,49,49
561,283,49,49
561,283,49,49
559,282,49,46
559,282,49,46
559,282,49,46
559,282,49,46
561,281,49,46
557,281,52,45
556,280,52,45
556,280,52,45
558,280,50,45
558,280,50,45
558,278,50,45
558,278,50,45
557,278,50,45
557,276,50,45
557,276,50,45
557,276,50,45
557,276,50,45
556,275,50,45
556,275,50,45
556,275,50,45
556,274,50,45
556,274,50,45
554,274,50,45
554,274,50,45
553,273,50,45
553,273,50,45
553,271,50,45
553,271,50,45
547,271,55,44
547,271,55,44
547,271,55,44
546,269,55,44
546,269,55,44
546,269,55,44
546,269,55,44
544,267,55,44
544,267,55,44
544,267,55,44
540,267,55,44
540,267,55,44
536,266,55,44
535,264,55,44
535,264,55,44
535,264,55,44
533,264,55,44
533,264,55,44
533,264,55,44
534,264,49,40
534,264,49,40
531,264,49,38
531,264,49,38
530,263,49,38
530,263,49,38
528,263,49,38
527,263,49,38
528,262,47,36
528,262,47,36
527,264,44,32
527,264,44,32
523,262,44,32
523,262,44,32
518,260,47,33
515,262,47,33
511,260,50,34
510,259,50,34
509,259,50,34
509,257,50,34
505,257,50,34
505,255,50,34
505,255,50,34
505,255,50,34
500,255,50,34
500,253,50,34
500,255,50,34
500,253,50,34
498,254,50,34
496,253,50,34
496,253,50,34
493,252,50,34
493,252,50,34
493,252,50,34
485,250,50,34
482,249,50,34
482,249,50,34
478,253,50,34
476,251,50,34
476,251,50,34
476,251,50,34
480,254,43,29
480,254,43,29
472,252,48,31
474,248,47,35
472,248,47,35
470,247,47,35
469,247,47,35
469,247,47,35
465,247,47,35
465,247,47,35
466,247,47,35
464,246,47,35
464,245,47,35
465,246,44,34
464,245,44,34
464,245,44,34
462,245,44,34
461,245,44,34
459,244,44,34
459,244,44,34
459,244,45,33
459,244,45,33
459,243,45,33
457,243,45,33
455,243,46,32
453,243,45,32
453,243,45,32
454,243,45,32
453,243,45,32
453,243,45,32
453,243,45,32
453,243,45,32
451,242,45,32
451,242,45,32
450,242,45,32
450,242,45,32
448,242,45,31
447,242,46,29
447,242,46,29
447,242,46,29
444,242,44,29
445,241,44,29
445,240,44,29
445,239,44,29
444,240,44,29
444,240,44,29
443,239,44,29
443,239,44,29
440,239,44,29
440,239,44,29
440,239,44,28
440,239,44,28
440,239,41,28
440,239,41,28
437,239,41,28
437,239,41,28
436,239,41,28
436,239,41,28
433,239,41,28
433,239,41,28
433,239,41,28
433,237,41,28
433,237,41,28
433,237,41,28
431,236,41,28
431,236,41,28
429,236,41,28
429,236,41,28
429,236,41,28
429,236,41,28
429,236,39,28
428,235,39,28
428,235,39,28
428,235,37,28
428,235,37,28
428,235,37,28
428,235,35,26
426,235,35,26
426,235,35,26
426,235,35,26
425,234,35,26
425,234,35,26
423,235,35,26
423,235,35,26
423,235,35,26
421,234,35,26
421,234,35,26
418,233,35,26
418,233,35,26
418,233,35,26
418,233,35,26
417,232,35,26
417,232,35,26
417,232,35,26
416,232,35,23
416,232,35,23
416,232,35,23
414,231,35,23
414,231,35,23
414,231,35,23
414,231,35,23
408,229,35,23
408,229,35,23
407,231,35,23
409,229,35,23
405,231,35,23
407,229,35,23
405,229,35,23
403,229,35,23
405,227,35,23
405,227,35,23
405,227,35,23
405,229,35,23
405,229,35,23
403,227,37,24
403,227,37,24
401,227,37,24
401,227,37,24
401,227,37,24
401,227,37,24
401,227,37,24
401,227,37,24
400,226,37,24
400,228,37,24
399,229,37,24
399,229,37,24
399,229,35,24
399,229,35,24
399,229,35,24
398,227,35,24
398,227,35,24
398,227,35,24
398,228,35,24
398,228,35,24
398,228,32,24
398,228,32,24
398,228,32,24
398,228,32,24
398,228,32,24
395,228,32,24
395,228,32,24
395,228,32,24
395,228,32,24
393,227,32,24
393,227,32,24
393,227,32,24
393,227,32,24
393,227,32,24
393,227,32,24
391,225,32,24
391,225,32,24
391,225,32,24
391,225,30,24
391,225,30,24
389,224,30,24
387,224,30,24
387,224,30,24
386,223,30,23
386,223,30,23
386,221,30,23
386,221,30,23
385,221,30,23
385,221,30,23
385,221,30,23
385,221,30,23
383,222,30,23
383,222,30,23
383,222,30,23
383,222,30,23
381,222,30,23
381,222,30,23
381,222,30,23
379,221,30,23
379,221,30,23
