93,170,25,66
93,170,25,66
93,170,25,66
97,169,25,69
97,169,25,69
97,169,25,69
99,170,25,69
101,170,25,69
103,172,25,69
105,171,25,69
108,173,25,69
112,173,25,69
114,173,25,69
114,171,25,69
116,172,25,69
116,174,25,69
119,174,29,68
121,176,29,68
123,177,29,68
123,177,29,68
127,178,29,68
127,178,29,68
127,177,29,68
127,175,29,68
132,176,29,68
134,178,29,68
136,178,29,68
136,178,29,68
139,178,29,68
141,180,29,68
141,180,29,68
146,183,29,68
146,181,29,68
148,181,29,68
150,181,29,68
154,181,29,68
154,181,29,68
159,182,29,68
159,184,29,68
159,183,32,73
161,183,37,72
165,183,37,72
165,185,37,72
165,183,37,72
165,183,37,72
168,184,37,72
170,186,37,72
174,186,37,72
176,184,37,72
181,182,33,76
181,184,33,76
183,184,33,76
183,184,33,76
183,186,33,76
187,186,33,76
185,186,33,76
190,188,33,76
190,188,33,76
190,188,33,76
190,188,33,76
195,189,33,76
195,189,33,76
202,191,33,76
204,191,33,76
208,191,33,76
208,191,33,76
210,191,33,76
212,192,38,81
212,194,38,81
215,194,38,81
215,194,38,81
220,193,38,81
222,195,38,81
228,197,38,81
232,196,38,81
235,194,36,82
235,194,36,82
235,194,36,82
237,196,36,82
238,197,36,82
238,197,36,82
240,195,36,82
244,199,36,82
249,199,36,82
251,199,36,82
254,198,36,82
266,202,36,82
269,201,36,82
271,201,36,82
271,201,36,82
275,201,36,82
277,203,36,82
286,204,36,82
288,202,36,82
288,202,36,82
290,202,36,82
290,204,36,82
294,209,36,82
294,207,36,82
296,207,36,82
296,205,36,82
299,207,36,82
299,207,36,82
303,209,36,82
301,211,36,82
307,210,36,82
