92,91,45,98
92,91,45,98
90,91,45,98
88,91,45,98
90,91,45,98
90,91,45,98
92,91,45,98
92,91,44,98
92,91,44,98
92,91,44,98
92,91,44,98
92,91,44,98
92,91,44,98
92,91,44,98
92,91,44,98
92,91,44,98
92,91,44,98
92,91,44,98
92,91,44,98
92,91,44,98
92,91,44,98
92,91,44,98
92,92,44,98
92,92,44,98
92,92,44,98
92,92,44,98
92,92,44,98
92,92,44,98
92,92,44,98
92,92,44,98
92,92,44,98
92,92,44,98
92,92,44,98
92,92,44,98
92,92,44,98
92,92,44,98
92,92,44,98
92,92,44,98
92,92,44,98
92,92,44,98
92,92,44,98
92,92,44,98
92,92,44,98
92,92,44,98
92,92,44,98
92,92,44,98
92,92,44,98
92,92,44,98
92,92,44,98
92,92,44,98
92,92,44,98
92,92,44,98
92,92,44,98
92,92,44,98
92,92,44,98
92,92,44,98
92,92,44,98
92,92,44,98
92,92,44,98
92,92,44,98
92,92,44,98
92,92,44,98
92,92,44,98
92,92,44,98
92,92,44,98
92,92,44,98
92,92,44,98
92,92,44,98
92,98,44,98
92,102,44,98
92,108,44,98
92,110,44,98
91,112,44,98
93,112,44,98
93,112,44,98
93,112,44,98
93,112,44,98
91,110,44,98
93,111,41,96
93,111,41,96
93,111,41,96
91,111,41,96
91,111,39,96
91,111,39,96
90,111,39,96
90,111,39,96
90,111,39,96
90,111,39,96
90,119,39,96
90,125,39,96
90,128,39,97
90,129,39,97
92,129,39,97
92,129,39,97
92,129,39,97
92,129,39,97
92,129,39,97
92,129,39,97
91,129,39,97
91,129,39,97
91,129,39,97
91,129,39,97
91,129,39,97
91,129,39,97
91,129,39,97
91,129,39,97
91,129,39,97
91,129,39,97
91,129,39,97
91,131,39,97
91,131,39,97
93,129,39,97
105,129,39,97
114,127,39,97
122,127,39,97
131,127,39,97
141,127,39,97
148,126,39,97
152,126,39,97
152,126,39,97
153,126,39,97
154,126,39,97
161,126,39,97
173,128,39,97
178,126,39,97
177,126,39,97
180,124,39,97
178,124,39,97
178,124,39,97
178,124,39,97
178,124,39,97
178,124,39,97
182,126,39,97
192,126,39,97
201,124,39,97
207,123,39,97
212,125,39,94
210,124,39,94
210,124,39,94
209,124,39,94
209,126,39,94
211,126,39,94
211,127,39,94
211,125,39,94
211,123,39,94
209,123,39,94
211,123,39,94
211,125,39,94
211,123,39,94
211,125,39,94
211,125,39,94
211,125,39,94
211,125,39,94
211,125,39,94
211,124,39,94
211,126,39,94
209,124,39,94
209,126,39,94
209,124,39,94
209,126,39,94
209,126,39,94
209,126,39,94
209,126,39,94
209,124,39,94
207,124,39,94
209,124,39,94
207,126,39,94
209,130,39,94
209,130,39,94
209,130,39,94
209,130,39,94
209,130,39,94
209,130,39,94
209,130,39,94
209,130,39,94
209,130,39,94
209,130,39,94
207,130,39,94
207,130,39,94
207,131,39,94
207,131,39,94
207,131,39,94
207,131,39,94
207,131,39,94
207,131,39,94
202,131,39,94
202,131,39,94
205,132,39,94
205,132,39,94
205,132,39,94
205,132,39,94
206,132,39,94
208,133,39,94
208,133,39,94
208,135,39,94
208,135,39,94
210,135,39,94
212,131,39,94
212,131,39,94
212,128,39,94
212,132,39,94
212,133,39,94
214,131,39,94
214,131,39,94
214,131,39,94
214,133,39,94
214,131,39,94
214,129,39,94
218,129,39,94
214,129,39,94
216,131,39,94
214,131,39,94
214,129,39,94
216,129,39,94
216,129,39,94
216,129,39,94
218,127,39,94
214,129,39,94
216,129,39,94
218,129,39,94
218,129,39,94
216,131,39,94
216,129,39,94
218,129,39,94
216,129,39,94
216,129,39,94
218,129,39,94
218,129,39,94
218,129,39,94
218,133,39,94
218,131,39,94
218,131,39,94
216,129,39,94
216,129,39,94
219,130,39,94
217,130,39,94
217,130,39,94
219,128,39,94
219,130,39,94
219,130,39,94
221,130,39,94
223,130,39,94
222,130,39,94
224,132,39,94
222,130,39,94
222,130,39,94
220,130,39,94
223,131,39,94
221,131,39,94
219,133,39,94
219,133,39,94
219,133,39,94
219,133,39,94
219,133,39,94
219,133,39,94
222,133,39,94
222,133,39,94
222,135,39,94
223,136,39,94
223,136,39,94
225,136,39,94
225,136,39,94
225,136,39,94
228,138,39,94
228,138,39,94
228,138,39,94
228,138,39,94
229,139,39,94
229,139,39,94
234,140,39,94
234,140,39,94
236,139,39,94
236,139,39,94
241,140,39,96
241,140,39,96
243,141,39,96
243,141,39,96
243,141,39,96
245,137,39,96
244,141,39,96
244,141,39,96
249,139,39,96
249,139,39,96
249,137,39,96
250,136,40,94
252,136,40,94
250,136,40,94
250,140,40,94
250,138,40,94
250,140,40,94
252,141,40,94
252,141,40,94
257,137,40,94
257,141,40,94
257,141,40,94
259,141,40,94
259,141,40,94
259,141,40,94
262,139,40,94
262,143,40,94
265,143,40,94
265,143,40,94
269,143,40,94
269,143,40,94
270,143,40,94
270,143,40,94
270,143,40,94
270,143,40,94
270,143,40,94
273,143,40,94
273,143,40,94
275,143,40,94
275,143,40,94
279,143,40,94
279,143,40,94
279,143,40,94
282,145,40,94
282,145,40,94
290,146,40,94
293,146,40,94
295,146,40,94
289,139,40,94
280,143,40,94
272,140,40,94
272,139,40,94
263,141,40,94
255,140,40,94
248,140,40,94
240,139,40,94
234,141,40,94
237,141,40,94
231,143,40,94
235,143,40,94
237,143,40,94
237,143,40,94
241,139,40,94
246,138,40,94
250,137,40,94
246,137,40,94
252,139,40,94
252,138,40,94
250,142,40,94
256,143,40,94
256,143,40,94
258,143,40,94
258,143,40,94
262,146,40,94
263,152,40,94
269,152,40,94
274,152,40,94
271,144,40,94
263,143,40,94
263,143,40,94
259,143,39,98
251,141,39,98
246,141,39,98
252,143,39,98
249,143,39,98
249,145,39,98
241,143,53,99
241,144,53,99
246,145,53,99
251,145,50,98
254,146,50,98
259,144,50,98
263,145,50,98
267,147,50,98
271,142,50,98
275,144,50,98
280,145,50,98
284,144,50,98
288,144,50,98
294,144,50,98
295,148,50,98
295,146,50,98
289,147,50,98
282,149,50,98
278,149,50,98
268,150,50,98
268,150,50,98
259,149,50,98
265,147,50,98
267,148,50,98
273,147,50,98
277,149,50,98
280,147,50,98
284,148,50,98
287,147,50,102
290,147,50,102
294,145,50,102
296,151,50,102
301,145,50,102
307,145,50,102
316,145,50,102
316,145,50,102
322,147,50,102
324,147,50,102
322,147,50,102
320,145,50,102
310,147,50,102
304,145,50,102
297,146,50,102
293,147,50,102
287,149,50,102
283,150,50,102
274,152,54,98
270,150,54,98
261,150,54,98
257,150,54,98
253,148,54,98
249,148,54,98
254,148,54,98
256,149,54,98
259,149,54,98
272,148,48,102
277,147,48,102
277,148,52,101
277,152,57,101
289,153,55,99
295,154,53,98
297,152,56,94
299,152,58,95
289,154,58,95
287,151,59,97
293,157,59,97
280,147,63,102
280,147,63,102
276,147,59,104
275,149,59,104
268,150,59,104
268,154,57,102
269,156,56,100
261,158,56,100
253,154,58,96
249,154,58,96
240,153,58,98
240,151,58,98
248,151,58,98
252,151,58,98
262,151,58,98
265,151,58,99
275,151,58,99
280,151,58,99
288,149,54,98
290,151,54,98
286,152,54,98
283,150,54,98
280,152,54,98
276,152,54,98
272,154,54,98
272,152,54,98
267,154,54,98
261,151,54,98
261,151,54,98
259,153,54,98
261,155,54,98
263,159,54,98
260,159,54,98
260,159,54,98
266,159,54,98
271,162,54,98
278,161,54,98
282,161,54,98
286,161,54,98
291,162,54,98
294,162,54,98
302,160,54,98
307,162,54,98
312,162,52,99
317,163,52,99
313,155,52,99
313,153,52,99
309,156,52,99
295,158,52,99
293,160,52,99
291,158,52,99
289,160,52,99
283,158,52,102
278,156,52,102
278,154,52,102
274,156,52,102
268,156,52,102
266,157,52,102
259,157,52,102
257,158,52,102
253,160,52,102
250,158,52,102
246,159,52,102
242,159,52,102
240,160,52,102
238,159,52,102
233,160,52,102
225,162,52,102
223,164,52,102
217,162,52,102
216,160,52,102
223,161,52,102
225,161,52,102
231,160,52,102
237,160,52,104
243,160,52,104
246,159,52,104
254,158,52,104
258,160,55,103
260,159,55,103
265,160,55,103
267,158,55,103
271,160,55,103
277,158,55,103
284,158,55,103
290,158,55,103
286,160,55,103
294,160,55,103
297,160,55,103
301,159,55,103
307,159,55,103
311,160,55,103
318,159,55,103
320,158,55,103
322,158,55,103
326,158,55,103
331,158,55,103
335,157,55,103
339,160,55,103
331,159,55,103
331,157,55,103
323,161,55,103
321,161,55,103
314,159,55,103
312,158,55,103
308,161,55,103
304,159,55,103
297,159,55,103
295,159,55,103
285,159,55,103
285,160,55,103
278,160,55,103
274,161,55,103
268,162,55,103
261,161,55,103
259,161,55,103
253,162,55,103
250,162,55,103
244,160,55,103
238,160,55,103
234,163,55,103
231,161,54,104
225,163,54,104
227,162,54,104
229,162,54,104
235,162,54,104
237,160,54,104
241,162,54,104
243,162,54,104
246,162,54,104
248,162,54,104
252,160,54,104
256,159,54,104
260,159,54,104
262,161,54,104
263,161,54,104
269,161,54,104
271,162,55,101
273,161,55,101
277,161,55,101
266,169,55,101
279,160,55,101
284,162,55,101
290,160,55,101
294,160,55,101
294,160,55,101
299,160,55,101
299,160,55,101
305,158,55,101
307,158,55,101
305,158,55,101
308,156,55,101
314,156,55,101
312,158,55,101
308,157,55,101
304,155,55,101
293,156,55,101
287,156,55,101
278,155,55,101
272,154,55,101
263,156,55,101
263,164,55,101
251,170,55,101
251,158,55,101
251,157,55,101
249,157,55,101
253,157,55,101
257,158,55,101
259,156,55,101
261,154,55,101
268,154,55,101
268,155,55,101
270,155,55,101
272,155,55,101
276,153,55,101
278,153,55,101
278,153,55,101
283,151,55,101
283,151,55,101
287,151,55,101
290,151,55,101
290,151,55,101
297,149,55,101
297,151,55,101
302,149,55,101
304,149,55,101
306,149,55,101
310,149,55,101
310,149,55,101
314,150,55,101
318,158,55,101
322,156,55,101
322,156,55,101
328,156,55,101
328,156,55,101
334,156,55,101
337,156,55,101
323,150,55,101
314,152,55,101
312,153,55,101
302,154,55,101
297,152,55,101
300,152,55,101
301,152,55,101
297,152,55,101
307,152,55,101
307,152,55,101
309,152,55,101
312,151,55,101
314,148,55,101
314,148,55,101
317,146,55,101
321,147,55,101
327,147,55,101
330,147,55,101
327,148,55,101
327,148,55,101
326,147,55,101
321,146,55,101
322,147,55,101
322,147,55,101
324,147,55,101
324,147,55,101
324,147,55,101
327,147,55,101
331,147,55,101
336,147,55,101
341,147,55,101
342,148,55,101
348,151,55,101
348,151,55,101
348,151,55,101
351,154,55,101
351,154,55,101
354,153,55,101
336,149,55,101
314,151,55,101
304,153,55,101
302,148,55,101
295,152,55,101
293,147,55,101
278,149,64,97
276,145,64,97
274,146,64,97
266,146,64,97
268,149,64,97
269,152,64,97
275,152,64,97
274,148,64,97
274,150,64,97
268,150,64,97
268,148,64,97
263,147,64,97
263,149,64,97
265,149,64,97
259,155,64,97
259,155,64,97
259,155,58,96
259,156,58,96
263,156,52,94
263,156,52,94
263,156,52,94
266,156,52,94
266,156,52,94
266,156,52,94
267,152,52,94
267,152,52,94
267,152,52,94
268,152,52,94
268,152,52,94
269,151,52,94
269,151,52,94
269,151,52,94
269,151,52,94
269,151,52,94
269,147,52,94
269,145,52,94
269,145,52,94
269,151,52,94
269,147,52,94
269,147,52,94
269,145,48,95
269,141,48,95
269,143,48,95
269,141,48,95
267,143,48,95
269,143,53,95
269,141,53,95
269,140,53,95
269,140,53,95
269,140,53,95
269,140,53,95
269,140,53,95
271,148,54,95
263,147,54,95
263,147,54,95
249,148,54,95
249,148,54,95
234,149,54,95
234,149,54,95
223,148,54,95
223,148,54,95
228,147,54,95
228,147,54,95
225,145,54,95
225,145,54,95
225,145,54,95
225,145,54,95
225,145,54,95
225,145,54,95
229,144,54,95
229,144,54,95
229,144,54,95
229,144,54,95
229,144,54,95
229,144,54,95
229,144,54,95
229,144,54,95
232,142,54,95
232,142,54,95
235,141,54,95
235,141,54,95
239,143,54,95
239,143,54,95
240,143,54,95
240,143,54,95
240,143,54,95
242,143,54,95
245,143,54,95
245,143,54,95
245,143,54,95
245,142,54,95
245,142,54,95
245,137,54,95
250,138,54,95
251,138,52,95
251,138,52,95
251,140,52,95
254,137,52,95
254,135,52,95
253,137,52,95
253,137,52,95
258,135,52,95
261,138,52,91
262,138,52,91
267,134,52,91
263,137,52,91
265,130,51,91
265,138,52,91
268,139,52,91
268,139,52,91
270,138,52,91
270,138,52,91
273,139,52,91
268,133,52,91
273,133,54,91
273,137,54,91
276,133,54,91
274,131,54,91
279,132,54,91
277,134,54,91
279,132,54,91
279,136,54,91
280,132,54,91
280,132,54,91
280,132,54,91
284,132,54,91
284,131,54,91
284,131,54,91
286,133,54,91
284,131,54,91
284,131,54,91
284,129,54,91
291,129,42,90
291,129,42,90
291,129,42,90
293,127,42,90
294,127,42,90
292,127,42,90
293,126,42,90
293,126,42,90
293,126,42,90
295,126,42,90
295,125,42,90
294,127,42,90
296,125,42,90
294,125,42,90
297,126,42,90
297,126,42,90
297,122,42,90
297,123,42,90
299,123,42,90
297,123,42,90
295,121,42,90
295,123,42,90
295,120,42,90
293,124,42,90
295,122,42,90
291,121,42,90
291,121,42,90
291,119,42,90
291,119,42,90
291,119,42,90
291,118,42,90
291,118,42,90
293,118,42,90
293,118,42,90
291,118,42,90
291,118,42,90
295,116,42,90
293,118,42,90
293,116,42,90
291,116,42,90
291,113,44,94
291,113,44,94
291,113,44,94
291,114,44,94
289,112,44,94
289,114,44,94
287,111,47,95
287,113,47,95
286,113,47,95
286,113,47,95
286,113,47,95
282,111,47,95
287,110,47,95
287,110,47,95
285,108,47,95
285,110,47,95
285,111,47,95
285,111,47,95
291,109,47,95
293,111,47,95
291,109,47,95
293,109,47,95
295,107,47,95
292,109,47,95
292,106,48,92
292,106,48,92
292,106,48,92
292,106,48,92
292,108,48,92
292,106,48,92
292,106,47,86
292,106,47,86
290,104,47,86
292,103,47,86
290,103,47,86
288,102,47,86
288,102,47,86
288,104,47,86
288,104,47,86
290,104,47,86
288,102,47,86
290,102,47,86
288,102,47,86
292,100,47,86
292,100,47,86
292,100,47,86
292,102,47,86
293,100,47,86
293,98,47,86
293,98,47,86
293,98,47,86
293,96,47,86
293,96,47,86
293,98,47,86
293,96,41,85
293,96,41,85
295,98,41,85
295,97,41,85
295,95,41,85
297,94,41,85
297,94,41,85
297,94,41,85
296,89,41,85
296,87,41,85
296,85,41,85
296,89,41,85
296,87,41,85
296,87,41,85
296,89,41,85
296,89,41,85
296,92,41,85
296,92,41,85
296,90,41,85
296,86,41,85
296,86,41,85
296,84,41,85
297,84,39,78
295,84,39,78
