216,143,15,22
216,143,15,22
216,143,15,22
216,143,15,22
217,143,15,22
217,143,15,22
217,143,15,22
217,143,15,22
217,143,15,22
219,143,15,22
219,143,15,22
219,143,15,22
219,143,15,22
222,145,15,22
222,145,15,22
224,145,15,22
225,145,15,22
225,145,15,22
227,146,15,22
229,146,15,22
229,146,15,22
229,146,15,22
231,147,15,22
233,147,15,22
233,147,15,22
236,147,15,22
239,147,15,22
243,147,15,22
243,147,15,22
244,148,15,22
245,148,16,22
246,149,16,22
246,149,16,22
249,149,16,22
249,149,16,22
254,150,16,22
254,150,16,22
254,150,16,22
259,150,16,22
259,150,16,22
263,150,16,22
263,150,16,22
266,151,16,22
268,151,16,22
268,151,19,23
273,151,19,23
273,151,19,23
274,151,19,23
274,151,19,23
278,152,19,23
278,152,19,23
280,151,19,23
280,151,19,23
282,154,19,23
283,154,19,23
286,154,19,23
286,154,19,23
288,154,19,23
291,154,19,23
291,154,19,23
292,154,19,23
294,154,19,23
294,154,19,23
294,155,19,23
294,155,19,23
294,155,21,25
294,155,21,25
294,155,21,25
294,157,21,25
294,157,21,25
294,157,21,25
294,157,21,25
294,157,21,25
294,157,21,25
294,157,21,25
294,160,21,25
294,160,21,25
294,160,21,25
294,160,21,25
294,160,21,25
293,161,21,25
293,161,21,25
292,164,21,27
292,164,21,27
291,165,21,27
291,165,21,27
291,165,21,27
291,165,21,27
291,165,21,27
288,167,21,27
288,167,21,27
288,167,21,27
287,168,21,27
287,168,21,27
287,168,21,27
285,171,21,27
285,171,21,27
283,171,21,28
283,171,21,28
282,173,21,28
280,172,22,30
277,176,22,30
277,176,22,30
275,179,23,36
275,179,23,36
275,179,23,36
273,181,23,36
273,181,23,36
273,181,23,36
273,181,23,36
273,185,23,36
273,185,23,36
271,186,23,36
271,186,23,36
271,186,23,36
271,189,23,36
270,190,23,36
270,190,23,36
269,191,23,36
269,191,23,36
269,191,23,36
268,193,23,40
268,193,23,40
266,195,25,41
266,195,25,41
263,195,25,41
263,195,25,41
263,195,25,41
263,197,25,41
263,197,25,41
260,201,25,41
260,201,25,41
258,203,27,43
258,203,27,43
258,203,27,43
256,207,27,43
256,207,27,43
252,210,27,43
252,210,27,43
250,212,27,43
248,213,27,43
248,213,27,43
248,213,27,43
245,217,27,43
