333,90,30,30
333,90,30,30
333,90,30,30
333,90,30,30
333,89,30,30
335,89,30,30
336,89,30,30
336,89,30,30
336,89,30,30
338,90,30,30
338,90,30,30
338,90,30,30
338,89,30,30
341,88,27,30
341,88,27,30
341,88,27,30
343,88,27,30
343,88,27,30
342,90,27,30
343,90,27,30
343,89,27,30
343,89,27,30
343,89,27,30
343,89,27,30
343,89,27,30
343,88,27,30
345,88,27,30
345,88,27,30
345,88,27,30
345,88,27,30
345,88,27,30
345,88,27,30
345,88,27,30
345,88,27,30
345,88,27,30
345,88,27,30
345,88,27,30
345,88,27,30
348,88,27,30
348,88,27,30
348,88,27,30
348,88,27,30
348,88,27,30
348,88,27,30
348,87,27,30
348,87,27,30
348,87,27,30
348,87,25,30
348,87,25,30
348,87,25,30
348,87,25,30
348,87,25,30
348,87,25,30
348,87,25,30
348,87,25,30
348,87,25,30
348,87,25,30
348,87,25,30
348,87,25,30
348,87,25,30
348,87,25,30
348,87,25,30
348,86,25,30
345,87,25,30
345,87,25,30
345,87,25,30
347,85,25,30
347,85,25,30
345,83,25,30
345,83,25,30
345,87,25,30
345,83,25,30
345,87,25,30
345,83,25,30
345,87,25,30
345,85,25,30
345,85,25,30
345,85,25,30
345,85,25,30
345,85,25,30
345,85,25,30
345,85,25,30
345,85,25,30
345,85,25,30
345,85,25,30
345,85,25,30
345,85,25,30
344,87,24,28
344,87,24,28
344,87,24,28
344,87,24,28
344,87,24,28
344,87,24,28
344,87,24,28
344,87,24,28
342,85,24,28
342,85,24,28
342,85,24,28
342,85,24,28
342,85,24,28
342,85,24,28
342,85,24,28
342,85,24,28
342,85,24,28
342,85,24,28
342,85,24,28
342,85,24,28
342,85,24,28
341,84,24,28
337,85,24,28
337,85,24,28
337,85,24,28
337,85,24,28
337,85,24,28
337,85,24,28
337,85,24,28
337,85,24,28
337,85,24,28
337,87,22,25
337,87,22,25
337,89,22,25
337,89,22,25
337,87,22,25
337,83,22,25
337,83,22,25
337,85,22,25
337,87,22,25
336,90,22,25
336,90,22,25
336,90,22,25
336,93,22,25
335,96,22,25
335,100,22,25
335,103,22,25
336,104,22,25
336,108,22,25
335,107,22,25
335,113,22,25
335,113,22,25
334,118,22,25
335,121,22,25
333,125,22,25
334,128,22,25
334,130,22,25
334,134,22,25
334,134,22,25
333,139,22,25
333,142,22,25
333,141,22,25
333,145,22,25
333,148,22,25
333,149,23,27
333,149,23,27
329,153,23,27
329,153,23,27
333,158,23,27
331,164,23,27
330,166,23,27
331,170,23,27
331,175,23,21
331,180,23,21
331,180,23,21
333,185,23,21
333,186,23,21
331,187,23,21
331,193,23,21
330,195,23,21
329,196,23,21
329,199,23,21
330,201,23,21
330,207,23,21
329,209,23,21
331,209,23,21
328,214,23,21
330,215,23,21
329,218,23,21
328,221,23,21
331,224,23,21
330,227,24,24
328,227,24,24
326,227,24,24
326,229,24,24
326,227,24,24
328,229,24,24
333,226,24,24
331,226,24,24
331,226,24,24
331,226,24,24
331,226,24,24
331,226,24,24
331,226,24,24
331,226,24,24
331,226,24,24
331,226,24,24
326,226,24,22
326,226,24,22
326,226,24,22
322,222,24,22
322,222,24,22
322,222,24,22
322,222,24,22
322,222,24,22
322,222,24,22
322,222,24,22
322,222,24,22
320,224,22,22
320,224,22,22
320,224,22,22
320,224,22,22
320,224,22,22
320,224,22,22
320,224,22,22
320,224,22,22
320,224,22,22
320,224,22,22
320,224,22,22
320,224,22,22
320,224,22,22
319,224,22,22
316,224,22,22
316,224,22,22
316,224,22,22
316,224,22,22
316,224,22,22
316,224,22,22
316,224,22,22
316,224,22,22
316,224,22,22
316,228,22,22
316,226,22,22
316,226,22,22
316,226,22,22
314,225,22,22
314,223,22,22
314,223,22,22
314,223,22,22
314,223,22,22
314,223,22,22
314,223,22,22
314,223,22,22
313,221,22,22
313,221,22,22
313,221,22,22
313,221,22,22
313,221,22,22
313,221,22,22
311,220,22,22
311,220,22,22
311,220,22,22
311,220,22,22
311,220,22,22
309,220,22,22
309,220,22,22
309,220,22,22
309,220,22,22
309,220,22,22
309,220,22,22
309,220,22,22
309,220,22,22
307,220,22,22
307,220,22,22
307,220,22,22
307,220,22,22
307,220,22,22
307,220,22,22
307,220,22,22
307,220,22,22
307,220,22,22
307,220,22,22
307,220,22,22
304,221,22,22
304,221,22,22
304,221,22,22
304,221,22,22
304,221,22,22
306,221,22,22
304,221,22,22
302,220,22,22
300,218,22,22
300,218,22,22
300,218,22,22
300,218,22,22
300,218,22,22
300,218,22,22
300,218,22,22
300,218,22,22
300,218,22,22
300,218,22,22
300,218,22,22
300,218,22,22
300,218,22,22
300,218,22,22
300,218,22,22
299,218,20,20
299,218,20,20
