545,338,36,68
542,338,36,68
541,336,36,68
540,334,36,68
537,330,36,68
535,328,36,68
532,324,36,68
531,319,30,69
529,316,30,69
528,313,30,69
524,310,30,69
524,306,30,69
520,305,32,66
520,302,32,66
518,298,32,66
515,293,32,66
514,291,32,66
512,287,32,66
509,283,32,66
506,279,32,66
503,276,32,66
499,275,32,66
500,273,32,66
498,268,32,66
496,263,32,66
494,260,32,66
492,257,32,66
489,253,32,66
488,250,32,66
486,247,32,66
483,242,32,66
481,238,32,66
479,238,32,66
478,232,32,66
477,229,32,66
472,224,32,66
472,221,32,66
470,217,32,66
466,213,32,66
463,210,32,66
463,209,32,66
461,205,32,66
458,201,32,66
457,197,32,66
455,193,32,66
453,190,32,66
452,185,32,66
449,184,32,66
449,184,32,66
444,183,32,66
441,184,32,66
441,184,32,66
438,185,32,66
438,185,32,66
435,185,32,66
435,185,32,66
431,184,32,66
429,185,32,66
429,185,32,66
424,187,32,66
424,187,32,66
421,188,32,66
418,188,32,66
416,188,32,66
413,188,32,66
411,187,32,66
409,187,32,66
406,188,32,66
406,188,32,66
403,188,32,66
401,189,32,66
399,187,32,66
397,180,32,66
397,180,32,66
393,172,32,66
389,172,32,66
389,172,32,66
387,164,32,66
387,164,32,66
382,164,32,66
382,164,32,66
380,164,32,66
380,164,32,66
376,163,32,66
372,163,32,66
369,163,32,66
369,163,32,66
367,163,32,66
365,162,32,66
361,164,32,66
361,164,32,66
356,164,32,66
347,164,32,66
338,163,32,66
331,164,32,66
320,163,32,66
313,164,32,66
301,164,32,66
294,164,32,66
284,164,32,66
278,165,32,66
273,164,32,66
259,166,32,66
253,167,32,66
245,167,32,66
237,167,32,66
234,167,32,66
234,168,32,66
229,167,32,66
228,168,32,66
226,168,32,66
223,170,32,66
218,171,32,66
218,171,32,66
215,170,32,66
214,172,32,66
212,172,32,66
212,172,32,66
209,169,31,72
209,169,31,72
205,170,31,72
205,170,31,72
205,170,31,72
201,169,31,72
198,171,31,72
198,171,31,72
195,172,31,72
195,172,31,72
192,171,31,72
192,171,31,72
189,171,31,72
189,171,31,72
185,170,31,72
185,170,31,72
181,170,31,72
181,170,31,72
178,171,31,72
178,171,31,72
176,171,31,72
176,171,31,72
173,171,31,72
169,173,31,72
169,173,31,72
169,173,31,72
165,173,31,72
165,173,31,72
161,173,31,72
161,173,31,72
160,173,31,72
160,173,31,72
160,173,31,72
157,173,31,72
152,174,31,72
152,174,31,72
149,174,31,72
147,174,31,72
147,174,31,72
144,173,31,72
144,173,31,72
151,174,31,72
157,174,31,72
165,173,31,72
172,175,31,72
176,175,31,72
183,176,31,72
185,176,31,72
188,176,31,72
194,177,31,72
198,177,31,72
203,177,31,72
207,177,31,72
209,178,31,72
216,177,31,72
218,177,31,72
222,176,31,72
228,176,31,72
232,176,31,72
235,178,31,72
242,179,31,72
246,178,31,72
248,178,31,72
256,179,31,72
260,179,31,72
267,178,31,72
270,177,31,72
276,176,31,72
280,176,31,72
280,178,31,72
279,179,31,72
276,180,31,72
275,180,31,72
273,180,31,72
273,180,31,72
271,180,32,82
269,180,32,82
269,180,32,82
268,181,32,82
273,181,32,82
276,183,32,82
284,184,32,82
291,184,32,82
297,185,32,82
300,185,32,82
302,185,32,82
307,181,32,82
313,181,32,82
317,184,32,82
317,184,32,82
316,184,32,82
311,184,32,82
311,184,32,82
309,184,32,82
309,184,32,82
311,184,32,82
316,185,32,82
320,185,32,82
326,184,32,82
330,185,32,82
333,187,32,82
339,188,32,82
345,188,32,82
347,187,32,82
354,187,32,82
354,187,32,82
361,188,32,82
358,188,32,82
358,188,32,82
354,188,32,82
352,190,32,82
351,190,32,82
350,191,32,82
354,191,32,82
354,191,32,82
359,190,32,82
362,192,32,82
367,193,32,82
370,192,32,82
370,193,32,82
365,193,32,82
362,193,32,82
360,193,32,82
356,193,32,82
354,193,32,82
352,194,32,82
350,194,32,82
346,194,32,82
344,194,32,82
341,195,32,82
338,195,32,82
338,195,32,82
334,195,32,82
329,195,32,82
329,195,32,82
326,195,32,82
324,194,32,82
322,196,32,82
317,196,32,82
316,196,32,82
316,196,32,82
311,196,32,82
305,197,32,82
303,197,32,82
303,197,32,82
299,198,32,82
293,198,39,82
293,198,39,82
285,199,39,82
285,199,39,82
280,200,39,82
278,200,39,82
276,200,39,82
274,201,39,82
274,201,39,82
270,201,39,82
267,202,39,82
263,202,39,82
261,201,39,82
261,201,39,82
256,204,39,82
254,205,39,82
252,204,39,82
249,204,39,82
246,205,39,82
246,205,39,82
244,205,39,82
244,205,39,82
237,204,39,82
237,204,39,82
232,204,39,82
232,204,39,82
227,205,39,82
227,205,39,82
225,205,39,82
223,207,39,82
220,207,39,82
215,208,39,82
212,208,39,82
212,208,39,82
209,208,39,82
205,207,39,82
200,209,39,82
200,209,39,82
194,210,39,82
194,210,39,82
192,210,39,82
189,209,39,82
184,209,39,82
180,211,39,82
176,211,39,82
174,213,39,82
169,212,39,82
168,213,39,82
168,213,39,82
163,213,39,82
161,213,39,82
161,213,39,82
155,213,39,82
151,214,39,82
150,206,40,90
143,207,40,90
143,207,40,90
140,207,40,90
137,208,40,90
133,208,40,90
133,208,40,90
131,208,40,90
131,208,40,90
138,207,40,90
141,206,40,90
146,208,40,90
148,209,40,90
