175 65 188 89
177 64 192 89
177 64 192 89
180 62 194 88
182 62 193 88
182 62 193 88
184 61 196 86
184 61 196 86
184 61 195 86
185 60 197 86
185 60 197 86
188 60 198 84
188 60 198 84
189 61 200 83
189 61 200 83
190 58 202 83
190 58 202 83
192 58 204 83
192 58 204 83
193 57 204 81
194 57 205 82
194 57 205 82
195 58 208 83
195 58 208 83
198 57 207 84
198 57 207 84
197 56 209 83
200 55 210 82
200 55 210 82
200 56 211 81
200 56 211 81
202 55 212 82
202 55 212 82
200 56 212 82
202 56 214 79
202 56 214 79
204 55 215 79
204 55 215 79
203 55 216 80
205 55 217 78
205 55 217 78
207 54 218 79
207 54 218 79
207 53 220 80
207 53 220 80
209 55 220 78
209 53 220 79
209 53 220 79
211 52 222 78
211 52 222 78
212 52 223 77
212 52 223 77
213 52 223 77
213 52 223 77
213 52 225 78
213 52 225 78
214 51 224 77
215 52 226 77
215 52 226 77
216 52 227 78
215 51 226 75
215 51 226 75
217 51 227 76
217 51 227 76
218 50 228 76
218 50 228 76
219 50 230 76
219 50 230 76
218 49 231 77
219 50 231 76
219 50 231 76
221 50 232 74
221 50 232 74
222 49 233 75
222 49 233 75
224 47 234 71
224 47 234 71
223 48 233 73
224 48 234 74
224 48 234 74
224 47 236 75
224 47 236 75
223 46 235 75
225 47 235 75
225 47 235 75
226 48 237 73
226 48 237 73
227 46 238 73
227 46 238 73
227 46 238 72
227 46 238 72
228 46 238 72
227 45 238 70
227 45 238 70
228 47 241 71
228 47 241 71
230 45 241 71
230 45 241 71
230 46 241 69
230 45 242 70
230 45 242 70
233 46 243 70
233 46 243 70
231 46 243 69
231 46 243 69
232 45 243 70
232 45 243 70
232 45 243 70
234 45 245 68
234 45 245 68
234 44 245 67
234 44 245 67
234 44 245 67
235 43 245 67
235 43 245 67
236 43 246 65
236 43 246 65
236 43 246 67
236 43 246 67
236 41 248 67
236 41 248 67
236 43 247 68
238 41 249 66
238 41 249 66
239 40 250 65
239 40 250 65
241 41 250 65
241 41 250 65
240 42 250 68
240 42 251 65
240 42 251 65
241 41 252 65
241 41 252 65
242 41 252 64
242 41 252 64
242 41 252 63
243 40 252 65
243 40 252 65
243 39 253 63
242 40 255 64
244 39 254 63
244 39 254 63
243 38 254 63
245 40 255 61
245 40 255 61
246 38 256 64
246 38 256 64
247 39 258 62
247 39 258 62
246 39 258 62
248 37 257 61
248 37 257 61
248 36 259 60
248 36 259 60
249 36 260 61
249 36 260 61
250 36 260 59
250 37 260 60
250 37 260 60
251 38 260 61
251 38 260 61
250 36 261 60
250 36 261 60
250 36 261 60
251 36 261 58
251 36 261 58
252 36 262 60
252 35 262 59
252 35 262 59
253 35 262 59
253 35 262 59
253 34 263 58
253 34 263 58
252 34 263 58
254 35 264 58
254 35 264 58
253 34 264 57
253 34 264 57
254 33 264 58
254 35 265 56
254 35 265 56
254 34 264 56
254 34 264 56
254 35 265 56
254 35 265 56
254 33 265 55
254 33 265 55
254 33 265 56
256 34 265 55
256 34 265 55
255 34 265 54
255 34 265 54
255 33 265 55
255 33 265 55
256 34 266 55
257 34 266 54
257 34 266 54
257 33 267 55
257 33 267 55
258 34 268 55
258 34 268 55
257 33 267 55
259 33 267 54
259 33 267 54
260 31 268 54
260 31 268 54
260 32 268 54
260 32 268 54
260 33 269 52
260 31 269 52
260 31 269 52
261 33 270 53
261 33 270 53
260 30 270 51
260 30 270 51
261 30 270 52
261 30 271 51
261 30 271 51
262 30 271 51
262 30 271 51
262 30 271 51
263 30 271 51
263 30 271 51
263 29 272 49
263 29 272 49
264 28 273 50
264 28 273 50
264 30 273 49
264 28 273 50
264 28 273 50
264 29 274 51
264 29 274 51
264 27 275 50
264 27 275 50
265 27 274 49
265 27 274 49
265 27 275 51
265 27 275 51
265 28 275 50
265 28 275 50
264 28 275 51
266 27 276 49
266 27 275 50
266 27 275 50
266 28 276 48
266 28 276 48
267 25 276 47
267 25 276 47
266 26 277 48
