552,192,41,113
546,194,41,113
544,196,41,113
542,196,41,113
541,204,42,101
535,210,42,97
533,215,45,90
531,218,47,88
531,219,49,84
531,221,49,84
531,220,48,80
531,220,48,84
531,220,48,86
531,220,48,86
531,220,48,86
531,220,48,84
531,220,48,86
531,220,48,86
531,220,48,86
531,220,48,86
531,220,48,86
529,220,48,86
531,220,48,86
531,220,48,86
529,220,48,86
531,220,48,84
531,220,48,84
531,222,48,84
531,220,48,86
531,220,48,86
531,220,48,86
531,220,48,86
529,220,48,86
529,220,48,86
531,220,48,86
529,220,48,86
529,220,48,86
529,220,48,86
529,220,48,86
531,220,48,86
531,220,49,86
531,218,49,88
529,215,50,91
531,214,50,94
531,210,50,94
531,203,50,101
531,202,51,104
533,200,47,104
535,192,41,113
535,192,41,113
535,192,41,111
535,192,41,113
533,190,41,113
533,192,41,111
533,192,41,113
533,192,41,113
533,194,41,111
533,192,41,113
533,192,41,113
533,192,41,113
533,192,41,115
535,192,41,113
533,192,41,113
533,192,41,115
533,192,41,113
533,192,41,113
533,194,41,113
533,196,41,105
533,192,41,113
533,192,41,113
533,192,41,113
533,194,41,113
533,192,41,115
533,190,41,115
533,188,41,117
533,188,41,117
533,188,41,119
533,188,41,115
533,188,41,115
533,188,41,115
533,188,41,119
533,188,41,117
535,188,41,117
535,188,41,117
535,188,41,117
535,190,41,115
535,190,41,115
535,190,41,117
533,192,41,113
533,192,41,113
533,192,41,113
533,192,41,113
533,190,41,117
533,192,41,115
533,192,41,115
533,192,41,113
533,192,41,113
533,192,41,115
531,194,41,113
531,192,41,111
531,192,41,113
533,194,41,111
533,194,41,105
533,192,41,105
533,192,41,113
533,192,41,111
533,192,41,111
533,192,41,113
533,192,41,111
533,192,41,111
533,194,41,111
533,192,41,111
535,194,41,111
533,192,41,113
533,194,41,111
535,192,41,111
533,192,41,111
533,192,41,111
533,194,41,111
533,192,41,111
533,192,41,111
533,192,41,113
533,194,41,111
533,192,41,113
533,192,41,113
533,194,41,105
531,192,41,105
531,192,41,109
533,192,41,105
533,194,41,109
533,192,41,111
531,194,41,105
533,194,41,105
533,196,41,105
531,194,41,105
533,192,41,105
533,192,41,111
533,192,41,113
533,192,41,111
533,194,41,105
533,194,41,109
533,194,41,111
531,192,41,111
533,192,41,111
533,194,41,111
533,194,41,111
533,194,41,111
533,192,41,113
533,192,41,111
533,192,41,113
533,192,41,111
533,194,41,113
531,192,41,113
531,194,41,111
531,194,41,111
533,194,41,111
533,194,41,105
531,194,41,109
531,194,41,111
531,192,41,113
533,194,41,105
531,194,41,105
533,194,41,105
531,192,41,111
533,192,41,111
531,194,41,111
533,192,41,111
533,194,41,105
533,194,41,105
533,194,41,105
531,192,41,111
533,192,41,111
533,192,41,113
531,192,41,111
531,192,41,105
531,192,41,109
531,194,41,111
531,192,41,113
533,192,41,113
533,194,41,113
531,194,41,113
531,192,41,113
533,192,41,113
531,192,41,111
533,194,41,105
533,194,41,105
531,194,41,105
531,194,41,105
531,192,41,105
531,192,41,111
533,192,41,111
531,192,41,111
531,192,41,113
531,192,41,113
533,192,41,113
531,192,41,111
533,192,41,111
531,192,41,111
531,192,41,113
533,192,41,113
531,194,41,111
531,192,41,113
531,194,41,111
531,192,41,113
531,192,41,113
531,192,41,113
531,192,41,113
533,192,41,113
533,194,41,111
533,194,41,111
533,192,41,109
531,194,41,111
533,192,41,111
533,190,41,111
531,192,41,111
533,190,41,113
533,190,41,113
533,190,41,113
533,188,41,115
533,188,41,115
533,190,41,115
533,190,41,113
533,190,41,113
533,188,41,113
535,190,41,113
533,190,41,113
533,190,41,113
533,190,41,113
533,190,41,115
533,190,41,115
533,192,41,113
533,192,41,113
533,196,41,107
533,196,41,111
535,196,41,111
535,196,41,109
535,198,41,105
535,198,41,105
535,198,41,105
537,196,41,105
535,198,41,105
535,196,41,105
535,198,41,105
535,198,41,105
535,196,41,105
535,196,41,105
535,196,41,105
535,198,41,105
535,198,41,105
533,198,41,105
535,198,41,105
535,196,41,105
535,198,41,105
533,194,41,105
535,196,41,105
535,196,41,105
533,196,41,105
533,196,41,105
535,196,41,105
533,194,41,105
535,196,41,105
533,194,41,105
533,196,41,105
533,196,41,105
533,196,41,105
533,194,41,105
533,194,41,105
533,194,41,105
531,194,41,105
533,194,41,105
533,194,41,105
531,194,41,105
533,194,41,111
533,194,41,113
533,194,41,111
533,194,39,112
533,194,39,112
533,194,39,112
535,194,39,114
533,194,39,110
535,194,39,112
533,194,39,112
533,194,39,112
533,192,39,112
533,194,39,110
533,196,39,106
533,194,39,112
533,194,39,112
533,194,39,112
533,194,39,106
533,194,39,106
533,194,39,106
533,194,39,106
533,198,39,106
533,194,39,112
533,194,39,106
533,194,39,110
533,194,39,112
533,194,39,112
533,192,39,112
533,194,39,112
533,194,39,112
533,194,39,112
533,194,39,112
533,194,39,112
535,194,39,112
533,194,39,106
533,194,39,112
533,194,39,112
533,194,39,112
533,192,39,114
533,194,39,114
533,194,39,110
533,194,39,112
533,194,39,112
533,194,39,112
535,192,39,114
533,194,39,112
533,194,39,112
533,194,39,112
533,194,39,112
533,194,39,112
533,194,39,112
533,194,39,112
533,194,39,112
533,194,39,112
533,194,39,110
533,194,39,112
533,194,39,112
533,194,39,110
533,192,39,112
533,192,39,110
533,192,39,112
533,192,39,112
535,192,39,112
535,194,39,112
533,194,39,110
531,194,39,108
533,194,39,106
533,196,39,106
533,194,39,106
533,194,39,106
533,196,39,106
533,194,39,106
533,196,39,106
533,192,39,106
533,196,39,106
533,196,39,106
533,196,39,106
533,194,39,106
535,194,39,106
533,194,39,106
531,194,39,106
531,194,39,106
531,194,39,106
531,194,39,106
533,194,39,112
533,194,39,106
533,194,39,106
531,194,39,106
533,192,39,112
533,192,39,106
527,198,39,106
531,192,39,106
531,190,39,106
531,192,39,106
533,190,39,106
533,192,39,106
533,192,39,106
531,192,39,106
533,192,39,112
535,192,39,106
533,192,39,106
533,192,39,106
535,192,39,106
533,192,39,106
533,192,39,106
531,192,39,106
533,192,39,106
533,192,39,106
533,192,39,106
533,194,39,106
533,192,39,106
533,194,39,106
533,192,39,106
533,194,39,106
533,194,39,106
533,194,39,106
533,194,39,106
533,194,39,106
533,194,39,106
533,194,39,106
535,192,39,108
533,194,39,110
533,192,39,106
533,192,39,106
535,192,39,106
533,190,39,114
533,190,39,106
533,190,39,106
533,194,39,106
535,192,39,106
533,190,39,106
533,192,39,106
533,192,39,106
533,190,39,112
533,192,39,106
533,192,39,106
533,190,39,108
533,192,39,108
533,190,39,108
533,192,39,112
533,192,39,108
533,192,39,108
533,192,39,108
533,192,39,108
531,190,39,108
533,190,39,108
531,190,39,108
533,192,39,108
531,192,39,108
533,196,39,108
533,196,39,108
531,196,39,108
531,196,39,108
533,196,39,108
531,196,39,108
531,194,39,108
531,196,39,108
531,196,39,108
531,196,39,108
531,196,39,108
533,196,39,108
533,194,39,108
533,196,39,108
531,196,39,108
533,196,39,108
533,196,39,108
533,196,39,108
533,196,39,108
531,196,39,108
533,196,39,108
533,196,39,108
531,196,39,108
531,196,39,108
531,196,39,108
531,196,39,108
533,194,39,108
531,196,39,108
531,196,39,108
533,196,39,108
531,196,39,108
531,194,39,108
531,194,39,108
531,194,39,108
531,196,39,108
531,192,39,108
531,192,39,108
531,194,39,113
533,194,39,113
531,194,39,113
531,194,39,113
531,194,39,113
529,194,39,113
531,194,39,113
533,194,39,113
531,192,39,113
533,192,39,113
531,190,39,113
533,194,39,113
531,192,39,113
533,192,39,113
531,192,39,113
531,190,39,113
533,194,39,113
531,194,39,113
533,194,39,109
533,196,39,109
533,194,39,109
531,196,39,109
531,194,39,109
533,194,39,109
533,194,39,109
531,194,39,109
531,196,39,109
533,196,39,109
531,196,39,109
531,198,39,107
533,198,39,107
531,196,39,107
533,196,39,107
533,196,39,107
533,198,39,107
533,198,39,107
533,198,39,107
533,198,39,107
535,198,39,107
533,198,39,107
533,198,39,107
533,198,39,107
535,198,39,107
535,198,39,107
533,194,39,107
535,196,39,107
535,196,39,107
533,196,39,107
535,196,39,107
535,196,39,107
533,196,39,107
535,198,39,107
533,196,39,107
533,194,39,107
535,196,39,107
533,196,39,107
535,196,39,107
533,196,39,107
533,198,39,107
533,198,39,107
533,198,39,107
533,198,39,107
533,198,39,107
531,198,39,107
531,198,39,107
531,198,39,107
531,200,39,107
531,200,39,107
535,196,39,107
535,196,39,107
535,198,39,107
533,196,39,107
535,198,39,107
533,196,39,107
533,196,39,107
535,198,39,107
531,196,39,107
533,196,39,107
533,196,39,107
535,196,39,107
533,194,39,107
535,196,39,107
535,198,39,107
533,196,39,107
533,198,39,107
533,198,39,107
537,196,39,107
537,200,39,107
537,196,39,107
537,196,39,107
535,196,39,107
535,196,39,107
535,196,39,107
537,196,39,107
535,196,39,107
535,196,39,107
535,196,39,107
535,196,39,107
535,196,39,107
535,196,39,107
533,200,39,107
535,200,39,107
533,200,39,107
533,200,39,107
533,200,39,107
533,200,39,107
533,200,39,107
533,200,39,107
533,200,39,107
533,200,39,107
531,200,39,107
531,200,39,107
531,200,39,107
531,200,39,107
531,200,39,107
537,196,39,107
535,194,39,107
535,198,39,107
535,198,39,107
535,196,39,107
533,196,39,107
535,196,39,107
535,196,39,107
535,196,39,107
535,198,39,107
535,198,39,107
535,198,39,107
535,196,39,107
533,196,39,107
535,196,39,107
533,196,39,107
533,196,39,107
535,196,39,107
533,196,39,107
533,196,39,107
533,198,39,107
533,198,39,107
533,198,39,107
533,198,39,107
533,196,39,107
535,196,39,107
533,194,39,107
535,194,39,107
533,198,39,107
535,196,39,107
533,196,39,107
535,194,39,107
533,196,39,107
533,196,39,107
533,196,39,107
533,196,39,107
533,196,39,107
533,196,39,107
533,200,39,107
533,196,39,107
533,196,39,107
531,196,39,107
533,198,39,107
533,198,39,107
533,198,39,107
533,198,39,107
531,198,39,107
533,198,39,107
533,198,39,107
533,198,39,107
533,198,39,107
531,196,39,107
533,198,39,107
533,198,39,107
531,198,39,107
533,200,39,107
533,198,39,107
533,198,39,107
531,198,39,107
533,196,39,107
533,198,39,107
533,196,39,107
533,196,39,107
533,196,39,107
533,196,39,107
533,198,39,107
533,196,39,107
533,196,39,107
537,202,48,101
533,206,49,102
533,210,49,99
531,215,50,92
531,217,50,92
531,217,49,88
527,219,50,85
529,221,49,82
529,219,49,82
529,221,49,82
527,221,49,82
529,221,52,80
531,221,49,82
529,221,49,82
529,221,49,82
529,221,49,82
529,221,49,82
529,221,49,82
529,219,49,82
531,221,49,82
529,221,49,82
529,219,49,82
529,219,49,82
529,219,49,82
527,218,49,87
527,215,49,92
527,212,49,94
527,208,50,96
531,204,50,101
529,203,49,103
529,200,49,105
527,201,47,104
527,197,46,108
527,197,46,108
525,197,44,110
525,197,41,110
523,197,41,110
523,195,41,110
522,197,41,110
520,197,41,110
518,197,41,110
516,193,41,110
514,195,41,110
510,195,41,110
510,197,41,110
508,193,41,110
506,195,41,110
506,193,41,110
506,193,41,110
506,193,41,110
506,193,41,110
508,193,41,110
508,191,41,110
506,189,41,110
506,189,41,110
506,189,41,110
506,189,41,110
506,189,41,110
508,189,41,110
506,189,41,110
506,189,41,110
506,189,41,110
506,189,41,110
506,189,41,110
506,189,41,110
506,189,41,110
506,189,41,110
508,189,41,110
510,189,41,110
510,189,41,110
510,189,41,110
509,188,55,109
509,188,55,109
509,188,55,109
509,188,55,109
509,188,55,109
509,188,55,109
509,188,55,109
509,188,44,109
509,188,40,110
509,188,40,110
515,192,40,110
515,188,40,110
517,190,40,110
520,190,40,110
517,192,40,110
520,194,40,110
520,192,40,110
520,192,40,110
520,190,40,110
520,190,55,112
520,190,75,111
520,190,57,113
520,190,57,113
516,190,53,114
516,190,53,114
516,190,53,114
516,190,53,114
534,186,45,114
537,188,45,114
537,188,45,114
537,188,45,114
537,188,45,114
537,188,45,114
539,188,45,114
534,188,45,114
534,188,45,114
537,188,45,114
530,188,45,114
530,188,45,114
530,188,45,114
528,188,45,114
528,188,45,114
526,188,45,114
530,188,45,114
530,188,45,114
534,188,45,114
530,188,45,114
530,188,45,114
530,188,45,114
530,188,45,114
532,188,45,114
532,188,45,114
530,188,45,114
530,188,45,114
530,188,45,114
532,188,45,114
530,188,45,114
530,186,45,114
534,186,45,114
532,184,45,114
530,184,45,114
532,184,45,114
530,184,45,114
532,186,45,114
530,186,45,114
532,184,45,114
530,186,45,114
532,186,45,114
532,188,45,114
532,188,45,114
532,188,45,114
532,188,45,114
532,188,45,114
534,188,45,114
534,188,45,114
532,188,45,114
532,188,45,114
532,188,45,114
532,188,45,114
534,188,45,114
532,188,45,114
532,188,45,114
534,188,45,114
534,188,45,114
532,188,45,114
532,188,45,114
530,188,45,114
530,188,45,114
530,188,45,114
528,188,45,114
530,188,45,114
530,188,45,114
530,188,45,114
530,188,45,114
530,188,45,114
530,188,45,114
530,188,45,114
532,188,45,114
532,188,45,114
532,188,45,114
530,186,45,114
532,186,45,114
532,186,45,114
532,186,45,114
532,188,45,114
532,188,45,114
534,190,45,114
532,188,45,114
534,190,45,114
532,190,45,114
532,190,45,114
532,190,45,114
534,190,45,114
534,190,45,114
532,190,45,114
532,190,45,114
532,190,45,114
532,190,45,114
534,190,45,114
534,190,45,114
532,190,45,114
534,190,45,114
534,190,45,114
532,190,45,114
534,190,45,114
537,190,45,114
532,190,45,114
532,190,45,114
534,190,45,114
534,190,45,114
532,190,45,114
532,190,45,114
534,190,45,114
532,190,45,114
534,190,45,114
532,188,45,114
534,188,45,114
534,188,45,114
534,188,45,114
534,188,45,114
532,188,45,114
534,188,45,114
532,188,45,114
534,188,45,114
532,188,45,114
532,188,45,114
532,188,45,114
534,188,45,114
532,188,45,114
532,188,45,114
532,188,45,114
528,186,45,114
532,188,45,114
528,186,45,114
528,186,45,114
528,186,45,114
528,186,45,114
528,186,45,114
528,186,45,114
528,186,45,114
526,188,45,114
526,188,45,114
524,188,45,114
524,188,45,114
524,188,45,114
524,188,45,114
524,188,45,114
522,188,45,114
522,188,45,114
522,188,45,114
520,188,45,114
520,188,45,114
520,188,45,114
512,190,45,114
512,190,45,114
510,190,45,114
510,190,45,114
506,190,45,114
504,190,45,114
503,190,45,114
501,190,45,114
499,190,45,114
497,182,45,114
493,184,45,114
489,186,45,114
486,186,45,114
480,188,45,114
474,188,45,114
469,188,45,114
465,188,45,114
459,186,51,113
455,186,51,113
452,186,51,113
448,186,51,113
444,186,51,113
442,186,51,113
440,188,51,113
438,190,51,113
438,190,51,113
438,190,51,113
440,190,51,113
444,194,51,113
446,194,51,113
448,194,51,113
452,196,51,113
452,202,51,113
456,200,51,113
473,198,51,113
527,206,51,113

