176,296,39,98
182,290,39,98
182,293,39,98
182,289,39,98
197,287,33,98
197,287,33,98
201,281,33,98
203,285,33,98
204,284,33,98
208,282,33,98
210,284,33,98
212,282,33,98
216,279,33,102
218,279,33,100
218,284,31,98
229,285,33,98
233,285,33,98
235,286,31,98
233,286,31,98
237,283,31,98
237,283,31,98
237,283,31,98
245,281,31,98
245,281,31,98
252,279,31,98
255,279,31,98
257,277,31,98
260,279,31,98
260,275,31,98
263,275,31,98
265,277,31,98
269,272,29,98
271,272,29,98
273,273,29,98
277,271,29,98
280,271,29,98
286,269,29,98
288,267,29,98
288,267,29,98
291,266,29,98
289,268,29,98
295,267,29,98
295,268,29,98
295,268,29,98
300,267,29,98
302,269,29,98
305,269,29,98
305,267,29,98
310,267,29,98
310,267,29,98
310,267,29,98
316,269,29,91
316,269,29,91
318,269,31,97
322,274,29,91
324,272,29,91
326,269,29,91
328,269,29,91
331,267,29,91
331,263,29,91
337,263,29,91
337,263,29,91
340,264,29,91
342,262,29,91
342,264,29,91
344,262,29,91
346,262,29,89
348,260,29,89
350,260,29,89
350,260,29,89
355,259,29,89
355,263,29,89
361,263,29,89
361,259,29,89
367,255,29,89
367,258,29,89
369,256,29,89
371,256,25,87
371,258,25,87
374,258,25,87
376,258,25,87
377,257,25,87
379,253,25,87
380,256,25,87
382,256,25,87
384,254,25,87
384,258,25,87
388,256,25,87
388,256,25,87
390,258,30,84
390,262,30,84
396,258,28,84
396,255,30,84
398,255,30,84
401,254,29,84
401,256,29,84
404,254,29,84
404,254,29,84
407,252,29,84
407,254,29,84
407,252,29,84
409,252,29,84
409,256,29,84
412,251,29,84
414,253,29,84
414,251,29,84
416,252,29,84
416,252,29,84
418,250,29,84
420,251,29,84
420,251,29,84
428,244,28,82
428,246,28,82
428,248,28,82
429,248,28,82
431,248,28,82
433,248,28,82
435,250,28,82
436,248,28,82
436,248,28,82
441,246,28,82
443,246,28,82
445,244,28,82
445,242,28,82
447,242,28,82
452,240,25,78
453,242,25,82
453,242,25,78
453,244,25,78
453,244,25,78
455,242,25,78
459,240,25,78
461,240,25,78
463,240,25,78
465,240,25,78
465,238,25,78
467,238,25,75
465,234,25,75
465,238,25,75
465,238,25,75
463,238,25,75
465,238,25,75
465,237,25,75
467,237,25,75
469,238,24,73
467,238,24,73
470,238,24,73
472,236,24,73
474,236,24,73
474,236,24,73
474,236,24,73
476,236,24,73
475,234,24,73
475,234,24,73
476,234,24,73
476,234,24,73
476,234,24,73
476,236,24,73
478,236,24,73
478,238,24,73
478,238,24,73
478,236,24,73
478,236,24,73
478,236,24,73
480,236,24,73
480,236,24,73
480,236,24,73
480,237,24,73
480,235,24,73
480,235,24,73
480,237,24,73
480,233,24,73
480,227,24,73
480,229,24,73
482,230,24,73
480,230,24,73
480,234,24,73
480,226,24,73
482,225,24,73
482,225,24,73
484,223,24,73
484,227,24,73
484,223,24,73
484,223,24,73
484,222,24,72
484,222,24,72
484,222,24,72
482,224,24,72
484,222,24,72
482,222,24,72
482,222,24,72
480,220,24,72
482,221,24,72
480,219,24,72
480,219,24,72
480,219,24,72
482,217,24,72
482,219,24,72
482,217,24,72
482,215,24,72
482,217,24,72
482,217,24,72
480,217,24,72
482,213,24,72
480,213,24,72
480,215,24,72
480,215,24,72
482,219,24,72
480,215,24,72
480,215,24,72
480,217,24,72
480,215,24,72
480,215,24,72
478,213,24,72
480,213,24,72
480,211,24,72
482,212,24,70
482,212,24,70
482,214,24,70
482,212,24,70
482,210,24,70
482,209,24,70
484,209,24,70
484,209,24,70
484,210,24,70
484,210,24,70
484,210,24,70
484,210,24,70
484,208,24,70
484,208,24,70
486,208,24,70
482,209,24,70
486,209,24,70
487,209,22,66
487,211,22,66
489,207,22,66
489,206,22,66
489,208,22,66
489,208,22,66
489,208,22,66
489,208,22,66
489,204,22,66
489,204,22,66
488,205,22,66
488,205,22,66
488,205,22,66
488,205,22,66
488,207,22,66
488,207,22,66
488,203,22,66
488,205,22,66
487,203,22,66
487,203,22,66
487,200,22,63
487,200,22,63
487,200,22,63
486,202,22,63
487,202,22,63
487,202,22,63
487,202,22,63
486,200,22,63
486,200,22,63
487,198,22,63
487,202,22,63
487,202,22,63
487,200,22,63
487,198,22,63
487,200,22,63
487,200,22,63
486,202,22,63
487,200,22,63
486,200,22,63
486,200,22,63
486,198,22,63
486,196,22,63
486,196,22,63
486,197,22,63
486,197,22,63
486,197,22,63
486,199,22,63
486,197,22,63
486,197,22,63
484,195,22,63
486,195,22,63
484,197,22,63
484,197,22,63
484,197,22,63
484,197,22,63
482,195,22,63
482,195,21,61
480,195,21,61
480,195,21,61
480,195,21,61
480,197,21,61
480,195,21,61
480,195,21,61
478,191,21,61
480,193,21,61
480,193,21,61
480,195,21,61
480,191,21,61
480,195,21,61
480,195,21,61
478,194,21,58
480,194,21,58
478,194,21,58
478,194,21,58
478,194,21,58
476,194,21,58
476,194,21,58
478,192,21,58
478,190,21,58
476,191,21,58
478,191,21,58
478,193,21,58
480,191,21,58
480,189,21,58
478,191,21,58
478,189,21,58
480,189,21,58
480,189,21,58
482,189,21,58
480,191,21,58
480,191,21,58
480,189,21,58
480,189,21,58
480,185,21,58
478,187,21,58
478,185,21,58
478,185,21,58
478,185,21,58
478,187,21,58
480,187,21,58
480,187,21,58
480,187,21,58
482,185,21,58
480,187,21,58
482,185,21,58
482,185,21,58
484,185,21,58
484,187,21,58
484,187,21,58
484,185,21,58
484,185,21,58
484,187,21,58
486,185,18,58
486,183,18,58
484,185,18,58
486,185,18,58
484,183,18,58
486,185,18,58
486,185,18,58
486,183,18,58
486,187,18,58
486,185,18,58
486,187,18,58
486,183,18,58
486,183,18,58
486,183,18,58
486,183,18,58
486,183,18,58
484,183,18,58
484,181,18,58
484,181,18,58
486,181,18,58
484,181,18,58
484,181,18,58
486,181,18,58
486,181,18,58
486,179,18,58
484,179,18,58
486,179,18,58
484,177,18,58
482,179,18,58
484,177,18,58
482,177,18,58
482,177,18,58
484,175,18,58
484,177,18,58
484,181,18,58
484,177,18,58
484,179,18,58
484,179,18,58
482,177,18,58
482,176,18,58
482,178,18,58
480,178,18,58
480,176,18,58
478,176,18,58
478,176,18,58
480,176,18,53
489,188,18,53
476,176,18,53
478,176,18,53
478,176,18,53
476,174,18,53
478,176,18,53
478,176,18,53
478,176,18,53
478,176,18,53
478,176,18,53
478,176,18,53
478,176,18,53
476,178,18,53
476,178,18,53
476,178,18,53
476,176,18,53
474,178,18,53
474,176,18,53
474,176,18,53
474,176,18,53
474,176,18,53
473,176,18,53
473,178,18,53
473,176,18,53
473,178,18,51
471,172,18,51
471,174,18,51
471,174,18,51
469,174,18,51
470,171,18,51
469,175,18,51
469,173,18,51
469,175,18,51
469,175,18,51
467,173,18,51
467,173,18,51
465,173,18,51
463,172,18,51
465,172,18,51
463,172,18,51
463,174,18,51
463,174,18,51
463,172,18,51
461,174,18,51
461,172,18,51
461,172,18,51
461,172,18,51
459,170,18,51
461,172,18,51
461,170,18,53
457,170,18,51
457,172,18,51
457,172,18,51
455,172,18,51
455,172,18,51
455,170,18,51
455,172,18,51
453,168,18,51
453,170,18,51
454,170,18,51
454,168,18,51
454,170,18,51
452,171,18,51
452,171,18,51
452,171,18,51
452,169,18,51
452,167,18,51
448,169,18,51
450,167,18,51
450,169,18,51
448,170,16,48
446,170,16,48
448,168,16,48
452,168,16,48
448,172,16,48
448,172,16,48
450,166,16,48
444,166,16,48
454,180,16,48
444,166,16,48
442,171,16,48
444,171,16,48
444,171,16,48
444,171,16,48
444,169,16,48
444,171,16,48
446,171,16,48
446,173,16,48
446,173,16,48
446,173,16,48
446,173,16,48
444,173,16,48
444,173,16,48
444,173,16,48
444,171,16,48
444,171,16,48
444,171,16,48
444,171,16,48
442,168,16,48
442,168,16,48
442,168,16,48
442,168,16,48
442,168,16,48
442,168,16,48
442,168,16,48
442,168,16,48
442,166,16,48
442,168,16,48
442,168,16,48
442,168,16,48
442,168,16,48
442,168,16,48
442,168,16,48
442,166,16,48
442,168,16,48
442,167,16,41
442,167,16,41
442,167,16,41
442,167,16,41
442,167,16,41
442,167,16,41
442,167,16,41
442,167,16,41
442,164,16,38
442,166,16,38
442,166,16,38
444,166,16,38
444,166,16,38
442,166,16,38
444,166,16,38
444,164,16,38
444,166,16,38
444,166,16,38
444,166,16,34
442,166,16,34
442,164,16,34
442,164,16,34
442,166,16,34
442,164,14,32
442,164,14,32
442,164,14,32
442,164,14,32
442,164,14,32
442,164,14,32
442,164,14,32
443,162,14,36
443,162,14,36
443,162,14,36
443,162,14,36
443,162,14,36
443,162,14,36
443,162,14,36
443,162,14,36
443,162,14,36
443,162,14,36
443,162,14,36
443,162,14,36
443,162,14,36
443,160,14,36
443,162,14,36
443,162,14,36
441,162,14,36
443,162,14,36
441,162,14,36
442,159,14,36
442,159,14,36
442,159,14,36
442,159,14,36
442,159,14,36
442,159,14,36
442,159,14,36
442,159,14,36
442,159,14,36
444,158,14,36
444,156,14,36
444,158,14,36
444,158,14,36
444,158,14,36
444,158,14,36
444,156,14,36
444,158,14,36
444,158,14,36
444,158,14,36
444,158,14,36
446,158,14,36
446,158,14,36
446,158,14,36
446,158,14,36
446,158,14,36
446,158,14,36
446,158,14,36
448,157,14,36
446,157,14,36
448,155,14,36
448,155,14,36
448,157,14,36
448,157,14,36
448,157,14,36
448,154,14,36
450,154,14,36
450,154,14,36
448,154,14,36
448,154,14,36
448,154,14,36
448,154,14,36
450,154,14,36
448,154,14,36
450,154,14,36
448,154,14,36
452,154,14,36
452,154,14,36
452,154,14,36
452,154,14,36
452,154,14,36
450,154,14,36
452,154,14,36
450,154,14,36
452,154,14,36
452,154,14,36
452,154,14,36
452,156,14,36
450,156,14,36
452,156,14,36
452,156,14,36
452,156,14,36
452,156,14,36
452,156,14,36
452,156,14,36
452,156,14,36
450,156,14,36
452,154,14,36
452,156,14,36
452,156,14,36
452,156,14,36
452,156,14,36
452,156,14,36
452,156,14,36
452,156,14,36
450,154,14,36
452,152,16,39
452,152,16,39
452,152,16,39
452,152,16,39
452,154,16,39
454,154,16,39
454,154,16,39
454,154,16,39
454,152,16,39
454,154,16,39
454,154,16,39
456,153,16,37
456,151,16,37
456,153,16,37
456,153,16,37
456,153,16,37
456,153,16,37
456,153,16,37
456,153,16,37
456,153,16,37
456,153,16,37
456,153,16,37
456,153,16,37
457,152,14,37
459,152,14,37
459,152,14,37
459,152,14,37
459,152,14,37
459,152,14,37
459,152,14,37
459,152,14,37
459,152,14,37
459,150,14,37
459,152,14,37
459,152,14,37
459,152,14,37
461,149,14,37
461,149,14,37
459,149,14,37
461,149,14,37
461,149,14,37
461,149,14,37
461,149,14,37
461,149,14,37
461,149,14,37
461,151,14,37
459,149,14,37
461,149,14,37
461,149,14,37
463,147,14,37
463,149,14,37
461,147,14,37
463,149,14,37
463,149,14,37
463,149,14,37
461,149,14,37
463,149,14,37
461,149,14,37
463,149,14,37
463,149,14,37
463,149,14,37
463,147,14,37
463,149,14,37
463,149,14,37
463,149,14,37
463,149,14,37
463,149,14,37
465,149,14,37
465,147,14,37
465,147,14,37
465,147,14,37
465,147,14,37
465,145,14,37
465,147,14,37
465,147,14,37
469,146,14,37
469,146,14,37
469,146,14,37
469,146,14,37
469,146,14,37
469,146,14,37
470,144,14,37
470,150,14,37
472,150,14,37
472,150,14,37
472,150,14,37
472,150,14,37
472,150,14,37
472,150,14,37
472,150,14,37
472,150,14,37
474,150,14,37
476,150,14,37
476,150,14,37
476,150,14,37
476,150,14,37
476,150,14,37
476,148,14,37
476,146,14,37
476,146,14,37
476,146,14,37
476,146,14,37
476,146,14,37
476,146,14,37
474,146,14,37
476,144,14,37
476,146,14,37
474,144,14,37
476,140,14,37
476,140,14,37
476,140,14,37
476,140,14,37
476,138,14,37
476,140,14,37
476,140,14,37
476,140,14,37
478,138,14,37
478,140,14,37
480,140,14,37
478,138,14,37
480,140,14,37
480,142,14,37
480,142,14,37
480,142,14,37
480,142,14,37
480,140,14,37
480,142,14,37
482,142,14,37
480,140,14,37
480,139,14,37
480,141,14,37
480,141,14,37
480,141,14,37
480,141,14,37
480,141,14,37
480,141,14,37
480,139,14,37
480,141,14,37
480,141,14,37
480,141,14,37
480,141,14,37
480,139,14,37
480,139,14,37
482,139,14,37
480,139,14,37
480,139,14,37
480,137,14,37
480,139,14,37
480,139,14,37
480,139,14,37
480,139,14,37
480,139,14,37
480,139,14,36
480,139,14,36
480,139,14,36
480,139,14,36
480,139,14,36
480,139,14,36
478,141,14,36
482,141,14,36
482,141,14,36
482,141,14,36
482,141,14,36
482,141,14,36
482,139,14,36
482,139,14,36
484,137,14,36
484,137,14,36
482,137,14,36
484,137,14,36
484,137,14,36
484,137,14,36
484,137,14,36
484,137,14,36
484,137,14,36
482,137,14,36
482,137,14,36
482,137,14,36
482,137,14,36
480,137,14,36
480,137,14,36
482,135,14,36
482,135,14,36
482,135,14,36
480,135,14,33
482,133,14,33
482,137,14,33
482,137,14,33
480,135,14,33
480,137,14,33
482,137,14,33
482,137,14,33
482,135,14,33
482,137,14,33
482,135,14,33
482,137,14,33
482,137,14,33
482,137,14,33
482,136,14,33
482,136,14,33
482,134,14,33
484,134,14,33
484,134,14,33
484,134,14,33
484,134,14,33
486,136,14,33
486,136,14,33
487,136,14,33
487,136,14,33
487,136,14,33
487,136,14,33
487,136,14,33
487,134,14,33
486,132,14,33
487,134,14,33
487,134,14,33
487,134,14,33
488,133,12,31
488,133,12,31
488,133,12,31
488,133,12,31
488,133,12,31
492,137,12,31
491,133,12,31
491,133,12,31
491,135,12,31
493,135,12,31
493,135,12,31
493,135,12,31
493,135,12,31
493,135,12,31
493,135,12,31
493,135,12,31
495,135,12,31
497,135,12,31
497,135,12,31
497,135,12,31
