236,216,25,31
234,214,25,31
234,214,25,31
232,214,25,31
229,214,25,31
229,214,25,31
227,214,25,31
227,214,25,31
225,214,25,31
223,214,25,31
221,212,25,31
219,212,25,31
217,212,25,31
217,212,25,31
215,212,25,31
212,212,25,31
210,210,25,31
208,210,25,31
208,210,25,31
206,210,25,31
204,210,25,31
202,210,25,31
200,210,25,31
198,210,25,31
195,210,25,31
193,210,25,31
191,208,25,31
189,208,25,31
187,208,25,31
185,208,25,31
185,206,25,31
181,206,25,31
180,206,25,31
178,206,25,31
174,206,25,31
174,206,25,31
172,204,25,31
172,204,25,31
168,204,25,31
168,204,25,31
168,204,25,31
166,204,25,31
166,204,25,31
164,204,25,31
161,204,25,31
159,204,25,31
159,202,25,31
157,202,25,31
155,202,25,31
155,202,25,31
153,202,25,31
153,200,25,31
151,200,25,31
151,200,25,31
149,200,25,31
147,200,25,31
146,200,25,31
146,200,25,31
144,200,25,31
144,200,25,31
142,200,25,31
142,200,25,31
142,200,25,31
142,200,25,31
140,200,25,31
140,200,25,27
140,200,25,27
138,200,25,27
136,200,25,27
136,200,24,25
136,200,24,25
134,198,24,25
134,198,24,25
132,198,24,25
132,198,24,25
130,198,24,25
127,198,24,25
127,198,24,25
127,198,24,25
125,198,24,25
125,198,24,25
123,198,24,25
121,198,27,24
119,198,27,24
121,198,22,23
119,198,22,23
119,198,22,23
117,198,22,23
117,196,22,23
115,196,22,23
115,196,22,23
113,194,22,23
110,194,22,23
110,194,22,23
110,194,22,23
108,194,22,23
106,194,22,23
106,194,22,23
104,194,22,23
104,194,22,23
102,194,22,23
102,194,22,23
100,194,22,23
98,194,22,23
98,192,22,23
96,192,22,23
95,192,22,23
95,192,22,23
95,192,22,23
91,190,22,23
91,190,22,28
89,190,22,28
87,190,22,28
87,190,22,28
85,190,22,28
83,190,22,28
83,190,22,28
83,190,22,28
81,190,22,28
79,190,23,26
76,190,23,26
74,190,23,26
74,188,23,26
72,188,23,26
70,188,23,26
70,188,23,26
68,188,23,26
66,188,23,26
64,188,23,26
64,188,23,26
64,188,23,26
62,190,23,26
62,188,23,26
59,188,23,26
57,188,23,26
57,188,23,26
57,188,23,26
55,188,23,26
55,186,23,26
53,186,23,26
53,186,23,26
51,186,23,25
51,186,23,25
51,186,23,25
51,186,23,25
51,186,23,25
51,186,23,25
51,186,23,25
51,186,23,25
51,184,23,25
51,184,23,25
51,184,23,25
51,184,23,25
51,184,23,25
51,184,23,25
51,184,23,25
51,184,23,23
51,184,23,23
51,184,23,23
51,184,23,23
51,184,23,23
51,184,23,23
51,184,23,23
51,184,23,23
49,182,23,23
49,182,23,23
49,182,23,23
49,182,23,23
49,184,22,21
47,184,22,21
47,184,22,21
47,182,22,21
47,184,22,21
47,182,22,21
45,182,22,21
45,182,22,21
44,182,22,21
44,182,22,21
44,182,22,21
42,182,22,21
42,182,22,21
40,182,22,21
40,182,22,21
40,182,22,21
40,182,22,21
38,182,22,21
38,182,22,21
