372,120,35,50
375,120,32,50
375,120,32,50
375,120,32,50
375,120,32,49
375,120,32,49
375,120,32,49
375,120,32,49
375,120,32,49
375,120,32,49
375,120,32,49
375,120,32,49
375,120,32,49
375,120,32,49
375,120,32,49
375,120,32,49
375,120,32,49
375,120,32,49
375,120,32,49
375,120,32,49
375,120,32,49
375,120,32,49
375,120,32,49
375,120,32,49
375,120,32,49
375,120,32,49
375,120,32,49
375,120,32,49
373,119,33,47
372,121,33,47
375,120,30,42
375,117,31,45
375,117,31,45
375,117,31,45
375,116,31,45
375,118,31,45
375,118,31,45
373,118,32,50
373,120,32,47
373,120,32,47
373,120,32,47
373,120,32,47
373,120,32,47
373,120,32,47
373,120,32,47
373,120,32,47
373,120,32,47
373,120,32,47
373,120,32,47
373,120,32,47
373,120,32,47
373,123,32,47
373,123,33,48
373,123,33,48
373,123,33,48
373,123,33,48
373,123,33,48
373,122,33,48
373,122,33,48
373,122,33,48
373,122,33,48
373,122,33,48
373,122,33,48
373,122,33,48
373,122,33,48
373,122,33,48
373,122,33,48
373,122,33,48
373,122,33,48
373,122,33,48
373,122,33,48
373,122,33,48
373,122,33,48
373,122,33,48
373,122,33,48
373,124,32,46
373,124,32,46
373,124,32,46
373,124,32,46
373,124,32,46
373,124,32,46
373,124,32,46
373,124,32,46
373,124,32,46
373,124,32,46
373,124,32,46
373,124,32,46
373,121,32,49
373,121,32,49
373,121,32,49
373,121,32,49
373,121,32,49
373,121,32,49
373,121,32,49
373,121,32,49
373,121,32,49
373,121,32,49
373,121,32,49
373,121,32,49
373,121,32,49
373,121,32,49
373,121,32,49
373,121,32,49
373,121,32,49
373,121,32,49
373,121,32,49
373,121,32,49
373,121,32,49
373,121,32,49
373,121,32,49
373,121,32,49
373,121,32,49
373,121,32,49
373,121,32,49
373,121,32,49
373,121,32,49
373,121,32,49
371,124,32,49
371,124,32,49
364,127,32,49
360,128,32,49
350,131,32,49
344,135,32,49
335,138,32,49
333,140,32,49
330,146,32,49
324,147,37,48
320,150,37,48
317,151,37,48
314,152,37,48
313,155,33,48
312,155,33,48
310,157,33,48
309,158,33,48
309,158,33,48
309,158,33,48
309,158,33,48
309,158,33,48
309,158,33,48
309,158,33,48
309,158,33,48
309,158,33,48
309,158,33,48
309,158,33,48
309,158,33,48
309,158,33,48
309,158,33,48
309,158,33,48
309,158,33,48
309,158,33,48
309,158,33,48
309,158,33,48
309,158,33,48
309,158,33,48
309,158,33,48
309,158,33,48
309,158,33,48
309,158,33,48
309,158,33,48
309,158,33,48
309,158,33,48
309,158,33,48
309,158,33,48
309,158,33,48
309,158,33,48
309,158,33,48
309,158,33,48
309,158,33,48
309,158,33,48
309,158,33,48
309,158,33,48
310,158,33,48
310,158,33,48
310,158,33,48
310,158,33,48
310,158,33,48
310,158,33,48
310,158,33,48
310,158,33,48
310,158,33,48
310,158,33,48
310,158,33,48
310,158,33,48
310,158,33,48
310,158,33,48
310,158,33,48
310,158,33,48
310,158,33,48
310,158,33,48
310,158,33,48
310,158,33,48
310,158,33,48
310,158,33,48
310,158,33,48
310,158,33,48
310,158,33,48
310,158,33,48
310,158,33,48
310,158,33,48
310,158,33,48
310,158,33,48
310,158,33,48
310,158,33,48
310,158,33,48
310,158,33,48
310,158,33,48
310,158,33,48
310,158,33,48
310,158,33,48
310,158,33,48
310,158,33,48
310,158,33,48
310,158,33,48
310,158,33,48
310,158,33,48
310,158,33,48
310,158,33,48
310,158,33,48
310,158,33,48
310,158,33,48
310,158,33,48
310,158,33,48
310,158,33,48
310,158,33,48
310,158,33,48
310,158,33,48
310,158,33,48
310,158,33,48
310,158,33,48
310,158,33,48
310,158,33,48
310,158,33,48
310,158,33,48
310,158,33,48
310,158,33,48
310,158,33,48
310,158,33,48
310,158,33,48
310,158,33,48
310,158,33,48
310,158,33,48
310,158,33,48
310,158,33,48
310,158,33,48
310,158,33,48
310,158,33,48
310,158,33,48
310,158,33,48
310,158,33,48
310,158,33,48
310,158,33,48
310,158,33,48
310,158,33,48
310,158,33,48
310,158,33,48
310,158,33,48
310,158,33,48
310,158,33,48
310,158,33,48
310,158,33,48
310,158,33,48
310,158,33,48
310,158,33,48
310,158,33,48
308,159,33,48
303,161,33,48
299,163,33,48
295,167,33,48
290,169,33,48
285,171,33,48
283,171,33,48
282,173,33,48
282,173,33,48
282,173,33,48
282,173,33,48
282,173,33,48
282,173,33,48
282,173,33,48
282,173,33,48
282,173,33,48
282,173,33,48
282,173,33,48
282,173,33,48
282,173,33,48
282,173,33,48
282,173,33,48
282,173,33,48
282,173,33,48
282,173,33,48
282,173,33,48
282,173,33,48
282,173,33,48
282,173,33,48
282,173,33,48
282,173,33,48
282,173,33,48
282,173,33,48
282,173,33,48
282,173,33,48
282,173,33,48
282,173,33,48
282,173,33,48
282,173,33,48
282,173,33,48
282,173,33,48
282,173,33,48
282,173,33,48
282,173,33,48
282,173,33,48
282,173,33,48
282,173,33,48
282,173,33,48
282,173,33,48
282,173,33,48
282,173,33,48
282,173,33,48
282,173,33,48
282,173,33,48
282,173,33,48
282,173,33,48
282,173,33,48
282,173,33,48
282,173,33,48
282,173,33,48
282,173,33,48
282,173,33,48
282,173,33,48
282,173,33,48
286,169,33,48
286,169,33,48
290,168,33,48
294,166,33,48
295,164,35,48
300,162,35,48
300,162,35,48
305,159,35,48
308,157,35,48
313,155,35,48
325,149,35,48
325,149,35,46
325,149,35,46
325,149,35,46
325,149,35,46
325,149,35,46
325,149,35,46
325,149,35,46
325,149,35,46
325,149,35,46
325,149,35,46
325,149,35,46
325,149,35,46
325,149,35,46
325,149,35,46
325,149,35,46
325,149,35,46
325,149,35,46
325,149,35,46
325,149,35,46
325,149,35,46
325,149,35,46
325,149,35,46
325,149,35,46
325,149,35,46
325,149,35,46
325,149,35,46
325,149,35,46
325,149,35,46
325,149,35,50
325,149,35,50
325,149,35,50
325,149,35,50
325,149,35,50
325,149,35,50
325,149,35,50
325,149,35,50
325,149,35,50
325,149,35,50
325,149,35,50
325,149,35,50
325,149,35,50
325,149,35,50
325,149,35,50
325,149,35,50
325,149,35,50
325,149,35,50
325,149,35,50
325,149,35,50
325,149,35,50
325,149,35,50
325,149,35,50
325,149,35,50
325,149,35,50
325,149,35,50
325,149,35,50
325,149,35,50
325,149,35,50
325,149,35,50
325,149,35,50
325,149,35,50
325,149,35,50
325,149,35,50
325,149,35,50
325,149,35,50
325,149,35,50
325,149,35,50
325,149,35,50
325,149,35,50
325,149,35,50
325,149,35,50
325,149,35,50
325,149,35,50
325,149,35,50
325,149,35,50
325,149,35,50
325,149,35,50
325,149,35,50
325,149,35,50
325,149,35,50
325,149,35,50
325,149,35,50
325,149,35,50
325,149,35,50
