324,26,13,18
324,26,13,18
324,26,13,18
324,26,13,18
324,26,13,18
324,26,13,18
322,26,13,18
322,26,13,18
322,26,13,18
322,26,13,18
322,26,13,18
322,25,12,22
322,25,12,22
320,25,12,22
320,25,12,22
320,25,12,22
320,25,12,22
320,25,12,22
320,25,12,22
320,25,12,22
320,25,12,22
320,25,12,22
318,25,12,22
318,25,12,22
318,25,12,22
318,25,12,22
318,25,12,22
318,25,12,22
318,25,12,22
318,25,12,22
318,25,12,22
318,25,12,22
318,25,12,22
318,25,12,22
318,25,12,22
318,25,12,22
318,25,12,22
318,25,12,22
316,25,12,22
318,25,12,22
318,25,12,22
318,25,12,22
318,25,12,22
318,25,12,22
318,25,12,22
318,25,12,22
318,25,12,22
318,25,12,22
318,25,12,22
318,25,12,22
318,25,12,22
318,25,12,22
318,25,12,22
318,25,12,22
318,25,12,22
318,25,12,22
318,25,12,22
318,25,12,22
318,25,12,22
318,25,12,22
318,25,12,22
318,25,12,22
318,25,12,22
318,25,12,22
318,25,12,22
318,25,12,22
318,25,12,22
318,25,12,22
318,25,12,22
320,25,12,22
320,27,12,22
320,25,12,22
320,25,12,22
320,25,12,22
320,25,12,22
320,25,12,22
320,25,12,22
320,25,12,22
320,25,12,22
320,25,12,22
320,25,12,22
320,25,12,22
320,25,12,22
320,25,12,22
320,27,12,22
320,25,12,22
320,25,12,22
320,25,12,22
320,25,12,22
320,25,12,22
320,25,12,22
320,25,12,22
320,27,12,22
320,27,12,22
320,27,12,22
320,25,12,22
320,25,12,22
320,25,12,22
320,25,12,22
319,24,12,24
319,24,12,24
319,26,12,24
319,26,12,24
319,26,12,24
319,26,12,24
319,26,12,24
319,26,12,24
319,26,12,24
319,26,12,24
319,26,12,24
319,26,12,24
319,26,12,24
319,26,12,24
319,26,12,24
319,26,12,24
319,26,12,24
319,26,12,24
319,26,12,24
319,26,12,24
319,26,12,24
319,26,12,24
319,26,12,24
319,26,12,24
319,26,12,24
319,26,12,24
319,26,12,24
319,26,12,24
319,26,12,24
319,26,12,24
319,26,12,24
319,24,14,27
319,24,14,27
319,24,14,27
319,26,14,26
319,26,14,25
319,26,14,25
319,26,14,25
319,26,14,25
319,26,14,25
321,26,14,25
321,26,14,25
321,26,14,25
321,26,14,25
321,26,14,25
321,26,14,27
321,26,14,27
321,26,14,27
321,26,14,27
321,26,14,27
321,28,14,27
321,28,14,27
323,26,14,27
323,26,14,27
323,26,14,27
323,26,14,27
323,26,14,27
323,26,14,27
323,28,14,25
323,26,14,27
323,26,14,27
323,26,14,27
323,28,14,27
323,26,14,27
323,26,14,27
324,29,13,24
324,29,13,24
326,29,13,24
324,29,13,24
326,29,13,24
326,29,13,24
326,29,13,24
326,29,13,24
326,29,13,24
326,29,13,24
326,29,13,24
326,29,13,24
326,29,13,24
326,29,13,24
326,29,13,24
326,29,13,24
326,29,13,24
326,29,13,24
326,29,13,24
326,29,13,24
326,29,13,24
326,29,13,24
326,29,13,24
326,29,13,24
326,29,13,24
326,29,13,24
326,29,13,24
326,29,13,24
326,29,13,24
326,29,13,24
326,29,13,24
326,29,13,24
326,29,13,24
326,29,13,24
326,29,13,24
326,29,13,24
326,29,13,24
326,29,13,24
328,29,13,24
328,29,13,24
328,29,13,24
328,29,13,24
328,29,13,24
328,29,13,24
328,29,13,24
328,29,13,24
328,29,13,24
328,29,13,24
328,29,13,24
328,29,13,24
328,29,13,24
328,29,13,26
328,29,13,26
328,31,13,24
328,31,13,24
328,31,13,24
330,31,13,24
330,31,13,24
328,31,13,24
330,31,13,24
328,31,13,24
328,31,13,24
328,31,13,24
328,31,13,24
330,31,13,24
330,31,13,24
330,31,13,24
330,31,13,24
330,31,13,24
330,31,13,24
330,31,13,24
330,31,13,24
330,31,13,24
330,31,13,24
330,31,13,24
330,31,13,24
330,31,13,24
330,31,13,24
330,31,13,24
330,31,13,24
330,31,13,24
330,31,13,24
330,31,13,24
330,31,13,24
330,31,13,24
330,31,13,24
330,31,13,24
330,31,13,24
330,31,13,24
330,31,13,24
330,31,13,24
330,31,13,24
330,31,13,24
330,31,13,24
330,31,13,24
330,31,13,24
330,31,13,24
330,31,13,24
330,31,13,24
330,31,13,24
330,31,13,24
330,31,13,24
330,31,13,24
330,31,13,24
330,29,13,24
330,29,13,24
330,29,13,24
330,29,13,24
330,29,13,24
330,29,13,24
330,29,13,24
330,29,13,24
330,29,13,24
330,29,13,24
330,29,13,24
330,29,13,24
330,29,13,24
330,29,13,24
330,29,13,24
330,29,13,24
330,29,13,24
330,29,13,24
330,31,13,24
330,31,13,24
330,31,13,24
330,31,13,24
330,31,13,24
330,31,13,24
330,31,13,24
330,31,13,24
330,31,13,24
330,31,13,24
330,31,13,24
330,31,13,24
330,31,13,24
330,31,13,24
330,31,13,24
330,31,13,24
330,31,13,24
330,31,13,24
330,31,13,24
330,31,13,24
330,31,13,24
330,31,13,24
330,31,13,24
330,31,13,24
330,31,13,24
330,31,13,24
330,31,13,24
330,31,13,24
330,31,13,24
330,31,13,24
330,31,13,24
330,31,13,24
333,31,13,24
333,31,13,24
333,31,13,24
333,31,13,24
333,31,13,24
333,31,13,24
333,31,13,24
333,31,13,24
333,31,13,24
333,31,13,24
333,31,13,24
333,31,13,24
335,31,13,24
335,31,13,24
335,31,13,24
335,31,13,24
337,33,13,24
337,33,13,24
337,33,13,24
337,33,13,24
337,33,13,24
337,31,13,24
337,31,13,24
337,31,13,24
337,31,13,24
337,31,13,24
337,31,13,24
339,31,13,24
339,31,13,24
339,31,13,24
339,31,13,24
343,33,13,24
341,33,13,24
343,33,13,24
343,33,13,24
343,33,13,24
343,33,13,24
343,33,13,24
343,33,13,24
343,33,13,24
343,33,13,24
343,33,13,24
345,31,13,24
345,31,13,24
345,33,13,24
345,33,13,24
347,33,13,24
347,33,13,24
347,33,13,24
347,33,13,24
347,33,13,24
347,33,13,24
347,33,13,24
347,33,13,24
350,33,13,24
350,33,13,24
350,33,13,24
350,33,13,24
350,33,13,24
350,33,13,24
350,33,13,24
350,33,13,24
350,33,13,24
350,33,13,24
352,33,13,24
352,33,13,24
352,33,13,24
352,33,13,24
352,33,13,24
352,33,13,24
352,33,13,24
352,33,13,24
352,33,13,24
352,33,13,24
352,33,13,24
352,33,13,24
352,33,13,24
352,33,13,24
352,33,13,24
354,33,13,24
354,33,13,24
354,33,13,24
354,33,13,24
354,33,13,24
354,33,13,24
354,33,13,24
354,35,13,24
354,35,13,24
356,31,13,24
356,31,13,24
356,33,13,24
356,33,13,24
356,33,13,24
356,33,13,24
356,33,13,24
358,33,13,24
358,33,13,24
358,33,13,24
358,33,13,24
358,33,13,24
358,33,13,24
358,33,13,24
358,33,13,24
358,33,13,24
358,33,13,24
358,33,13,24
358,33,13,24
358,33,13,24
358,33,13,24
358,33,13,24
358,33,13,24
358,33,13,24
358,33,13,24
358,33,13,24
358,33,13,24
358,33,13,24
358,33,13,24
358,33,13,24
358,33,13,24
358,33,13,24
358,33,13,24
358,33,13,24
358,33,13,24
358,33,13,24
358,35,13,24
358,35,13,24
358,35,13,24
358,35,13,24
358,35,13,24
358,35,13,24
358,35,13,24
358,35,13,24
358,35,13,24
358,35,13,24
358,35,13,24
358,35,13,24
358,35,13,24
358,35,13,24
358,35,13,24
358,35,13,24
358,35,13,24
358,35,13,24
360,35,13,24
360,35,13,24
360,35,13,24
360,35,13,24
360,35,13,24
360,35,13,24
360,35,13,24
360,35,13,24
360,35,13,24
360,35,13,24
360,35,13,24
360,35,13,24
360,35,13,24
360,35,13,24
362,35,13,24
362,35,13,24
362,35,13,24
362,35,13,24
362,35,13,24
362,35,13,24
362,35,13,24
362,35,13,24
362,35,13,24
362,35,13,24
362,35,13,24
362,35,13,24
364,37,13,24
364,37,13,24
362,35,13,26
362,35,13,24
362,37,13,24
362,37,13,24
362,37,13,24
364,37,13,24
364,37,13,24
364,37,13,24
364,35,13,26
364,37,13,24
365,39,13,24
365,37,13,24
365,35,13,26
365,37,13,24
365,37,13,24
365,34,13,29
365,34,13,29
365,34,13,29
365,34,13,29
365,34,13,29
365,34,13,29
367,34,13,29
367,34,13,29
367,34,13,29
367,34,13,29
367,34,13,29
367,34,13,29
367,34,13,29
369,36,13,29
369,36,13,29
369,34,13,29
369,34,13,29
369,34,13,29
369,34,13,29
371,34,13,29
371,34,13,29
369,34,13,29
369,34,13,29
369,34,13,29
371,36,13,29
371,36,13,29
371,36,13,29
371,36,13,29
371,36,13,29
371,36,13,29
373,34,13,29
373,34,13,29
373,36,13,29
373,36,13,29
373,36,13,29
373,36,13,29
373,36,13,29
373,36,13,29
373,36,13,29
373,36,13,29
373,36,13,29
375,36,13,29
375,36,13,29
375,36,13,29
375,36,13,29
375,36,13,29
375,36,13,29
375,36,13,29
375,36,13,29
375,36,13,29
375,36,13,29
377,36,13,29
377,36,13,29
377,36,13,29
377,36,13,29
377,36,13,29
377,36,13,29
377,36,13,29
377,36,13,29
377,38,13,29
377,38,13,29
377,38,13,29
377,38,13,29
377,36,13,29
377,36,13,29
377,36,13,29
377,36,13,29
377,36,13,29
377,36,13,29
377,36,13,29
379,36,13,29
379,36,13,29
379,36,13,29
379,36,13,29
379,36,13,29
378,39,15,27
378,39,15,27
378,39,15,27
378,39,15,27
378,39,15,27
378,39,15,27
378,39,15,27
378,39,15,27
376,39,15,27
376,39,15,27
376,39,15,27
376,39,15,27
376,39,15,27
376,39,15,27
376,39,15,27
376,39,15,27
376,39,15,27
376,39,15,27
376,39,15,27
376,39,15,27
376,39,15,27
376,39,15,27
376,39,15,27
376,39,15,27
376,39,15,27
376,39,15,27
376,39,15,27
376,41,15,27
376,41,15,27
376,41,15,27
376,39,15,27
376,39,15,27
376,39,15,27
376,39,15,27
376,39,15,27
376,39,15,27
376,39,15,27
376,39,15,27
376,39,15,27
376,39,15,27
376,39,15,27
374,39,15,27
374,39,15,27
374,39,15,27
374,41,15,27
376,41,15,27
376,41,15,27
376,41,15,27
376,41,15,27
376,41,15,27
376,41,15,27
376,41,15,27
376,41,15,27
376,39,15,27
376,39,15,27
376,39,15,27
376,41,15,27
376,41,15,27
376,41,15,27
376,41,15,27
376,41,15,27
376,41,15,27
377,39,15,31
377,39,15,31
377,39,15,31
377,39,15,31
377,39,15,31
377,39,15,31
377,39,15,31
377,39,15,31
379,39,15,31
379,39,15,31
379,39,15,31
379,39,15,31
379,39,15,31
379,39,15,31
379,39,15,31
379,39,15,31
379,39,15,31
379,39,15,31
379,39,15,31
379,39,15,31
379,39,15,31
379,39,15,31
379,39,15,31
379,39,15,31
379,39,15,31
379,39,15,31
379,39,15,31
379,39,15,31
379,39,15,31
379,39,15,31
379,39,15,31
379,39,15,31
379,39,15,31
379,39,15,31
379,39,15,31
379,39,15,31
379,39,15,31
379,39,15,31
379,39,15,31
379,39,15,31
379,39,15,31
381,39,15,31
381,39,15,31
381,39,15,31
381,39,15,31
381,39,15,31
381,39,15,31
381,39,15,31
381,39,15,31
381,39,15,31
381,39,15,31
381,39,15,31
381,39,15,31
381,39,15,31
381,39,15,31
381,39,15,31
381,39,15,31
381,39,15,31
381,39,15,31
381,41,15,31
381,41,15,31
381,41,15,31
381,41,15,31
381,41,15,31
381,39,15,31
381,39,15,31
381,39,15,31
381,39,15,31
381,39,15,31
381,39,15,31
381,39,15,31
381,39,15,31
381,39,15,31
381,39,15,31
381,39,15,31
381,39,15,31
381,41,15,31
381,41,15,31
381,41,15,31
382,41,15,31
382,41,15,31
382,41,15,31
382,41,15,31
382,41,15,31
382,41,15,31
382,41,15,31
382,41,15,31
384,41,15,31
384,41,15,31
384,41,15,31
384,41,15,31
384,41,15,31
386,41,15,31
386,41,15,31
386,41,15,31
386,43,15,31
386,43,15,31
386,43,15,31
388,43,15,31
386,43,15,31
386,43,15,31
388,43,15,31
388,43,15,31
388,43,15,31
388,43,15,31
388,43,15,31
388,43,15,31
388,43,15,31
388,43,15,31
390,43,15,31
390,43,15,31
390,43,15,31
390,43,15,31
392,45,15,31
392,45,15,31
392,45,15,31
392,43,15,31
392,43,15,31
392,43,15,31
394,43,15,31
394,43,15,31
394,43,15,31
394,43,15,31
394,43,15,31
394,43,15,31
394,43,15,31
394,43,15,31
394,43,15,31
396,43,15,31
396,43,15,31
396,43,15,31
396,43,15,31
396,45,15,31
396,45,15,31
396,45,15,31
398,45,15,31
398,45,15,31
398,45,15,31
398,45,15,31
398,45,15,31
398,57,15,31
401,57,15,31
401,57,15,31
401,57,15,31
401,57,15,31
401,57,15,31
401,57,15,31
401,57,15,31
403,57,15,31
403,57,15,31
403,57,15,31
403,57,15,31
403,57,15,31
403,57,15,31
403,57,15,31
403,57,15,31
403,103,15,31
403,119,15,31
403,141,15,31
405,135,15,31
405,133,15,31
405,135,15,31
405,135,15,31
405,135,15,31
407,135,15,31
407,135,15,31
407,135,15,31
407,135,15,31
407,135,15,31
409,137,15,31
407,137,15,31
409,183,15,31
409,191,15,31
409,209,15,31
409,209,18,34
409,209,18,34
409,209,18,34
409,209,18,34
409,209,18,34
409,209,18,34
409,209,18,34
409,209,18,34
409,211,18,34
409,211,18,34
409,211,18,34
409,211,18,34
409,211,18,34
409,211,18,34
409,211,18,34
411,211,18,34
411,211,18,34
411,211,18,34
411,211,18,34
411,211,18,34
411,211,18,34
411,211,18,34
413,211,18,34
413,211,18,34
413,211,18,34
413,211,18,34
413,211,18,34
413,211,18,34
415,211,18,34
415,211,18,34
415,211,18,34
415,211,18,34
415,211,18,34
415,209,18,34
415,209,18,34
415,209,18,34
418,209,18,34
418,209,18,34
418,209,18,34
418,209,18,34
418,211,18,34
418,211,18,34
418,211,18,34
418,211,18,34
418,211,18,34
418,211,18,34
418,211,18,34
418,211,18,34
418,211,18,34
420,211,18,34
420,211,18,34
420,211,18,34
420,211,18,34
420,211,18,34
420,211,18,34
420,211,18,34
420,211,18,34
420,211,18,34
420,211,18,34
420,211,18,34
420,211,18,34
420,211,18,34
420,211,18,34
420,211,18,34
420,211,18,34
420,211,18,34
420,211,18,34
420,211,18,34
420,211,18,34
420,211,18,34
420,211,18,34
420,211,18,34
420,211,18,34
420,211,18,34
420,211,18,34
422,211,18,34
422,211,18,34
422,211,18,34
422,211,18,34
422,211,18,34
422,211,18,34
422,211,18,34
422,211,18,34
422,211,18,34
422,213,18,34
422,213,18,34
422,213,18,34
422,213,18,34
424,213,18,34
424,213,18,34
424,213,18,34
424,213,18,34
424,213,18,34
424,213,18,34
424,213,18,34
424,213,18,34
424,213,18,34
424,213,18,34
424,213,18,34
428,213,14,34
428,213,14,34
428,213,14,34
428,213,16,34
428,213,16,34
428,213,16,34
428,213,16,34
428,213,16,34
428,213,18,34
430,213,18,34
430,213,18,34
430,213,18,34
430,213,18,34
430,213,18,34
430,213,18,34
430,213,18,34
430,213,18,34
430,213,18,34
430,213,18,34
430,213,18,34
430,213,18,34
430,213,18,34
430,213,18,34
430,213,18,34
430,213,18,34
430,213,18,34
430,213,18,34
432,215,18,34
432,215,18,34
432,215,18,34
432,215,18,34
432,215,18,34
432,215,18,34
432,215,18,34
432,215,18,34
432,215,18,34
432,215,18,34
435,215,18,34
435,215,18,34
435,215,18,34
435,215,18,34
435,215,18,34
435,215,18,34
435,215,18,34
435,215,18,34
437,215,18,34
437,215,18,34
437,215,18,34
437,215,18,34
437,215,18,34
437,215,18,34
437,215,18,34
437,215,18,34
437,215,18,34
439,217,18,34
439,217,18,34
439,217,18,34
439,217,18,34
439,217,18,34
439,217,18,34
439,217,18,34
441,217,18,34
441,217,18,34
441,215,18,34
441,215,18,34
441,215,18,34
441,215,18,34
441,215,18,34
441,215,18,34
443,215,18,37
443,215,18,37
443,215,18,37
443,215,18,37
443,215,18,37
443,215,18,37
443,215,18,37
445,215,18,37
445,215,18,37
445,215,18,37
445,215,18,37
445,215,18,37
445,215,18,37
445,215,18,37
445,215,18,37
447,213,18,37
447,213,18,37
447,213,18,37
447,213,18,37
447,213,18,37
449,215,18,37
449,215,18,37
449,215,18,37
449,215,18,37
449,215,18,37
449,215,18,37
449,215,18,37
449,215,18,37
449,215,18,37
449,217,18,37
449,217,18,37
449,217,18,37
452,217,18,37
452,217,18,37
452,217,18,37
452,217,18,37
452,217,18,37
452,217,18,37
452,217,18,37
454,215,18,37
454,217,18,37
454,217,18,37
454,217,18,37
454,217,18,37
456,217,18,37
456,217,18,37
456,217,18,37
456,217,18,37
456,217,18,37
456,217,18,37
458,217,18,37
458,217,18,37
458,217,18,37
458,217,18,37
458,217,18,37
458,217,18,37
458,219,18,37
458,219,18,37
458,219,18,37
458,219,18,37
458,219,18,37
458,217,18,37
458,217,18,37
458,217,18,37
458,217,18,37
458,217,18,37
460,219,18,37
460,219,18,37
460,219,18,37
460,219,18,37
460,219,18,37
460,219,18,37
460,219,18,37
462,219,18,37
462,219,18,37
462,219,18,37
462,219,18,37
462,219,18,37
462,219,18,37
464,219,18,37
464,217,18,37
464,219,18,37
464,219,18,37
464,219,18,37
464,219,18,37
466,219,18,37
466,219,18,37
466,219,18,37
469,219,18,37
469,221,18,37
469,221,18,37
469,221,18,37
469,221,18,37
469,221,18,37
469,221,18,37
469,221,18,37
469,221,18,37
471,219,18,37
471,219,18,37
471,221,18,37
471,221,18,37
471,223,18,37
471,223,18,37
471,223,18,37
473,223,18,37
473,223,18,37
473,223,18,37
473,223,18,37
473,223,18,37
473,223,18,37
473,223,18,37
473,223,18,37
473,223,18,37
473,223,18,37
473,223,18,37
473,223,18,37
473,223,18,37
473,221,18,37
473,221,18,37
475,223,18,37
475,223,18,37
475,223,18,37
475,223,18,37
475,223,18,37
475,225,18,37
475,225,18,37
477,223,18,37
477,223,18,37
477,223,18,37
477,223,18,37
477,223,18,37
477,225,18,37
477,225,18,37
477,223,18,37
477,223,18,37
479,223,18,37
479,223,18,37
479,223,19,40
479,223,19,40
479,223,19,40
479,223,19,40
479,223,19,40
481,223,19,40
481,223,19,40
481,223,19,40
481,223,19,40
481,223,19,40
481,223,19,40
481,223,19,40
483,223,19,40
483,223,19,40
483,223,19,40
483,223,19,40
483,223,19,40
483,223,19,40
483,223,19,40
483,223,19,40
486,223,19,40
486,223,19,40
486,223,19,40
486,223,19,40