379,275,69,142
394,274,96,142
395,271,92,147
385,272,78,140
467,269,55,146
413,265,89,151
429,275,78,146
430,272,90,145
446,278,102,143
441,263,93,150
469,276,75,145
510,263,66,152
487,273,73,143
489,264,59,142
481,272,66,154
467,269,79,142
462,266,82,146
480,275,103,133
530,269,87,144
495,275,83,147
511,263,67,151
514,271,59,148
562,261,68,146
517,271,75,146
522,263,87,142
529,275,84,146
522,265,79,138
520,269,69,145
513,265,61,144
509,264,56,146
495,267,62,142
488,268,68,139
477,272,74,141
472,272,80,138
463,270,84,142
467,273,76,138
456,271,72,142
457,273,67,141
449,269,63,143
439,270,65,140
431,273,71,139
425,273,75,138
420,273,78,139
413,272,71,138
411,275,65,133
406,273,66,138
401,272,50,138
397,272,48,136
388,272,58,138
378,272,67,138
367,273,75,136
367,277,74,134
367,276,70,133
355,274,69,133
356,269,62,136
348,273,55,136
344,273,58,133
334,277,64,130
325,274,74,135
325,273,71,139
317,276,76,131
316,272,64,134
303,265,66,139
296,274,67,131
306,279,42,124
295,278,42,124
293,278,42,124
289,278,42,124
