539,340,47,118
539,340,47,118
539,340,47,118
541,336,47,118
539,338,47,118
541,338,47,118
543,336,47,118
541,336,47,118
541,336,47,118
541,336,47,118
541,334,47,118
541,334,47,122
541,336,47,118
541,336,47,118
543,334,47,120
541,334,47,120
541,340,47,118
541,340,47,118
541,336,47,118
541,336,47,118
541,334,47,118
541,336,47,118
541,334,47,118
541,334,47,118
541,334,47,118
541,334,47,118
541,334,47,118
541,336,47,118
541,338,47,118
541,338,47,118
541,340,47,118
543,340,47,118
549,338,48,118
549,336,48,118
538,338,59,117
549,337,49,119
554,335,46,119
555,337,46,119
557,337,41,120
559,337,39,120
559,337,55,120
559,337,55,120
559,337,54,120
559,335,54,120
559,337,54,120
559,337,54,120
559,337,54,120
559,337,56,119
559,337,56,119
559,337,56,119
559,337,55,119
559,341,50,115
559,341,50,115
559,339,50,115
556,337,50,117
556,341,50,115
556,341,50,115
556,341,50,115
556,341,50,115
548,332,50,123
548,334,50,119
548,336,50,119
548,336,50,119
548,336,50,119
548,336,50,119
548,334,50,119
548,334,50,119
548,334,50,119
548,336,50,119
548,336,50,119
548,336,50,119
548,336,50,119
549,336,50,119
549,336,50,119
549,336,50,119
550,336,48,119
557,339,41,117
557,339,41,117
562,344,42,112
562,344,49,112
566,344,49,112
569,344,49,112
569,340,49,112
571,340,49,112
571,340,49,112
571,340,49,112
571,340,49,112
571,340,49,112
571,340,49,112
571,340,49,112
571,340,49,112
571,340,49,112
571,340,49,112
571,340,49,112
571,340,49,112
571,340,49,112
571,340,49,112
571,340,49,112
571,340,49,112
571,340,49,112
571,340,49,112
571,340,49,112
571,342,49,112
571,342,49,112
571,342,49,112
571,340,49,112
575,341,46,111
575,341,46,111
575,341,46,111
575,341,46,111
575,341,46,111
575,341,46,111
575,341,46,111
575,341,46,115
575,345,46,111
575,341,46,111
575,343,46,111
575,345,46,111
575,341,46,111
575,341,46,111
575,341,46,111
571,341,46,111
571,341,46,111
571,341,46,111
571,339,46,111
567,341,48,112
567,341,48,112
564,341,49,112
564,341,49,112
564,341,49,112
564,341,49,112
564,341,49,112
564,341,49,112
556,341,54,111
556,341,54,111
556,341,54,111
556,341,54,111
556,341,54,111
556,341,54,111
556,341,54,111
557,341,54,111
557,341,54,111
563,340,54,111
563,340,54,111
563,340,54,111
566,340,54,111
566,340,54,111
566,340,54,111
566,340,54,111
566,340,54,111
566,340,54,111
566,340,54,111
566,340,54,111
566,340,54,111
566,340,54,111
566,340,54,113
566,340,54,111
566,342,54,111
566,344,54,111
566,342,54,111
566,340,54,111
566,342,54,111
566,340,54,111
566,340,54,111
566,340,54,111
566,340,54,111
566,340,54,111
566,340,54,111
566,340,54,111
566,340,54,111
566,340,54,111
566,340,54,111
566,340,54,111
566,340,54,111
566,340,54,111
566,340,54,111
566,340,54,111
566,340,54,111
566,340,54,111
566,340,54,111
566,340,54,111
566,340,54,111
566,340,54,111
566,340,54,111
566,340,54,111
566,340,54,111
566,340,54,111
566,342,54,111
566,342,54,111
566,342,54,111
566,342,54,111
566,342,54,111
566,342,54,111
566,342,54,111
566,342,54,111
566,342,54,111
566,342,54,111
566,342,54,111
566,342,54,111
566,340,54,111
566,342,54,111
566,342,54,111
566,342,54,111
566,342,54,111
566,342,54,111
566,342,54,111
566,342,54,111
566,342,54,111
566,342,54,111
566,342,54,111
566,342,54,111
566,342,54,111
566,342,54,111
566,342,54,111
566,342,54,111
566,342,54,111
566,342,54,111
566,342,54,111
566,342,54,111
566,342,54,111
566,342,54,111
566,340,54,111
566,342,54,111
566,342,54,111
566,342,54,111
566,342,54,111
566,342,54,111
566,342,54,111
566,342,54,111
566,342,54,111
566,342,54,111
566,342,54,111
566,342,54,111
566,342,54,111
566,342,54,111
566,342,54,111
566,342,54,111
566,342,54,111
566,342,54,111
566,342,54,111
566,342,54,111
566,342,54,111
566,342,54,111
566,342,54,111
566,342,54,111
566,342,54,111
566,342,54,111
566,342,54,111
566,342,54,111
566,342,54,111
566,342,54,111
566,342,54,111
566,342,54,111
566,342,54,111
566,342,54,111
566,342,54,111
566,342,54,111
566,342,54,111
566,342,54,111
566,342,54,111
566,342,54,111
566,342,54,111
566,342,54,111
566,342,54,111
566,342,54,111
566,342,54,111
566,342,54,111
566,342,54,111
566,342,54,111
566,342,54,111
566,342,54,111
566,342,54,111
566,342,54,111
566,342,54,111
566,342,54,111
566,342,54,111
566,342,54,111
566,342,54,111
566,342,54,111
566,342,54,111
566,342,54,111
566,342,54,111
566,342,54,111
566,342,54,111
566,342,54,111
566,342,54,111
566,342,54,111
566,342,54,111
566,342,54,111
566,344,54,111
566,342,54,111
566,342,54,111
566,342,54,111
566,342,54,111
566,342,54,111
566,340,54,111
566,342,54,111
566,342,54,111
566,342,54,111
566,340,54,111
566,342,54,111
566,342,54,111
566,342,54,111
566,342,54,111
566,342,54,111
566,342,54,111
566,342,54,111
566,342,54,111
566,342,54,111
566,342,54,111
566,342,54,111
566,342,54,111
566,342,54,111
566,342,54,111
566,342,54,111
566,342,54,111
566,342,54,111
566,342,54,111
566,340,54,111
566,342,54,111
566,342,54,113
566,342,54,111
566,342,54,111
566,342,54,111
566,342,54,111
566,342,54,111
566,342,54,111
566,342,54,111
566,340,54,111
566,342,54,111
566,342,54,111
566,342,54,111
566,340,54,111
566,340,54,111
566,340,54,111
566,340,54,111
566,340,54,111
566,340,54,111
566,340,54,111
566,340,54,111
566,340,54,111
566,340,54,111
566,340,54,111
566,340,54,111
566,340,54,111
566,340,54,111
566,340,54,111
566,340,54,111
566,340,54,111
566,340,54,111
566,340,54,111
566,340,54,111
566,340,54,111
566,340,54,111
562,340,54,111
562,340,54,111
559,340,54,111
559,340,54,111
559,340,54,111
556,341,54,111
556,341,54,111
550,341,54,111
550,341,54,111
545,338,54,111
543,335,54,111
545,332,52,121
545,332,52,121
542,329,52,121
542,329,52,121
537,329,52,121
531,328,52,121
524,325,54,128
518,323,56,129
516,323,56,129
507,318,56,131
507,318,56,131
507,315,49,136
507,317,49,136
507,315,49,136
503,314,49,136
497,312,49,136
497,312,49,136
490,304,48,145
490,306,48,145
487,304,48,145
483,304,48,145
479,303,48,145
473,302,48,145
469,302,48,145
461,298,48,145
460,297,48,145
456,293,50,157
452,293,50,157
452,295,50,157
450,295,50,157
444,295,50,157
438,293,50,157
436,291,50,157
435,288,50,152
428,287,50,152
424,287,50,152
419,287,50,152
416,286,50,152
413,284,50,152
410,279,50,152
407,278,50,152
403,276,50,152
399,277,50,149
399,277,50,149
399,277,50,149
395,275,50,149
392,273,50,149
392,273,50,149
388,269,50,147
386,267,50,147
386,267,50,147
384,267,50,147
378,267,49,146
378,267,49,146
369,266,49,146
367,261,49,146
365,258,49,146
365,258,49,144
365,258,45,143
365,257,45,143
362,257,45,143
362,257,45,143
356,254,45,143
351,249,45,143
351,249,45,143
343,247,45,143
337,249,44,141
334,250,44,141
331,246,44,141
328,243,44,138
326,241,44,138
325,242,44,138
325,242,44,138
324,242,44,138
322,242,44,138
319,241,44,138
316,240,42,135
312,237,42,135
310,236,42,135
310,236,42,135
308,236,42,135
307,234,42,135
307,234,42,135
302,231,42,135
302,231,42,131
301,230,42,131
297,228,42,131
299,226,42,131
299,226,42,131
297,228,42,131
297,226,42,131
294,225,42,131
294,223,41,127
294,222,41,127
291,222,41,127
285,222,41,127
285,222,41,127
284,221,41,127
280,219,41,127
276,219,41,127
274,215,41,127
271,214,41,127
274,216,40,125
274,215,40,125
274,215,40,125
271,215,37,125
269,215,37,125
269,213,36,123
269,211,36,123
263,209,36,123
261,209,36,123
259,210,36,123
256,210,36,123
249,211,36,117
245,209,36,117
245,209,36,117
246,209,32,117
243,208,32,117
243,208,32,117
240,208,32,117
234,205,35,117
231,205,35,117
225,207,35,117
219,207,35,117
214,205,35,117
214,203,35,117
209,205,35,117
208,203,35,117
205,204,35,117
201,202,35,117
198,203,35,117
198,203,35,117
197,203,33,113
194,201,36,113
194,201,36,113
191,201,36,113
190,200,36,113
190,200,36,113
186,198,36,113
186,198,36,113
186,198,36,113
183,197,36,113
183,197,36,113
183,193,36,113
183,193,36,113
181,193,36,113
181,193,36,113
181,193,36,113
180,190,36,113
178,189,36,113
178,189,36,113
178,189,36,113
178,189,36,113
176,189,36,113
176,189,35,112
173,186,35,112
171,186,35,109
171,186,35,109
168,184,35,109
168,184,35,109
163,184,35,109
163,184,35,109
163,184,35,109
160,184,35,109
160,184,35,109
160,184,35,109
158,180,35,109
154,179,35,109
150,179,35,109
150,179,35,109
147,177,35,109
147,177,35,109
144,176,35,109
144,176,35,109
140,176,35,109
140,176,35,109
140,176,35,106
140,176,35,106
137,176,36,103
134,172,36,103
134,172,36,103
131,172,36,103
131,172,36,103
131,172,36,103
127,174,36,103
127,174,36,103
125,174,36,103
125,174,36,103
123,174,36,103
123,174,36,103
121,171,36,103
121,171,36,103
121,171,36,103
120,171,36,103
120,171,36,103
114,169,36,103
112,168,36,103
110,167,36,103
108,166,36,103
106,167,35,101
106,167,35,101
103,167,35,101
103,167,35,101
99,166,35,101
99,166,35,101
96,166,35,101
96,166,35,101
96,166,30,99
96,166,30,99
96,166,30,99
95,163,30,99
95,163,30,99
95,163,30,99
95,161,30,99
93,160,30,99
93,160,30,99
93,163,30,97
90,163,30,97
89,163,30,97
88,161,30,97
84,160,30,97
84,160,30,97
84,159,30,97
84,159,30,97
83,159,30,97
83,159,30,97
81,158,30,97
81,158,30,97
80,154,30,97
80,154,30,97
79,154,30,97
78,155,30,97
76,155,30,97
76,155,30,97
75,155,30,97
74,153,30,97
70,152,30,95
70,152,30,95
70,152,30,95
67,151,30,95
67,151,30,95
64,153,30,95
62,152,30,95
62,152,29,93
62,151,29,93
62,151,29,93
57,150,29,93
54,149,29,93
54,149,29,93
54,149,29,93
54,149,29,93
54,149,29,93
54,149,29,93
50,149,29,93
48,148,29,93
47,148,29,93
46,150,29,93
45,149,29,93
42,149,29,93
41,150,29,93
39,149,29,93
39,149,29,93
39,149,29,93
39,149,29,93
39,149,29,93
39,149,29,93
39,151,29,93
39,151,29,93
39,151,29,93
39,151,29,93
39,151,29,93
39,151,29,93
39,151,29,93
39,151,29,93
39,151,29,93
39,151,29,90
39,151,29,90
39,151,29,90
39,151,29,90
39,151,29,90
39,151,29,90
39,151,29,90
39,151,29,90
39,151,29,90
39,151,29,90
39,151,29,90
39,151,29,90
39,151,29,90
39,151,29,90
39,151,29,90
39,151,29,90
39,151,29,90
39,151,29,90
39,151,29,90
39,151,29,90
39,151,29,90
39,150,29,90
39,150,29,90
39,150,29,90
42,148,29,90
42,148,29,90
42,148,29,90
41,148,29,90
41,148,29,90
41,148,29,90
41,148,29,90
41,148,29,90
41,148,29,90
41,148,29,90
41,148,29,90
41,148,29,90
41,148,29,90
41,148,29,90
41,148,29,90
41,148,29,90
41,148,29,90
41,148,29,90
41,148,29,90
41,148,29,90
41,148,29,90
41,148,29,90
41,148,29,90
41,148,29,90
41,148,29,90
41,148,29,90
41,148,29,90
41,148,29,90
41,148,29,90
41,148,29,90
41,148,29,90
41,148,29,90
41,148,29,90
41,148,29,90
41,148,29,90
41,148,29,90
41,148,29,90
41,148,29,90
41,148,29,90
41,148,29,90
41,148,29,90
41,148,29,90
41,148,29,90
41,148,29,90
41,148,29,90
41,148,29,90
41,148,29,90
41,148,29,90
41,148,29,90
41,148,29,90
41,148,29,90
41,148,29,90
41,148,29,90
41,148,29,90
41,148,29,90
41,148,29,90
41,148,29,90
41,148,29,90
41,148,29,90
41,148,29,90
41,148,29,90
41,148,29,90
41,148,29,90
41,148,29,90
41,148,29,90
41,148,29,90
46,151,29,90
46,151,29,90
46,151,29,90
46,151,29,90
46,151,29,90
46,151,29,90
47,150,29,90
49,151,29,90
52,151,29,90
52,151,29,90
53,152,29,90
56,152,29,90
59,153,29,90
59,153,29,90
63,153,29,90
63,153,29,90
63,153,29,90
63,153,29,90
63,153,29,90
63,153,29,90
63,153,29,90
64,155,29,90
66,156,29,90
66,156,29,90
70,156,29,90
72,156,29,90
72,156,29,90
76,156,29,90
79,156,29,90
79,156,29,90
79,154,29,90
79,157,29,90
79,157,29,90
81,157,29,90
81,157,29,94
81,157,29,94
84,156,29,94
84,156,29,94
86,157,29,94
86,157,29,94
86,157,29,94
86,157,29,94
86,157,29,94
89,157,29,94
89,158,29,94
92,158,29,94
92,158,29,94
92,158,29,94
96,158,29,94
96,158,29,94
98,159,29,94
98,159,29,94
98,159,29,94
101,159,29,94
101,159,29,94
101,159,29,94
101,159,29,94
101,159,29,94
101,160,29,94
101,160,29,94
101,160,29,94
105,160,29,94
106,161,29,94
106,161,29,94
106,161,29,94
109,162,29,94
109,162,29,94
112,162,29,94
112,162,29,94
114,161,29,94
114,161,29,94
117,162,29,94
117,162,29,94
117,162,29,94
117,162,29,94
117,162,29,94
117,162,29,94
117,162,29,94
117,162,29,94
120,164,29,94
120,164,29,94
120,164,29,94
120,164,29,94
120,164,29,94
120,164,29,94
120,164,29,94
120,164,29,94
120,164,29,94
120,164,29,94
122,168,29,94
126,168,29,94
126,168,29,94
126,168,29,94
126,168,29,94
126,168,29,94
126,168,29,94
126,168,29,94
125,172,29,94
125,172,29,98
125,172,29,98
125,172,29,98
125,170,29,98
125,172,29,98
125,172,29,98
127,172,29,98
127,172,29,98
127,170,29,98
131,172,29,98
131,172,29,98
131,172,29,98
135,172,29,98
135,172,29,98
135,172,29,98
135,174,29,98
135,174,29,98
135,176,29,98
135,176,29,98
135,176,29,98
133,175,29,98
133,175,29,98
133,175,29,98
127,175,32,99
127,175,32,99
127,175,32,99
127,178,32,99
127,180,32,99
127,180,32,99
127,180,32,99
127,180,32,99
127,180,32,99
127,180,32,99
127,180,32,99
127,180,32,99
127,180,32,99
126,183,32,99
126,183,32,99
126,183,32,102
126,183,32,102
126,183,32,102
126,183,32,102
126,183,32,102
126,184,32,102
126,184,32,102
126,185,32,105
126,185,32,105
126,185,32,105
126,185,32,105
126,185,32,105
126,185,32,105
126,185,32,105
126,185,32,105
126,188,32,105
126,188,32,105
126,188,32,105
126,191,32,105
124,190,32,105
124,190,32,105
123,187,32,105
123,187,32,105
123,187,32,105
122,188,31,110
122,188,31,110
120,190,31,110
120,190,31,110
120,191,31,110
120,191,31,110
120,191,31,110
120,192,31,110
121,193,31,110
121,197,31,110
121,197,31,110
121,199,31,110
121,199,31,110
121,199,31,110
123,197,31,110
123,197,31,110
123,197,31,110
124,201,31,110
125,202,31,110
127,202,31,110
130,201,29,116
130,201,29,116
132,203,31,116
133,205,31,116
133,205,31,116
134,208,31,116
134,208,31,116
134,208,31,116
137,206,31,116
137,206,31,116
139,209,31,116
142,207,31,116
143,211,31,116
143,211,31,116
144,211,31,116
148,211,31,122
148,211,31,122
151,213,31,122
151,213,31,122
154,215,31,122
157,218,31,122
157,218,31,122
160,217,31,122
161,220,31,122
165,219,31,122
165,219,31,122
165,219,36,122
167,222,39,122
167,222,39,122
174,224,39,122
174,224,39,122
177,226,39,122
180,225,39,122
183,224,39,125
186,226,39,125
186,227,39,125
192,230,39,125
194,232,39,125
197,231,39,125
197,231,39,125
197,231,39,125
204,234,39,125
204,234,39,125
205,234,42,129
205,234,42,129
210,234,42,129
210,237,42,129
214,236,42,129
217,238,42,129
217,238,42,129
219,239,42,129
222,240,42,129
225,241,42,129
228,245,42,134
228,245,42,134
231,245,42,134
231,245,42,134
235,244,42,134
238,246,42,134
236,248,42,134
241,250,42,134
246,251,42,134
258,256,58,135
258,256,49,139
263,258,49,139
265,258,49,139
270,258,49,139
272,258,49,139
277,259,49,139
280,260,49,139
285,262,49,139
288,265,49,139
288,265,49,139
296,266,49,139
306,266,49,139
309,266,49,149
316,266,49,149
318,271,49,149
320,271,49,149
320,275,49,149
327,275,49,149
327,275,49,149
333,276,48,148
338,276,48,148
338,276,48,148
344,279,48,148
347,280,48,148
352,282,48,148
355,283,48,148
361,283,48,148
369,283,48,148
369,283,48,148
369,287,48,148
377,287,48,148
377,287,48,148
384,292,48,148
384,295,50,151
384,295,50,151
390,294,50,151
397,295,50,151
398,294,50,151
403,295,50,151
407,296,50,151
416,300,50,151
415,302,50,151
418,302,50,151
424,304,50,151
429,302,50,151
432,301,50,151
432,301,50,151
435,304,50,151
436,305,50,151
439,311,50,140
444,312,50,140
444,312,50,140
448,312,50,140
452,312,48,140
454,312,48,140
460,314,48,140
463,314,48,140
467,314,48,140
471,315,48,140
476,315,48,140
482,315,48,140
486,314,46,140
488,315,46,140
491,316,46,140
491,318,46,140
496,317,46,140
496,316,50,140
499,319,50,137
503,318,50,137
501,318,50,137
505,318,50,137
505,318,50,137
505,318,50,137
505,318,50,137
506,320,52,134
506,320,52,134
506,320,52,134
506,316,52,134
504,316,52,134
503,318,52,136
503,320,52,136
503,318,52,138
503,320,52,138
503,322,52,136
503,322,52,136
503,322,52,136
503,322,52,136
503,322,52,136
503,322,52,136
503,322,52,136
504,322,52,136
504,320,52,136
504,320,52,136
504,320,52,136
504,322,52,136
504,322,52,136
504,320,52,134
504,324,52,134
504,320,52,134
504,320,52,134
504,320,52,134
504,320,52,134
504,320,52,134
504,320,52,134
504,320,52,134
504,320,52,134
504,320,52,134
504,320,52,134
504,320,52,134
504,320,52,134
504,320,52,134
504,320,52,134
504,320,52,134
504,320,52,134
503,319,52,134
503,319,52,134
503,319,52,134
503,319,52,134
503,319,52,134
503,319,52,134
503,319,52,134
503,319,52,134
503,319,52,134
503,319,52,134
495,320,52,134
495,320,52,134
495,320,52,134
495,320,52,134
495,318,52,136
495,320,52,136
495,320,52,136
495,320,52,136
492,320,52,136
492,320,52,134
491,319,52,134
491,319,52,134
487,315,52,136
487,315,52,136
487,312,50,141
487,312,50,141
487,312,50,141
486,312,50,141
483,312,50,141
481,311,50,141
474,309,53,144
474,307,53,144
469,306,53,147
466,306,53,147
465,306,53,145
461,304,53,145
461,304,54,151
461,304,54,151
459,300,54,153
460,300,54,153
455,300,54,153
455,300,54,153
453,297,53,157
453,297,53,157
448,296,53,157
441,296,53,155
439,296,53,155
435,292,53,155
430,290,55,155
424,288,55,155
424,288,55,155
419,286,55,155
418,286,55,155
418,288,55,155
411,286,55,155
406,284,55,155
405,281,55,155
405,281,55,155
399,281,55,155
396,279,55,151
394,279,55,151
388,280,54,154
388,278,49,153
384,278,49,153
385,277,49,153
379,273,49,153
375,268,49,153
369,268,49,153
369,268,49,153
369,270,47,151
367,268,47,151
364,268,47,151
364,268,47,151
360,266,47,148
358,260,47,148
353,259,47,148
348,259,47,148
345,258,47,148
341,258,47,148
336,256,47,148
331,255,46,143
326,254,46,143
326,254,46,143
316,253,56,140
316,253,56,140
313,252,56,140
313,252,56,140
310,252,56,140
310,247,56,140
304,247,56,140
303,244,56,140
300,244,56,140
296,245,56,140
290,246,56,140
288,248,55,137
286,246,55,137
285,242,55,137
280,242,55,137
280,242,55,137
280,238,55,137
279,239,55,137
273,241,55,137
273,239,55,137
273,236,55,137
269,235,55,137
269,235,46,135
266,235,46,135
262,236,46,135
258,232,46,135
254,232,46,135
254,239,46,132
252,234,46,132
252,234,46,132
248,228,46,132
245,229,46,132
243,229,46,132
240,228,46,132
237,229,46,132
233,230,46,131
233,226,46,131
232,227,46,131
232,227,40,128
232,227,40,128
224,224,40,128
224,224,40,128
223,223,40,128
223,223,40,128
223,223,40,128
214,222,40,128
214,220,40,128
214,220,40,128
214,220,40,128
212,219,40,128
212,219,40,128
209,219,40,128
209,219,40,128
209,219,40,128
209,219,40,128
206,215,40,128
206,215,40,128
206,215,40,128
206,215,40,128
206,215,40,128
206,215,40,128
206,215,40,128
202,212,40,128
198,213,40,128
198,211,40,128
198,211,40,128
198,211,40,128
198,213,40,128
198,211,40,128
198,211,40,128
198,211,40,128
198,211,40,128
198,211,38,127
198,211,38,127
198,211,38,127
198,211,38,127
198,211,38,127
198,211,38,127
201,210,38,127
201,210,38,127
201,210,38,127
206,212,38,127
206,212,38,127
207,212,38,127
207,212,38,127
211,212,38,127
211,212,38,127
211,209,39,122
211,211,39,122
211,211,39,122
211,209,39,122
211,211,39,122
211,211,39,122
211,209,39,122
211,207,39,122
211,205,39,122
212,204,39,122
212,204,39,122
212,204,39,122
212,204,39,122
212,204,39,122
212,204,39,122
212,204,39,122
212,202,39,122
211,200,37,118
211,200,37,118
211,200,37,118
208,199,37,118
208,199,37,118
206,201,37,118
203,199,37,118
203,199,37,118
197,194,37,118
197,194,37,118
197,194,37,118
195,194,37,116
195,194,37,116
195,194,37,116
195,194,37,116
189,192,37,116
189,192,35,110
189,192,35,110
186,192,35,110
178,189,35,110
175,189,35,110
175,189,35,110
173,187,35,110
173,187,35,110
173,187,35,110
173,190,33,108
171,190,33,108
171,190,33,108
168,190,33,108
168,190,33,108
168,190,33,108
168,186,33,108
168,186,33,108
165,186,33,108
164,185,33,108
164,185,33,108
161,184,33,108
161,182,33,108
160,178,33,108
160,182,33,106
160,184,33,106
158,184,33,106
158,184,33,106
156,176,33,106
156,176,33,106
155,177,33,106
154,176,33,106
151,176,33,106
152,176,33,106
147,177,33,106
144,173,36,106
144,175,36,106
144,175,36,106
142,172,36,106
140,174,36,102
140,176,36,102
139,176,36,102
138,175,36,102
135,172,36,102
135,170,36,102
133,171,36,102
132,170,36,102
127,170,36,102
127,170,36,102
126,170,36,102
124,169,36,102
122,168,36,102
122,168,36,102
117,168,36,102
115,168,36,102
115,167,36,102
115,167,36,102
113,166,36,102
110,166,36,102
109,166,36,102
106,165,36,102
101,165,36,102
101,165,36,98
98,163,36,98
96,165,36,98
95,165,36,98
91,165,36,98
89,163,36,98
87,163,36,98
84,161,36,98
81,160,36,98
81,160,36,98
78,160,36,98
78,160,36,98
78,160,36,98
75,159,36,98
74,157,35,95
72,157,35,95
70,157,35,95
69,156,35,95
67,154,35,95
64,156,35,95
62,157,35,95
62,157,32,95
59,157,32,95
58,153,32,95
58,153,32,95
56,153,32,95
55,153,32,95
54,152,32,95
53,153,32,95
53,153,32,95
50,152,32,95
49,154,32,92
45,153,32,92
45,153,32,92
42,153,32,92
39,153,32,92
39,153,32,92
39,153,32,92
35,153,32,92
31,153,32,92
31,153,32,92
27,150,32,92
27,150,32,92
23,150,32,92
23,150,32,92
23,150,32,92
22,150,32,92
22,150,32,92
22,150,32,92
22,150,32,92
22,150,32,90
22,150,32,90
22,150,32,90
22,150,32,90
22,150,32,90
22,150,32,90
22,150,32,90
22,150,32,90
22,150,32,90
22,150,32,90
22,150,32,90
22,150,32,90
22,150,32,90
22,150,32,90
22,150,32,90
22,150,32,90
22,150,32,90
22,150,32,90
22,150,32,90
22,150,32,90
22,150,32,90
22,150,32,90
22,150,32,90
22,150,32,90
22,150,32,90
24,149,32,90
24,149,32,90
24,149,32,90
24,149,32,90
24,149,32,90
24,149,32,90
25,151,32,90
25,151,32,90
25,151,32,90
25,151,32,90
25,151,32,90
25,151,32,90
25,151,32,90
25,151,32,90
25,151,32,90
25,152,32,90
25,152,32,90
28,153,32,90
28,153,32,90
28,153,32,90
30,153,36,90
30,153,36,90
30,153,36,90
30,156,36,90
30,156,36,90
30,156,40,93
30,156,40,93
30,156,40,93
30,156,40,93
33,156,40,93
33,156,40,93
33,156,40,93
33,158,40,93
33,158,40,93
35,157,40,93
37,157,40,93
37,157,40,93
37,157,41,95
39,158,41,95
39,158,41,95
41,160,41,95
41,160,41,95
44,162,41,95
44,162,41,95
44,162,41,95
44,162,41,95
44,162,41,95
44,162,41,95
46,163,41,95
46,163,41,95
46,163,41,95
50,163,36,98
50,163,36,98
50,163,36,98
53,163,36,98
53,163,36,98
53,163,36,98
55,166,36,98
55,166,36,98
55,166,36,98
55,166,36,98
57,169,36,98
57,169,36,98
58,168,36,98
58,168,36,98
58,168,36,98
58,168,40,103
58,168,40,103
61,171,38,103
61,171,38,103
61,171,38,100
61,171,38,100
61,171,38,100
63,172,38,100
63,172,38,100
63,175,38,100
63,175,38,100
63,175,38,100
63,176,38,100
63,176,38,100
63,176,38,100
63,176,38,100
64,177,38,100
64,177,38,100
65,179,38,100
65,179,38,100
69,180,38,100
69,180,38,100
69,180,38,100
69,180,38,100
72,180,38,100
72,180,42,104
72,180,42,104
72,180,42,104
73,180,42,104
73,178,42,104
73,180,42,104
78,182,42,104
78,182,42,104
78,182,42,104
78,182,42,104
80,184,42,104
80,184,42,104
80,184,42,104
83,184,42,104
83,184,42,104
87,184,42,104
90,185,42,104
90,185,42,104
90,185,42,104
92,188,42,104
92,188,42,104
93,188,44,108
93,188,44,108
93,188,44,108
96,185,44,108
96,185,44,108
98,190,44,108
98,190,44,108
101,190,44,110
101,190,44,110
107,190,40,113
107,190,40,113
110,189,40,113
115,190,40,113
115,192,40,113
118,191,40,113
118,191,40,113
122,192,40,113
124,194,40,113
124,196,40,113
126,196,40,113
130,195,40,113
130,195,40,113
131,195,40,113
133,195,40,113
135,197,40,113
135,197,40,113
141,197,40,113
141,199,40,113
146,199,40,113
146,199,40,113
146,199,40,113
147,201,40,113
151,201,40,113
154,203,40,113
156,203,40,113
156,203,40,113
157,206,40,113
157,204,40,113
159,203,40,113
163,203,40,113
163,203,40,113
168,206,40,113
168,207,40,113
172,207,40,113
175,208,40,113
178,208,40,113
178,207,40,113
181,207,40,113
184,207,40,113
185,209,40,113
186,213,40,113
190,214,40,113
195,216,40,113
197,216,40,113
199,215,40,113
201,215,40,113
205,214,40,113
207,216,40,113
210,218,40,113
214,218,40,113
215,219,40,113
219,218,40,113
222,221,42,120
225,219,42,120
229,223,42,120
229,223,42,120
231,223,42,120
233,226,42,120
233,226,46,125
235,226,46,125
237,223,46,125
242,227,46,125
246,230,46,125
250,230,46,125
251,231,46,125
254,230,46,125
259,231,46,125
265,231,46,125
268,234,46,125
271,234,46,131
271,234,46,131
275,233,46,131
279,235,46,131
282,238,46,131
285,238,46,131
285,236,46,131
296,236,46,131
300,242,46,131
302,241,46,131
308,241,42,131
311,241,42,131
317,241,42,131
317,241,42,131
320,240,46,137
322,244,46,137
327,247,46,137
329,248,46,137
330,249,46,137
333,251,46,137
336,250,46,137
336,250,46,137
342,252,46,137
345,254,46,137
359,260,46,137
359,260,59,147
361,265,58,143
364,265,58,143
365,269,58,143
371,269,58,143
376,269,58,143
379,269,54,143
384,273,53,139
389,275,52,144
387,278,50,149
389,281,50,149
389,281,50,149
389,281,50,149
389,281,50,149
389,281,50,149
390,282,50,149
390,282,50,149
393,283,48,156
393,283,48,156
393,283,48,156
393,283,48,156
398,285,48,156
398,285,48,156
404,286,48,156
409,283,48,156
414,285,48,156
414,285,48,156
416,286,57,158
416,284,57,158
414,285,57,154
414,285,57,154
419,288,57,154
419,288,57,154
422,288,57,154
429,286,57,154
435,286,57,154
435,286,57,154
435,286,57,154
436,286,57,154
436,286,57,154
436,286,57,154
440,286,57,154
440,286,57,154
439,285,57,154
439,284,57,154
446,284,57,154
446,282,57,154
446,282,57,154
446,279,57,154
441,279,57,154
441,279,57,154
441,279,57,154
439,279,57,154
439,279,57,154
446,283,52,151
446,283,52,151
446,283,52,151
446,283,52,151
446,283,52,151
446,277,52,151
446,276,52,151
446,276,52,151
446,272,52,151
444,276,52,151
436,275,52,151
436,275,52,151
436,275,52,151
435,275,52,151
435,275,52,151
422,272,59,152
422,270,59,152
414,270,59,152
414,270,56,152
420,270,46,151
420,270,46,151
415,266,46,151
414,266,46,151
414,266,46,151
406,262,50,151
406,264,50,151
405,262,50,151
399,262,50,151
397,258,50,151
379,265,72,145
372,261,72,145
372,261,72,145
364,258,72,145
376,257,61,143
372,257,61,143
371,255,61,143
369,255,61,143
369,255,61,143
369,255,61,143
367,252,54,142
363,252,54,142
363,252,54,142
360,252,54,142
355,248,54,142
355,246,54,142
352,250,54,142
352,250,54,142
348,250,54,142
348,248,54,142
344,244,52,136
344,244,52,136
339,244,52,136
339,244,52,136
338,244,52,136
338,244,52,136
335,244,52,136
333,243,52,136
333,243,52,136
330,242,52,136
328,243,52,136
329,241,48,130
329,235,48,130
325,237,48,130
319,236,48,130
319,232,48,130
317,236,47,133
314,235,47,133
314,235,47,133
312,234,47,133
311,235,47,133
311,229,47,133
308,232,47,133
304,228,47,129
304,230,47,129
302,222,47,129
302,226,47,129
302,226,47,129
300,224,47,129
300,226,47,129
297,225,47,129
293,225,47,129
293,225,47,129
288,221,46,124
286,219,46,124
284,219,46,124
283,217,46,124
278,218,46,124
278,218,46,124
278,216,46,124
275,215,46,124
275,215,46,124
270,213,46,124
270,213,46,124
268,212,46,124
269,211,46,124
269,213,46,124
265,212,46,124
265,212,46,124
262,208,44,120
262,210,44,120
260,207,44,120
259,207,44,120
258,207,44,120
249,203,44,120
249,203,44,120
249,203,44,120
249,200,44,120
249,200,42,120
249,200,42,120
251,198,42,120
251,198,42,120
251,198,42,118
249,198,42,118
245,197,42,118
243,199,42,115
243,199,42,115
242,196,42,115
242,196,42,115
242,195,42,115
240,193,42,115
246,193,36,114
242,194,36,114
243,194,40,115
243,194,40,112
245,193,40,112
244,191,40,112
243,191,40,112
240,191,40,112
239,189,40,112
235,191,40,112
232,191,40,112
232,188,40,112
229,187,40,112
224,186,40,112
224,186,40,112
212,185,40,112
212,185,40,112
212,183,40,112
211,183,40,112
209,186,40,112
205,183,40,112
203,182,40,112
199,184,40,112
199,184,40,112
199,184,38,108
193,184,38,108
188,184,38,108
182,182,38,108
181,181,42,104
176,180,42,104
169,180,42,104
165,179,42,104
161,179,42,104
144,176,42,102
138,178,42,102
127,180,42,102
127,180,42,102
127,180,35,102
120,178,35,102
120,178,35,102
114,176,35,102
114,176,35,102
108,175,35,102
108,175,35,102
106,176,35,102
106,176,35,102
101,175,35,102
99,174,35,102
97,173,35,102
93,172,35,102
90,172,35,102
91,172,35,102
89,172,35,102
86,172,35,102
86,171,35,102
86,166,35,102
82,168,35,102
83,167,35,102
81,167,35,102
81,167,35,102
79,167,35,102
79,167,35,102
79,164,35,102
76,166,35,102
74,166,35,102
74,166,35,102
74,164,35,102
70,164,36,98
70,164,36,98
70,163,36,98
67,162,36,98
67,162,36,98
67,162,36,98
67,162,36,98
65,160,36,98
65,160,36,98
63,159,36,98
63,159,36,98
64,157,36,98
61,160,36,98
61,160,36,98
57,159,36,98
56,158,36,98
56,156,36,98
56,158,36,98
55,156,36,98
49,157,36,94
46,153,36,94
46,153,36,94
44,154,36,94
44,154,36,94
44,154,36,94
44,154,36,94
41,153,36,94
38,153,36,94
38,153,36,94
36,151,36,94
35,151,36,94
30,149,36,94
30,149,36,94
30,149,36,94
30,151,36,94
30,151,36,94
29,151,36,94
27,151,36,94
27,151,36,94
25,149,36,94
25,149,36,94
25,149,36,94
25,151,31,94
22,150,31,94
22,150,31,94
19,150,31,94
19,150,31,94
19,150,31,94
15,150,31,94
15,150,31,94
15,150,31,94
8,150,38,92
8,150,38,92
8,150,38,92
8,150,38,92
8,150,38,92
8,150,38,92
11,150,38,92
11,150,38,92
12,150,38,92
14,151,38,92
14,149,38,92
15,150,38,92
15,150,38,92
15,150,38,92
15,150,38,92
15,150,38,92
15,150,38,92
18,152,38,92
18,152,38,92
18,152,38,92
18,152,38,92
16,151,38,92
16,151,38,92
23,151,38,92
27,148,38,92
28,150,38,92
30,150,38,92
30,150,38,92
30,152,38,92
30,152,38,92
30,156,38,92
30,156,38,92
32,155,38,92
32,153,38,92
32,153,38,92
32,155,38,92
32,155,38,92
32,153,38,92
32,155,38,92
32,155,38,92
35,156,38,92
35,154,38,92
37,156,38,92
37,156,38,92
36,157,41,88
37,156,41,88
41,156,39,86
42,158,39,86
42,160,39,86
42,160,39,86
42,160,39,86
42,160,39,86
42,160,39,86
42,158,39,86
42,160,39,91
42,161,39,91
42,163,39,91
42,163,39,91
42,163,39,91
42,161,39,91
42,161,39,96
45,159,39,96
47,164,39,96
47,164,39,96
48,167,39,96
48,167,39,96
48,167,39,96
48,165,39,96
48,165,39,96
48,165,39,96
49,166,39,96
49,166,39,96
49,168,39,96
49,168,39,96
49,168,39,96
53,167,39,96
52,169,39,96
52,169,39,96
55,167,39,96
54,170,39,96
54,170,39,98
55,173,39,98
55,173,39,98
53,172,39,98
53,172,39,98
53,172,39,98
53,172,39,98
55,172,39,98
55,172,38,101
55,172,38,101
57,174,38,101
57,174,38,101
59,174,38,101
59,174,38,101
62,173,38,101
59,173,42,102
59,173,42,102
59,177,42,102
61,177,42,102
61,177,42,102
63,176,42,102
63,176,42,102
64,176,42,102
64,176,42,102
66,178,42,102
66,178,42,102
72,178,40,102
72,178,40,102
75,180,40,102
79,180,40,102
82,179,40,102
86,179,40,102
86,179,40,102
88,178,40,102
90,180,40,102
90,180,40,102
90,182,40,102
92,182,40,102
92,182,40,102
92,182,40,102
92,182,48,104
95,180,48,104
95,180,48,104
95,180,48,104
96,181,48,104
96,182,48,104
96,184,48,104
96,184,48,104
100,184,44,103
100,182,44,103
100,184,44,103
100,184,44,103
100,184,49,107
100,184,49,107
100,186,49,107
100,186,49,107
101,187,49,107
101,187,49,107
101,187,49,107
101,187,46,110
101,187,46,110
99,187,49,110
99,187,49,110
99,187,49,110
99,187,49,110
95,187,49,110
95,187,49,110
95,187,46,113
95,187,46,113
100,188,46,113
100,188,46,113
100,188,46,113
101,188,46,113
101,188,46,113
101,191,46,113
101,191,46,113
101,191,46,113
99,192,46,113
99,192,46,113
97,193,46,113
97,193,46,113
97,193,46,113
97,193,46,113
96,195,46,113
96,195,46,113
96,195,46,113
95,197,46,113
95,197,46,113
97,197,46,113
97,196,46,113
97,196,46,113
98,198,45,117
98,198,45,117
99,201,45,117
99,201,45,117
99,202,45,117
99,202,45,117
99,202,45,117
98,201,45,117
98,201,45,117
97,204,45,117
97,204,45,117
97,202,45,117
97,204,45,117
97,204,45,117
98,204,45,117
98,206,45,117
98,206,45,117
99,205,45,117
100,206,45,117
100,206,45,117
100,206,49,123
100,206,49,123
103,210,49,123
103,210,49,123
103,210,49,123
106,209,49,123
106,209,49,123
109,210,49,123
110,212,49,123
114,212,49,123
117,211,49,123
117,211,49,123
117,211,49,123
117,211,49,123
124,213,49,123
124,213,49,123
124,211,49,123
133,214,42,127
133,214,42,127
139,217,42,127
139,217,42,127
146,216,42,127
146,214,42,127
147,218,42,127
150,218,42,127
152,218,50,127
157,218,45,127
159,223,45,127
161,221,45,127
165,219,45,127
166,221,45,127
168,223,45,127
169,225,45,127
176,225,45,127
178,225,45,127
178,227,45,127
182,226,45,127
184,224,45,127
191,230,45,127
191,230,45,127
195,228,45,127
198,229,45,127
198,229,49,130
203,229,49,130
208,229,49,130
208,229,49,130
212,232,49,130
212,234,49,130
215,235,49,130
215,235,49,130
219,235,49,130
219,235,50,135
219,235,50,135
224,235,50,135
227,236,50,135
239,238,48,135
244,238,48,135
248,241,47,135
248,241,47,135
253,244,47,135
256,244,47,135
256,244,47,135
259,244,47,135
262,239,44,142
262,241,44,142
262,237,44,142
268,244,44,142
271,246,44,142
271,246,44,142
276,246,44,142
276,244,44,142
280,249,44,142
280,250,46,142
286,247,44,141
290,247,44,141
290,247,44,141
294,249,44,141
294,253,44,141
297,253,44,141
297,254,44,141
301,254,44,141
301,254,44,141
305,254,44,141
309,254,44,141
312,255,44,141
314,255,44,141
320,257,44,141
319,258,52,141
324,258,49,143
324,258,49,143
333,257,45,143
336,257,42,143
342,258,42,143
345,261,42,143
348,263,42,143
348,263,46,152
352,264,44,151
353,264,44,151
356,265,44,151
358,266,44,151
361,264,44,151
365,267,46,149
368,271,46,149
371,271,46,149
377,271,46,149
382,271,46,149
382,271,46,149
386,274,46,149
389,273,46,149
392,276,46,149
392,276,46,149
396,277,46,149
397,281,46,149
397,281,46,149
401,281,46,149
403,281,46,149
405,281,46,149
405,281,46,149
409,282,54,153
409,282,54,153
414,285,54,153
418,286,54,153
423,287,46,154
423,283,46,154
428,287,46,154
431,285,49,159
432,285,49,159
437,285,49,159
440,291,49,159
440,289,49,159
440,291,49,159
443,293,49,159
443,289,55,158
443,289,55,158
446,290,55,158
446,290,55,158
446,290,55,158
447,292,55,158
447,294,55,158
446,294,66,160
446,294,66,160
455,302,61,153
458,302,61,153
458,302,61,153
458,302,61,153
464,304,61,152
463,308,71,147
463,308,71,147
463,308,71,147
463,308,71,147
463,308,71,147
463,308,71,147
463,308,71,147
466,306,71,147
466,308,71,147
466,308,71,147
467,307,71,147
467,309,71,147
467,309,71,147
473,310,71,146
477,311,71,145
480,311,71,145
480,313,71,145
479,314,76,137
482,316,75,138
482,314,75,138
482,316,75,138
482,316,75,138
482,316,75,138
490,316,62,139
490,316,62,139
488,319,58,135
488,319,58,135
488,319,58,135
488,319,58,135
488,319,58,135
488,319,58,135
488,319,58,135
488,319,58,135
487,323,62,130
491,324,62,130
498,324,62,130
498,324,62,130
503,324,62,130
503,324,62,130
503,324,62,130
508,324,57,126
508,324,57,126
513,324,49,127
513,322,49,127
515,319,49,127
515,319,49,127
515,317,49,127
517,311,46,137
517,311,46,141
520,312,44,138
520,312,44,140
520,312,44,138
520,312,44,140
520,312,44,136
520,310,44,140
520,310,44,138
515,312,48,143
511,312,48,143
511,312,48,143
511,312,48,145
505,312,48,143
503,312,48,141
503,312,48,141
500,312,48,141
500,312,48,141
498,312,48,141
498,312,48,141
498,312,48,141
495,312,48,141
495,312,48,141
496,310,44,140
496,312,44,140
492,312,44,140
492,310,44,142
492,310,44,140
489,308,44,142
489,306,44,138
489,308,44,138
487,310,44,138
487,310,44,138
484,310,44,138
484,310,44,138
482,310,44,138
482,310,44,138
480,310,44,138
480,310,44,138
477,310,44,138
477,310,44,138
474,311,48,139
474,309,48,139
474,309,48,139
474,309,48,139
474,309,48,139
474,309,48,139
474,311,48,139
474,309,48,139
474,309,48,139
478,313,48,139
478,313,48,139
478,311,48,139
478,313,48,139
478,311,48,139
477,314,48,139
477,314,48,139
477,314,48,139
477,314,48,139
477,314,48,139
477,314,48,139
477,314,48,139
477,314,48,139
477,314,48,139
477,316,48,139
477,316,48,139
477,316,48,139
477,316,48,139
477,316,48,139
477,316,48,139
477,316,48,139
477,316,48,139
477,316,48,139
477,316,48,139
477,316,48,139
477,316,48,139
477,316,48,139
477,316,48,139
477,316,48,139
477,316,48,139
477,316,48,139
477,316,48,139
477,316,48,139
477,316,48,139
477,316,48,139
477,316,48,139
477,316,48,139
477,316,48,139
477,314,48,139
477,314,48,139
475,310,48,139
475,310,48,139
475,310,48,141
475,310,48,141
475,310,48,141
475,310,48,141
475,310,48,141
475,312,48,141
475,312,48,139
475,312,48,139
473,311,48,139
473,311,48,139
473,311,48,139
473,311,48,139
473,311,48,139
473,311,48,139
473,311,48,139
473,311,48,139
473,311,48,139
473,311,48,139
473,309,48,141
473,309,48,139
473,309,48,141
473,309,48,139
473,309,48,139
473,309,48,139
469,307,54,139
469,307,54,139
469,307,54,139
469,307,54,139
466,307,54,139
466,307,54,139
464,306,54,139
456,308,62,143
454,306,62,143
446,308,71,143
443,308,71,143
443,306,71,143
440,307,71,143
440,305,71,143
440,305,71,143
437,306,71,143
437,306,71,143
437,306,71,143
437,308,71,143
441,305,64,144
441,303,64,144
444,305,61,145
444,303,61,145
444,305,61,145
440,301,61,145
440,301,61,145
440,303,61,145
440,303,61,145
439,300,55,151
439,302,55,151
439,300,55,151
435,297,55,151
429,293,57,160
426,293,57,160
426,289,55,160
422,290,55,160
421,290,55,160
419,290,55,160
421,291,55,160
419,291,55,160
416,291,55,160
416,291,55,152
413,291,55,152
410,291,55,152
410,288,55,152
406,286,55,152
404,286,55,152
401,285,55,152
399,285,55,152
396,282,55,152
396,282,57,148
392,279,57,148
392,277,57,148
390,277,57,148
387,278,63,147
387,276,63,147
385,273,69,149
385,273,69,149
385,270,69,149
385,268,69,149
389,268,62,150
389,268,62,150
393,267,57,150
393,267,57,150
389,266,57,150
389,266,57,150
389,266,57,150
389,261,57,150
389,261,57,150
388,256,57,150
388,258,57,150
388,258,57,150
389,258,57,150
390,258,57,150
394,258,57,150
397,254,57,150
397,254,57,150
397,254,56,145
397,254,56,145
397,254,56,145
397,254,56,145
397,254,56,145
397,254,56,145
394,253,56,145
394,253,56,145
392,250,56,145
389,250,56,145
387,250,53,140
387,250,53,140
385,247,53,140
385,247,53,140
385,247,53,140
385,246,53,140
385,246,47,141
385,246,47,141
385,246,47,141
384,243,47,141
384,243,47,141
382,242,47,141
382,242,47,141
380,242,47,141
375,242,47,141
375,242,47,141
372,242,47,141
372,242,47,141
372,242,47,141
372,242,47,141
372,242,45,141
372,242,44,141
372,242,44,141
367,242,44,141
367,242,44,141
362,242,44,141
362,242,44,141
356,244,39,141
356,244,39,141
352,244,39,141
352,244,39,141
348,244,39,141
343,243,46,141
343,243,46,141
341,243,46,141
335,243,50,138
330,244,50,138
330,244,50,138
330,244,46,138
330,244,46,138
324,244,46,138
324,244,40,143
324,246,40,143
324,246,40,143
321,248,40,143
320,249,40,143
319,249,40,143
319,249,40,143
317,249,40,143
317,249,40,143
316,249,40,143
316,247,40,143
311,249,42,143
311,249,42,143
301,247,52,144
301,249,52,144
304,254,46,141
304,256,46,141
304,256,46,141
304,256,46,141
304,256,46,141
304,256,46,141
304,256,46,141
304,256,46,141
304,259,46,141
304,259,46,141
308,262,46,141
304,262,54,144
304,262,59,147
307,261,59,147
311,261,59,147
317,262,59,147
320,262,59,147
320,262,59,147
326,264,59,147
329,267,59,147
331,270,59,147
333,270,59,147
336,269,59,147
341,269,54,147
343,269,54,147
347,269,54,147
354,273,54,147
355,271,54,147
358,273,59,147
358,271,59,147
367,277,57,147
367,275,57,147
372,277,57,147
377,276,56,147
384,276,56,152
384,276,56,152
387,280,69,152
392,283,69,152
392,283,69,152
395,286,69,152
398,286,69,152
404,286,56,155
407,286,56,155
409,286,56,155
414,287,56,155
418,290,56,155
421,291,56,155
422,293,56,155
423,293,56,155
428,292,56,155
432,292,65,156
432,292,65,156
432,292,65,156
432,297,65,156
432,297,65,156
436,297,65,156
436,297,65,156
436,297,65,156
443,296,65,156
441,299,65,156
441,297,65,156
441,299,65,156
441,299,65,156
441,299,61,156
441,299,61,156
441,307,63,144
441,307,63,144
441,307,63,144
452,311,57,145
458,310,55,145
458,310,55,145
464,310,55,145
464,310,55,145
469,310,55,145
469,310,55,145
472,311,55,145
472,311,55,145
475,311,55,145
477,316,56,138
477,316,61,139
477,314,61,139
477,316,61,139
477,316,67,139
477,316,67,139
477,316,67,139
477,316,65,139
480,314,58,140
480,314,58,140
480,312,58,140
480,314,58,140
480,314,58,140
482,314,58,140
482,314,58,140
482,314,58,140
482,312,58,140
482,314,58,140
482,314,58,140
486,314,58,140
486,314,58,140
486,314,58,140
484,316,58,140
484,316,58,140
484,316,58,140
479,316,65,139
479,316,65,139
471,315,73,141
464,319,80,135
464,319,80,135
464,319,80,135
464,319,80,135
464,319,80,135
467,319,70,134
467,319,70,134
472,319,59,134
475,316,57,135
475,318,57,135
475,318,57,135
475,318,62,135
475,318,62,135
475,318,62,135
480,319,62,135
480,319,62,135
484,317,57,135
484,317,57,135
484,319,57,135
486,318,57,135
486,318,57,135
480,319,67,135
480,319,67,135
480,319,71,135
473,313,78,135
473,315,78,135
473,315,78,135
473,313,78,135
471,314,78,135
471,314,78,135
471,314,72,135
477,314,61,135
475,317,61,135
475,317,61,135
473,317,61,135
473,315,61,135
473,317,61,135
473,317,61,135
473,317,61,135
473,317,61,135
473,317,61,135
473,315,61,135
473,315,61,135
474,314,65,135
474,316,65,135
474,314,65,135
474,316,65,135
478,316,65,135
478,316,65,135
478,314,70,135
478,316,70,135
478,314,70,135
478,316,70,135
478,316,70,135
478,316,70,135
478,316,70,135
478,318,70,135
478,314,70,135
478,314,70,135
478,316,70,135
478,316,70,135
478,316,70,135
478,316,70,135
478,314,70,135
478,316,70,135
478,316,70,135
478,316,70,135
478,316,70,135
478,316,70,135
478,310,70,135
478,316,70,135
478,316,70,135
478,316,70,135
478,314,70,135
478,316,70,135
478,314,70,135
478,314,70,135
478,314,70,135
478,314,66,136
478,316,66,136
478,314,66,136
478,314,66,136
478,316,66,136
478,314,66,136
478,314,66,136
478,316,62,135
478,316,62,135
478,314,62,135
478,311,62,139
478,311,62,139
478,313,62,139
478,311,62,139
478,313,62,139
478,311,62,139
478,313,62,139
478,313,62,139
478,311,62,139
478,313,62,139
478,313,62,139
478,313,62,139
478,311,62,139
478,313,62,139
478,313,62,139
478,311,62,139
478,313,62,139
478,313,62,139
478,313,62,139
478,313,62,139
478,313,62,139
478,313,62,139
478,313,62,139
478,313,62,139
478,313,62,139
478,313,62,139
478,315,62,139
478,315,62,139
474,315,62,139
474,315,62,139
473,315,62,139
472,316,62,139
472,314,62,139
470,316,62,139
467,314,62,139
467,318,62,139
464,315,62,139
464,315,62,139
464,315,62,139
464,315,62,139
464,315,62,139
464,315,62,139
464,315,62,139
464,315,62,139
464,315,62,139
464,315,62,139
464,313,62,139
464,315,62,139
464,315,62,139
464,315,62,139
464,315,62,139
464,315,62,139
464,315,62,139
464,315,62,139
464,314,62,139
462,314,62,139
458,314,62,139
458,314,62,139
458,314,62,139
458,314,62,139
455,314,62,139
455,312,62,139
453,309,62,139
453,309,57,143
452,306,57,143
452,306,57,143
448,306,57,143
446,304,56,147
446,304,56,147
440,302,59,147
440,301,59,151
436,298,59,151
436,300,59,151
428,296,64,158
428,296,64,158
423,294,64,158
418,292,64,158
418,292,64,158
413,294,64,158
413,294,64,158
413,294,64,158
406,292,64,158
407,290,64,158
407,287,59,159
405,285,59,159
405,285,59,159
403,285,59,159
401,285,59,159
397,282,59,159
394,279,59,159
388,276,59,159
388,276,59,159
384,276,59,159
381,273,59,159
379,273,59,159
376,272,63,154
376,272,63,154
376,272,63,154
372,272,63,154
372,270,63,154
369,268,63,154
369,267,59,150
369,265,59,150
367,266,59,150
364,265,59,150
359,265,59,150
356,265,59,150
351,265,59,150
344,262,59,150
342,259,59,150
341,257,59,150
334,257,67,147
331,257,67,147
336,257,62,147
336,257,62,147
337,253,62,147
337,252,52,145
337,252,45,145
333,251,45,145
330,250,45,145
326,250,45,145
322,248,45,145
312,248,58,144
312,248,58,144
312,248,56,143
310,248,56,143
305,245,50,143
303,245,50,143
299,243,50,143
299,243,50,143
297,243,50,143
293,246,61,133
293,246,52,135
286,244,52,135
280,242,54,135
278,242,54,135
267,240,62,132
262,240,62,132
273,240,50,131
273,240,50,131
266,240,50,131
266,240,50,131
266,238,50,131
261,237,47,131
257,236,47,131
257,236,47,131
253,234,47,131
253,232,42,132
253,232,42,132
250,230,42,132
246,230,42,132
246,230,42,132
244,229,42,132
244,223,42,132
241,225,42,132
237,225,42,132
237,225,42,132
233,225,42,132
233,225,42,132
233,225,39,128
233,225,39,128
229,225,39,128
228,221,39,128
228,221,39,128
226,221,39,128
224,220,39,128
224,220,39,128
220,220,39,128
220,220,41,128
220,220,41,128
216,219,41,128
216,219,41,128
212,218,45,123
212,218,45,123
210,213,45,123
207,213,45,123
207,213,45,123
207,213,45,123
201,213,45,123
201,213,45,123
198,213,45,123
198,213,45,123
197,209,45,123
197,209,42,123
193,209,42,123
190,206,42,123
190,206,42,123
190,206,42,123
190,209,42,123
190,209,42,123
190,209,42,123
190,209,42,123
186,206,42,123
186,206,42,123
184,201,42,123
184,201,42,123
183,201,42,123
178,201,42,123
178,201,42,123
178,201,42,123
178,201,42,123
178,201,42,123
174,198,42,123
174,198,42,123
171,196,42,123
171,196,42,123
169,199,42,120
169,199,42,120
169,199,42,120
166,200,42,120
166,200,42,120
166,200,42,120
161,199,42,120
160,195,42,120
160,193,42,120
160,193,42,120
160,193,42,120
160,193,42,120
157,193,42,120
157,193,42,120
157,193,42,120
157,193,42,120
150,189,42,120
150,189,42,120
150,189,42,120
146,188,42,120
146,188,42,120
146,188,42,120
146,188,42,120
146,188,42,120
146,188,42,120
146,188,42,120
146,188,42,120
146,188,42,120
146,188,42,120
140,188,42,113
140,188,42,113
140,188,42,113
140,188,42,113
140,188,42,113
134,186,48,113
134,186,48,113
130,186,48,113
130,186,48,113
127,188,48,113
126,188,48,113
126,188,48,113
126,186,48,113
125,184,48,113
125,184,48,113
125,184,48,113
125,184,45,112
125,184,45,112
121,185,45,112
121,185,45,112
121,185,45,112
117,182,45,112
117,182,45,112
117,182,45,112
117,182,45,112
117,182,45,112
117,182,45,112
117,182,45,112
117,182,40,110
114,180,40,110
114,180,40,110
114,178,40,110
110,178,40,110
110,178,40,110
110,178,40,110
110,178,38,112
110,178,38,112
108,178,38,112
108,178,38,112
108,178,36,107
108,178,36,107
105,177,39,106
105,175,39,106
103,173,39,106
103,171,39,106
103,173,39,106
103,173,39,106
103,173,39,106
103,172,37,107
103,174,37,107
100,170,37,107
98,170,37,107
98,168,37,107
95,168,41,106
95,170,41,106
95,170,41,106
95,168,41,106
95,170,41,106
95,170,41,106
95,168,41,106
93,168,41,106
93,168,41,106
93,168,38,103
93,168,38,103
93,168,38,103
93,168,38,103
93,168,33,102
91,166,33,102
91,166,33,102
89,164,37,102
89,164,37,102
89,164,37,102
87,164,37,102
87,164,37,102
87,164,37,102
86,164,37,102
82,164,37,102
82,164,37,102
82,164,37,98
81,162,37,98
81,162,37,98
76,162,37,98
76,162,37,98
75,161,37,98
72,161,37,98
72,161,37,98
72,161,37,98
70,161,37,98
69,158,37,98
69,158,37,98
66,157,37,98
66,157,37,98
64,157,37,98
64,157,37,98
64,157,37,98
61,157,37,98
61,157,36,94
61,157,36,94
57,157,36,94
57,157,36,94
57,157,36,94
57,157,36,94
55,156,36,94
53,158,36,94
53,158,36,94
50,154,36,94
47,154,36,94
47,154,36,94
47,154,36,94
47,154,36,94
47,154,36,94
45,155,36,94
45,155,36,94
42,154,36,94
42,154,36,94
42,152,36,94
40,150,36,94
40,150,36,94
40,150,36,94
37,150,36,94
37,150,36,94
37,150,35,94
37,150,35,94
36,149,35,94
36,149,32,94
36,149,32,94
32,148,32,94
32,148,32,94
32,148,32,94
32,148,32,94
32,148,32,94
32,148,32,94
32,148,32,94
32,148,32,94
32,148,32,94
32,148,32,94
21,146,48,94
21,146,48,94
21,146,48,94
25,146,48,94
25,146,48,94
25,146,48,94
25,146,48,94
31,147,39,93
31,147,39,93
31,147,39,93
31,147,39,93
31,147,39,93
35,149,39,93
35,149,39,93
33,151,39,93
33,151,39,93
36,154,39,93
36,154,39,93
36,151,39,93
36,151,39,93
38,152,39,93
38,152,39,93
38,152,39,93
38,152,39,93
42,152,38,92
42,152,38,92
42,155,38,92
42,155,38,92
42,154,38,92
42,154,38,92
42,154,38,92
46,156,38,92
46,156,38,92
46,156,38,94
46,156,38,94
47,155,38,94
47,155,39,98
47,155,39,98
47,155,39,98
49,155,39,98
49,155,39,98
49,155,39,98
53,156,37,97
53,157,37,97
53,157,37,97
55,158,37,97
55,158,37,97
58,158,36,98
58,158,36,98
58,158,36,98
58,158,36,98
58,158,36,98
61,158,36,98
61,160,36,98
61,160,36,98
61,160,36,98
61,160,36,98
61,160,36,98
61,160,36,98
63,161,36,98
63,161,36,98
63,161,36,98
63,161,36,98
65,164,36,98
65,164,36,98
67,165,36,98
67,165,36,98
67,165,36,98
70,165,36,98
70,165,36,98
70,167,36,98
71,168,39,98
71,168,39,98
71,168,39,98
72,169,39,98
75,167,39,98
75,167,39,98
75,167,41,102
75,167,41,102
78,168,41,102
78,168,41,102
83,168,38,102
83,168,38,102
83,168,38,102
87,168,38,102
87,168,38,102
87,166,38,102
87,166,38,102
93,167,38,102
93,167,38,102
93,167,38,102
97,167,38,102
97,167,38,102
98,170,38,102
98,170,38,102
101,170,38,102
101,170,38,102
104,170,38,102
104,170,38,102
106,171,38,102
108,171,38,102
108,171,38,102
110,171,38,102
110,175,41,102
110,175,41,102
116,175,40,102
120,174,40,102
123,174,40,102
123,174,40,102
125,172,40,102
125,172,40,102
124,174,40,102
127,174,40,102
127,174,40,102
129,174,40,102
129,174,40,102
134,177,40,102
134,177,40,102
134,177,40,102
134,176,40,102
140,178,40,102
140,178,40,102
143,178,38,106
143,178,38,106
144,178,38,106
147,178,35,106
147,178,35,106
151,178,32,107
151,178,32,107
151,178,32,107
147,177,32,107
147,177,32,107
147,177,32,107
147,177,32,107
147,177,32,107
147,177,32,107
147,177,32,107
147,177,32,107
147,177,32,107
147,177,32,107
147,177,32,107
147,177,32,107
147,177,32,107
147,177,32,107
147,177,32,107
147,177,32,107
147,177,32,107
147,177,32,107
147,177,32,107
147,177,32,107
147,177,32,107
147,177,32,107
147,179,32,107
147,179,32,107
147,179,32,107
147,179,32,107
147,179,32,107
147,179,32,107
147,179,32,107
147,179,32,107
147,179,32,107
147,179,32,107
147,179,32,107
143,182,32,107
143,182,32,107
141,183,36,107
141,183,36,107
141,183,36,107
141,183,36,107
141,183,36,107
141,183,36,107
141,183,36,107
140,186,41,108
140,186,41,108
140,186,41,108
140,186,41,108
140,186,41,108
140,186,41,108
140,186,41,108
140,186,41,108
140,186,41,108
140,186,41,108
140,186,41,108
139,187,41,108
142,188,47,115
142,188,47,115
142,186,47,115
142,186,47,115
144,186,47,115
144,186,52,116
144,188,52,116
144,188,52,116
149,190,52,116
149,190,52,116
152,191,49,118
152,189,49,118
160,191,44,119
160,189,44,119
160,189,44,119
160,189,44,119
165,194,44,119
166,195,44,119
169,194,44,119
173,192,44,119
176,193,44,119
176,193,44,119
178,193,44,119
175,195,44,119
175,197,44,119
178,199,44,119
178,199,44,119
178,199,44,119
178,197,44,119
178,199,44,119
178,199,44,119
178,197,44,119
178,199,44,119
182,203,49,119
182,203,49,119
182,203,49,119
182,203,49,119
182,203,49,119
190,206,49,119
193,205,49,119
193,203,49,119
194,212,49,119
195,213,49,119
195,213,49,119
195,213,49,119
195,213,49,119
195,219,49,119
195,219,49,119
195,219,49,119
201,218,49,119
208,220,49,119
208,220,49,119
210,223,50,116
212,224,50,116
215,224,50,116
215,224,50,116
215,224,50,116
225,224,42,118
225,222,42,118
229,221,42,122
231,226,42,122
231,228,42,122
231,228,42,122
233,231,42,119
233,233,42,119
232,235,48,115
232,237,48,115
239,239,48,115
239,243,52,111
239,243,52,111
242,251,53,104
243,258,53,100
243,266,55,90
245,272,54,84
245,273,54,84
246,280,55,77
246,283,55,75
248,285,56,72
248,285,56,72
248,283,56,72
248,279,57,78
248,271,58,86
248,264,59,90
248,257,57,95
248,248,56,106
248,244,56,106
246,236,59,119
246,238,59,119
246,238,64,121
246,238,64,121
250,236,64,124
250,236,64,124
258,237,64,124
263,235,64,124
266,234,64,130
271,233,59,131
275,233,59,131
276,239,59,131
277,239,57,131
276,242,57,131
278,242,63,131
278,242,63,131
278,242,63,131
280,244,63,131
282,244,63,131
287,246,61,132
287,246,61,132
293,247,61,132
295,246,61,132
297,252,61,132
301,249,61,132
304,249,61,132
304,249,61,132
307,248,61,132
309,249,61,136
305,251,67,136
305,251,67,136
305,251,67,136
307,256,67,136
307,256,67,136
307,256,67,136
312,256,67,136
314,256,67,136
314,256,67,136
316,256,71,140
316,260,71,140
319,260,71,140
324,260,71,140
328,260,71,140
333,260,61,139
337,260,61,141
344,262,48,140
350,260,42,143
350,264,42,143
352,266,44,147
352,266,44,147
354,269,44,147
358,270,44,147
358,270,44,147
348,265,71,151
350,268,71,148
353,268,67,149
356,269,67,149
360,271,67,149
362,275,67,149
364,274,67,149
367,277,67,149
373,275,67,149
384,277,57,148
384,277,57,148
386,277,57,148
388,279,58,156
388,279,58,156
393,284,58,156
394,285,58,156
398,285,58,156
403,290,58,156
404,288,58,156
406,288,58,156
406,288,58,156
404,287,63,155
404,287,67,160
403,289,74,159
403,289,74,159
404,293,74,159
411,293,69,162
420,297,59,157
430,296,47,160
433,296,47,160
438,296,47,160
441,296,47,160
445,295,53,161
445,295,53,161
448,295,53,161
448,300,52,158
448,300,52,158
445,301,59,156
445,301,59,156
453,300,54,156
453,300,54,156
454,300,54,156
454,300,54,156
454,300,54,156
454,300,54,156
454,300,54,156
454,300,54,156
449,300,54,156
449,300,54,156
449,300,54,156
449,300,54,156
449,300,54,156
449,300,54,156
449,300,54,156
449,300,54,156
449,300,54,156
449,300,54,156
449,300,54,156
449,300,54,156
445,300,54,156
445,300,54,156
445,300,54,156
445,300,54,156
439,298,54,157
438,297,54,157
437,297,54,157
433,297,54,157
431,296,54,157
423,292,54,157
423,292,54,157
423,292,54,157
419,291,54,157
418,290,54,157
413,290,54,157
413,290,54,157
413,290,54,157
405,290,54,157
401,286,54,157
401,286,54,157
395,285,54,157
390,281,54,157
390,283,54,157
384,280,54,157
381,279,54,157
378,279,54,157
378,279,54,157
373,279,54,157
371,275,54,157
362,276,59,150
365,273,53,147
365,275,53,147
364,271,53,147
361,271,55,155
361,269,55,155
363,277,55,150
361,275,55,150
360,273,55,150
360,269,55,150
356,266,55,150
356,266,55,150
352,265,55,150
350,264,55,150
346,264,55,150
339,263,55,150
339,263,55,150
339,263,55,150
333,261,55,150
331,260,55,150
326,257,55,150
326,253,55,150
326,253,54,146
324,254,54,146
319,254,49,146
316,254,49,146
316,251,49,146
316,251,49,146
316,248,49,146
314,258,42,143
314,248,42,143
309,246,42,143
308,246,42,143
308,246,42,143
302,248,42,143
302,246,42,143
302,246,42,143
299,248,42,143
292,246,44,141
293,244,44,141
293,240,44,141
293,240,44,141
293,240,44,141
287,237,44,141
287,237,44,141
284,240,44,137
284,240,44,137
284,240,44,137
278,237,42,131
276,237,42,131
275,235,42,131
273,235,42,131
267,235,46,131
263,237,46,131
262,235,46,131
262,235,46,131
258,233,46,131
252,229,46,131
249,229,46,131
246,229,46,131
246,228,46,131
243,227,46,131
243,227,46,131
243,227,46,131
240,228,46,131
240,222,46,131
240,222,46,131
235,221,46,131
235,221,46,131
231,221,46,131
231,225,42,124
231,225,42,124
227,226,42,124
224,221,42,124
220,219,42,124
217,219,42,124
217,219,42,124
217,219,42,124
214,215,42,124
214,218,42,124
214,218,42,124
211,217,42,124
209,213,42,124
205,212,42,124
207,211,42,124
197,209,49,125
197,209,49,125
197,209,44,125
197,208,44,125
197,208,44,125
193,207,44,125
189,207,44,125
185,206,44,125
185,206,44,125
181,205,44,125
177,203,44,125
177,203,44,125
178,202,44,125
178,202,44,125
178,202,49,125
174,201,49,125
174,201,48,123
174,201,46,120
174,201,45,117
167,201,45,117
167,201,45,117
165,199,45,117
163,199,50,116
156,195,56,120
156,195,56,120
156,195,56,120
149,195,56,120
148,195,56,120
144,195,61,116
140,194,61,116
140,194,61,116
140,194,61,116
139,194,61,116
134,194,61,116
134,194,61,116
131,191,57,116
131,191,57,116
131,191,50,112
131,191,44,111
131,191,40,111
131,191,40,111
126,189,40,111
126,189,40,111
126,189,40,111
126,189,40,111
126,187,40,111
124,185,40,111
121,185,40,111
121,185,40,111
121,185,40,111
121,185,40,111
121,185,40,111
121,185,40,111
121,185,40,111
117,180,40,111
117,180,40,111
117,180,39,111
117,182,39,111
117,182,38,110
117,182,38,110
117,182,38,110
117,182,38,110
118,178,38,110
118,177,38,110
118,177,38,110
118,175,38,110
118,175,38,110
118,177,38,110
118,177,38,110
121,175,38,110
121,175,38,110
116,176,36,106
116,176,36,106
116,176,36,106
116,172,36,106
115,174,36,106
115,174,36,106
108,173,41,102
108,173,41,102
108,173,41,102
108,173,41,102
106,172,41,102
106,172,41,102
101,173,45,102
101,173,45,102
101,173,45,102
99,170,45,102
97,170,45,102
97,170,45,102
93,169,45,102
98,168,40,102
98,168,40,102
95,167,40,102
95,167,37,102
95,167,37,102
91,166,37,102
91,166,37,102
88,166,37,102
88,166,37,102
82,166,42,100
82,166,42,100
79,166,42,100
79,166,42,100
75,166,45,97
75,166,45,97
75,166,41,97
75,166,41,97
73,162,41,97
73,162,41,97
69,162,41,97
69,162,41,97
69,162,38,97
65,162,38,97
64,162,38,97
59,162,42,94
58,160,42,94
55,160,42,94
55,160,42,94
52,161,42,94
52,161,42,94
52,158,42,94
52,158,42,94
49,157,41,96
49,157,41,96
48,157,41,96
48,157,38,96
48,157,38,96
47,157,38,96
42,156,38,96
42,151,38,96
40,151,38,96
40,151,38,96
37,151,38,96
37,151,38,96
37,151,38,96
33,154,42,95
33,154,42,95
33,154,42,95
29,154,42,90
29,154,42,90
28,150,42,90
28,150,42,90
25,150,42,90
25,150,42,90
25,150,40,91
25,150,40,91
25,150,37,91
25,150,32,91
25,150,32,91
22,150,32,91
22,150,30,90
20,152,30,90
18,152,30,90
18,152,30,90
18,152,30,90
14,152,30,90
14,152,30,90
14,152,30,90
10,151,38,90
10,151,38,90
6,150,42,90
6,150,42,90
6,150,42,90
6,150,42,90
6,150,42,90
10,150,42,90
10,150,42,90
10,150,42,90
10,150,42,90
10,148,42,90
10,148,42,90
10,148,42,90
13,149,42,90
13,149,42,90
13,149,42,90
16,149,42,90
16,149,42,90
20,149,42,90
25,151,39,90
25,151,39,90
25,151,39,90
28,151,39,90
28,151,39,90
28,151,39,90
29,148,39,90
30,149,42,90
30,149,42,90
32,149,42,90
36,154,42,90
39,154,42,90
39,154,42,90
40,155,42,90
40,155,42,90
40,155,42,90
44,156,41,93
44,156,41,93
42,156,41,93
46,156,41,93
46,156,41,93
49,156,41,93
49,156,41,93
53,156,44,94
53,156,44,94
57,156,44,94
57,156,44,94
57,156,44,94
57,157,44,94
59,157,42,95
59,157,42,95
64,157,40,96
64,157,40,96
65,158,40,96
65,158,40,96
67,160,40,96
67,160,40,96
73,160,40,96
73,160,40,96
73,160,40,96
74,163,42,97
74,163,42,97
74,163,45,98
74,163,45,98
76,163,45,98
76,163,45,98
81,163,42,100
81,163,42,100
81,163,42,100
84,166,40,101
86,166,40,101
89,166,40,101
91,166,40,101
91,166,40,101
91,166,45,102
91,166,45,102
91,166,45,102
95,169,45,102
95,169,45,102
96,170,45,102
96,170,45,102
98,169,45,102
103,169,40,103
103,169,40,103
106,173,40,103
109,172,40,103
110,172,40,103
113,172,40,103
113,172,44,105
116,171,44,105
117,174,45,106
117,174,45,106
121,175,45,106
121,175,45,106
122,177,45,106
122,177,45,106
126,177,42,106
126,177,42,106
127,178,42,106
133,178,40,106
137,178,40,106
140,178,40,106
143,178,40,106
143,179,46,107
143,179,46,107
146,182,46,107
147,182,46,107
149,182,44,106
149,182,44,106
154,182,44,106
157,185,44,106
157,185,44,106
157,185,44,106
159,184,44,106
161,184,44,106
161,184,44,106
167,186,44,106
171,186,41,109
171,186,41,109
175,186,41,109
178,186,41,109
181,186,44,112
181,186,48,113
184,190,48,113
184,190,48,113
184,190,48,113
184,190,48,113
188,190,44,114
188,190,44,114
189,192,44,114
192,192,44,114
192,192,44,114
194,194,44,114
198,194,44,114
199,194,44,114
203,194,44,114
203,194,44,114
208,195,46,113
210,199,46,113
210,199,46,113
210,199,52,116
210,199,52,116
210,199,52,116
212,202,48,115
212,202,48,115
215,203,45,114
215,203,45,114
220,208,45,114
220,208,45,114
225,208,45,114
225,208,45,114
225,208,50,113
225,208,50,113
225,211,50,113
226,213,50,113
226,213,50,113
227,213,50,113
228,215,50,113
228,215,50,113
227,214,50,113
227,214,50,113
227,214,49,116
227,214,49,116
229,214,49,116
229,216,49,119
229,216,49,119
229,217,49,119
229,217,53,122
229,217,53,122
232,217,53,122
232,219,53,122
232,221,53,122
233,223,53,122
233,223,53,122
233,223,53,122
233,223,53,122
233,223,53,122
235,223,52,126
235,223,52,126
237,225,52,126
240,226,52,126
240,226,52,126
243,226,52,126
243,226,52,126
244,227,52,126
244,227,52,131
246,226,52,131
246,229,52,131
246,229,52,131
248,229,52,131
249,229,52,131
249,229,52,131
249,229,52,131
250,231,52,131
252,234,52,131
256,236,52,131
256,236,52,131
257,237,52,131
260,237,52,131
261,236,55,133
263,238,55,133
263,238,55,133
263,242,55,133
263,242,57,132
268,244,56,136
268,244,56,136
268,244,56,136
277,244,52,135
277,244,52,135
279,243,52,135
283,245,52,135
285,247,52,135
288,249,52,135
294,249,52,137
297,249,52,137
297,249,52,137
300,251,52,137
300,251,52,137
307,252,52,142
307,252,52,142
309,255,52,142
311,258,52,142
316,258,52,142
319,258,52,142
319,258,52,142
324,258,52,142
326,260,52,142
330,263,52,142
335,264,52,142
335,264,52,144
341,264,52,144
341,264,52,144
346,265,52,144
346,265,55,150
350,268,55,150
350,268,55,150
353,271,55,150
353,273,55,150
355,272,55,150
361,273,55,150
363,273,55,150
367,273,55,150
369,275,61,151
370,275,61,151
372,279,61,151
375,279,61,151
379,279,57,156
381,279,57,156
386,279,56,155
386,279,56,155
386,279,56,155
388,279,53,156
388,279,53,156
392,279,53,156
395,279,53,156
397,279,53,156
397,279,53,156
398,279,53,156
402,279,53,156
402,279,53,156
404,279,53,156
409,281,53,156
413,279,53,156
413,279,53,156
413,279,53,156
409,279,58,157
404,279,58,157
404,279,58,157
401,281,58,157
397,281,58,157
397,281,58,157
392,281,58,157
387,281,58,157
384,276,57,151
380,276,57,151
375,276,57,151
367,271,64,151
361,270,64,151
361,270,64,151
358,270,64,151
351,269,64,150
348,269,61,147
344,267,58,147
337,265,54,147
331,264,54,147
328,264,54,147
322,264,54,147
317,263,54,147
309,260,54,147
304,259,46,147
295,259,50,147
286,261,54,141
274,264,66,143
271,263,66,143
271,263,66,143
267,258,59,142
267,258,54,142
261,258,47,142
254,255,47,142
246,255,47,142
244,256,47,142
240,256,47,142
233,255,47,142
226,252,47,135
220,252,47,135
206,254,53,134
198,252,63,133
198,252,59,133
198,252,55,134
191,248,55,134
191,248,49,135
182,246,49,135
178,246,46,135
174,246,46,135
172,242,46,135
166,245,46,135
163,246,46,135
157,243,44,130
154,241,44,130
148,239,42,131
148,239,42,131
134,239,52,129
131,242,56,128
131,242,56,128
126,242,56,128
122,239,56,128
122,239,46,127
116,234,46,127
110,234,46,127
108,238,46,127
105,238,46,127
98,236,46,127
98,236,46,127
90,236,49,124
82,233,49,124
76,232,47,121
69,232,47,121
65,232,47,121
53,231,58,121
41,230,71,121
41,230,71,121
44,230,67,121
40,228,59,120
36,228,59,120
