270,175,135,98
270,175,135,98
270,175,135,98
270,175,135,98
270,175,135,98
270,175,135,98
270,175,135,98
270,175,135,98
270,175,135,98
270,175,135,98
270,175,135,98
270,175,135,98
270,175,135,98
270,175,135,98
270,175,135,98
270,175,135,98
270,175,135,98
268,176,135,98
268,176,135,98
268,176,135,98
266,174,138,98
266,174,138,98
266,174,138,98
266,174,138,98
266,174,138,98
266,174,138,98
266,174,138,98
261,174,138,98
259,174,138,97
257,174,138,97
259,174,138,97
257,174,138,97
256,170,141,97
256,172,141,97
254,172,141,97
251,172,141,97
251,172,141,97
251,172,141,97
250,170,141,97
248,169,141,97
248,169,141,97
244,168,141,97
242,168,141,97
240,166,141,97
240,165,144,97
240,165,144,97
236,164,144,97
233,164,144,97
233,164,144,97
229,162,144,97
225,161,148,96
225,161,148,96
225,161,148,96
219,162,148,94
216,162,148,94
215,162,148,94
208,159,151,94
204,159,151,94
204,158,151,94
199,157,151,94
191,156,151,94
191,156,156,93
187,156,156,93
186,154,156,93
181,152,156,93
176,153,158,89
172,153,158,89
168,153,161,89
163,153,161,89
159,152,161,89
155,151,164,89
150,149,164,89
146,149,164,89
142,147,166,89
173,151,168,89
212,148,168,89
235,147,169,89
233,148,169,89
221,149,169,89
214,145,178,84
210,147,178,84
202,146,178,84
197,146,178,84
189,145,182,84
181,145,185,86
174,145,185,86
172,145,185,86
161,144,190,86
157,143,190,86
144,143,195,86
140,144,195,86
136,142,195,86
127,141,195,86
125,141,195,86
117,142,199,85
110,142,199,85
102,143,198,82
95,143,202,83
91,143,202,83
83,142,203,83
79,140,205,83
107,140,205,83
127,140,205,83
141,139,205,83
150,140,205,83
150,137,205,83
147,135,205,83
134,136,205,83
136,137,205,83
127,138,205,83
127,140,205,83
121,140,205,83
115,139,211,83
106,137,211,83
100,140,217,82
96,140,215,82
98,140,215,82
89,142,215,82
90,142,215,82
84,142,215,82
82,140,215,82
80,142,215,82
76,140,215,82
74,141,215,82
72,143,215,82
70,141,215,82
67,140,215,82
66,139,215,82
64,141,215,82
64,141,215,82
62,142,215,82
64,144,215,82
62,142,215,82
59,142,215,82
59,142,215,82
62,140,215,82
64,142,215,82
59,143,215,82
61,143,215,82
61,143,215,82
59,143,215,82
59,143,215,82
61,144,215,82
61,144,215,82
61,144,215,82
61,144,215,82
61,144,215,82
61,144,215,82
61,144,215,82
61,144,215,82
61,144,215,82
61,144,215,82
61,144,215,82
61,144,215,82
61,144,215,82
61,142,215,82
61,142,215,82
61,142,215,82
61,144,215,82
61,144,215,82
61,144,215,82
61,144,215,82
63,142,215,82
63,138,215,82
63,138,215,82
63,142,215,82
63,142,215,82
65,142,215,82
66,141,215,82
66,143,215,82
68,143,215,82
72,141,215,82
73,139,215,82
76,143,215,82
76,143,215,82
76,143,215,82
78,142,215,82
78,142,215,82
82,144,215,82
82,142,215,82
85,143,215,82
87,143,215,82
89,143,215,82
91,143,215,82
93,143,215,82
97,145,215,82
99,143,215,82
99,143,215,82
103,143,215,82
108,142,215,82
106,140,215,82
108,138,215,82
112,138,215,82
114,138,215,82
118,138,215,82
126,139,215,82
127,139,215,82
129,139,215,82
135,139,215,82
141,139,215,82
143,141,215,78
144,143,215,78
154,141,215,78
154,141,215,78
161,139,215,78
161,139,215,78
173,140,215,78
171,140,215,78
176,141,215,78
178,138,215,78
178,138,215,78
182,138,215,78
184,140,215,78
136,143,215,78
123,141,215,78
98,140,215,78
102,141,215,78
101,143,215,78
109,136,214,85
112,136,214,85
114,136,214,85
118,136,214,85
129,138,214,85
122,136,214,85
126,133,214,88
133,135,214,88
131,135,214,88
133,135,214,88
140,135,210,86
134,134,210,86
138,135,210,86
139,132,210,86
143,133,210,86
143,133,210,86
148,134,210,86
117,134,210,86
101,136,210,86
72,137,210,86
84,137,202,86
86,138,198,87
91,136,198,87
93,135,198,87
93,135,198,87
95,135,198,87
99,133,198,87
99,135,198,87
103,135,198,87
108,136,193,87
108,136,193,87
112,134,189,87
112,132,189,87
120,133,189,87
120,133,189,87
126,132,185,87
126,132,185,87
127,133,185,87
127,131,185,87
133,131,185,87
133,131,185,87
138,131,180,87
140,131,180,87
140,131,180,87
141,131,180,87
141,131,180,87
146,131,176,87
143,133,176,87
143,131,176,87
146,131,172,86
146,131,172,86
146,131,172,86
148,131,172,86
150,133,172,86
150,133,172,86
150,133,172,86
150,133,172,86
150,133,172,86
150,129,172,86
150,83,172,86
150,23,172,86
148,33,172,86
151,36,172,86
149,32,172,86
149,32,172,86
149,32,172,86
149,32,172,86
149,32,172,86
149,32,172,86
149,32,172,86
149,32,172,86
149,32,172,86
149,32,172,86
149,32,172,86
149,32,172,86
149,32,172,86
149,32,172,86
149,32,172,86
149,32,172,86
149,32,172,86
149,32,172,86
149,32,172,86
149,32,172,86
149,32,172,86
149,32,172,86
149,32,172,86
149,32,172,86
144,32,172,86
144,32,172,86
144,32,172,86
144,32,172,86
144,32,172,86
144,32,172,86
140,34,172,86
140,34,172,86
140,36,172,86
137,35,172,86
137,35,172,86
137,35,172,86
135,37,172,86
135,37,166,86
135,39,166,86
136,37,166,86
134,37,161,90
134,37,161,90
130,37,161,90
132,37,158,92
130,37,158,92
127,39,158,92
127,39,158,92
127,39,158,92
129,42,151,93
127,40,151,93
125,42,151,93
129,42,151,93
129,42,151,93
129,43,146,93
129,43,146,93
129,45,144,93
129,45,144,93
131,46,135,92
131,46,135,92
135,46,131,93
132,47,131,93
135,51,127,94
135,51,127,94
135,53,127,94
140,53,116,96
141,55,116,96
141,53,116,102
143,57,115,99
143,55,115,99
144,60,113,99
150,60,113,99
151,62,113,99
151,62,113,99
154,62,113,104
158,64,113,104
159,65,113,104
161,67,113,104
161,67,113,104
158,71,116,104
161,69,118,106
167,73,118,106
169,73,121,109
171,73,121,109
171,77,125,109
163,77,129,111
169,77,129,111
172,80,129,111
172,80,132,114
174,80,132,114
176,84,132,114
177,86,135,115
177,86,135,115
182,88,135,115
178,91,142,119
180,93,142,119
184,94,142,119
186,94,142,119
188,97,142,119
189,97,144,122
189,100,146,123
192,103,146,123
195,104,146,123
197,108,146,123
199,109,146,123
201,109,146,123
205,113,146,127
205,113,146,127
208,116,146,127
209,118,150,131
211,121,150,131
212,121,150,133
216,124,151,135
218,126,151,135
220,130,151,135
222,133,151,135
222,136,154,137
224,137,154,137
224,140,156,139
225,142,160,143
223,145,160,143
227,149,160,144
229,150,161,150
235,155,161,150
233,157,161,150
237,159,163,151
235,163,163,151
238,168,165,156
239,170,165,156
243,173,165,159
238,176,169,163
243,182,171,164
242,186,171,164
246,189,176,169
245,191,176,169
248,196,177,172
248,201,180,179
250,205,180,179
