215,224,25,76
215,224,25,76
215,224,25,76
215,224,25,76
217,226,25,76
217,226,25,76
217,226,25,76
217,226,25,76
217,226,25,76
222,226,25,76
222,226,25,76
222,226,25,76
222,226,25,76
222,226,25,76
225,226,25,76
225,226,25,76
225,226,25,76
225,226,25,76
225,226,25,76
225,226,25,76
225,226,25,76
225,226,25,76
226,226,22,81
226,226,22,81
226,226,22,81
226,226,22,81
226,226,22,81
226,226,22,81
226,226,22,81
226,226,22,81
226,226,22,81
226,226,22,81
226,226,22,81
226,226,22,81
226,226,22,81
226,226,22,81
226,226,22,81
226,226,22,81
226,226,22,81
226,226,22,81
226,226,22,81
226,226,22,81
226,226,22,81
226,226,22,81
226,226,22,81
226,226,26,82
226,226,26,82
226,226,26,82
226,226,26,82
226,226,26,82
226,226,26,82
226,226,26,82
226,226,26,82
226,226,26,82
226,226,26,82
226,226,26,82
227,230,26,82
227,230,26,82
227,230,26,82
227,230,26,82
227,230,26,82
227,230,26,82
227,230,26,82
227,230,26,82
227,230,26,82
227,230,26,82
227,230,26,82
227,230,26,82
227,230,26,82
227,230,26,82
227,230,26,82
227,230,26,82
229,230,26,82
229,230,26,82
229,230,26,82
229,230,26,82
229,230,26,82
229,230,26,82
229,230,26,82
229,230,26,82
229,230,26,82
229,230,26,82
236,233,26,82
236,233,26,82
236,233,26,82
236,233,26,82
236,233,26,82
236,233,26,82
236,233,26,82
241,233,26,82
241,233,26,82
241,233,26,82
241,233,26,82
241,233,26,82
241,233,26,82
241,233,26,82
242,234,26,82
242,234,26,82
242,234,26,82
242,234,26,82
242,234,26,82
242,234,26,82
242,234,26,82
242,234,26,82
242,234,26,82
242,234,26,82
242,234,26,82
242,234,26,82
242,234,26,82
242,234,26,82
247,238,26,82
247,238,26,82
247,238,26,82
247,238,26,82
247,238,26,82
247,238,26,82
247,238,26,82
247,238,26,82
247,238,26,82
247,238,26,82
247,238,26,82
249,238,26,82
249,238,26,82
249,238,26,82
249,238,26,82
249,238,26,82
249,238,26,82
249,238,26,82
249,238,26,82
249,238,26,88
249,238,26,88
249,238,26,88
249,238,26,88
249,238,26,88
249,238,26,88
249,238,26,88
249,238,26,88
249,238,26,88
249,238,26,88
249,238,26,88
249,238,26,88
249,238,26,88
250,211,26,88
252,191,26,88
251,167,26,88
252,150,26,88
252,132,26,88
253,115,26,88
254,96,26,88
254,77,26,88
256,63,26,88
257,43,26,92
256,25,26,92
256,11,26,92
256,26,26,92
257,45,26,92
257,62,26,92
257,80,26,92
257,101,26,92
257,117,26,92
259,133,26,96
258,151,26,96
259,168,26,96
259,189,26,96
259,207,26,96
259,225,26,96
258,246,25,88
258,234,25,88
258,213,27,86
257,197,27,86
258,186,27,86
257,162,27,86
257,144,27,86
257,124,27,86
258,110,27,86
258,95,27,86
257,73,27,86
259,53,27,86
261,33,27,86
260,21,27,86
260,23,27,86
260,48,27,86
262,68,27,86
263,76,28,90
265,98,28,90
266,116,28,90
268,131,27,90
268,151,27,90
270,167,27,90
270,187,27,90
269,205,27,90
273,223,27,90
274,249,27,90
275,241,27,90
274,220,27,90
274,205,27,90
274,189,27,90
274,168,27,90
274,151,27,90
274,132,27,90
274,116,27,90
274,99,27,90
273,78,27,90
275,60,27,90
276,41,27,90
276,24,27,90
273,20,27,90
274,50,27,90
274,57,27,90
274,74,27,90
276,94,27,90
275,120,27,90
277,131,27,93
276,150,27,93
277,168,27,93
278,190,27,93
281,205,27,93
282,221,27,93
282,243,27,93
284,246,27,93
284,226,27,93
285,213,27,93
283,194,27,93
283,171,27,93
284,159,27,93
284,142,27,93
284,123,27,93
283,102,27,93
283,84,27,93
283,69,27,93
283,54,27,93
282,29,27,93
284,26,27,93
285,36,27,93
284,55,27,93
284,75,27,93
284,93,27,93
283,108,29,99
284,127,29,99
286,145,29,99
288,163,29,99
286,184,29,99
287,200,29,99
288,219,29,99
286,235,29,99
290,252,29,99
291,234,29,99
290,219,29,99
290,200,29,99
290,183,29,99
292,163,29,99
288,147,29,99
292,129,29,99
295,107,29,99
295,90,29,99
296,73,29,99
296,57,29,99
294,36,29,90
294,31,29,90
294,33,30,94
296,55,30,94
297,73,30,94
300,94,30,94
299,110,30,94
299,130,30,94
298,149,30,94
298,165,30,94
303,184,30,94
302,202,29,99
301,216,29,99
304,239,29,99
305,258,27,95
307,249,27,95
307,224,27,95
308,205,27,95
311,185,27,95
311,171,27,95
311,154,27,95
310,135,27,95
309,118,27,95
309,102,27,95
309,82,27,95
311,64,27,95
311,49,27,95
311,33,27,95
311,36,27,95
314,60,27,95
315,73,27,95
314,90,27,95
318,109,27,95
318,124,25,100
320,148,25,100
319,162,25,100
321,178,25,100
322,200,25,100
326,219,25,100
327,233,24,103
329,251,24,103
328,258,24,103
328,258,24,103
328,258,24,103
328,258,24,103
330,258,24,103
330,258,24,103
330,258,24,103
330,258,24,103
330,258,24,103
330,258,24,103
335,259,24,103
335,259,24,103
335,259,24,103
335,259,24,103
335,259,24,103
341,260,24,103
341,260,24,103
341,260,24,103
341,260,24,103
341,260,24,103
341,260,24,103
347,263,24,103
347,263,24,103
347,263,24,103
347,263,24,103
350,260,27,102
350,260,27,102
350,260,27,102
350,260,27,102
350,260,27,102
354,257,27,102
354,257,27,102
354,257,27,102
354,257,27,102
354,257,27,102
354,257,27,102
355,258,27,102
355,258,27,102
355,258,27,102
355,258,27,102
356,258,27,102
356,258,27,102
356,258,27,102
356,258,27,102
356,258,27,102
361,260,27,102
361,260,27,102
361,260,27,102
361,260,27,102
361,260,27,102
365,262,27,102
365,262,27,102
365,262,27,102
365,262,27,102
365,262,27,102
365,262,27,102
308,265,27,102
298,265,27,102
274,264,27,102
256,266,27,102
233,266,27,102
217,266,27,102
194,269,27,102
174,270,27,98
159,268,27,98
135,269,27,98
114,267,27,98
93,271,27,98
75,270,27,98
56,271,27,98
32,271,27,98
20,271,27,98
21,271,27,98
21,271,27,98
21,271,27,98
24,275,27,98
24,275,27,98
24,275,27,98
24,275,27,98
24,275,27,98
24,275,27,98
24,275,27,98
24,275,27,98
24,275,27,98
24,275,27,98
27,275,32,99
27,275,32,99
27,275,32,99
27,275,32,99
27,275,32,99
27,275,32,99
31,277,32,99
31,277,32,99
31,277,32,99
31,277,32,99
31,277,32,99
31,277,32,99
40,278,32,99
40,278,32,99
40,278,32,99
40,278,32,99
40,278,32,99
40,278,32,99
40,278,32,99
40,278,32,99
40,278,32,99
40,278,32,99
40,278,32,99
40,278,32,99
45,282,32,99
45,282,32,99
45,282,32,99
45,282,32,99
45,282,32,99
45,282,32,99
45,282,32,99
45,282,32,99
45,282,32,99
45,282,32,99
45,282,32,99
45,282,32,99
52,282,32,99
52,282,32,99
52,282,32,99
52,282,32,99
52,282,32,99
52,282,32,99
52,282,32,99
57,284,32,99
57,284,32,99
57,284,32,99
57,284,32,99
57,284,32,99
57,284,32,99
61,284,32,99
61,284,32,99
61,284,32,99
61,284,32,99
61,284,32,99
66,285,32,99
66,285,32,99
66,285,32,99
66,285,32,99
70,286,32,99
70,286,32,99
70,286,32,99
70,286,32,99
70,286,32,99
73,288,32,99
73,288,32,99
73,288,32,99
73,288,32,99
73,288,32,99
75,287,32,99
75,287,32,99
75,287,32,99
75,287,32,99
75,287,32,99
75,287,32,99
78,290,39,100
78,290,39,100
78,290,39,100
78,290,39,100
78,290,39,100
83,291,39,100
83,291,39,100
83,291,39,100
83,291,39,100
83,291,39,100
83,291,39,100
83,291,39,100
83,291,39,100
89,292,39,100
89,292,39,100
89,292,39,100
89,292,39,100
89,292,39,100
89,292,39,100
94,294,39,100
94,294,39,100
94,294,39,100
94,294,39,100
94,294,39,100
96,295,39,100
96,295,39,100
96,295,39,100
96,295,39,100
96,295,39,100
96,295,39,100
101,296,39,100
101,296,39,100
101,296,39,100
101,296,39,100
101,296,39,100
101,296,39,100
101,296,39,100
104,297,39,100
104,297,39,100
104,297,39,100
104,297,39,100
104,297,39,100
110,298,39,100
110,298,39,100
110,298,39,100
110,298,39,100
114,299,39,100
114,299,39,100
114,299,39,100
114,299,39,100
118,299,39,100
118,299,39,100
118,299,39,100
118,299,39,100
124,299,39,100
124,299,39,100
124,299,39,100
124,299,39,100
124,299,39,100
124,299,39,100
124,299,39,100
129,299,40,109
129,299,40,109
129,299,40,109
129,299,40,109
129,299,40,109
129,299,40,109
139,300,40,109
139,300,40,109
151,300,40,109
151,300,40,109
167,301,40,109
167,301,40,109
183,302,40,109
191,301,40,109
191,301,40,109
207,304,40,109
207,304,40,109
212,304,40,109
212,304,40,109
212,304,40,109
219,304,40,109
219,304,40,109
219,304,40,109
219,304,40,109
220,304,40,109
220,304,40,109
220,304,40,109
220,304,40,109
220,304,40,109
220,304,40,109
220,304,40,109
224,308,40,109
224,308,40,109
224,308,40,109
224,308,40,109
224,308,40,109
224,308,40,109
224,308,40,109
224,308,40,109
231,308,40,111
231,308,40,111
231,308,40,111
231,308,40,111
231,308,40,111
236,309,40,111
236,309,40,111
236,309,40,111
236,309,40,111
236,309,40,111
236,309,40,111
236,309,40,111
240,310,40,111
240,310,40,111
240,310,40,111
240,310,40,111
248,298,40,111
248,298,40,111
248,298,40,111
249,287,40,111
249,287,40,111
249,287,40,111
253,279,37,112
253,279,37,112
253,279,37,112
253,279,37,112
259,264,37,112
259,264,37,112
260,256,37,112
260,256,37,112
260,256,37,112
265,246,37,112
265,246,37,112
265,246,37,112
270,237,37,112
270,237,37,112
270,232,37,112
270,232,37,112
270,232,37,112
273,225,37,112
273,225,37,112
274,212,37,112
274,212,37,112
274,212,37,112
278,208,37,112
278,208,37,112
278,208,37,112
278,197,37,112
278,197,37,112
278,197,37,112
280,185,37,115
280,185,37,115
280,185,37,115
285,184,37,115
285,184,37,115
285,184,37,115
285,184,37,115
285,184,37,115
291,187,37,115
291,187,37,115
291,187,37,115
291,187,37,115
295,188,37,115
295,188,37,115
295,188,37,115
301,190,37,115
301,190,37,115
301,190,37,115
304,191,37,115
304,191,37,115
304,191,37,115
304,191,37,115
310,190,37,115
310,190,37,115
310,190,37,115
310,190,37,115
314,190,37,120
314,190,37,120
314,190,37,120
321,190,37,120
321,190,37,120
321,190,37,120
327,190,37,120
327,190,37,120
332,193,37,120
332,193,37,120
332,193,37,120
332,193,37,120
332,193,37,120
332,193,37,120
332,193,37,120
332,193,37,120
332,193,37,120
336,198,37,120
336,198,37,120
336,198,37,120
336,198,37,120
338,194,37,120
338,194,37,120
338,194,37,120
338,194,37,120
338,194,37,120
338,194,37,120
342,197,37,120
342,197,37,120
342,197,37,120
342,197,37,120
342,197,37,120
342,197,37,120
342,197,37,120
342,197,37,120
347,197,37,120
347,197,37,120
347,197,37,120
347,197,37,120
347,197,37,120
347,197,37,120
347,197,37,120
347,197,37,120
347,197,37,120
347,197,37,120
347,197,37,120
351,201,40,119
351,201,40,119
351,201,40,119
351,201,40,119
351,201,40,119
351,201,40,119
351,201,40,119
358,202,40,119
358,202,40,119
358,202,40,119
358,202,40,119
358,202,40,119
358,202,40,119
358,202,40,119
363,205,45,119
363,205,45,119
363,205,45,119
363,205,45,119
363,205,45,119
363,205,45,119
363,205,45,119
363,205,45,119
363,205,45,119
363,205,45,119
370,205,45,119
370,205,45,119
370,205,45,119
370,205,45,119
370,205,45,119
370,205,45,119
370,205,45,119
370,205,45,119
370,205,45,119
370,205,45,119
373,206,44,127
373,206,44,127
373,206,44,127
373,206,44,127
373,206,44,127
373,206,44,127
358,205,44,127
358,205,44,127
358,205,44,127
337,209,44,127
337,209,44,127
337,209,44,127
325,214,44,127
325,214,44,127
325,214,44,127
324,220,44,127
324,220,44,127
324,220,44,127
339,221,44,127
339,221,44,127
355,220,44,127
355,220,44,127
372,217,44,127
