211 161 254 201
211 161 252 202
211 161 252 202
212 162 252 201
209 161 251 202
209 161 251 202
210 161 252 202
210 161 252 202
209 161 251 201
209 161 251 201
207 160 250 201
207 160 250 201
207 160 250 201
205 159 250 202
205 159 250 202
204 160 248 202
204 160 248 202
202 160 248 201
202 160 248 201
201 159 247 202
201 159 247 202
200 160 246 201
200 160 246 201
201 159 245 202
201 159 245 202
199 159 246 202
199 159 246 202
198 158 245 202
197 158 245 202
197 158 245 202
198 157 243 204
198 157 243 204
195 158 242 203
195 158 242 203
194 158 243 203
194 158 243 203
195 157 242 204
195 157 242 204
195 157 242 203
195 157 242 203
193 156 241 204
193 156 241 204
194 157 240 204
191 156 239 204
191 156 239 204
190 157 239 204
190 157 239 204
190 156 238 204
190 156 238 204
188 156 237 204
188 156 237 204
188 155 236 205
188 155 236 205
186 156 235 204
186 156 235 204
185 155 236 205
185 155 236 205
185 154 235 204
184 154 233 206
184 154 233 206
183 154 234 205
183 154 234 205
184 152 232 206
184 152 232 206
179 154 232 206
179 154 232 206
179 154 232 206
179 154 232 206
179 153 231 207
179 153 231 207
179 153 231 207
176 152 229 208
176 152 229 208
176 153 229 206
176 154 230 206
174 153 230 206
174 153 230 206
174 152 227 207
174 152 227 207
173 151 227 208
173 151 227 208
171 152 226 208
171 152 226 208
171 151 226 209
171 152 225 208
172 151 225 209
172 151 225 209
171 152 226 208
170 150 225 209
170 151 223 210
168 152 224 210
168 152 224 210
168 152 221 210
168 152 221 210
169 151 221 210
169 151 221 210
168 151 220 209
169 150 220 209
167 150 219 209
168 150 217 210
167 149 218 210
166 150 219 210
167 149 219 209
167 149 218 209
164 150 220 210
164 148 219 209
165 149 218 210
164 148 219 210
164 148 219 210
167 147 219 212
166 148 218 212
164 148 218 211
164 148 218 211
163 149 219 210
164 147 220 212
164 147 220 212
162 146 222 211
162 144 221 213
165 144 223 212
162 146 222 212
163 144 222 214
163 144 222 214
164 146 222 212
162 145 224 214
164 145 224 214
162 144 226 213
163 144 227 215
162 145 227 214
165 144 229 215
164 143 227 215
164 143 227 215
166 143 228 215
166 143 228 215
166 142 229 216
166 142 229 216
166 143 230 215
166 143 230 215
167 141 232 217
167 141 232 217
167 142 233 216
167 142 233 216
167 139 234 217
167 139 234 217
169 139 233 218
169 137 238 219
169 139 238 219
169 137 241 219
169 137 241 219
172 138 241 220
172 138 241 220
168 135 244 219
168 135 244 219
170 135 247 221
170 135 247 221
170 135 249 219
170 135 249 219
170 137 253 220
170 137 253 220
170 134 253 221
169 135 255 221
169 135 255 221
172 133 260 223
172 133 260 223
173 133 263 222
173 133 263 222
173 133 268 224
173 133 268 224
176 130 270 224
176 130 270 224
174 131 274 224
174 131 274 224
174 130 274 223
175 130 279 226
177 131 281 224
180 128 287 226
179 126 284 225
180 127 290 225
180 127 290 225
181 126 296 229
181 128 295 227
182 126 300 229
182 126 300 229
183 125 298 229
182 124 312 227
182 124 312 227
186 127 318 229
190 120 331 233
190 120 331 233
189 122 328 229
193 121 337 231
193 121 337 231
192 120 344 233
192 120 344 233
197 116 352 235
197 116 352 235
195 115 351 233
195 115 351 233
198 114 358 236
198 114 358 236
200 117 359 237
