195,156,19,49
195,156,19,49
195,158,19,49
195,158,19,49
197,156,19,49
197,156,19,49
195,158,19,49
195,156,19,49
197,158,19,49
197,156,19,49
197,156,19,49
199,156,19,49
199,156,19,49
199,156,19,49
200,156,19,49
200,158,19,49
200,156,19,49
200,156,19,49
200,160,19,49
200,160,19,49
201,160,19,49
200,160,19,49
200,158,19,49
202,160,19,49
202,160,19,49
202,158,19,49
202,160,19,49
202,160,19,49
202,160,19,49
204,160,19,49
202,162,19,49
204,162,19,49
204,160,19,49
204,162,19,49
204,162,19,49
204,160,19,49
204,160,19,49
204,160,19,49
204,162,19,49
202,160,19,49
204,160,19,49
204,160,19,49
202,160,19,49
204,162,19,49
204,162,19,49
204,162,19,49
206,162,19,49
204,160,19,49
204,162,19,49
206,162,19,49
204,162,19,49
206,162,19,49
204,162,19,49
204,162,19,49
204,164,19,49
204,162,19,49
204,164,19,49
204,162,19,49
204,162,19,49
204,162,19,49
204,164,19,49
206,164,19,49
206,164,19,49
204,164,19,49
206,164,19,49
206,164,19,49
204,164,19,49
204,164,19,49
204,166,19,49
204,166,19,49
204,166,19,49
204,166,19,49
204,166,19,49
204,164,19,49
204,166,19,49
204,164,19,49
204,164,19,49
204,166,19,50
204,166,19,50
204,166,19,50
206,166,19,50
204,166,19,50
206,166,19,50
206,166,19,50
206,168,19,50
204,166,19,50
206,168,19,50
204,166,19,50
206,166,19,50
206,166,19,50
206,166,19,50
206,166,19,50
206,166,19,50
206,166,19,50
206,166,19,50
206,168,19,50
206,166,19,50
206,168,19,50
206,168,19,50
206,168,19,50
206,166,19,50
208,166,19,50
206,168,19,50
206,168,19,50
206,168,19,50
206,168,19,50
206,168,19,50
206,168,19,50
206,166,19,50
206,168,19,50
206,168,19,50
206,168,19,50
206,168,19,50
206,168,19,50
206,168,19,50
206,168,19,50
206,168,19,50
206,168,19,50
206,168,19,50
206,168,19,50
204,168,19,50
206,168,19,50
206,168,19,50
206,168,19,50
206,170,19,50
206,170,19,50
206,170,19,50
206,170,19,50
206,170,19,50
206,172,19,50
206,172,19,50
206,170,19,50
206,172,19,50
206,170,19,50
206,172,19,50
206,172,19,50
206,172,19,50
206,174,19,50
206,172,19,50
206,172,19,50
206,172,19,50
206,172,19,50
206,174,19,50
206,174,19,50
206,174,19,50
206,174,19,50
206,174,19,50
206,174,19,50
206,174,19,50
206,174,19,50
206,174,19,50
206,174,19,50
206,174,19,50
206,174,19,50
204,174,19,50
204,176,19,50
204,176,19,50
204,176,19,50
204,174,19,50
204,174,19,50
204,174,19,50
204,176,19,50
206,176,19,50
206,176,19,50
204,176,20,54
204,174,20,54
204,174,20,54
204,174,20,54
204,176,20,54
204,176,20,54
204,176,20,54
204,176,20,54
202,176,20,54
204,176,20,54
202,176,20,54
202,176,20,54
202,176,20,54
202,176,20,54
202,178,20,54
202,178,20,54
202,178,20,54
202,178,20,54
202,178,20,54
202,178,20,54
202,178,20,54
202,180,20,54
202,178,20,54
202,180,20,54
202,180,20,54
202,180,20,54
200,180,20,54
200,180,20,54
202,180,20,54
200,180,20,54
200,180,20,54
202,180,20,54
200,180,20,54
202,182,20,54
202,182,20,54
202,182,20,54
200,180,20,54
202,182,20,54
200,184,20,54
200,182,20,54
200,182,20,54
200,182,20,54
198,184,20,54
200,182,20,54
198,182,20,54
198,184,20,54
198,182,20,54
198,184,20,54
198,182,20,55
198,182,20,55
198,184,20,55
198,182,20,55
197,184,20,55
198,184,20,55
198,184,20,58
198,184,20,58
197,184,20,58
195,186,20,58
195,186,20,58
195,186,20,58
195,184,20,58
195,184,20,58
195,186,20,58
195,186,20,58
193,186,20,58
193,186,20,58
193,188,20,58
193,186,20,58
195,188,20,58
193,188,20,58
193,186,20,58
193,188,20,58
193,188,20,58
193,188,20,58
193,188,20,58
191,188,20,58
191,188,20,58
191,188,20,58
191,188,20,58
189,188,20,58
189,188,20,58
191,188,20,58
189,188,20,58
189,190,20,58
187,190,20,58
187,190,20,58
187,190,20,58
188,190,19,60
186,190,19,60
186,190,19,60
188,190,19,60
186,192,19,60
188,192,19,60
186,192,19,60
186,192,19,60
186,192,19,60
186,192,19,60
186,192,19,60
184,192,19,60
186,192,19,60
184,192,19,60
186,194,19,60
184,194,19,60
184,192,19,60
184,194,19,60
184,194,19,60
184,194,19,60
184,196,19,60
184,196,19,60
184,196,19,60
182,196,19,60
182,196,19,60
184,196,19,60
182,196,19,60
182,194,19,60
182,194,19,60
182,198,19,60
182,196,19,60
180,196,19,60
180,196,19,60
180,198,19,60
178,198,19,60
180,198,19,60
178,198,19,60
176,198,19,60
174,198,22,63
174,198,22,63
172,198,22,63
174,198,22,63
174,198,22,63
174,198,22,63
174,198,22,63
174,198,22,63
174,200,22,63
174,202,22,63
174,200,22,63
174,200,22,63
172,202,22,63
172,202,22,63
170,202,22,63
172,202,22,63
170,202,22,66
170,202,22,66
170,202,22,66
170,202,22,66
168,202,22,66
168,200,22,66
168,200,22,66
168,202,22,66
166,204,22,66
168,204,22,66
166,204,22,66
166,206,22,66
166,204,22,66
166,204,22,66
164,206,22,66
164,206,22,66
164,206,22,66
164,206,22,66
163,206,22,66
163,208,22,66
161,208,22,66
159,208,22,66
159,208,22,66
159,206,22,66
159,206,22,66
159,208,22,66
159,210,22,66
159,210,22,66
157,210,22,66
157,208,23,70
157,208,23,70
157,208,23,70
155,208,23,70
155,210,23,70
153,208,23,70
153,210,23,70
153,212,23,70
153,210,23,70
153,210,23,70
151,210,23,70
151,210,23,70
149,210,23,70
149,210,23,70
148,212,23,70
146,214,23,70
146,214,23,70
144,214,23,70
144,214,23,70
144,214,23,70
144,214,23,70
144,214,23,70
140,214,23,70
140,214,23,70
140,214,23,70
138,214,23,70
138,216,23,70
138,216,23,70
136,216,23,70
136,216,23,70
136,216,23,70
136,216,23,70
136,216,23,70
136,216,23,70
134,218,23,70
134,218,23,70
132,218,23,70
132,218,23,70
130,218,25,71
129,218,25,71
127,218,25,71
129,218,25,71
129,218,25,71
127,218,25,71
127,220,25,71
125,220,25,71
127,222,25,71
127,222,25,71
125,222,25,71
125,222,25,71
123,222,25,71
123,222,25,71
121,224,25,71
121,220,27,76
119,220,27,76
119,220,27,76
119,220,27,76
119,220,27,76
119,220,27,76
118,222,27,76
116,222,27,76
114,222,27,76
114,222,27,76
114,222,27,76
112,224,27,76
112,222,27,76
112,222,27,76
112,224,27,76
110,226,27,76
110,224,27,76
108,224,27,76
108,226,27,76
106,226,27,76
106,226,27,76
104,226,27,76
104,228,27,76
102,228,27,76
100,228,27,76
100,228,27,76
100,228,27,76
100,228,27,76
97,230,27,76
99,230,27,76
95,232,27,76
95,232,27,76
95,232,27,76
93,232,27,76
91,234,27,76
91,234,27,76
91,234,27,76
91,234,27,76
89,234,27,76
87,232,28,80
87,232,28,80
85,232,28,80
83,234,28,80
83,236,28,80
83,236,28,80
82,236,28,80
82,236,28,80
80,238,28,80
80,236,28,80
80,238,28,80
78,238,28,80
76,240,28,80
76,240,28,80
74,240,28,80
74,240,28,80
72,240,28,80
72,240,28,80
70,240,28,80
70,238,28,80
70,238,28,80
68,240,28,80
65,242,30,82
65,242,30,82
65,242,30,82
63,242,30,82
63,242,30,82
61,244,30,82
61,246,30,82
57,246,30,82
55,244,30,82
55,244,30,82
53,246,30,82
51,246,30,82
51,244,30,82
52,242,30,85
50,242,30,85
50,242,30,85
50,244,30,85
46,244,30,85
46,246,30,85
44,248,30,85
44,248,30,85
44,248,30,85
42,248,30,85
40,250,30,85
38,250,30,85
36,250,30,85
34,252,30,85
36,250,30,85
34,250,30,85
31,250,30,85
31,250,30,85
29,252,30,85
27,254,30,85
27,254,30,85
27,256,30,85
25,256,30,85
25,256,30,85
23,258,30,85
23,260,30,85
21,260,30,85
