80 83 104 101
84 84 107 102
86 85 111 106
88 87 112 107
91 89 116 110
94 91 120 111
98 95 124 115
99 95 128 117
104 99 131 120
109 102 137 122
110 103 138 124
115 106 143 126
119 107 148 129
124 109 154 132
128 112 159 134
135 114 165 140
140 119 170 143
145 124 178 147
150 125 183 149
156 129 190 155
164 134 198 160
170 139 205 164
179 142 214 169
185 146 223 175
192 153 232 181
196 154 236 183
209 164 250 193
215 166 254 195
224 172 263 202
231 176 274 209
241 185 283 215
251 191 296 225
259 197 305 233
267 206 314 241
278 214 325 252
287 221 334 261
297 230 348 271
304 235 353 275
311 245 367 287
325 261 378 287
