285 180 309 201
284 179 309 200
284 180 311 201
285 179 311 201
285 179 311 201
286 178 312 202
286 179 313 201
286 178 313 202
286 178 314 202
286 178 314 202
288 178 315 202
287 178 315 203
287 178 316 203
288 179 317 203
288 178 316 202
288 178 317 203
289 179 318 204
290 178 319 204
289 178 318 203
289 179 319 204
291 178 320 205
290 180 321 204
291 178 320 203
291 178 320 204
290 179 320 204
290 179 321 204
292 178 321 205
292 178 321 205
292 178 322 206
292 178 322 206
292 177 322 207
291 177 322 206
291 179 322 207
292 177 322 207
290 178 322 207
290 178 322 207
291 178 321 207
291 179 321 208
290 178 322 208
289 178 321 208
289 177 322 208
287 179 322 209
287 179 322 208
288 178 321 209
287 178 321 208
286 178 321 209
285 179 320 209
283 179 320 210
281 179 320 210
283 177 319 210
283 178 318 210
280 176 317 210
281 177 318 211
278 177 317 211
277 178 316 211
276 178 316 211
273 177 315 212
275 176 315 212
274 177 315 212
270 178 313 213
270 176 312 213
268 178 311 214
266 178 312 213
266 178 310 214
262 178 309 214
258 179 307 216
256 179 307 215
258 177 305 215
256 177 305 215
253 177 304 216
249 176 303 216
247 178 300 217
247 178 298 217
243 179 297 218
239 180 298 218
237 178 295 219
234 178 290 219
232 179 289 219
229 180 290 220
226 179 288 220
224 181 283 221
222 180 283 221
218 178 280 221
214 180 277 222
209 179 273 223
203 181 276 223
199 179 268 224
197 178 265 225
199 178 266 226
194 179 264 226
186 178 259 226
183 177 255 226
175 178 252 228
171 179 250 229
164 180 245 230
162 179 240 231
159 176 240 230
155 177 236 234
147 180 233 232
137 179 228 234
134 180 224 235
128 181 217 236
120 180 215 236
112 179 207 238
112 180 209 238
104 180 203 239
94 180 198 240
86 180 191 242
77 182 183 243
69 179 176 244
58 180 172 244
45 181 166 247
32 183 157 248
21 181 148 249
13 182 139 251
