158,132,25,61
158,130,25,63
158,126,25,63
160,127,24,61
160,129,24,61
160,129,24,61
159,130,24,61
159,130,24,61
159,132,24,61
159,130,23,63
159,130,23,63
159,130,23,63
157,130,23,63
157,132,23,63
157,133,25,62
156,132,25,62
154,133,27,61
153,133,27,61
154,133,27,61
152,131,27,65
151,130,25,67
151,130,25,67
151,130,25,67
150,130,25,66
150,134,25,65
150,134,25,65
148,135,28,65
148,135,28,65
148,136,25,64
148,135,25,64
146,137,28,61
146,139,28,61
144,139,25,61
142,140,25,61
144,140,25,61
142,140,25,64
142,140,25,64
141,136,25,64
141,136,25,64
141,136,25,64
142,136,25,65
142,136,24,68
142,136,24,68
142,139,24,65
142,138,25,69
141,139,25,69
139,137,25,69
139,137,25,69
139,137,25,69
139,137,25,69
138,137,25,69
138,139,25,69
137,139,25,69
137,139,25,69
133,142,27,69
133,142,27,69
135,142,27,69
135,142,27,69
133,142,27,69
135,143,27,69
135,143,27,69
135,143,27,69
135,143,27,69
141,143,27,69
173,140,27,69
190,141,30,65
197,140,25,69
193,142,25,69
192,141,25,69
194,143,25,69
189,145,25,69
190,143,25,69
191,145,25,69
189,143,25,69
189,143,25,69
190,143,25,69
190,143,25,69
193,144,25,69
226,144,25,69
252,140,22,69
250,145,22,66
251,143,25,72
248,143,27,69
250,143,27,69
250,143,27,69
248,143,27,69
250,144,27,69
246,145,27,69
246,147,27,69
246,147,27,69
245,147,27,73
245,145,27,73
243,145,24,73
245,145,24,73
243,145,24,73
245,149,24,73
244,150,27,71
243,150,25,69
243,148,25,69
241,132,25,69
240,95,25,67
240,91,25,67
240,88,25,71
240,90,25,71
241,89,25,71
237,93,28,71
237,93,28,71
236,93,28,71
236,95,28,71
236,95,28,71
234,95,28,71
234,95,28,71
234,95,28,71
234,95,27,70
234,95,27,70
233,97,27,70
233,97,27,70
233,97,27,70
233,98,29,73
233,98,29,73
233,94,29,73
233,92,29,73
233,92,29,73
236,94,28,75
234,96,28,75
234,96,28,75
234,96,28,75
233,96,28,75
231,96,28,75
231,96,28,75
231,96,28,75
231,98,28,75
231,98,28,75
229,101,28,75
229,101,28,75
228,101,28,75
231,101,31,73
229,101,31,73
231,97,30,78
231,97,30,78
231,99,30,78
229,102,30,76
229,102,30,76
227,102,30,76
228,105,29,73
228,105,29,73
227,105,29,73
227,105,27,78
227,105,27,78
225,105,29,78
225,105,29,78
223,105,31,76
223,105,31,78
223,105,31,78
223,106,31,76
223,106,31,76
224,106,31,79
224,106,31,79
223,106,31,79
225,106,31,79
224,106,31,79
224,106,31,78
223,109,31,78
223,109,31,78
222,110,31,77
222,110,31,77
219,111,31,77
219,111,31,79
219,107,31,79
219,107,31,79
221,107,29,78
219,107,29,78
221,111,29,78
221,111,29,78
221,113,29,78
221,113,29,78
222,113,29,81
220,113,29,81
220,111,29,81
220,111,29,81
220,111,29,81
220,111,29,81
218,115,29,81
218,115,29,81
218,117,29,78
217,117,30,81
215,117,30,81
214,116,32,83
214,116,29,83
212,116,30,83
212,116,30,83
212,116,30,83
211,119,29,81
211,119,29,81
209,119,31,81
211,122,31,81
211,122,31,81
211,122,32,82
209,122,32,82
209,122,32,82
209,122,32,82
209,122,32,82
210,123,32,82
210,123,32,82
209,125,32,82
207,125,32,82
207,125,32,82
210,122,32,82
212,122,32,82
210,122,32,82
212,126,32,82
209,126,32,82
209,126,32,82
209,128,35,82
209,128,35,82
209,128,35,82
209,128,35,82
211,130,35,82
211,130,35,82
212,128,35,82
210,130,35,82
211,131,35,82
210,132,35,82
210,135,36,82
210,135,36,82
210,135,36,82
210,129,36,82
214,131,33,82
212,131,33,82
212,131,33,83
212,135,33,85
212,136,33,85
212,136,33,85
212,136,33,85
212,136,33,85
212,134,33,85
212,132,35,87
212,134,35,87
211,136,35,87
212,138,32,86
212,138,33,82
208,139,35,86
208,139,35,87
208,137,35,87
210,139,35,86
209,137,37,86
207,137,37,86
207,141,37,86
210,145,33,82
209,145,36,86
209,143,36,89
209,143,36,89
209,143,36,89
208,147,36,89
208,143,36,89
207,143,37,90
207,143,37,90
207,145,36,87
207,147,35,90
207,145,35,90
207,145,35,90
207,147,35,90
205,143,35,90
205,145,35,90
205,151,35,93
205,147,35,91
205,151,35,89
205,151,35,94
205,151,35,94
202,149,36,95
201,150,37,94
200,150,40,93
200,152,40,93
197,153,40,93
199,157,37,93
199,160,37,90
197,160,37,94
197,156,37,94
195,156,37,94
192,156,37,94
192,156,37,94
190,160,37,94
191,157,37,94
192,160,35,94
191,160,35,94
189,167,35,94
191,164,35,95
189,161,35,95
187,163,35,95
187,162,32,98
187,162,32,98
182,164,37,99
182,164,37,99
180,165,38,99
176,163,41,100
173,164,41,98
171,166,36,97
171,170,36,97
173,170,33,96
168,168,31,97
173,169,29,98
170,174,32,97
167,169,32,97
163,170,32,97
160,170,32,97
157,172,33,99
184,176,30,98
188,176,30,98
203,176,39,98
237,167,39,114
243,167,39,114
286,166,39,114
278,166,39,114
284,167,39,114
268,191,39,114
271,170,39,114
261,178,39,114
259,174,39,114
256,174,39,114
254,174,39,114
250,183,41,106
246,182,41,106
241,184,41,106
241,184,35,106
241,186,32,102
235,189,32,99
254,190,32,99
263,190,32,99
294,189,32,97
320,193,41,94
354,195,41,94
377,195,41,94
386,195,41,94
407,193,41,94
409,191,42,94
407,189,42,94
404,192,42,94
401,192,42,94
385,193,49,96
378,189,55,95
378,191,55,95
378,189,55,95
373,192,55,95
373,192,49,95
371,192,41,96
371,192,35,96
359,189,35,96
360,189,38,98
356,188,42,101
348,187,47,96
351,187,38,97
350,187,38,97
344,178,35,99
344,176,30,96
339,176,33,98
339,173,33,100
333,175,38,101
326,175,41,101
325,173,40,104
325,175,37,102
328,175,30,98
354,175,33,97
388,174,33,97
405,175,33,97
413,176,33,97
407,175,36,97
405,175,35,96
407,175,31,96
403,175,31,96
401,175,31,96
395,176,35,96
395,176,35,96
389,176,45,98
387,174,45,98
384,176,41,98
380,173,40,98
375,174,37,98
373,174,37,98
369,177,37,98
365,177,37,98
363,177,41,97
354,178,42,96
350,179,39,97
348,177,30,96
344,176,30,96
340,176,30,96
337,174,30,96
333,173,30,96
327,174,30,96
321,178,30,96
317,182,30,96
310,183,30,96
303,177,39,97
299,177,39,97
293,177,35,97
290,175,35,97
276,179,45,98
271,182,49,98
259,181,56,94
256,181,59,94
252,179,53,94
250,177,45,95
244,176,44,95
240,181,36,97
236,182,36,97
219,182,53,98
219,182,53,98
217,182,53,98
243,184,49,98
261,185,49,98
297,183,48,94
278,180,48,94
270,182,53,94
261,180,53,94
255,179,46,95
255,175,41,95
242,176,41,95
236,178,45,95
219,184,45,95
218,183,42,94
212,180,42,94
202,180,42,94
195,182,42,94
183,184,42,94
176,184,46,94
167,180,42,95
161,177,38,95
148,181,42,96
136,183,48,98
129,186,46,96
121,187,44,92
110,185,44,92
106,183,44,92
96,185,52,92
