224,129,42,29
224,131,42,29
225,132,42,29
225,132,42,29
227,131,42,29
232,131,42,29
232,131,42,29
228,133,42,29
231,135,42,29
231,137,47,29
232,135,47,29
232,135,47,29
234,135,47,29
234,135,47,29
236,135,45,29
236,135,45,29
236,139,45,29
236,138,45,29
236,138,45,29
240,137,45,29
240,137,48,26
243,140,48,26
244,140,48,26
244,140,48,26
244,140,50,29
246,141,46,29
246,141,46,29
249,141,46,29
251,143,46,29
257,143,46,29
257,143,46,29
260,143,46,31
263,145,46,31
261,147,46,31
261,147,46,31
263,146,46,31
266,146,46,31
267,145,46,31
271,147,46,31
271,148,46,31
275,149,46,31
275,149,46,31
275,149,46,31
275,149,46,31
275,149,46,31
278,149,46,31
280,149,46,31
280,151,48,32
280,151,48,32
280,151,52,35
280,151,52,35
285,152,52,35
287,154,52,35
287,151,52,35
287,151,52,35
291,152,52,35
296,154,52,35
302,156,52,35
304,156,52,35
307,158,52,35
308,160,52,35
311,161,52,35
313,161,52,35
316,163,54,36
322,164,54,36
322,164,54,36
326,164,54,36
326,164,54,36
330,167,54,36
329,167,54,36
329,167,56,39
331,168,56,39
333,168,56,39
337,169,56,39
333,170,56,39
334,170,56,39
334,170,56,39
334,170,61,41
337,172,61,41
337,172,61,41
337,177,59,36
337,177,61,40
337,177,61,40
337,177,61,40
339,179,61,40
339,180,61,40
343,180,61,40
343,180,61,40
343,180,61,40
344,183,64,41
344,183,64,41
345,184,64,41
347,186,64,41
347,188,64,41
347,188,64,41
347,188,64,44
347,189,64,44
347,191,64,44
348,193,64,44
348,193,64,44
348,197,64,44
348,197,64,44
348,197,64,44
351,197,64,44
354,201,64,44
352,203,64,44
351,198,63,49
351,198,63,49
351,198,63,49
351,198,59,44
351,198,59,44
351,198,59,44
351,198,59,44
351,198,59,44
351,198,59,44
350,201,59,44
347,197,67,48
347,202,67,48
346,202,67,48
346,198,72,53
339,201,72,53
339,206,72,53
339,206,72,53
336,207,72,53
335,209,72,53
338,209,72,53
334,217,76,57
331,222,76,57
328,222,76,57
324,222,76,57
324,221,76,57
318,223,82,59
313,224,82,59
313,224,82,59
312,227,82,59
302,234,82,59
299,238,90,61
295,238,90,61
292,240,92,65
283,241,92,65
278,248,92,65
274,254,92,65
265,259,92,65
263,263,92,65
257,266,92,65
245,270,92,65
241,279,92,65
234,279,105,65
224,288,105,65
216,295,105,65
201,303,105,65
195,311,105,65
176,311,117,73
161,310,117,73
149,323,117,73
139,327,117,73
117,341,117,73
101,345,117,73
89,351,117,73
76,354,117,73
64,366,117,73
59,366,117,73
36,373,117,73
23,377,117,73
