577,262,30,81
577,262,30,81
577,262,30,81
573,262,30,81
573,262,30,81
572,262,30,81
557,255,30,81
557,255,30,81
557,255,30,81
554,254,30,78
554,254,30,78
554,254,30,78
550,253,30,78
550,253,30,78
550,253,30,78
545,253,30,78
545,253,30,78
545,253,30,78
543,250,30,78
543,250,30,78
543,250,30,78
543,250,30,78
543,250,30,78
540,247,30,78
540,247,30,78
540,247,30,78
539,247,30,78
537,248,30,78
537,248,30,78
537,248,30,78
537,245,30,78
537,245,30,78
537,245,30,78
537,245,25,71
533,245,25,71
530,245,25,71
530,245,25,71
526,242,25,71
526,242,25,71
526,242,25,71
522,238,25,71
522,238,25,71
522,238,25,71
518,239,25,71
518,239,25,71
515,238,25,71
515,238,25,71
515,238,25,71
511,238,25,71
511,238,25,71
508,236,25,71
508,236,25,71
504,236,25,71
504,236,25,71
503,234,25,71
503,234,25,71
503,234,25,71
499,234,29,71
499,234,29,71
499,234,29,71
497,232,28,69
497,232,28,69
497,232,28,69
497,232,28,69
497,232,28,69
497,232,28,69
496,230,28,69
496,230,28,69
496,230,28,69
496,230,28,69
496,230,28,69
492,228,28,69
492,228,28,69
492,228,28,69
492,228,28,69
490,228,28,69
490,228,28,69
490,228,28,69
490,228,28,69
490,228,28,69
490,228,28,69
488,226,28,69
488,226,28,69
488,225,28,69
488,225,28,69
488,222,28,69
488,222,28,69
488,221,28,69
488,221,28,69
488,221,28,69
488,221,28,69
488,221,28,69
488,221,28,69
488,221,28,69
488,221,28,69
488,221,28,69
488,221,28,69
488,221,28,69
486,215,28,62
486,215,28,62
486,215,28,62
486,215,28,62
486,215,28,62
486,215,25,60
486,215,25,60
486,213,25,60
486,213,25,60
486,209,25,60
483,209,20,60
483,209,20,60
477,207,20,60
477,207,20,60
470,207,20,60
470,207,20,60
455,207,20,60
445,206,20,60
436,205,24,58
436,205,24,58
431,205,24,58
422,205,24,58
401,203,24,58
402,203,22,58
402,203,22,58
399,204,22,58
394,204,22,58
388,203,22,58
385,202,22,58
379,204,22,58
373,201,22,58
363,201,22,58
355,202,22,58
351,200,22,58
351,200,22,58
351,200,22,58
345,200,22,58
345,200,22,58
338,198,22,55
333,198,22,55
331,198,22,55
325,198,22,55
321,197,22,55
318,198,22,55
318,198,22,55
312,197,22,55
308,198,22,55
304,197,22,55
304,197,22,55
299,197,22,55
295,197,22,55
284,199,22,55
284,199,22,55
284,199,22,55
282,197,21,55
277,195,21,55
277,195,21,55
273,196,21,53
266,195,25,55
261,194,22,54
261,194,22,54
257,194,22,54
257,194,22,54
250,193,22,54
250,193,22,54
239,193,22,54
239,193,22,54
239,193,22,54
234,192,22,54
229,194,22,52
229,194,22,52
227,194,22,52
222,194,22,52
212,193,22,52
212,193,22,52
210,193,22,52
210,193,22,52
206,193,22,52
183,192,22,52
178,193,22,52
174,191,22,52
174,191,22,52
168,190,22,52
168,190,22,52
166,190,22,52
166,190,22,52
160,191,22,52
160,191,22,52
156,189,22,52
156,189,22,52
152,189,22,52
152,189,22,52
150,188,18,48
147,188,18,48
147,188,18,48
132,187,18,48
130,187,18,48
130,187,18,48
125,187,18,48
125,187,18,48
121,186,18,48
121,186,18,48
117,185,18,48
117,185,18,48
117,185,18,48
112,184,20,49
107,184,20,49
107,184,20,49
107,184,20,49
105,184,19,47
105,184,19,47
101,184,19,47
95,183,19,47
90,182,19,47
90,182,19,47
90,182,19,47
86,182,19,47
86,182,19,47
79,182,19,47
79,182,19,47
73,181,19,47
73,181,19,47
67,181,19,47
64,180,19,47
