457,229,35,78
454,223,35,78
452,224,35,78
450,224,35,78
450,224,30,81
443,225,30,81
443,225,30,81
443,225,30,81
440,224,30,81
438,225,30,81
435,225,30,81
433,225,30,81
428,224,30,81
428,228,30,81
424,228,30,81
421,228,30,81
421,228,30,81
416,223,30,81
414,223,30,81
413,223,30,81
406,225,30,81
406,225,30,81
406,225,30,81
406,225,30,81
401,225,30,81
398,225,30,81
398,225,30,81
392,224,30,81
392,224,30,81
392,224,30,81
386,225,30,81
382,226,30,81
382,226,30,81
382,226,30,81
382,226,30,81
376,227,30,81
376,227,30,81
371,230,30,81
371,230,30,81
365,232,30,81
363,233,30,81
363,233,30,81
359,234,30,81
359,234,30,81
355,234,30,81
355,234,30,81
350,231,30,81
350,231,30,81
345,231,30,81
345,231,30,81
337,232,30,81
337,232,30,81
335,232,30,81
335,232,30,81
331,232,30,81
331,232,30,81
327,232,28,82
327,232,28,82
324,232,28,82
320,232,28,82
320,232,28,82
318,232,28,82
318,232,28,82
316,232,28,82
316,232,28,82
308,231,28,82
302,231,28,82
302,231,28,82
302,231,28,82
297,230,28,82
297,230,28,82
294,230,28,82
292,230,28,82
286,230,28,82
286,230,28,82
286,230,28,82
280,232,28,82
280,232,28,82
280,232,28,82
275,231,28,82
275,231,28,82
270,231,28,82
270,231,28,82
270,231,28,82
270,231,28,82
258,231,28,82
258,231,28,82
258,231,28,82
256,232,28,82
256,232,28,82
252,232,28,82
252,232,28,82
249,232,28,82
249,232,28,82
240,232,28,82
240,232,28,82
240,232,28,82
240,232,28,82
233,233,28,82
233,233,28,82
228,232,28,82
226,234,28,82
220,234,28,82
220,234,28,82
217,234,28,82
217,234,28,82
217,234,28,82
211,234,28,82
211,234,28,82
211,234,28,82
205,234,28,82
205,234,28,82
200,235,28,82
200,235,28,82
200,235,28,82
193,236,28,82
193,236,28,82
188,236,28,82
188,236,28,82
188,236,28,82
183,236,28,82
183,236,28,82
178,236,28,82
178,236,28,82
173,236,28,82
173,236,28,82
166,236,28,82
166,236,28,82
164,236,28,82
164,236,28,82
160,237,28,82
160,237,28,82
156,237,28,82
156,237,28,82
151,237,28,82
151,237,28,82
144,236,28,82
144,236,28,82
144,238,28,82
144,238,28,82
139,238,28,82
139,238,28,82
134,240,28,82
134,240,28,82
130,238,28,82
130,238,28,82
125,238,28,82
125,238,28,82
122,240,28,82
122,240,28,82
116,240,28,82
116,240,28,82
109,240,28,82
109,240,28,82
109,240,28,82
109,240,28,82
109,240,28,82
101,240,28,82
101,240,28,82
101,240,28,82
95,240,28,82
95,240,28,82
95,240,28,82
101,240,28,82
101,240,28,82
105,241,28,82
105,241,28,82
110,241,28,82
110,241,28,82
114,240,28,82
114,240,28,82
121,241,28,82
121,241,28,82
124,240,28,82
124,240,28,82
129,240,28,82
129,240,28,82
132,240,28,82
132,240,28,82
140,240,28,82
140,240,28,82
143,240,28,82
143,240,28,82
148,237,28,82
148,237,28,82
155,235,28,82
155,235,28,82
160,240,28,82
160,240,28,82
161,239,28,82
164,237,28,82
166,238,28,82
166,238,28,82
171,238,28,82
171,238,28,82
175,236,28,82
176,236,28,82
178,236,28,82
182,236,28,82
188,236,28,82
188,236,28,82
183,237,28,82
183,240,28,82
178,239,28,82
178,238,28,82
176,234,28,82
174,234,28,82
174,238,28,82
171,237,28,82
169,235,28,82
167,234,28,82
161,235,28,82
161,236,28,82
159,236,28,82
159,238,28,82
156,238,28,82
156,238,30,82
152,238,30,82
