313,107,20,51
313,107,20,51
314,107,20,51
316,107,20,51
316,107,20,51
319,107,20,51
321,108,20,51
326,107,20,53
326,107,20,53
327,107,20,53
334,109,20,53
334,109,20,53
334,109,20,53
334,111,20,53
336,123,20,53
336,124,20,53
336,124,20,53
336,124,21,53
336,124,21,53
338,126,21,53
338,126,21,53
338,127,21,53
338,127,21,53
339,131,21,53
341,143,21,55
342,144,21,55
342,145,21,55
342,145,21,55
344,145,21,55
345,144,21,55
347,143,21,55
346,145,20,56
347,144,20,56
347,146,20,56
347,146,20,56
347,146,20,56
350,146,20,56
350,146,20,56
351,146,23,58
351,146,23,58
351,146,23,58
351,146,23,58
351,146,23,58
351,146,23,58
355,146,23,58
355,146,23,58
355,148,23,58
355,148,23,58
356,148,23,58
356,148,23,58
359,148,23,59
359,148,23,59
359,151,23,59
359,151,23,59
361,151,23,59
361,151,23,59
363,151,23,59
363,151,23,59
365,151,23,59
368,151,23,59
368,152,23,59
370,152,23,60
370,152,23,60
373,154,21,60
373,154,21,60
373,154,21,60
373,154,21,60
375,154,21,60
376,154,21,60
376,154,22,61
376,154,22,61
377,154,22,61
377,154,22,61
379,154,22,61
379,154,22,61
380,156,22,62
381,155,22,62
382,156,22,62
384,157,22,62
384,156,22,62
385,156,22,62
384,157,23,63
384,157,23,63
387,157,23,63
387,157,23,63
386,158,23,63
387,159,23,63
389,160,23,63
389,160,23,63
389,160,23,63
389,160,23,63
389,160,23,63
390,161,23,63
390,161,23,63
390,161,23,63
390,161,23,63
390,161,23,63
390,161,23,63
392,161,23,66
392,161,23,66
392,161,23,66
392,161,23,66
394,162,23,66
394,162,23,66
394,162,23,66
394,162,23,66
395,165,23,66
397,165,23,66
399,166,23,66
399,166,23,66
399,166,23,66
401,166,23,66
401,166,23,66
402,169,23,66
402,169,23,66
402,169,23,66
404,169,23,66
407,170,23,66
411,170,23,67
411,170,23,67
416,170,23,67
418,170,23,71
420,172,23,71
424,172,23,71
429,172,23,71
432,172,23,71
437,173,23,71
440,174,23,71
441,174,23,71
446,174,23,71
453,175,23,71
456,175,23,71
463,175,22,71
469,177,22,71
469,177,22,71
478,178,23,73
482,178,23,73
483,178,23,73
489,178,23,73
491,178,23,73
496,180,22,73
482,179,22,73
472,180,22,73
462,181,22,73
457,182,25,75
463,183,24,71
469,183,24,71
474,183,22,71
481,183,22,71
475,183,22,71
467,184,22,71
454,182,22,71
454,182,22,71
462,185,22,71
470,184,22,71
475,182,21,71
484,182,21,71
491,183,20,71
497,184,20,71
504,182,20,71
509,185,20,71
514,185,20,71
520,184,20,71
523,185,20,71
533,186,20,71
541,186,18,71
551,187,18,71
556,187,18,71
558,187,18,71
564,187,18,71
569,186,18,71
574,186,18,71
582,186,18,71
585,187,18,71
589,190,18,71
593,190,18,71
599,190,18,71
608,189,18,71
