263,100,27,61
265,100,27,61
267,100,27,61
271,98,27,61
272,100,27,61
274,99,27,61
277,98,27,61
278,100,27,61
282,99,27,61
284,99,27,61
286,100,27,61
286,100,27,61
290,100,27,61
291,99,27,61
295,98,27,61
297,98,25,61
299,98,25,61
303,98,25,61
306,99,25,61
307,98,25,61
309,97,25,61
308,97,25,61
313,97,25,61
318,97,25,61
319,97,25,61
319,96,25,61
323,98,25,61
324,96,25,61
328,95,25,61
327,95,25,61
330,96,25,61
331,95,25,61
335,94,25,61
335,94,25,61
335,94,25,61
335,94,25,61
341,92,25,61
341,92,25,61
341,92,25,61
341,92,25,61
343,92,25,61
345,92,25,61
348,94,25,61
350,94,25,61
354,93,25,61
354,93,25,61
358,93,25,61
358,93,25,61
361,93,25,61
361,93,25,61
363,93,25,61
363,93,25,61
369,94,25,61
368,90,25,61
369,91,25,61
373,91,25,61
373,91,25,61
373,91,25,61
373,91,25,61
377,91,25,61
377,91,25,61
381,91,25,61
384,89,25,61
384,89,25,61
387,88,25,61
387,88,25,61
378,87,25,61
373,86,25,61
361,86,25,61
357,86,25,61
356,86,25,61
354,86,25,61
346,86,25,61
346,86,25,61
339,87,25,61
334,88,25,61
329,89,25,61
325,86,25,61
320,85,25,61
316,88,25,61
312,89,25,61
310,89,25,61
307,88,25,61
300,88,25,61
296,89,25,61
291,89,25,61
287,89,25,61
283,88,25,61
275,87,25,61
269,88,25,61
270,88,25,61
268,88,25,61
272,88,25,61
275,87,25,61
277,87,25,61
280,88,25,61
282,88,25,61
284,86,25,61
286,86,23,59
288,88,23,59
287,89,23,59
280,87,23,59
276,86,23,59
274,86,23,59
267,86,23,59
265,86,23,59
257,86,23,59
255,86,23,59
251,87,23,59
246,87,23,59
242,87,22,57
236,89,22,57
231,89,22,57
231,88,22,57
223,88,22,57
221,88,22,57
215,88,22,57
206,89,22,57
200,90,22,57
195,90,22,57
189,89,22,57
186,86,22,57
182,86,22,57
176,88,20,46
175,86,20,46
175,87,20,46
178,87,20,46
178,87,20,46
184,87,20,46
186,87,20,46
184,87,20,46
181,88,20,46
172,88,20,46
169,89,20,46
161,88,20,46
159,88,20,46
153,88,20,46
149,89,20,46
144,88,20,46
140,89,20,46
136,89,20,46
133,89,20,46
131,91,20,46
125,91,20,46
120,90,20,46
116,88,20,46
110,89,20,46
108,90,20,46
103,90,20,46
101,88,20,46
93,89,20,46
91,87,20,46
86,87,20,46
82,87,20,46
81,88,20,46
81,89,20,46
81,87,23,54
83,87,23,54
83,87,23,54
87,87,23,54
93,86,23,54
91,86,23,54
91,86,23,54
95,86,23,54
97,86,23,54
101,86,23,54
102,86,23,54
101,86,23,54
105,86,23,54
103,86,23,54
108,86,23,54
108,86,23,54
110,86,23,54
114,86,23,54
114,86,23,54
118,86,23,54
118,86,23,54
121,83,23,54
121,83,23,54
124,82,23,54
124,82,23,54
127,82,23,54
127,84,23,54
127,85,23,54
129,83,23,54
132,83,23,54
132,83,23,54
135,83,23,54
135,83,23,54
139,83,23,54
143,83,23,54
144,83,23,54
144,83,23,54
146,83,23,54
146,83,23,54
151,80,23,54
151,80,23,54
152,80,23,54
154,80,23,54
156,80,23,54
158,80,23,54
158,80,23,54
161,79,23,54
161,79,23,54
165,79,23,54
168,80,23,54
170,80,23,54
173,81,23,54
175,81,23,54
175,87,23,54
175,89,23,54
180,95,23,54
182,97,23,54
182,104,23,54
184,106,25,60
189,108,23,54
189,111,23,54
193,114,23,54
195,120,23,54
195,126,23,54
199,129,23,54
201,135,23,54
204,140,23,54
204,142,23,54
206,147,23,54
209,150,23,54
211,156,23,54
214,158,23,54
214,164,23,54
216,171,23,54
220,175,23,54
220,179,23,54
222,184,23,54
225,185,23,54
226,187,23,54
226,193,23,54
231,194,23,54
229,200,23,54
235,207,23,54
235,209,23,54
237,213,23,54
239,217,23,54
241,219,23,54
240,221,23,54
242,225,23,54
246,228,23,54
246,234,23,54
246,237,23,54
246,239,23,54
248,243,23,54
248,245,23,54
252,251,23,54
250,253,23,54
252,257,23,54
256,257,23,54
256,264,23,54
260,268,23,54
260,270,24,49
262,275,24,49
262,279,24,49
263,280,24,49
267,286,24,49
269,289,24,49
271,289,24,49
271,290,24,49
273,292,24,49
275,291,21,49
277,289,21,49
280,290,21,49
284,290,21,49
286,291,21,49
286,291,21,49
290,291,21,49
290,290,21,49
294,288,21,49
294,288,21,49
296,288,21,49
297,286,21,49
297,286,21,49
297,286,21,49
301,286,21,49
305,286,21,49
305,286,21,49
305,286,21,49
305,286,21,49
302,288,21,49
295,288,21,49
293,288,25,53
287,287,22,53
285,287,22,53
283,289,22,53
278,289,22,53
276,289,22,53
267,288,27,53
265,287,27,53
263,289,27,53
256,288,27,53
251,288,27,53
251,288,27,53
244,286,27,53
239,288,27,53
237,289,27,53
235,288,24,52
237,288,24,52
237,290,24,52
239,288,24,52
237,288,24,52
243,288,24,52
244,288,24,52
246,284,24,52
248,286,24,52
248,288,24,52
252,286,24,52
252,286,24,52
254,288,24,52
256,288,24,52
258,287,24,52
258,289,24,52
258,287,24,52
263,285,24,52
261,287,24,52
263,285,24,52
263,287,24,52
265,285,24,52
269,289,24,52
269,287,24,52
271,287,24,52
271,287,24,52
274,286,24,52
274,288,24,52
276,284,24,52
278,284,24,52
277,286,24,52
279,286,24,52
280,285,24,52
282,285,24,52
282,285,24,52
282,285,24,52
284,285,24,52
288,285,24,52
290,284,24,52
288,284,24,52
288,286,24,52
291,286,24,52
293,284,24,52
293,286,24,52
293,284,24,52
297,285,24,52
297,285,24,52
297,285,24,52
299,283,24,52
299,285,24,52
303,285,24,52
303,283,24,52
303,285,24,52
305,283,24,52
305,285,24,52
306,285,24,52
308,281,24,52
306,283,24,52
310,285,24,52
310,291,24,52
311,293,24,52
311,297,24,52
311,301,24,52
313,299,24,52
312,304,24,52
316,305,24,52
318,305,24,52
316,305,24,52
320,305,24,52
322,305,24,52
324,305,21,53
326,305,21,53
327,304,21,53
327,304,21,53
329,306,21,53
327,308,21,53
327,310,21,53
327,314,21,53
329,319,21,53
326,322,21,53
327,326,21,53
327,328,21,53
327,331,21,53
328,331,21,53
327,329,21,53
331,327,21,53
329,327,21,53
331,327,21,53
331,328,21,53
331,328,21,53
331,330,21,53
345,338,21,53
346,337,21,53
346,343,21,53
348,346,21,53
348,346,21,53
350,353,21,53
350,357,21,53
352,358,21,53
350,358,21,53
352,361,21,53
354,361,21,53
354,357,21,53
354,357,21,53
354,357,21,53
354,357,21,53
355,353,21,53
355,353,21,53
356,354,21,53
356,354,21,53
356,354,21,53
356,352,21,50
358,352,21,50
358,352,21,50
356,352,21,50
356,352,21,50
358,352,21,50
358,352,21,50
360,351,21,50
362,351,21,50
360,351,21,50
360,351,21,50
354,351,21,50
348,351,21,50
346,351,21,50
337,351,21,50
327,351,21,50
324,353,21,50
320,349,21,50
314,349,21,50
310,349,21,50
306,349,21,50
297,353,21,50
297,353,21,50
297,353,21,50
299,353,21,50
297,355,21,50
299,357,21,50
297,357,21,50
299,355,21,50
299,357,21,50
301,353,21,50
301,353,21,50
299,353,21,50
301,355,21,50
301,349,21,50
303,353,21,50
301,355,21,50
301,353,21,50
303,355,21,50
303,353,21,50
307,349,21,50
313,351,21,50
323,351,21,50
324,353,21,50
326,351,21,50
333,351,21,50
339,351,21,50
343,353,21,50
352,352,21,50
358,354,21,50
360,352,21,50
369,354,21,50
373,348,21,50
381,348,21,50
384,347,21,50
388,345,21,50
392,346,21,50
403,346,21,50
407,346,21,50
411,346,21,50
413,346,21,50
420,345,21,50
430,345,21,50
441,347,21,50
443,345,21,50
445,345,21,50
452,344,21,50
458,344,21,50
464,345,21,50
465,345,21,50
473,345,21,50
477,345,21,50
486,345,21,50
490,345,21,50
492,344,21,50
498,345,21,50
501,345,21,50
511,345,21,50
513,345,21,50
516,345,21,50
516,344,21,50
516,344,21,50
514,344,21,50
514,344,21,50
514,344,21,50
514,344,21,50
514,344,21,50
514,344,21,50
514,344,21,50
514,344,21,50
514,344,21,50
516,344,21,50
516,344,21,50
516,344,21,50
518,340,21,50
514,344,21,50
518,342,21,50
514,344,21,50
516,342,21,50
516,342,21,50
516,340,21,50
514,340,21,50
514,336,21,50
514,328,21,50
513,329,21,50
517,322,21,50
514,320,21,50
515,316,21,50
515,314,21,50
520,311,20,49
515,313,20,49
516,304,20,49
516,298,20,49
517,296,20,49
515,291,20,49
515,287,20,49
516,288,20,49
516,278,20,49
514,279,20,49
515,276,20,49
517,275,20,49
515,276,22,44
516,269,22,44
515,269,22,44
515,265,22,44
516,260,22,44
516,262,22,44
516,254,22,44
516,250,22,44
516,246,22,44
517,242,22,44
518,237,22,44
518,235,22,44
516,232,22,44
518,226,22,44
517,225,22,41
517,220,22,41
515,219,22,41
516,213,22,41
516,208,22,41
516,208,22,41
516,202,22,41
517,198,22,41
516,195,22,41
515,191,22,41
515,185,22,41
514,187,22,41
514,184,22,41
516,180,22,41
514,177,22,41
516,173,22,41
517,169,22,41
518,164,22,41
516,163,22,41
517,156,22,41
517,151,22,41
517,151,22,41
517,146,22,41
516,143,22,41
516,145,22,41
516,143,22,41
516,143,22,41
516,143,22,41
516,143,22,41
516,143,22,41
516,147,22,41
516,147,22,41
516,147,22,41
516,147,22,41
516,147,22,41
516,147,22,41
516,147,22,41
516,147,22,41
516,147,22,41
516,147,22,41
516,147,22,41
516,147,22,41
516,147,22,41
516,147,22,41
516,147,22,41
516,147,22,41
516,147,22,41
516,147,22,41
516,147,22,41
516,147,22,41
520,147,22,41
520,147,22,41
520,147,22,41
520,147,22,41
