264,100,27,61
267,98,27,61
268,100,27,61
270,99,27,61
273,98,27,61
274,100,27,61
278,99,27,61
279,99,27,61
280,100,27,61
280,100,27,61
284,100,27,61
287,99,27,61
291,98,27,61
294,98,25,61
296,98,25,61
297,98,25,61
300,99,25,61
303,98,25,61
303,97,25,61
304,97,25,61
309,97,25,61
312,97,25,61
317,97,25,61
319,96,25,61
319,98,25,61
320,96,25,61
324,95,25,61
327,95,25,61
330,96,25,61
331,95,25,61
335,94,25,61
335,94,25,61
335,94,25,61
335,94,25,61
341,92,25,61
341,92,25,61
341,92,25,61
341,92,25,61
343,92,25,61
343,92,25,61
346,94,25,61
346,94,25,61
350,93,25,61
350,93,25,61
354,93,25,61
354,93,25,61
359,93,25,61
359,93,25,61
361,93,25,61
363,93,25,61
367,94,25,61
368,90,25,61
369,91,25,61
373,91,25,61
373,91,25,61
373,91,25,61
373,91,25,61
377,91,25,61
377,91,25,61
381,91,25,61
384,89,25,61
384,89,25,61
387,88,25,61
387,88,25,61
378,87,25,61
373,86,25,61
373,86,25,61
365,86,25,61
362,86,25,61
362,86,25,61
356,86,25,61
352,86,25,61
345,89,25,61
338,90,25,61
334,89,25,61
331,86,25,61
324,85,25,61
319,88,25,61
316,89,25,61
310,89,25,61
307,88,25,61
300,88,25,61
296,89,25,61
291,89,25,61
287,89,25,61
283,88,25,61
279,87,25,61
271,88,25,61
266,88,25,61
266,88,25,61
270,88,25,61
271,87,25,61
271,87,25,61
277,86,25,61
280,86,25,61
280,86,25,61
284,86,23,59
284,86,23,59
285,87,23,59
285,87,23,59
282,86,23,59
282,86,23,59
271,86,23,59
271,86,23,59
261,86,23,59
259,86,23,59
253,87,23,59
248,87,23,59
248,87,22,57
242,87,22,57
235,87,22,57
235,88,22,57
229,86,22,57
225,86,22,57
219,86,22,57
212,87,22,57
202,90,22,57
199,90,22,57
195,89,22,57
190,86,22,57
188,86,22,57
180,86,20,46
177,86,20,46
171,87,20,46
173,87,20,46
173,87,20,46
173,87,20,46
178,87,20,46
178,87,20,46
181,86,20,46
181,86,20,46
173,87,20,46
164,86,20,46
164,86,20,46
157,86,20,46
149,89,20,46
144,86,20,46
142,87,20,46
138,87,20,46
133,87,20,46
133,87,20,46
127,87,20,46
120,86,20,46
120,86,20,46
116,87,20,46
110,86,20,46
107,86,20,46
107,86,20,46
96,87,20,46
96,87,20,46
88,87,20,46
88,87,20,46
83,86,20,46
79,87,20,46
79,87,23,54
79,87,23,54
79,87,23,54
83,87,23,54
87,86,23,54
87,86,23,54
87,86,23,54
91,86,23,54
91,86,23,54
95,86,23,54
98,86,23,54
99,86,23,54
99,86,23,54
99,86,23,54
104,86,23,54
104,86,23,54
104,86,23,54
110,86,23,54
110,86,23,54
110,86,23,54
110,86,23,54
115,83,23,54
115,83,23,54
118,82,23,54
118,82,23,54
123,82,23,54
123,82,23,54
127,83,23,54
127,83,23,54
130,83,23,54
130,83,23,54
133,83,23,54
133,83,23,54
139,83,23,54
139,83,23,54
140,83,23,54
140,83,23,54
143,83,23,54
143,83,23,54
147,80,23,54
147,80,23,54
148,80,23,54
154,80,23,54
154,80,23,54
158,80,23,54
158,80,23,54
161,79,23,54
161,79,23,54
161,79,23,54
166,80,23,54
166,80,23,54
171,79,23,54
171,79,23,54
171,85,23,54
171,85,23,54
176,93,23,54
176,93,23,54
178,100,23,54
178,100,25,60
185,106,23,54
185,109,23,54
185,112,23,54
191,116,23,54
194,120,23,54
194,125,23,54
194,131,23,54
198,136,23,54
198,138,23,54
200,143,23,54
203,146,23,54
207,152,23,54
207,152,23,54
211,156,23,54
211,163,23,54
214,169,23,54
214,173,23,54
216,176,23,54
217,179,23,54
218,181,23,54
220,185,23,54
225,188,23,54
225,188,23,54
228,197,23,54
229,201,23,54
233,205,23,54
233,211,23,54
233,211,23,54
236,213,23,54
236,213,23,54
236,222,23,54
236,222,23,54
241,227,23,54
241,227,23,54
244,235,23,54
244,235,23,54
246,239,23,54
246,245,23,54
246,245,23,54
246,245,23,54
252,254,23,54
252,254,23,54
252,258,24,49
256,267,24,49
256,267,24,49
259,272,24,49
259,272,24,49
263,279,24,49
263,279,24,49
263,284,24,49
263,284,24,49
269,285,21,49
269,285,21,49
275,286,21,49
275,286,21,49
278,285,21,49
278,285,21,49
278,285,21,49
282,286,21,49
282,286,21,49
286,286,21,49
286,286,21,49
290,286,21,49
290,286,21,49
290,286,21,49
294,286,21,49
294,286,21,49
299,286,21,49
299,286,21,49
299,286,21,49
302,288,21,49
302,288,21,49
297,284,25,53
293,283,22,53
287,283,22,53
287,283,22,53
282,283,22,53
282,283,22,53
271,284,27,53
269,283,27,53
263,283,27,53
258,284,27,53
253,282,27,53
253,282,27,53
248,282,27,53
243,282,27,53
241,283,27,53
235,282,24,52
229,282,24,52
229,282,24,52
229,282,24,52
233,282,24,52
233,282,24,52
236,282,24,52
236,282,24,52
240,282,24,52
240,282,24,52
244,282,24,52
244,282,24,52
246,282,24,52
246,282,24,52
250,283,24,52
250,283,24,52
250,283,24,52
257,279,24,52
257,279,24,52
257,279,24,52
257,279,24,52
257,279,24,52
260,281,24,52
260,281,24,52
262,281,24,52
262,281,24,52
266,282,24,52
266,282,24,52
266,282,24,52
266,282,24,52
269,282,24,52
269,282,24,52
274,283,24,52
274,283,24,52
274,283,24,52
274,283,24,52
274,283,24,52
274,283,24,52
280,280,24,52
280,280,24,52
282,280,24,52
285,280,24,52
287,280,24,52
287,280,24,52
287,280,24,52
291,281,24,52
291,281,24,52
294,279,24,52
294,279,24,52
294,279,24,52
294,279,24,52
297,279,24,52
297,279,24,52
297,279,24,52
297,279,24,52
302,281,24,52
302,281,24,52
300,279,24,52
300,279,24,52
302,279,24,52
307,287,24,52
307,287,24,52
307,293,24,52
307,293,24,52
310,296,24,52
313,299,24,52
313,299,24,52
313,299,24,52
312,303,24,52
312,303,24,52
316,303,21,53
318,305,21,53
321,304,21,53
321,304,21,53
321,304,21,53
321,304,21,53
321,302,21,53
321,302,21,53
321,309,21,53
322,312,21,53
325,314,21,53
325,314,21,53
328,323,21,53
328,323,21,53
333,327,21,53
333,327,21,53
335,327,21,53
335,327,21,53
336,326,21,53
336,326,21,53
337,328,21,53
337,328,21,53
342,329,21,53
342,329,21,53
342,334,21,53
342,334,21,53
343,341,21,53
343,341,21,53
344,350,21,53
344,350,21,53
346,353,21,53
346,353,21,53
347,353,21,53
347,353,21,53
348,353,21,53
348,353,21,53
351,353,21,53
351,353,21,53
350,352,21,53
350,352,21,53
350,352,21,53
350,352,21,50
350,352,21,50
352,352,21,50
352,352,21,50
352,352,21,50
352,352,21,50
352,352,21,50
354,351,21,50
354,351,21,50
354,351,21,50
354,351,21,50
356,351,21,50
356,351,21,50
356,351,21,50
343,349,21,50
333,349,21,50
328,349,21,50
324,349,21,50
316,349,21,50
314,349,21,50
310,349,21,50
302,349,21,50
302,349,21,50
295,349,21,50
291,349,21,50
291,349,21,50
291,349,21,50
292,349,21,50
292,349,21,50
292,349,21,50
292,349,21,50
292,349,21,50
292,349,21,50
292,349,21,50
297,349,21,50
296,349,21,50
296,349,21,50
296,349,21,50
296,349,21,50
296,349,21,50
296,349,21,50
296,349,21,50
296,349,21,50
307,349,21,50
312,349,21,50
316,349,21,50
321,349,21,50
325,349,21,50
337,348,21,50
343,348,21,50
343,348,21,50
352,348,21,50
355,348,21,50
364,348,21,50
369,347,21,50
375,345,21,50
377,346,21,50
386,346,21,50
396,346,21,50
396,346,21,50
401,346,21,50
405,345,21,50
412,345,21,50
423,347,21,50
430,345,21,50
430,345,21,50
436,344,21,50
441,344,21,50
445,345,21,50
455,345,21,50
455,345,21,50
463,345,21,50
469,345,21,50
473,345,21,50
480,342,21,50
483,343,21,50
487,343,21,50
497,343,21,50
500,343,21,50
504,343,21,50
512,344,21,50
512,344,21,50
512,344,21,50
512,344,21,50
512,344,21,50
512,344,21,50
512,344,21,50
512,344,21,50
512,344,21,50
512,344,21,50
512,344,21,50
512,344,21,50
512,344,21,50
512,344,21,50
514,340,21,50
514,340,21,50
514,340,21,50
514,340,21,50
514,340,21,50
514,340,21,50
514,340,21,50
514,340,21,50
514,340,21,50
514,340,21,50
513,335,21,50
513,330,21,50
514,326,21,50
513,322,21,50
513,322,21,50
515,317,20,49
515,317,20,49
516,312,20,49
514,310,20,49
515,308,20,49
515,303,20,49
515,299,20,49
514,298,20,49
514,292,20,49
514,287,20,49
515,286,20,49
515,285,20,49
515,282,22,44
516,275,22,44
515,275,22,44
515,271,22,44
516,266,22,44
516,266,22,44
516,260,22,44
516,256,22,44
514,252,22,44
515,250,22,44
518,245,22,44
518,245,22,44
516,240,22,44
518,234,22,44
515,233,22,41
515,230,22,41
515,225,22,41
516,223,22,41
516,218,22,41
514,216,22,41
516,212,22,41
517,208,22,41
516,201,22,41
515,199,22,41
515,197,22,41
514,195,22,41
518,188,22,41
518,188,22,41
514,181,22,41
514,181,22,41
517,175,22,41
520,172,22,41
518,171,22,41
517,164,22,41
517,157,22,41
517,157,22,41
517,152,22,41
516,147,22,41
516,147,22,41
516,147,22,41
516,147,22,41
516,147,22,41
516,147,22,41
516,147,22,41
516,147,22,41
516,147,22,41
516,147,22,41
516,147,22,41
516,147,22,41
516,147,22,41
516,147,22,41
516,147,22,41
516,147,22,41
516,147,22,41
516,147,22,41
516,147,22,41
516,147,22,41
516,147,22,41
516,147,22,41
516,147,22,41
516,147,22,41
516,147,22,41
516,147,22,41
516,147,22,41
516,147,22,41
520,147,22,41
520,147,22,41
520,147,22,41
520,147,22,41
520,147,22,41
