285,206,35,75
285,206,35,75
285,206,31,74
284,205,31,74
284,205,31,74
284,205,31,74
278,203,30,72
276,203,30,72
276,203,30,72
273,201,30,72
273,201,30,72
269,201,30,72
269,201,30,72
266,201,30,72
266,198,30,72
263,197,30,72
261,197,30,71
258,197,29,69
256,196,29,69
254,193,29,69
254,191,29,69
254,191,27,67
253,191,27,67
249,191,27,67
249,190,27,67
249,190,27,67
249,190,27,67
261,188,27,67
270,185,27,67
286,186,27,67
301,183,27,67
316,185,27,67
330,184,27,67
341,184,27,67
358,181,27,67
364,183,27,67
384,180,27,67
392,180,27,67
405,181,27,67
420,177,27,67
432,179,28,65
449,176,28,65
472,176,28,65
487,176,28,65
521,172,28,65
552,172,28,65
552,172,28,65
555,167,28,65
551,167,27,64
551,167,27,64
551,167,27,64
551,167,27,60
551,167,27,60
550,166,27,60
550,166,25,56
550,166,25,56
550,166,25,56
550,166,25,56
552,164,25,56
552,162,25,56
552,162,25,56
552,162,25,56
554,161,25,56
554,161,25,56
555,161,25,56
555,161,25,56
559,158,25,56
559,158,25,56
562,157,25,56
546,157,25,56
537,156,25,56
522,155,25,56
505,152,25,56
495,153,25,56
472,154,25,56
456,152,25,56
432,154,25,56
415,151,25,56
398,151,25,56
389,152,25,56
370,151,25,56
362,147,25,56
348,149,25,56
320,148,25,56
305,149,25,56
286,149,25,56
271,148,25,56
254,146,25,56
254,146,25,56
254,146,25,56
254,146,25,56
257,147,24,53
257,147,24,53
257,147,24,53
261,143,24,53
261,143,24,53
261,143,24,53
261,143,24,53
261,143,24,53
246,141,24,53
215,142,24,53
186,141,24,53
155,139,24,53
155,139,24,53
156,140,24,49
158,140,24,49
158,140,24,49
158,140,24,49
158,140,24,49
158,140,24,49
158,140,24,49
160,139,24,49
164,138,24,49
164,138,24,49
164,138,24,49
164,138,24,49
164,138,24,49
164,138,24,49
168,138,24,49
169,137,24,49
169,135,24,49
171,135,24,49
172,134,24,49
172,134,24,49
175,133,24,49
177,185,24,49
177,185,24,49
177,198,24,49
178,217,24,49
178,217,24,49
178,217,24,49
178,217,24,49
178,217,24,49
178,217,24,49
178,217,24,49
182,217,23,45
182,217,23,45
182,217,23,45
182,217,23,45
182,217,23,45
186,217,23,45
186,217,23,45
191,216,23,45
195,217,20,42
195,217,20,42
195,217,20,42
200,216,20,42
