334,19,19,24
334,19,19,24
334,21,19,24
334,21,19,24
334,19,19,24
334,19,19,24
333,20,19,24
333,22,19,24
333,22,19,24
334,20,18,24
334,20,18,24
334,20,18,24
334,20,18,24
334,20,18,24
335,23,16,24
334,22,16,24
334,22,16,24
334,22,16,24
334,22,16,24
334,22,16,24
334,22,16,24
334,22,16,24
334,22,16,24
334,22,16,24
334,22,16,24
334,23,16,24
334,23,16,24
334,23,16,24
334,23,16,24
334,23,16,24
334,24,16,24
334,24,16,24
334,24,16,24
334,24,16,24
334,24,16,24
334,24,16,24
334,24,16,24
334,24,16,24
336,26,16,24
334,24,16,24
334,24,16,24
335,25,16,24
335,25,16,24
335,25,16,24
335,25,16,24
335,25,16,24
335,25,16,24
335,25,16,24
335,25,16,24
335,25,16,24
335,25,16,24
335,27,16,24
335,27,16,24
336,27,15,24
336,27,15,24
337,28,15,24
337,29,15,24
337,29,15,24
337,29,15,24
337,29,15,24
337,28,14,23
337,28,14,23
337,28,14,23
337,28,14,23
337,28,14,23
337,30,14,23
337,30,14,23
337,30,14,23
337,29,14,23
337,30,14,23
337,30,14,23
337,30,14,23
338,31,14,23
338,31,14,23
338,31,14,23
338,31,14,23
338,31,14,23
338,31,14,23
338,33,14,23
339,33,14,23
339,33,14,23
339,33,14,23
339,33,14,23
341,34,14,23
341,34,14,23
341,34,14,23
339,33,14,23
341,33,14,23
341,33,14,23
341,33,14,23
341,33,14,23
341,33,14,23
341,33,14,23
341,35,14,23
341,35,14,23
342,36,14,23
342,36,14,23
341,33,14,23
341,33,14,23
342,35,14,23
342,35,14,23
342,35,14,23
342,35,14,23
342,35,14,23
342,35,14,23
342,36,14,23
342,34,14,23
342,34,14,23
342,34,14,23
342,34,14,23
342,34,14,23
342,34,14,23
342,34,14,23
342,34,14,23
343,36,14,23
343,40,14,23
343,38,14,23
343,35,14,23
343,35,14,23
343,35,14,23
343,37,14,23
343,37,14,23
343,37,14,23
343,37,14,23
344,37,14,23
344,37,14,23
344,37,14,23
344,37,14,23
344,37,14,23
344,37,14,23
344,37,14,23
345,37,14,23
345,37,14,23
345,37,14,23
345,37,14,23
345,37,14,23
345,37,14,23
345,37,14,23
345,37,14,23
345,37,14,23
345,37,14,23
345,37,14,23
345,37,14,23
345,37,14,23
345,37,14,23
345,37,14,23
345,37,14,23
346,39,14,23
345,39,14,23
345,39,14,23
345,39,14,23
345,39,14,23
345,39,14,23
345,39,14,23
345,39,14,23
345,39,14,23
345,39,14,23
345,39,14,23
345,39,14,23
345,39,14,23
345,39,14,23
345,39,14,23
345,39,14,23
345,39,14,23
345,39,14,23
346,39,14,23
346,39,14,23
346,39,14,23
346,41,14,23
346,41,14,23
346,38,14,23
346,38,14,23
346,38,14,23
346,41,14,23
346,41,14,23
346,41,14,23
346,41,14,23
346,41,14,23
346,41,14,23
346,41,14,23
346,41,14,23
346,41,14,23
346,41,14,23
346,41,14,23
346,41,14,23
346,41,14,23
346,41,14,23
346,41,14,23
346,41,14,23
347,41,14,23
347,41,14,23
347,41,14,23
348,41,14,23
348,41,14,23
348,41,14,23
348,41,14,23
348,42,14,23
348,42,14,23
348,42,14,23
348,42,14,23
348,42,14,23
348,42,14,23
348,42,14,23
348,43,14,23
348,41,14,23
348,42,14,23
348,44,14,23
348,44,14,23
348,42,14,23
350,43,14,23
350,43,14,23
350,43,14,23
350,43,14,23
350,43,14,23
350,43,14,23
350,43,14,23
350,45,14,23
350,45,14,23
350,43,14,23
350,43,14,23
350,45,14,23
350,45,14,23
350,46,14,23
350,46,14,23
350,43,14,23
350,46,14,23
350,46,14,23
350,46,14,23
350,46,14,23
350,46,14,23
350,46,14,23
350,46,14,23
350,46,14,23
350,46,14,23
350,46,14,23
350,46,14,23
350,46,14,23
350,46,14,23
350,46,14,23
350,46,14,23
350,46,14,23
350,46,14,23
350,46,14,23
350,46,14,23
350,49,15,18
350,49,16,16
350,49,15,16
350,49,16,16
350,49,15,18
350,49,14,15
350,49,16,13
350,49,16,16
350,49,16,15
350,49,17,16
350,49,17,14
350,49,15,15
350,49,17,14
350,49,16,14
350,49,16,14
350,49,16,16
350,49,18,16
352,51,15,15
351,51,18,14
351,51,16,13
351,51,17,13
353,49,14,17
353,50,16,15
353,52,15,14
354,51,15,14
354,53,13,13
354,53,15,14
354,53,16,11
354,53,14,12
354,51,16,13
354,53,16,11
354,53,17,12
356,53,14,13
354,53,17,10
356,51,15,14
356,51,16,14
356,53,14,12
356,53,15,12
356,53,16,13
356,53,16,11
356,53,16,11
356,51,17,13
360,84,14,23
359,104,14,23
360,123,14,23
360,123,14,23
360,123,14,23
360,123,14,23
360,123,14,23
360,123,14,23
360,123,14,23
362,123,14,23
362,123,14,23
362,123,14,23
362,123,14,23
362,123,14,23
362,123,14,23
362,123,14,23
362,123,14,23
362,123,14,23
363,123,15,25
363,123,15,25
363,123,15,25
363,123,15,25
363,123,15,25
363,123,15,25
365,123,15,25
365,123,15,25
365,125,15,25
365,125,15,25
365,125,15,25
365,125,15,25
365,125,15,25
365,127,15,25
365,127,15,25
365,127,15,25
365,127,15,25
365,127,15,25
365,127,15,25
367,127,15,25
368,125,18,29
368,125,18,29
368,125,18,29
368,125,18,29
368,125,18,29
369,124,18,29
369,124,18,29
369,124,18,29
369,124,18,29
369,124,18,29
369,124,18,29
369,124,18,29
373,127,18,29
373,127,18,29
373,127,18,29
373,127,18,29
373,127,18,29
373,127,18,29
373,127,18,29
377,185,18,29
378,193,18,29
378,193,18,29
378,193,18,29
378,193,18,29
378,193,18,29
378,193,18,29
378,193,18,29
378,193,18,29
379,221,18,29
379,261,18,29
379,261,18,29
379,261,18,29
379,261,18,29
379,261,18,29
382,262,18,29
382,262,18,29
382,262,18,29
382,262,18,29
382,262,18,29
382,262,18,29
382,262,18,29
382,262,18,29
382,262,18,29
382,262,18,29
382,262,18,29
382,262,18,29
382,262,18,29
382,262,18,29
382,262,18,29
382,262,18,29
384,266,18,29
384,266,18,29
384,266,18,29
384,266,18,29
384,266,18,29
386,268,18,29
386,268,18,29
387,267,18,29
387,267,18,29
388,267,18,29
388,267,18,29
388,267,18,29
388,267,18,29
387,270,18,29
387,270,18,29
387,270,18,29
387,270,18,29
388,268,18,29
390,271,18,29
390,271,18,29
390,271,18,29
390,271,18,29
390,271,18,29
393,266,18,29
390,266,18,29
390,256,18,29
392,250,18,29
392,245,18,29
392,245,18,29
392,234,18,29
392,234,18,29
393,230,18,29
393,230,18,29
393,230,18,29
393,230,18,29
393,230,18,29
393,230,18,29
395,230,18,29
393,233,17,31
390,220,20,31
392,211,20,37
392,203,18,38
391,198,20,39
392,197,20,34
390,192,21,36
390,189,21,32
390,184,21,32
390,182,21,32
392,174,21,32
392,169,21,32
390,158,21,32
389,147,21,32
388,135,23,37
388,132,23,37
388,132,23,37
388,132,23,37
388,132,23,37
388,132,23,37
388,132,23,37
389,137,23,37
387,135,23,37
387,135,23,37
387,135,23,37
388,136,23,37
388,136,23,37
388,136,23,37
388,136,23,37
388,136,23,37
388,136,23,37
388,136,23,37
387,138,23,37
387,138,23,37
387,138,23,37
387,138,23,37
386,138,23,37
386,138,23,37
384,137,23,37
385,140,23,37
385,139,23,37
384,139,23,37
384,139,23,37
384,139,23,37
384,139,23,37
384,139,23,37
384,141,23,37
384,141,23,37
382,142,23,37
382,142,23,37
382,142,23,37
382,142,23,37
380,142,23,37
380,144,23,37
380,144,23,37
380,144,23,37
379,147,23,37
379,147,23,37
379,147,23,37
379,147,23,37
379,147,23,37
379,147,23,37
379,147,23,37
376,146,23,37
371,146,23,37
362,146,23,37
350,147,23,37
342,147,23,37
330,149,23,37
327,149,23,37
319,149,23,37
313,150,23,37
308,150,23,37
301,150,23,37
290,150,23,37
278,150,23,37
271,151,23,37
267,151,20,42
258,151,23,43
246,151,27,42
239,154,22,40
235,154,24,40
231,153,24,43
223,152,22,43
223,154,25,43
224,153,22,43
225,154,23,43
223,154,25,43
224,158,22,40
224,158,23,37
224,158,23,37
224,158,23,43
224,158,23,37
224,158,23,37
222,158,25,41
222,156,25,43
222,158,23,37
222,158,24,43
222,158,22,43
227,157,23,44
235,159,25,42
244,159,22,43
249,160,22,42
251,160,24,41
261,160,25,41
263,160,23,37
269,161,23,37
274,161,23,37
280,161,23,37
286,162,23,37
291,162,23,37
295,162,23,37
301,162,23,37
308,162,23,37
316,162,23,37
318,162,23,37
322,162,23,37
327,162,23,37
336,161,23,37
341,161,23,37
345,162,23,37
350,162,23,37
356,162,23,37
361,162,23,37
367,162,23,37
372,164,23,37
377,164,23,37
381,164,23,37
388,164,23,37
394,164,23,37
397,164,23,37
406,164,23,37
410,164,23,37
414,164,23,37
414,164,23,37
414,164,23,37
414,164,23,37
414,164,23,37
414,164,23,37
413,167,23,37
413,167,23,37
413,167,23,37
413,167,23,37
413,167,23,37
413,167,23,37
413,166,23,37
412,165,23,37
412,165,23,37
411,165,23,37
411,166,23,37
411,166,23,37
411,166,23,37
411,166,23,37
410,167,23,37
410,167,23,37
410,170,23,37
410,170,23,37
409,171,23,37
409,171,23,37
409,171,23,37
407,170,23,37
407,172,23,37
407,175,23,37
407,177,23,37
407,177,23,37
407,177,23,37
406,179,23,37
406,179,23,37
406,179,23,37
406,179,23,37
405,184,23,37
405,186,23,37
405,193,23,37
405,193,23,37
405,193,23,37
404,195,23,37
404,195,23,37
403,195,23,37
403,195,23,37
402,197,23,37
401,203,23,37
401,203,23,37
401,203,23,37
401,203,23,37
401,203,23,37
401,203,23,37
401,203,23,37
401,203,23,37
399,205,23,37
399,207,23,37
401,213,23,37
401,213,23,37
401,213,23,37
401,213,23,37
401,213,23,37
398,215,23,37
398,215,23,37
398,215,23,37
398,215,23,37
398,215,23,37
398,215,23,37
395,216,23,37
395,216,23,37
395,216,23,37
395,216,23,37
395,216,23,37
395,216,23,37
395,216,23,37
395,216,23,37
395,216,23,37
395,216,23,37
395,216,23,37
395,219,23,37
393,221,23,37
393,221,23,37
393,221,23,37
394,224,23,37
394,226,23,37
394,226,23,37
392,228,23,37
389,228,23,37
389,228,23,37
389,228,23,37
389,228,23,37
389,228,23,37
389,228,23,37
388,216,27,44
387,219,27,44
387,219,27,44
387,223,27,44
385,225,27,44
385,225,27,44
385,225,27,44
385,225,27,44
385,225,27,44
385,225,27,44
382,225,27,44
381,222,25,46
381,222,25,46
381,222,25,46
380,225,25,46
380,225,25,46
380,225,25,46
380,225,25,46
379,227,25,46
379,227,25,46
379,227,25,46
