124,154,30,78
122,153,30,78
120,153,30,78
118,154,30,78
116,155,30,78
113,155,30,78
110,155,30,78
110,155,30,78
109,155,30,78
106,156,30,78
106,156,30,78
106,156,30,78
106,156,30,78
106,156,30,78
106,156,30,78
99,155,30,78
99,155,30,78
98,155,30,78
98,155,30,78
98,155,30,78
98,155,30,78
98,155,30,78
98,155,30,78
98,155,30,78
98,155,30,78
98,155,30,78
98,155,30,78
98,155,30,78
98,155,30,78
98,155,30,78
98,155,30,78
98,155,30,78
98,155,30,78
98,155,30,78
98,155,30,78
98,155,30,78
98,155,30,78
98,155,30,78
98,155,30,78
98,155,30,78
98,155,30,78
98,155,30,78
98,155,30,78
98,155,30,78
98,155,30,78
98,155,30,78
98,155,30,78
98,155,30,78
98,155,30,78
98,155,30,78
98,155,30,78
98,155,30,78
98,155,30,78
98,155,30,78
98,155,30,78
98,155,30,78
98,155,30,78
98,155,30,78
98,155,30,78
98,155,30,78
98,155,30,78
98,155,30,78
106,156,30,78
108,156,30,78
108,156,30,78
110,155,30,78
110,155,30,78
113,155,30,78
113,155,30,78
115,155,30,78
115,155,30,78
121,154,30,78
124,153,30,78
124,153,30,78
127,153,30,78
127,153,30,78
131,153,30,78
135,153,30,78
135,153,30,78
137,153,30,78
137,153,30,78
143,153,30,78
143,153,30,78
143,153,30,78
148,152,30,78
148,152,30,78
148,152,30,78
148,152,30,78
148,152,30,78
148,152,30,78
148,154,30,78
148,154,30,78
154,156,30,78
154,156,30,78
159,156,30,78
159,156,30,78
159,156,30,78
163,155,30,78
163,155,30,78
163,155,30,78
167,155,30,78
167,155,30,78
167,155,30,78
167,155,30,78
167,155,30,78
167,155,30,78
169,156,30,78
169,156,30,78
169,156,30,78
175,156,30,78
175,156,30,78
178,156,30,78
178,156,30,78
181,155,30,78
183,156,30,78
183,156,30,78
188,155,30,78
188,155,30,78
188,155,30,78
191,155,30,78
191,155,30,78
191,155,30,78
194,156,30,78
194,156,30,78
195,156,30,78
195,156,30,78
198,156,30,78
198,156,30,78
201,156,30,78
201,156,30,78
202,156,30,78
205,156,30,78
208,155,30,78
211,156,30,78
214,156,30,78
214,156,30,78
212,156,30,78
212,156,30,78
219,156,30,78
219,156,30,78
223,156,30,78
223,156,30,78
226,156,30,78
226,156,30,78
226,156,30,78
229,156,30,78
229,156,30,78
229,156,30,78
231,155,30,78
231,155,30,78
234,155,30,78
234,155,30,78
236,157,30,78
236,157,30,78
239,157,30,78
243,156,30,78
243,156,30,78
245,155,30,78
248,155,30,78
251,154,30,78
251,154,30,78
252,154,30,78
254,155,30,78
254,155,30,78
258,155,30,78
262,156,30,78
262,156,30,78
266,156,30,78
266,156,30,78
266,156,30,78
269,155,30,78
269,155,30,78
269,155,30,78
269,155,30,78
269,155,30,78
274,155,30,78
274,155,30,78
278,155,30,78
278,155,30,78
282,156,30,78
282,156,30,78
284,153,30,78
284,153,30,78
286,156,30,78
286,156,30,78
288,156,30,78
288,156,30,78
295,156,30,78
295,156,30,78
297,156,30,78
299,156,30,78
299,156,30,78
302,156,30,78
302,156,30,78
304,155,30,78
304,155,30,78
310,155,30,78
310,155,30,78
311,154,30,78
311,154,30,78
314,153,30,78
314,153,30,78
316,153,30,78
320,153,30,78
320,153,30,78
320,153,30,78
321,153,30,78
321,153,30,78
324,153,30,78
324,153,30,78
324,153,30,78
324,153,30,78
324,153,30,78
324,153,30,78
324,153,30,78
324,153,30,78
324,153,30,78
324,153,30,78
324,153,30,78
324,153,30,78
321,151,30,78
321,151,30,78
321,151,30,78
321,151,30,78
321,151,30,78
321,151,30,78
321,151,30,78
321,151,30,78
321,151,30,78
324,151,30,78
324,151,30,78
324,151,30,78
324,151,30,78
324,151,30,78
324,151,30,78
324,151,30,78
324,151,30,78
324,151,30,78
324,151,30,78
324,151,30,78
324,151,30,78
324,151,30,78
324,151,30,78
324,151,30,78
324,151,30,78
324,151,30,78
324,151,30,78
324,151,30,78
324,151,30,78
324,151,30,78
324,151,30,78
324,151,30,78
324,151,30,78
324,151,30,78
324,151,30,78
324,151,30,78
324,151,30,78
324,151,30,78
324,151,30,78
324,151,30,78
324,151,30,78
324,151,30,78
324,151,30,78
324,151,30,78
324,151,30,78
324,151,30,78
324,151,30,78
324,151,30,78
324,151,30,78
324,151,30,78
321,151,30,78
321,151,30,78
321,151,30,78
321,151,30,78
321,151,30,78
321,151,30,78
321,151,30,78
320,152,30,78
320,152,30,78
320,152,30,78
320,152,30,78
320,152,30,78
320,152,30,78
320,152,30,78
320,152,30,78
320,152,30,78
320,152,30,78
320,152,30,78
320,152,30,78
320,152,30,78
320,152,30,78
320,152,30,78
320,152,30,78
319,154,30,78
319,154,30,78
319,154,30,78
319,154,30,78
319,154,30,78
319,154,30,78
319,154,30,78
319,154,30,78
319,154,30,78
319,154,30,78
319,154,30,78
319,154,30,78
319,154,30,78
319,154,30,78
318,154,30,78
318,154,30,78
318,154,30,78
318,154,30,78
318,154,30,78
318,154,30,78
318,154,30,78
318,154,30,78
318,154,30,78
318,154,30,78
318,154,30,78
318,154,30,78
318,154,30,78
318,154,30,78
318,154,30,78
318,154,30,78
318,152,30,78
318,152,30,78
318,152,30,78
318,152,30,78
318,152,30,78
318,152,30,78
318,152,30,78
318,152,30,78
318,152,30,78
318,152,30,78
318,152,30,78
318,152,30,78
318,152,30,78
318,152,30,78
318,152,30,78
318,152,30,78
318,152,30,78
318,152,30,78
318,152,30,78
318,152,30,78
318,152,30,78
318,152,30,78
318,152,30,78
318,152,30,78
318,152,30,78
318,152,30,78
322,152,30,78
322,152,30,78
325,152,30,78
328,151,30,78
328,151,30,78
328,151,30,78
331,151,30,78
331,151,30,78
333,151,30,78
333,151,30,78
333,151,30,78
336,151,30,78
336,151,30,78
336,151,30,78
337,151,30,78
337,151,30,78
337,151,30,78
341,152,30,78
341,152,30,78
346,153,30,78
346,153,30,78
346,153,30,78
350,155,30,78
350,155,30,78
351,155,30,78
351,155,30,78
355,154,30,78
355,154,30,78
361,154,30,78
361,154,30,78
364,154,30,78
364,154,30,78
369,153,30,78
370,153,30,78
370,153,30,78
377,153,30,78
379,152,30,78
382,151,30,78
387,153,30,78
389,153,30,78
389,153,30,78
389,153,30,78
393,153,30,78
393,153,30,78
395,153,30,78
395,153,30,78
398,155,30,78
398,155,30,78
403,155,30,78
407,154,30,78
407,154,30,78
412,154,30,78
412,154,30,78
412,154,30,78
412,154,30,78
412,154,30,78
412,154,30,78
412,154,30,78
412,154,30,78
412,154,30,78
412,154,30,78
412,154,30,78
412,154,30,78
412,154,30,78
412,154,30,78
412,154,30,78
412,154,30,78
412,154,30,78
412,154,30,78
412,154,30,78
412,154,30,78
416,154,30,78
