110,96,24,46
110,96,24,46
110,96,24,46
110,98,24,46
113,98,24,46
113,99,24,46
114,101,24,46
116,101,24,46
116,101,24,46
116,101,25,50
116,101,25,50
117,102,25,50
118,103,25,50
118,103,25,50
118,103,25,50
120,104,25,50
121,105,25,50
121,105,25,50
123,107,25,50
126,109,25,50
127,110,25,50
127,110,28,51
129,110,28,51
129,110,28,51
130,112,28,51
130,112,28,51
133,114,28,51
133,114,28,51
137,115,28,56
137,115,28,56
138,118,28,56
138,118,28,56
139,119,28,56
139,119,28,56
140,121,28,56
140,121,28,56
142,122,28,56
142,122,28,56
142,122,28,56
142,123,28,56
142,123,28,56
144,127,29,58
144,127,29,60
144,127,31,62
144,127,31,62
144,127,31,62
144,127,31,62
144,132,31,62
144,132,31,62
144,134,31,62
144,135,31,62
144,135,31,62
143,136,32,65
142,137,32,65
142,140,32,65
142,140,32,65
139,144,32,65
138,146,36,68
138,146,36,68
132,149,36,68
131,151,36,68
127,151,36,70
127,151,36,70
124,154,36,70
117,156,37,73
113,158,37,73
110,158,37,73
105,161,37,73
103,162,37,77
103,162,37,77
98,164,37,77
95,168,37,77
91,169,37,77
89,171,37,78
78,174,41,82
75,176,41,82
71,178,41,82
67,180,41,82
64,183,44,83
59,184,44,83
53,188,44,87
44,194,44,87
33,197,44,87
30,200,44,90
