126,148,19,53
130,147,19,53
130,147,19,53
143,150,19,53
154,150,19,53
158,151,19,53
158,151,19,53
164,153,19,53
164,153,19,53
175,154,19,53
175,154,19,53
199,159,19,53
208,160,19,53
214,160,19,53
214,160,19,53
223,162,20,61
227,164,20,61
227,164,20,61
235,164,20,61
235,164,20,61
245,164,20,61
252,164,20,61
252,164,20,61
257,164,21,65
263,164,23,65
268,168,23,65
273,168,23,65
280,168,23,65
290,169,23,65
297,169,23,65
309,172,23,65
316,173,23,65
319,175,23,65
325,173,23,65
338,185,23,65
351,179,23,65
358,179,23,65
369,181,23,65
377,184,23,65
382,184,23,65
393,184,23,65
403,184,23,65
405,185,23,72
411,185,23,72
424,184,23,75
420,188,23,75
422,186,23,75
418,188,23,75
418,191,23,75
414,193,23,75
412,195,23,75
407,194,23,75
407,197,23,75
403,199,23,75
401,201,23,75
401,201,23,75
401,201,23,75
393,202,23,75
395,202,23,75
395,202,23,75
388,205,23,75
388,205,23,75
382,205,25,77
382,205,25,77
382,205,25,77
378,208,25,77
378,208,25,77
373,208,28,78
373,208,28,78
373,208,28,78
373,208,28,78
367,212,28,78
367,212,28,78
367,212,28,78
368,221,28,78
368,221,28,78
363,221,28,78
363,221,28,78
363,221,28,78
356,229,28,78
355,232,28,86
355,232,28,86
350,234,25,94
350,234,25,94
344,235,25,94
344,235,25,94
337,239,25,94
337,238,25,107
337,238,25,107
327,238,36,107
327,238,36,107
326,241,36,107
326,241,36,107
317,248,35,106
317,248,35,106
317,248,35,106
317,248,35,106
309,248,35,106
309,248,35,106
303,254,33,106
303,254,33,106
299,254,33,106
299,254,33,106
285,254,33,106
285,254,33,106
282,258,32,110
276,258,32,110
276,258,32,110
271,257,32,110
271,257,32,110
260,260,32,110
260,260,32,110
253,265,32,110
253,265,32,110
245,265,32,110
245,265,32,110
240,265,32,110
240,265,32,110
231,267,32,110
231,267,32,110
222,271,32,110
222,271,32,110
216,268,32,110
216,268,32,110
208,268,32,110
208,268,32,110
202,271,32,110
202,271,32,110
194,271,32,110
194,271,32,110
181,271,32,110
181,271,32,110
161,274,32,110
161,274,32,110
155,279,32,110
155,279,32,110
155,279,32,110
144,279,32,110
144,279,32,110
141,278,32,119
141,278,32,119
144,278,32,119
152,279,32,119
157,279,32,119
157,279,32,119
163,278,32,119
174,279,32,119
174,279,32,119
180,280,32,119
180,280,32,119
193,282,32,119
202,282,32,119
202,282,32,119
212,282,32,119
212,282,32,119
214,282,39,119
225,282,39,119
225,282,39,119
231,281,39,119
231,281,39,119
231,280,39,119
231,280,39,119
226,283,39,119
226,283,39,119
214,283,39,119
214,283,39,119
210,283,39,119
210,283,39,119
205,283,39,119
205,283,39,119
205,291,25,98
205,291,25,98
192,290,25,98
192,290,25,98
202,295,25,98
202,295,25,98
212,295,25,98
212,295,25,98
225,291,25,98
225,291,25,98
236,284,22,110
236,284,29,110
236,283,29,110
236,283,29,110
229,283,29,110
229,283,29,110
220,283,29,110
220,283,29,110
212,283,32,115
212,283,32,115
209,283,32,115
198,283,32,115
198,283,32,115
198,283,32,115
198,283,32,115
198,283,32,115
207,282,32,115
211,281,37,117
216,281,37,117
223,281,37,117
231,281,37,117
232,277,37,117
232,277,37,117
226,277,37,117
218,277,37,117
218,277,37,117
212,279,37,117
