556,236,27,64
556,234,27,64
554,232,27,64
552,230,27,64
550,230,27,64
550,230,25,60
548,230,25,60
548,230,25,60
548,228,25,60
546,226,25,60
544,226,25,60
544,224,25,60
542,224,25,60
540,224,25,60
540,222,25,60
538,220,25,60
538,220,27,59
537,218,27,59
535,218,27,59
533,218,27,59
535,218,27,59
531,216,27,59
531,216,27,59
531,214,27,59
529,214,27,59
527,212,27,59
527,210,27,59
527,212,27,57
525,210,27,57
525,210,27,57
525,210,27,57
523,210,25,54
523,210,25,54
488,210,25,54
452,208,25,54
423,206,25,54
425,208,25,54
425,206,25,54
423,206,25,54
423,204,25,54
421,204,25,54
419,204,25,51
419,202,25,51
418,202,25,51
416,202,25,51
412,202,25,51
414,202,25,51
410,202,25,51
408,200,25,51
406,200,25,51
406,198,25,51
404,198,25,51
402,198,25,51
401,198,25,51
397,196,25,51
395,196,25,51
393,196,25,51
389,196,25,51
387,194,25,51
385,194,25,51
382,194,25,51
376,194,25,51
376,194,25,48
372,192,25,48
370,192,25,48
368,192,25,48
363,192,25,48
361,190,25,48
357,192,25,48
355,190,25,48
351,190,25,48
344,190,25,48
342,190,25,48
336,190,28,45
334,190,28,45
331,190,28,45
323,190,28,45
317,188,28,45
314,186,28,45
310,188,28,45
304,188,28,45
300,188,28,45
297,188,28,45
293,188,28,45
287,188,28,45
280,188,28,45
276,186,28,45
272,186,28,45
266,186,28,45
259,186,28,45
257,186,28,45
251,184,28,45
244,186,28,45
240,186,28,45
236,186,30,39
229,186,30,39
221,186,30,39
215,186,30,39
208,186,30,39
202,184,30,39
200,184,30,39
195,184,30,39
187,184,30,39
183,184,30,39
178,182,30,39
168,182,30,39
164,182,30,39
159,182,30,39
153,182,30,39
147,182,30,39
142,180,30,39
136,180,30,39
132,180,30,39
125,180,30,39
