71,135,19,34
67,133,19,34
71,135,19,34
73,137,19,34
71,135,19,34
75,134,19,34
75,134,19,34
73,132,19,34
76,135,19,34
82,135,19,34
82,135,19,34
84,135,19,34
84,135,19,34
87,135,19,34
87,135,19,34
90,136,19,34
91,136,19,34
93,136,19,34
95,136,19,34
93,136,19,34
101,136,15,34
102,136,15,34
104,136,15,34
104,136,15,34
107,137,15,34
107,137,15,34
103,137,15,34
103,137,15,34
103,137,15,34
103,137,15,34
103,137,15,34
117,137,15,34
117,139,15,34
117,139,15,34
121,139,15,34
122,140,15,34
122,140,15,34
124,142,15,34
122,142,15,34
126,144,15,34
127,144,15,34
129,143,15,34
129,143,15,34
133,142,15,34
138,141,15,34
138,141,15,34
141,141,15,34
141,141,15,34
144,143,15,34
144,142,15,34
146,142,15,34
150,142,15,34
152,142,15,34
154,142,15,34
154,142,15,34
157,143,15,34
159,143,15,34
160,142,15,34
160,142,15,34
161,143,15,34
163,143,15,34
161,143,15,34
163,143,15,34
163,143,15,34
163,143,15,34
165,143,15,34
163,143,15,34
163,143,15,34
165,145,15,34
165,145,15,34
168,145,15,34
170,145,15,34
172,145,15,34
175,145,15,34
175,144,15,39
177,146,15,39
178,146,15,39
180,146,15,39
182,147,15,39
184,147,15,39
182,147,15,39
187,147,15,39
187,147,15,39
189,147,15,39
190,145,15,39
192,145,15,39
192,145,15,39
192,145,15,39
191,147,15,39
193,147,15,39
194,147,15,39
194,147,15,39
194,147,15,39
194,147,15,39
195,147,15,39
197,148,15,39
197,148,15,39
195,148,15,39
197,148,15,39
201,148,15,39
201,148,15,39
202,148,15,39
202,150,15,39
202,151,15,39
204,151,15,39
202,151,15,39
210,151,15,39
210,151,15,39
212,152,15,39
211,152,15,39
214,152,15,39
214,152,15,39
216,152,15,39
219,154,15,39
221,154,15,39
223,154,15,39
221,158,15,39
222,157,15,39
225,155,15,39
225,155,15,39
227,159,15,39
229,156,15,39
231,156,15,39
235,156,15,39
235,156,15,39
231,156,15,39
235,156,15,39
236,158,15,39
238,158,15,39
240,158,15,39
241,160,15,39
243,160,15,39
243,160,15,41
244,160,15,41
244,160,15,41
248,160,15,41
252,158,15,41
254,158,15,41
255,160,15,41
255,160,15,41
258,160,15,41
258,160,15,41
260,160,15,41
262,160,15,41
262,160,15,41
263,160,18,46
267,161,18,46
267,161,18,46
267,161,18,46
269,161,18,46
270,163,18,46
272,163,18,46
273,163,18,46
277,164,18,46
277,164,18,46
279,164,18,46
279,164,18,46
279,164,18,46
280,164,18,46
285,164,18,46
285,164,18,46
285,164,18,46
290,164,18,46
295,164,18,46
295,164,18,46
297,164,18,46
308,168,18,46
308,168,18,46
314,169,18,46
316,169,18,46
323,170,18,46
325,172,18,46
327,172,18,46
329,174,18,46
329,174,18,46
329,172,18,46
335,173,18,46
337,174,18,46
339,174,18,46
341,173,18,46
341,173,18,46
343,173,18,46
345,175,18,46
345,173,18,46
347,172,19,53
350,176,19,53
354,176,19,53
354,176,19,53
361,176,19,53
361,176,19,53
367,178,19,53
367,178,19,53
371,178,19,53
371,178,19,53
373,180,19,53
373,180,19,53
378,179,19,53
378,179,19,53
384,180,19,53
384,180,19,53
388,181,19,53
388,181,19,53
388,181,19,53
392,183,19,53
392,183,19,53
401,185,19,53
401,185,19,53
401,185,19,53
401,185,19,53
404,187,19,53
404,187,19,53
412,188,19,53
416,188,19,53
421,188,19,53
423,191,19,53
429,191,19,53
432,192,19,53
435,192,19,53
437,192,19,53
437,192,19,53
440,192,19,53
440,192,19,53
446,193,19,53
446,193,19,53
450,200,19,53
453,199,19,53
456,194,21,62
458,199,21,62
463,199,21,62
467,197,21,62
467,197,21,62
471,199,21,62
471,199,21,62
480,198,21,62
484,200,21,62
484,200,21,62
486,201,21,62
486,201,21,62
491,201,21,62
491,201,21,62
499,201,21,62
518,207,21,62
517,206,25,65
517,206,25,65
524,205,25,65
527,208,25,65
531,209,25,65
531,209,25,65
533,211,25,65
539,209,25,65
537,209,25,65
539,210,25,65
539,210,25,65
543,211,25,65
549,210,25,65
556,213,25,65
556,213,25,65
562,213,25,65
565,213,25,65
565,213,25,65
571,216,25,65
573,215,25,65
579,215,25,65
583,216,25,65
588,217,25,65
