59,372,41,36
79,373,49,36
95,371,40,35
104,371,40,35
127,369,44,34
135,369,44,34
147,367,44,34
163,365,44,34
178,365,44,34
186,364,44,34
242,363,44,34
244,361,44,34
256,361,44,34
263,359,44,34
280,360,44,34
284,358,44,34
297,357,44,34
302,357,44,34
316,356,44,34
316,356,44,34
370,351,44,34
375,350,44,34
384,350,41,32
392,349,41,32
405,349,41,32
406,348,41,32
418,346,37,32
427,345,37,32
435,345,37,32
435,343,37,32
444,345,37,32
453,342,37,32
462,340,37,32
469,340,37,32
469,340,37,32
479,340,37,32
517,335,37,32
547,332,37,32
547,332,37,32
557,332,32,32
569,330,32,32
574,330,32,32
582,328,32,32
586,329,32,32
597,327,32,32
