155 75 220 118
147 73 216 118
142 69 207 114
138 69 200 112
131 67 194 109
128 65 188 107
123 63 182 105
118 62 175 103
114 60 170 102
110 60 166 100
106 58 161 97
103 57 158 95
103 56 157 95
98 55 151 94
94 54 148 92
94 53 145 90
93 52 142 89
89 49 137 87
87 49 134 85
88 48 135 86
86 48 132 84
84 45 128 82
83 45 126 81
82 43 124 79
82 42 122 78
81 41 119 77
81 40 119 76
78 40 117 75
81 40 116 73
80 38 115 72
80 38 115 70
80 33 115 68
80 34 115 69
80 35 117 67
81 33 113 66
79 33 115 64
82 33 115 63
80 30 112 61
80 32 114 62
83 29 113 61
83 28 116 59
83 27 117 58
83 21 118 61
83 22 121 54
83 22 122 54
83 21 123 54
86 19 125 52
86 18 129 51
89 15 127 51
91 17 130 50
92 15 133 49
94 15 133 48
93 15 136 47
97 13 138 45
97 12 140 45
99 13 144 43
104 11 148 42
105 11 151 42
106 8 152 40
106 10 154 40
108 8 157 39
115 5 159 37
116 7 164 37
120 5 167 35
122 4 172 34
122 5 172 34
127 4 175 33
131 4 180 31
133 2 183 31
139 2 189 29
140 1 194 29
146 0 196 29
145 1 197 28
150 0 203 28
