208,137,88,146
203,143,87,142
201,148,93,139
195,149,90,137
190,152,92,135
187,156,99,134
181,157,103,129
175,161,108,123
174,167,109,117
171,167,112,113
174,166,86,102
174,166,86,102
174,172,86,96
174,172,86,96
174,172,86,96
178,180,82,90
178,180,82,90
178,180,82,90
172,196,82,90
172,196,82,90
172,196,82,90
172,196,82,90
172,196,82,90
180,186,83,102
180,186,83,102
181,181,88,115
181,181,88,115
181,179,88,115
181,179,88,115
186,181,87,123
186,181,87,123
203,180,79,123
203,180,79,123
208,179,76,138
208,179,83,166
223,180,63,162
228,187,63,162
228,188,63,162
225,193,63,162
225,193,63,162
225,197,63,162
225,197,63,162
225,209,63,162
225,209,63,162
223,214,63,162
223,214,63,162
223,217,59,168
223,217,59,168
223,217,59,168
223,221,59,168
223,221,59,168
218,230,59,168
218,230,59,168
218,230,59,168
218,230,59,168
218,233,55,165
218,233,55,165
210,238,55,165
210,238,55,165
214,252,49,156
214,252,49,156
207,258,49,156
207,258,49,156
202,266,49,156
202,266,49,156
197,271,64,156
197,271,49,156
190,273,61,156
178,272,73,161
175,279,61,156
175,279,61,156
168,279,61,156
168,279,61,156
161,280,61,156
161,280,61,156
154,281,61,156
154,281,61,156
144,284,59,154
144,284,59,154
132,292,59,146
132,292,59,146
125,294,59,146
125,294,59,146
115,297,59,146
115,297,59,146
115,311,55,127
115,311,55,127
109,311,55,127
109,311,55,127
109,311,55,127
95,316,55,127
95,316,55,127
95,316,55,127
95,316,55,127
95,316,55,127
95,316,55,127
95,316,55,127
95,316,55,127
95,316,55,127
95,316,55,127
95,316,55,127
95,316,55,127
95,316,55,127
95,316,55,127
95,316,55,127
95,316,55,127
95,316,55,127
95,316,55,127
95,316,55,127
95,316,55,127
95,316,55,127
95,316,55,127
95,316,55,127
107,316,55,127
107,316,55,127
108,314,55,127
108,314,55,127
108,314,55,127
107,299,55,127
107,299,55,127
107,281,55,127
107,281,55,127
107,277,55,127
107,277,55,127
107,277,55,127
113,263,55,127
113,263,55,127
113,263,55,127
112,254,55,127
112,254,55,127
112,254,55,127
104,250,55,127
104,250,55,127
104,250,55,127
104,250,55,127
101,244,55,127
101,244,55,127
101,244,55,127
101,235,55,127
101,235,55,127
101,235,55,127
101,235,55,127
122,236,55,127
122,236,55,127
137,229,55,127
137,229,55,127
158,225,55,127
158,225,55,127
172,224,55,127
172,224,55,127
185,224,55,127
197,224,55,127
195,224,55,127
198,214,62,137
208,215,55,127
202,215,62,137
208,215,55,127
208,215,55,127
208,215,55,127
222,217,53,139
222,217,53,139
243,217,53,139
243,217,53,139
246,210,52,155
246,210,52,155
249,207,52,155
249,207,52,155
254,206,52,155
254,206,52,155
254,206,52,155
254,206,52,155
254,206,52,155
254,206,52,155
258,199,52,155
258,199,52,155
266,198,52,155
266,198,52,155
266,198,52,155
271,201,52,155
271,201,52,155
271,201,52,155
275,193,52,155
275,193,52,155
275,189,52,155
275,189,52,155
280,189,52,155
280,189,52,155
280,188,52,155
280,188,52,155
280,188,52,155
286,187,52,155
286,187,52,155
290,187,52,155
290,187,52,155
290,187,52,155
297,188,52,155
297,188,52,155
297,188,52,155
305,187,46,153
305,187,46,153
305,187,46,153
314,183,46,153
314,183,46,153
320,184,41,148
320,184,41,148
320,184,41,148
320,184,41,148
325,179,41,148
325,179,41,148
325,179,41,148
330,177,41,148
330,177,41,148
330,177,41,148
341,176,41,148
341,176,41,148
341,176,41,148
347,176,41,148
347,176,41,148
347,176,41,148
350,175,41,148
350,175,41,148
344,180,40,140
341,179,40,140
333,176,41,131
333,176,41,131
333,176,41,131
311,175,41,131
311,175,41,131
302,173,41,131
302,173,41,131
292,172,42,136
292,172,42,136
292,172,42,136
294,169,42,136
294,169,42,136
294,169,42,136
294,169,42,136
290,164,42,136
290,164,42,136
290,164,42,136
284,162,42,136
284,162,42,136
284,162,42,136
284,162,42,136
274,160,42,136
274,160,42,136
274,160,42,136
271,163,42,128
271,163,42,128
271,163,42,128
261,177,42,128
261,177,42,128
261,177,42,128
261,177,42,128
256,193,42,128
256,193,42,128
256,193,42,128
256,193,42,128
241,199,42,128
241,199,42,128
241,199,42,128
228,211,42,128
228,211,42,128
228,211,42,128
212,206,42,128
212,206,42,128
203,205,42,128
203,205,42,128
199,205,42,128
199,205,42,128
194,204,38,122
194,204,38,122
178,205,38,122
178,205,38,122
177,205,38,122
177,205,38,122
177,205,38,122
177,205,38,122
189,204,38,122
189,204,38,122
189,204,38,122
189,204,38,122
189,204,38,122
189,204,38,122
189,204,38,122
189,204,38,122
189,204,38,122
189,204,38,122
189,204,38,122
198,201,38,122
198,201,38,122
198,201,38,122
198,201,38,122
205,200,38,122
205,200,38,122
205,200,38,122
209,198,38,122
209,198,38,122
209,198,38,122
209,198,38,122
209,198,38,122
209,198,38,122
209,198,38,122
209,198,38,122
209,198,38,122
209,198,38,122
223,188,38,122
218,197,38,122
227,195,38,122
224,191,38,122
227,190,38,122
228,192,38,122
232,187,38,122
228,191,38,122
229,190,38,122
232,187,38,122
237,187,38,122
240,191,38,122
238,186,38,122
236,193,38,122
236,193,38,122
236,193,38,122
236,188,38,122
236,188,38,122
236,188,38,122
246,186,38,122
236,188,56,125
236,188,38,122
244,188,38,122
244,188,38,122
254,181,38,122
254,181,38,122
254,182,38,122
256,185,38,122
256,185,38,122
256,185,38,122
250,185,38,122
250,185,38,122
242,182,38,122
233,184,38,122
233,184,38,122
219,184,38,122
219,184,38,122
219,184,38,122
202,183,38,122
198,179,38,122
187,175,38,122
183,176,38,122
174,181,38,122
175,174,38,122
164,181,38,122
164,181,38,122
156,181,38,122
144,181,38,122
144,181,38,122
140,180,38,122
152,171,38,122
151,175,38,122
149,180,38,122
157,177,38,122
149,180,38,122
157,176,38,122
149,180,38,122
144,180,38,122
144,180,38,122
144,180,38,122
142,177,38,122
153,176,38,122
142,177,38,122
137,175,38,122
137,175,38,122
137,168,38,122
138,169,38,122
134,174,38,122
134,174,38,122
143,172,38,122
140,173,38,122
140,173,38,122
143,173,38,122
148,168,38,122
157,164,42,110
152,173,42,110
152,173,42,110
144,173,42,110
144,173,42,110
144,173,42,110
143,173,42,110
143,173,42,110
143,173,42,110
143,173,42,110
134,170,42,110
134,170,42,110
127,168,42,110
127,168,42,110
121,168,42,110
121,168,42,110
121,168,42,110
121,168,42,110
121,168,42,110
114,164,42,110
114,164,42,110
108,162,42,110
108,162,42,110
103,161,42,110
103,161,42,110
