208,305,300,136
212,305,300,136
212,305,300,136
212,305,300,136
223,305,310,135
223,305,310,135
228,305,310,135
228,305,310,135
239,305,310,135
239,305,310,135
249,305,310,135
249,305,310,135
256,305,310,135
256,305,310,135
266,305,310,135
266,305,310,135
275,305,310,135
275,305,310,135
280,305,310,135
280,305,310,135
287,304,310,135
287,304,310,135
292,303,310,135
292,303,310,135
292,303,310,135
277,302,310,135
277,302,310,135
277,302,310,135
277,302,310,135
277,302,310,135
268,302,310,135
268,302,310,135
268,302,310,135
263,302,310,135
263,302,310,135
261,302,310,135
261,302,310,135
261,302,310,135
261,302,310,135
261,302,310,135
261,302,310,135
254,302,310,135
254,302,310,135
254,302,310,135
254,302,310,135
254,299,310,135
254,299,310,135
254,299,310,135
254,299,310,135
254,299,310,135
254,299,310,135
263,296,297,135
263,296,297,135
263,296,297,135
263,296,297,135
271,295,297,135
271,295,297,135
271,295,297,135
271,295,297,135
280,290,284,134
280,290,284,134
280,290,284,134
280,290,284,134
286,283,284,134
286,283,284,134
295,285,271,129
295,285,271,129
297,284,271,129
297,284,271,129
308,280,271,129
308,280,271,129
316,276,251,127
316,276,251,127
316,276,251,127
322,275,243,127
322,275,243,127
322,275,243,127
331,266,236,127
331,266,236,127
331,266,236,127
337,266,223,119
337,266,223,119
337,266,223,119
347,260,210,115
347,260,210,115
347,260,210,115
347,260,210,115
347,260,210,115
348,252,195,115
355,250,181,115
355,250,181,115
355,250,181,115
356,246,181,115
356,246,181,115
356,246,181,115
356,246,181,115
368,239,152,113
368,239,152,113
362,238,142,113
362,238,142,113
362,238,142,113
355,234,133,104
355,234,133,104
355,234,133,104
346,230,123,102
346,230,123,102
346,230,123,102
333,225,123,102
333,225,123,102
322,220,112,101
322,220,112,101
316,218,112,101
316,218,112,101
305,214,104,93
305,214,104,93
296,214,104,93
296,214,104,93
282,211,104,93
275,210,104,93
271,210,95,86
271,210,95,86
261,211,95,86
261,211,95,86
257,204,95,86
257,204,95,86
254,202,95,86
254,202,95,86
249,198,95,86
249,198,95,86
249,196,95,86
249,196,95,86
249,193,95,82
249,193,95,82
246,192,95,82
246,192,95,82
244,188,95,82
244,188,95,82
240,186,95,82
240,186,95,82
240,184,93,79
240,184,93,79
240,180,93,79
240,180,93,79
246,179,91,76
246,179,91,76
256,178,91,76
256,178,91,76
266,175,89,73
273,174,89,73
273,174,89,73
273,174,89,73
284,173,88,70
284,173,88,70
294,173,88,70
294,173,88,70
307,169,80,67
307,169,80,67
310,168,84,67
310,168,84,67
310,168,84,67
325,164,84,67
325,164,84,67
335,161,82,65
335,161,82,65
335,161,82,65
335,161,82,65
336,156,76,64
336,156,76,64
342,154,76,64
342,154,76,64
351,151,78,63
351,151,78,63
362,151,76,61
362,151,76,61
368,145,76,61
368,145,76,61
368,145,76,61
363,145,76,61
363,145,76,61
363,145,76,61
363,145,76,61
360,142,74,58
360,142,74,58
356,139,74,58
356,139,74,58
356,136,74,58
356,136,74,58
355,135,67,57
355,135,67,57
369,137,67,57
369,137,67,57
372,135,64,54
372,135,64,54
372,131,64,54
372,131,64,54
372,133,57,51
372,133,57,51
372,133,57,51
372,133,57,51
372,126,57,51
372,126,57,51
372,122,57,51
372,122,57,51
372,118,57,51
372,118,57,51
370,111,57,51
370,111,57,51
370,111,57,51
367,108,57,51
367,104,57,51
367,104,57,51
367,104,57,51
367,98,57,51
365,102,57,51
365,102,57,51
365,102,57,51
365,102,57,51
360,98,57,51
360,98,57,51
360,98,57,51
360,98,57,51
360,98,57,51
360,98,57,51
360,98,57,51
356,96,57,51
356,96,57,51
356,96,57,51
356,96,57,51
364,94,57,51
364,94,57,51
364,94,57,51
364,94,57,51
367,91,57,51
367,91,57,51
367,91,57,51
372,105,55,34
374,109,55,34
376,113,55,34
378,121,55,34
378,121,55,34
382,128,55,36
382,128,55,36
386,135,55,36
386,135,55,36
386,135,55,36
