238,237,20,45
238,237,20,45
238,237,20,45
238,237,20,45
238,237,20,45
238,237,20,45
238,237,20,45
238,237,20,45
238,237,20,45
238,237,20,45
238,239,20,45
238,237,20,45
238,237,20,45
238,239,20,45
238,239,20,45
238,239,20,45
238,239,20,45
238,239,20,45
238,237,20,45
238,237,20,45
238,239,20,45
238,239,20,45
238,239,20,45
238,239,20,45
238,239,20,45
236,239,20,45
236,239,20,45
238,239,20,45
236,239,20,45
238,239,20,45
238,239,20,45
236,239,20,45
236,239,20,45
238,239,20,45
238,241,20,45
238,239,20,45
238,241,20,45
240,239,20,45
238,241,20,45
240,239,20,45
240,239,20,45
240,241,20,45
240,241,20,45
240,241,20,45
240,241,20,45
240,241,20,45
240,241,20,45
240,241,20,45
240,241,20,45
240,241,20,45
240,241,20,45
238,239,20,45
240,241,20,45
240,241,20,45
238,241,20,45
240,241,20,45
238,241,20,45
240,243,20,45
240,243,20,45
240,241,20,45
242,241,20,45
242,241,20,45
242,241,20,45
242,241,20,45
240,241,20,45
240,241,20,45
242,243,20,45
240,243,20,45
240,243,20,45
240,243,20,45
240,243,20,45
240,241,20,53
240,241,20,53
240,243,20,51
240,241,20,51
240,243,20,51
242,241,20,51
240,243,20,51
242,245,20,45
242,245,20,49
242,243,20,51
242,243,20,51
242,243,20,53
242,243,20,51
242,243,20,51
242,243,19,53
242,243,19,51
242,245,19,51
242,245,19,51
242,243,19,51
242,245,19,51
242,245,19,51
242,245,19,51
242,243,17,51
240,243,19,51
242,243,17,51
240,245,21,51
240,245,19,51
240,245,21,51
242,245,19,51
242,245,19,51
242,245,19,51
242,245,19,51
242,245,19,51
242,245,19,51
242,245,19,51
242,245,19,51
242,245,19,51
244,247,19,51
242,247,19,51
242,247,19,51
242,247,19,51
240,247,21,51
242,245,21,51
242,247,19,51
240,245,21,51
240,247,21,51
240,247,21,51
242,247,19,51
240,247,19,51
240,247,19,51
242,247,17,51
242,247,19,51
242,247,19,51
242,247,19,51
242,247,19,51
242,247,19,51
242,247,19,51
242,247,19,51
242,247,19,51
242,247,19,55
242,249,19,51
242,249,19,51
242,249,19,51
242,249,19,51
242,247,19,51
242,249,19,51
242,251,19,51
242,251,19,51
240,249,19,51
242,249,19,51
240,249,19,51
242,249,19,51
240,249,19,51
242,251,19,51
242,249,19,55
240,249,21,53
240,249,21,55
240,249,21,55
240,249,21,55
240,249,21,55
240,249,21,55
240,249,21,55
240,249,21,57
240,251,19,55
240,251,19,55
238,251,23,55
240,251,19,55
238,251,21,53
240,251,19,53
240,251,19,55
239,251,19,55
238,251,19,51
238,251,19,51
238,251,19,53
238,251,19,51
238,251,19,53
238,251,19,55
238,251,19,55
238,253,19,53
238,253,19,51
238,251,19,55
238,251,19,55
238,251,19,55
238,253,19,53
238,251,17,55
238,253,19,55
238,253,19,55
238,253,19,55
238,253,19,55
238,253,19,55
238,253,19,55
236,253,19,55
236,253,19,55
236,253,19,55
236,253,19,55
236,255,19,51
236,255,19,51
236,253,19,51
236,255,19,51
236,255,19,51
236,255,19,51
236,255,20,55
236,253,20,55
236,253,20,55
236,253,20,55
236,255,20,55
234,255,20,55
236,253,20,55
236,255,20,55
234,255,20,55
234,255,20,55
234,255,20,55
234,255,20,55
234,255,20,55
234,257,20,55
234,255,20,55
234,255,20,55
234,255,20,55
234,255,20,55
234,255,20,55
234,257,20,55
234,255,20,55
234,257,20,55
234,257,20,55
234,257,20,55
234,257,20,55
234,257,20,55
234,257,20,55
234,257,20,55
234,259,20,55
234,259,20,55
234,259,20,55
234,259,20,55
232,259,20,55
232,259,20,55
232,259,20,55
232,259,20,55
232,259,20,55
233,259,20,55
232,259,20,55
232,259,20,55
232,259,20,55
232,259,20,55
234,259,20,55
234,259,20,55
234,259,20,55
234,259,20,55
234,259,20,55
234,259,20,55
234,261,20,55
234,261,20,55
234,259,20,55
234,261,20,55
234,261,20,55
232,261,20,55
232,261,20,55
234,259,19,59
232,259,19,59
234,259,19,59
232,259,19,59
232,261,19,59
234,259,19,59
234,261,19,59
234,261,19,59
232,261,19,59
234,263,19,59
234,263,19,59
234,261,19,59
234,261,19,59
234,261,19,59
234,261,19,59
232,261,19,59
234,263,19,59
232,263,19,59
232,263,19,59
232,263,19,59
232,263,19,59
232,263,19,59
232,263,19,59
232,263,19,59
232,263,19,59
231,265,19,59
229,265,19,59
229,265,19,59
229,265,19,59
229,267,19,59
229,267,19,59
231,265,19,59
231,265,19,59
229,265,19,59
229,265,19,59
229,265,19,59
229,263,19,59
229,263,19,59
227,263,19,59
227,265,19,59
227,265,19,59
227,267,19,59
227,267,19,59
227,265,19,59
225,267,19,59
225,267,19,59
225,267,19,59
225,267,19,59
225,267,19,59
225,267,19,59
225,267,19,59
225,267,19,59
225,269,19,59
225,269,19,59
225,269,19,59
223,267,19,59
225,269,19,59
223,269,19,59
223,269,19,59
223,269,19,59
221,271,19,59
221,269,19,59
221,271,19,59
221,271,19,59
219,269,19,59
219,269,19,59
219,269,19,59
219,267,19,59
219,271,19,59
217,271,19,59
217,271,19,59
217,273,19,59
217,273,19,59
217,273,19,59
217,273,19,59
217,273,19,59
217,273,19,59
217,273,19,59
217,273,19,59
217,271,19,59
217,273,19,59
215,275,19,59
215,275,19,59
215,273,19,59
215,273,19,59
214,275,19,59
215,273,19,59
212,273,19,59
212,275,19,59
212,275,19,59
212,275,19,59
212,275,19,59
212,275,19,59
212,275,19,59
214,275,19,59
212,277,19,59
212,279,19,59
212,277,20,62
212,275,20,62
212,275,20,62
210,275,20,62
212,275,20,62
212,277,20,62
212,277,20,62
210,277,20,62
210,279,20,62
210,279,20,62
210,277,20,62
210,279,20,62
210,277,20,62
210,277,20,62
208,279,20,62
208,279,20,62
210,279,20,62
210,279,20,62
208,281,20,62
208,281,20,62
210,281,20,62
210,281,20,62
210,281,20,62
208,281,20,62
208,281,20,62
208,283,20,62
206,279,21,67
206,279,21,67
206,279,21,67
208,279,21,67
206,279,21,67
206,281,21,67
206,281,21,67
204,281,21,67
204,281,21,67
204,279,21,67
202,279,21,67
202,281,21,67
202,281,21,67
202,281,21,67
202,281,21,67
202,283,21,67
202,281,21,67
202,281,21,67
202,281,21,67
202,281,21,67
200,283,21,67
200,285,21,67
200,283,21,67
200,285,21,67
200,285,21,67
200,285,21,67
200,283,21,67
198,285,21,67
198,285,21,67
198,287,21,67
198,287,21,67
198,285,21,67
197,285,21,67
195,285,21,67
195,287,21,67
195,287,21,67
195,289,21,67
195,287,21,67
195,289,21,67
193,287,21,67
193,287,21,67
193,287,21,67
193,289,21,67
193,289,21,67
193,289,21,67
193,289,21,67
191,289,21,67
191,291,21,67
191,289,21,67
191,291,21,67
191,291,21,67
191,289,21,67
191,291,21,67
191,291,21,67
189,291,21,67
189,291,21,67
189,291,21,67
189,291,21,67
189,291,21,67
191,289,21,67
189,291,21,67
189,291,21,67
189,291,21,67
189,291,21,67
189,291,21,67
189,291,21,67
187,291,21,67
187,291,21,67
185,291,21,67
185,293,21,67
183,291,21,67
183,293,21,67
183,293,21,67
183,293,21,67
181,293,21,67
181,295,21,67
181,295,21,67
181,295,21,67
180,295,21,67
181,297,21,67
181,297,21,67
181,297,21,67
181,295,21,67