244,233,20,45
244,233,20,45
244,233,20,45
244,233,20,45
244,233,20,45
244,233,20,45
244,233,20,45
244,233,20,45
244,233,20,45
244,233,20,45
244,233,20,45
244,233,20,45
244,233,20,45
244,233,20,45
244,233,20,45
244,233,20,45
244,233,20,45
244,233,20,45
244,233,20,45
244,233,20,45
244,233,20,45
244,233,20,45
244,235,20,45
244,235,20,45
244,235,20,45
244,235,20,45
244,235,20,45
244,235,20,45
244,235,20,45
244,235,20,45
244,235,20,45
244,235,20,45
244,235,20,45
244,235,20,45
244,235,20,45
244,235,20,45
244,235,20,45
244,235,20,45
244,235,20,45
244,235,20,45
244,235,20,45
244,235,20,45
244,235,20,45
246,235,20,45
246,235,20,45
246,235,20,45
246,235,20,45
246,235,20,45
246,235,20,45
246,235,20,45
246,235,20,45
246,235,20,45
244,235,20,45
244,237,20,45
244,237,20,45
244,237,20,45
244,237,20,45
244,237,20,45
244,237,20,45
244,237,20,45
244,237,20,45
246,237,20,45
246,237,20,45
246,237,20,45
246,237,20,45
246,237,20,45
246,239,20,45
246,239,20,45
246,239,20,45
246,239,20,45
246,239,20,45
246,239,20,45
246,239,20,45
246,239,20,45
246,239,20,45
246,239,20,45
246,241,20,45
246,239,20,45
246,239,20,45
246,239,20,45
246,239,20,45
246,239,20,45
246,239,20,45
246,239,20,45
246,239,20,45
248,239,19,51
248,239,19,51
246,239,19,51
248,239,19,51
246,239,19,51
248,239,19,51
246,239,19,51
246,239,19,51
246,239,19,51
246,239,17,51
246,239,17,51
248,239,17,51
246,241,19,51
246,241,19,51
248,241,17,51
248,239,17,51
248,241,19,51
248,241,19,51
248,241,19,51
248,241,19,51
248,241,21,51
248,239,19,51
248,241,19,51
248,241,19,51
248,241,19,51
248,241,19,51
246,241,19,51
248,241,19,51
246,241,21,51
246,241,19,51
246,241,19,51
246,241,19,51
246,241,19,51
246,241,19,51
246,241,19,51
246,243,19,51
246,243,19,51
246,243,19,51
246,243,19,51
246,243,19,51
246,243,19,51
248,243,17,51
248,243,19,51
248,243,19,51
248,243,19,51
248,243,19,51
246,243,19,51
248,243,19,51
246,245,19,51
246,243,19,51
246,243,19,51
246,243,19,51
246,243,19,51
246,243,19,51
246,243,19,51
246,243,19,51
246,245,19,51
246,245,19,51
246,245,19,51
246,245,17,51
246,245,19,51
246,245,19,51
246,245,19,51
246,245,19,51
246,245,19,51
246,245,19,51
244,245,21,51
246,245,19,51
246,245,19,51
244,247,19,51
244,247,19,51
244,247,19,51
244,247,19,51
244,247,19,51
244,247,19,51
244,245,17,53
244,245,17,55
244,245,17,51
244,247,15,51
244,247,15,51
244,247,17,51
244,247,17,51
244,247,17,51
244,247,17,51
244,247,19,51
244,247,17,51
242,247,19,51
244,247,17,51
242,247,19,51
244,247,17,51
242,247,19,51
244,249,19,51
242,249,19,51
242,249,19,51
242,249,19,51
242,249,19,51
242,249,19,51
242,249,19,51
242,249,19,51
242,249,19,51
242,249,19,51
242,249,19,51
242,249,19,51
242,249,19,51
242,249,19,51
242,249,19,51
242,249,19,51
242,249,20,55
242,249,20,55
242,249,20,55
242,249,20,55
242,249,20,55
240,249,20,55
240,249,20,55
240,249,20,55
240,249,20,55
240,249,20,55
240,249,20,55
240,249,20,55
240,249,20,55
240,249,20,55
240,249,20,55
240,249,20,55
240,249,20,55
240,249,20,55
238,251,20,55
238,251,20,55
238,251,20,55
238,251,20,55
238,251,20,55
238,251,20,55
238,251,20,55
238,251,20,55
238,251,20,55
238,251,20,55
238,251,20,55
238,253,20,55
238,253,20,55
238,253,20,55
238,253,20,55
238,253,20,55
238,253,20,55
238,253,20,55
238,253,20,55
236,253,20,55
236,253,20,55
236,253,20,55
236,253,20,55
238,255,20,55
238,255,20,55
238,255,20,55
238,255,20,55
238,255,20,55
238,255,20,55
238,255,20,55
238,255,20,55
238,255,20,55
238,255,20,55
238,255,20,55
238,255,20,55
238,255,20,55
238,255,20,55
238,255,19,59
238,255,19,59
238,255,19,59
238,255,19,59
238,255,19,59
238,255,19,59
238,255,19,59
238,255,19,59
238,255,19,59
238,257,19,59
238,257,19,59
238,257,19,59
238,257,19,59
238,257,19,59
238,257,19,59
238,257,19,59
238,257,19,59
238,259,19,59
238,259,19,59
238,259,19,59
236,259,19,59
236,259,19,59
236,259,19,59
236,259,19,59
236,259,19,59
236,259,19,59
236,259,19,59
236,259,19,59
236,259,19,59
236,259,19,59
236,259,19,59
236,259,19,59
236,259,19,59
236,259,19,59
234,259,19,59
234,259,19,59
234,259,19,59
234,259,19,59
234,259,19,59
234,261,19,59
234,261,19,59
234,261,19,59
231,261,19,59
231,261,19,59
231,261,19,59
231,261,19,59
231,261,19,59
231,261,19,59
231,261,19,59
231,261,19,59
231,261,19,59
231,261,19,59
231,261,19,59
231,261,19,59
231,261,19,59
231,261,19,59
229,261,19,59
229,261,19,59
229,263,19,59
229,263,19,59
229,263,19,59
225,263,19,59
225,263,19,59
225,263,19,59
225,263,19,59
225,263,19,59
225,263,19,59
223,263,19,59
223,263,19,59
223,263,19,59
223,263,19,59
221,265,19,59
221,265,19,59
221,265,19,59
221,265,19,59
221,265,19,59
221,265,19,59
221,265,19,59
221,265,19,59
221,265,19,59
221,265,19,59
219,267,19,59
219,267,19,59
219,267,19,59
219,267,19,59
219,267,19,59
219,267,19,59
219,267,19,59
219,267,19,59
219,267,19,59
219,267,19,59
219,267,19,59
217,267,19,59
217,267,19,59
217,267,19,59
217,267,19,59
217,267,19,59
217,269,20,62
217,269,20,62
217,269,20,62
217,269,20,62
217,269,20,62
217,271,20,62
217,271,20,62
217,271,20,62
217,271,20,62
215,271,20,62
215,271,20,62
215,271,20,62
215,271,20,62
215,271,20,62
215,271,20,62
215,271,20,62
215,271,20,62
215,271,20,62
215,271,20,62
215,271,20,62
215,271,20,62
215,271,20,62
215,271,20,62
215,273,20,62
215,273,20,62
215,273,20,62
212,273,21,67
212,273,21,67
212,273,21,67
210,275,21,67
210,275,21,67
210,275,21,67
210,275,21,67
210,275,21,67
210,275,21,67
208,273,21,67
208,273,21,67
208,273,21,67
208,273,21,67
208,273,21,67
208,275,21,67
208,275,21,67
208,275,21,67
208,275,21,67
208,275,21,67
208,275,21,67
208,275,21,67
208,275,21,67
206,277,21,67
206,277,21,67
206,277,21,67
206,277,21,67
206,277,21,67
204,277,21,67
204,277,21,67
204,277,21,67
204,277,21,67
202,279,21,67
202,279,21,67
202,279,21,67
202,279,21,67
202,279,21,67
202,281,21,67
202,281,21,67
202,281,21,67
202,281,21,67
202,279,21,67
202,279,21,67
202,279,21,67
200,279,21,67
200,279,21,67
200,279,21,67
198,281,21,67
198,281,21,67
198,281,21,67
198,281,21,67
198,281,21,67
198,281,21,67
195,283,21,67
195,283,21,67
195,283,21,67
197,283,21,67
197,283,21,67
197,283,21,67
197,283,21,67
197,283,21,67
197,283,21,67
197,283,21,67
195,283,21,67
195,283,21,67
195,283,21,67
193,283,21,67
193,283,21,67
193,283,21,67
189,283,21,67
189,283,21,67
189,283,21,67
189,283,21,67
189,283,21,67
189,283,21,67
187,283,21,67
187,287,21,67
187,287,21,67
187,287,21,67
187,287,21,67
187,287,21,67
187,287,21,67
187,287,21,67
187,287,21,67