330,193,14,38
330,193,14,38
330,193,14,38
330,193,14,38
330,193,14,38
330,193,14,38
329,193,14,38
329,193,14,38
329,193,14,38
329,193,14,38
329,193,14,38
329,193,14,38
329,193,14,38
329,193,14,38
329,193,14,38
328,193,14,38
328,193,14,38
328,193,14,38
328,193,14,38
328,193,14,38
328,193,14,38
328,193,14,38
326,193,14,38
326,193,14,38
326,193,14,38
326,193,14,38
326,193,14,38
326,193,14,38
326,193,14,38
326,193,14,38
326,193,14,38
326,193,14,38
326,193,14,38
326,193,14,38
326,193,14,38
326,193,14,38
326,193,14,38
326,193,14,38
326,193,14,38
326,193,14,38
326,193,14,38
326,193,14,38
326,193,14,38
326,193,14,38
326,194,14,38
326,194,14,38
326,194,14,38
326,194,14,38
326,194,14,38
326,194,14,38
326,194,14,38
326,194,14,38
326,194,14,38
326,194,14,38
326,194,14,38
326,194,14,38
325,196,14,38
325,196,14,38
325,196,14,38
325,196,14,38
325,196,14,38
325,196,14,38
325,196,14,38
325,196,14,38
325,196,14,38
325,196,14,38
325,196,14,38
325,196,14,38
325,196,14,38
325,196,14,38
325,196,14,38
325,196,14,38
325,196,14,38
325,196,14,38
325,196,14,38
325,196,14,38
325,196,14,38
325,196,14,38
325,196,14,38
325,196,14,38
325,196,14,38
325,196,14,38
325,196,14,38
325,196,14,38
325,196,14,38
325,196,14,38
325,196,14,38
325,196,14,38
325,196,14,38
322,197,14,38
322,197,14,38
322,197,14,38
322,197,14,38
322,197,14,38
322,197,14,38
322,197,14,38
322,197,14,38
322,197,14,38
322,197,14,38
322,197,14,38
322,197,14,38
322,197,14,38
322,197,14,38
322,197,14,38
322,197,14,38
322,197,14,38
319,198,15,41
319,198,15,41
319,198,15,41
319,198,15,41
319,198,15,41
319,198,15,41
319,198,15,41
319,198,15,41
319,198,15,41
319,198,15,41
319,200,15,41
319,200,15,41
319,200,15,41
319,200,15,41
319,200,15,41
319,200,15,41
317,200,15,43
317,200,15,43
317,200,15,43
317,200,15,43
317,200,15,43
314,200,15,43
314,200,15,43
314,200,15,43
314,200,15,43
314,200,15,43
314,200,15,43
314,200,15,43
314,200,15,43
312,201,15,43
312,201,15,43
312,201,15,43
312,201,15,43
310,201,15,45
310,201,15,45
310,201,15,45
310,201,15,45
310,201,15,45
310,201,15,45
310,201,15,45
307,201,15,45
307,201,15,45
307,201,15,45
307,201,15,45
307,201,15,45
307,201,15,45
304,202,15,45
304,202,15,45
304,202,15,45
304,202,15,45
304,202,15,45
304,202,15,45
304,202,15,45
304,202,15,45
304,202,15,45
304,202,15,45
303,202,15,45
303,202,15,45
303,202,15,45
303,202,15,45
303,202,15,45
303,202,15,45
303,202,15,45
303,202,15,45
303,202,15,45
303,202,15,45
303,202,15,45
303,202,15,45
303,202,15,45
303,202,15,45
303,202,15,45
303,202,15,45
303,202,15,45
303,202,15,45
303,202,15,45
303,202,15,45
303,202,15,45
303,202,15,45
303,202,15,45
303,203,15,45
303,203,15,45
303,203,15,45
303,203,15,45
303,203,15,45
303,203,15,45
303,203,15,45
303,203,15,45
303,203,15,45
303,203,15,45
303,203,15,45
304,204,15,45
304,204,15,45
304,204,15,45
304,204,15,45
304,204,15,45
304,204,15,45
304,204,15,45
304,204,15,45
304,204,15,45
304,204,15,45
310,204,15,45
304,204,15,45
308,205,15,45
308,205,15,45
310,205,15,45
310,205,15,45
310,205,15,45
310,205,15,45
312,205,15,45
316,205,15,45
314,206,15,45
316,206,15,45
316,206,15,45
316,206,15,45
314,206,15,45
314,206,15,45
314,206,15,45
314,206,15,45
314,206,15,45
316,205,15,45
316,205,15,45
316,205,15,45
316,205,15,45
316,205,15,45
316,205,15,45
316,205,15,45
316,207,15,45
316,207,15,45
316,207,15,45
320,209,15,45
316,207,15,45
316,207,15,45
318,209,16,46
314,207,16,46
318,207,16,46
316,207,16,46
314,207,16,46
314,207,16,46
314,207,16,46
314,207,16,46
314,207,16,46
314,207,16,46
312,207,19,48
312,207,19,48
312,207,19,48
312,207,19,48
312,207,19,48
312,207,19,48
312,207,19,48
312,207,19,48
312,207,19,48
312,207,19,48
312,207,19,48
312,207,19,48
311,210,19,48
311,210,19,48
311,210,19,48
311,210,19,48
309,209,19,48
309,209,19,48
307,209,19,48
307,209,19,48
307,209,19,48
307,209,19,48
305,209,19,48
305,209,19,48
305,209,19,48
305,209,19,48
303,209,19,48
303,209,19,48
303,209,19,48
302,209,16,48
302,209,16,48
302,209,16,48
300,209,16,48
300,209,16,48
300,209,16,48
297,210,16,48
297,210,16,48
297,210,16,48
296,210,16,48
296,210,16,48
296,210,16,48
296,210,16,48
295,213,16,48
295,213,16,48
295,213,16,48
294,213,16,48
294,213,16,48
294,213,16,48
294,213,16,48
291,213,16,49
291,213,16,49
291,213,16,49
291,213,16,49
291,213,16,49
291,213,16,49
291,213,16,49
291,213,16,49
290,213,16,49
290,213,16,49
290,213,16,49
290,213,16,49
290,213,16,49
290,213,16,49
290,213,16,49
290,213,16,49
290,213,16,49
290,213,16,49
290,213,16,49
290,213,16,49
294,213,16,49
296,214,16,49
296,214,16,49
296,216,16,49
294,214,16,49
294,216,16,49
294,216,16,49
296,216,16,49
296,218,16,49
296,216,16,49
296,216,16,49
297,216,16,49
297,216,16,49
299,218,14,49
297,218,14,49
299,218,14,49
297,218,14,49
297,218,14,49
297,220,14,49
297,218,14,49
295,218,14,49
297,218,14,49
295,220,14,49
295,220,14,49
295,218,14,49
295,216,14,49
293,216,14,49
293,216,14,49
293,220,14,49
293,220,14,49
293,220,14,49
293,220,14,49
293,220,14,49
293,220,14,49
293,220,14,49
293,220,14,49
293,220,14,49
286,219,18,54
286,219,18,54
284,219,18,54
284,219,18,54
283,219,18,54
283,219,18,54
283,219,18,54
283,219,18,54
280,219,18,54
280,219,18,54
280,219,18,54
280,221,18,54
280,221,18,54
280,221,18,54
279,221,18,54
279,221,18,54
279,221,18,54
279,221,18,54
277,221,18,54
277,221,16,54
277,221,16,54
277,221,16,54
275,222,16,54
275,222,16,54
275,222,16,54
275,222,16,54
275,222,16,54
275,222,16,54
275,222,16,54
275,222,16,54
275,222,16,54
282,222,16,54
280,222,16,54
282,223,16,54
282,223,16,54
282,223,16,54
282,223,16,54
280,223,16,54
280,223,16,54
280,223,16,54
280,223,16,54
280,223,16,54
280,223,16,54
282,225,16,54
282,223,16,54
284,224,16,55
282,224,16,55
284,224,16,55
282,224,16,55
284,224,16,55
284,225,19,55
278,225,19,55
278,225,19,55
278,225,19,55
278,225,19,55
282,227,19,55
284,227,19,55
282,227,20,56
282,229,20,56
282,229,20,56
282,227,20,56
282,229,20,56
282,227,20,56
282,229,20,56
286,229,15,57
288,229,15,57
286,229,15,57
288,229,15,57
288,227,15,57
288,229,15,57
288,231,15,57
288,229,15,57
288,229,15,57
288,229,15,57
288,229,15,57
288,229,15,57
288,229,15,57
288,229,15,57
288,229,15,57
288,229,15,57
289,230,15,57
287,232,15,57
291,230,15,57
289,230,15,57
289,232,15,57
291,231,15,57
291,231,15,57
289,231,15,57
291,231,15,57
291,231,15,57
291,231,15,57
291,231,15,57
293,232,15,57
293,234,15,57
293,232,15,57
293,234,15,57
293,232,15,57
294,232,15,57
294,232,15,57
294,232,15,57
292,232,15,57
292,232,15,57
294,232,15,57
294,234,15,57
292,232,15,57
294,232,15,57
294,232,15,57
294,234,15,57
294,232,15,57
292,232,15,57
294,232,16,57
294,234,16,57
292,234,16,57
292,234,16,57
292,234,16,57
292,234,16,57
292,235,16,57
292,235,16,57
292,235,16,57
290,233,16,57
288,233,16,57
288,233,16,57
288,233,16,57
285,234,16,57
285,234,16,57
291,234,16,57
289,234,16,57
289,234,16,57
289,234,16,57
289,234,16,57
289,236,16,57
289,234,16,57
289,237,16,57
289,237,16,57
289,237,16,57
289,237,16,57
288,239,16,57
288,237,16,57
288,237,16,57
290,237,16,57
288,237,16,57
288,237,16,57
288,237,16,57
288,237,16,57
288,237,16,57
286,237,16,57
286,239,16,57
286,237,16,57
286,237,16,57
286,237,16,57
284,237,18,57
284,237,18,57
286,237,18,57
284,237,18,57
284,237,18,57
282,238,18,57
282,238,18,57
282,238,18,57
280,238,18,57
282,238,18,57
282,238,18,57
280,238,18,57
279,238,18,57
277,238,18,57
279,236,19,60
279,236,19,60
279,236,19,60
280,236,19,60
279,236,19,60
279,238,19,60
277,236,19,60
280,238,19,60
280,238,19,60
280,238,19,60
279,238,19,60
279,240,19,60
280,238,19,60
275,238,19,60
280,238,19,60
279,238,19,60
280,238,19,60
282,238,19,60
282,240,19,60
284,239,19,60
284,239,19,60
284,239,19,60
284,239,19,60
286,241,19,60
286,241,19,60
286,243,19,60
286,241,19,60
286,241,19,60
288,241,19,60
286,241,19,60
288,241,19,60
288,242,19,60
288,242,19,60
288,242,19,60
290,242,19,60
290,242,19,60
290,242,19,60
290,240,19,60
290,242,19,60
292,242,19,60
292,242,19,60
294,244,19,60
294,242,19,60
294,244,19,60
292,242,19,60
294,242,19,60
294,242,19,60
292,242,19,60
294,244,19,60
292,244,19,60
292,244,19,60
292,243,21,61
292,245,21,61
292,245,21,61
292,243,21,61
292,245,21,61
290,243,21,61
292,245,21,61
290,243,21,61
292,245,21,61
292,245,21,61
292,245,21,61
292,245,21,61
292,243,21,61
294,245,21,61
294,245,21,61
292,245,21,61
292,245,21,61
294,246,21,61
290,246,21,61
290,246,21,61
290,246,21,61
290,246,21,61
290,246,21,61
290,246,21,61
290,244,22,63
290,244,22,63
290,244,22,63
290,244,22,63
292,246,22,63
292,246,22,63
292,246,22,63
292,246,22,63
292,246,22,63
292,246,22,63
292,246,22,63
291,247,22,63
291,247,22,63
291,247,22,63
291,247,22,63
290,249,22,63
290,249,22,63
290,249,22,63
290,249,22,63
290,249,22,63
290,249,22,63
290,249,22,63
290,249,22,63
290,249,22,65
294,249,22,65
290,249,22,65
290,249,22,65
290,249,22,65
294,249,22,65
295,250,22,65
293,250,22,65
293,250,22,65
293,250,22,65
293,254,22,65
293,258,22,65
295,258,22,65
295,258,22,65
297,260,22,65
297,256,22,65
295,259,24,62
297,255,24,62
301,257,22,62
301,259,22,62
301,257,22,62
305,259,19,62
306,258,19,62
306,258,19,62
308,258,19,62
308,256,19,62
308,256,19,62
309,256,19,62
311,258,19,62
311,256,19,62
313,255,20,66
314,255,20,66
311,255,20,66
313,257,20,66
313,259,20,66
313,257,22,67
313,259,22,67
313,259,22,67
316,261,22,67
316,261,22,67
313,255,22,67
313,255,22,67
313,257,22,67
313,259,22,67
313,259,22,67
316,260,22,67
316,258,22,67
316,260,22,67
316,258,22,67
318,262,22,67
318,260,22,67
311,258,22,67
311,258,22,67
311,258,22,69
311,258,22,69
318,260,22,69
316,262,22,69
316,260,22,69
318,260,22,69
318,262,22,69
320,264,22,69
318,264,22,69
318,264,22,69
318,266,22,69
320,266,22,69
320,266,22,69
318,266,22,69
320,268,22,69
320,268,22,69
318,266,22,69
322,266,22,69
318,268,22,69
314,264,22,69
318,268,22,69
320,268,22,69
320,268,22,69
318,268,22,69
320,269,22,70
320,271,22,70
320,271,22,70
320,269,22,70
320,271,22,70
322,272,22,70
322,270,22,70
322,270,22,70
324,270,22,70
320,269,25,70
322,269,25,70
320,271,25,70
322,271,25,70
322,270,25,74
322,270,25,74
320,270,25,74
322,272,25,74
322,270,25,74
323,272,25,74
321,272,25,74
321,272,25,74
321,272,25,74
321,274,25,74
321,274,25,74
320,273,25,74
320,275,25,74
320,275,25,74
320,271,24,74
318,271,24,74
316,271,24,74
314,271,24,74
314,271,24,74
314,271,24,74
314,271,24,74
314,271,24,74
313,271,24,74
313,273,24,74
318,273,24,74
313,271,24,74
313,271,24,74
313,271,24,74
313,271,24,74
316,274,24,74
316,274,24,74
316,274,24,74
316,274,24,74
319,274,18,75
319,274,18,75
319,274,18,75
319,274,20,75
319,274,20,75
319,274,20,75
319,274,20,75
319,274,20,75
319,274,20,75
320,274,20,75
326,276,20,75
326,276,20,75
328,276,20,75
330,276,20,75
326,276,20,75
326,278,20,75
326,276,20,75
326,276,20,75
326,276,20,75
324,274,20,75
330,277,18,75
330,277,18,75
330,277,18,75
330,279,18,75
333,281,18,75
333,281,18,75
333,279,18,75
333,280,20,74
333,282,20,74
333,282,20,74
333,281,22,74
333,281,22,74
333,283,22,74
335,284,22,74
333,282,22,74
333,282,22,74
335,282,22,74
335,282,22,74
333,282,22,74
333,282,22,74
335,284,22,74
335,284,22,74
337,285,22,74
335,283,22,74
337,285,22,74
337,285,22,74
337,285,22,74
337,287,22,74
337,287,22,74
337,287,22,74
339,285,22,74
337,285,22,74
339,287,22,74
339,285,22,74
337,285,22,74
335,287,22,74
339,290,22,69
339,290,22,69
339,290,22,69
337,286,22,69
337,286,22,69
337,286,22,69
333,286,23,68
333,286,23,68
333,286,23,68
331,286,23,68
331,284,22,69
331,284,22,69
331,284,22,69
330,286,22,69
330,286,22,69
330,286,22,69
330,286,22,69
330,286,22,69
330,286,22,69
330,286,22,69
330,286,22,69
330,286,22,69
330,286,22,69
330,286,22,69
328,285,24,69
328,285,24,69
328,285,24,69
328,285,24,69
328,285,24,69
328,285,24,69
328,285,24,69
328,285,24,69
328,285,24,69
328,285,24,69
328,285,24,69
328,285,24,69
328,285,24,69
328,285,24,69
328,285,24,69
328,285,24,69
328,285,24,69
328,285,24,69
328,280,23,74
328,280,23,74
328,280,23,74
330,280,23,74
330,282,23,74
333,282,25,74
328,280,25,74
330,282,25,74
330,282,25,74
330,284,25,74
333,282,25,74
333,284,25,74
330,284,25,74
330,284,22,74
330,284,22,74
326,282,22,74
330,282,22,74
326,282,22,74
326,282,22,74
324,282,22,74
324,282,22,74
324,282,22,74
324,282,22,74
324,282,22,74
328,282,20,74
328,282,20,74
328,282,20,74
328,282,20,74
331,282,20,74
331,282,20,74
331,282,20,74
335,283,20,74
343,285,20,74
341,285,20,74
341,287,20,80
341,287,20,80
343,285,20,80
343,285,20,80
345,285,20,80
350,288,20,80
350,288,20,80
347,284,20,80
350,288,20,80
350,290,20,80
350,290,20,80
352,290,20,80
354,290,20,80
354,291,20,80
356,289,20,80
354,289,20,80
350,289,20,80
351,288,20,82
351,288,20,82
351,288,20,82
351,288,20,82
354,291,21,82
354,291,21,82
354,291,21,82
354,291,21,82
354,291,25,84
356,291,25,84
354,291,25,84
360,291,25,84
364,291,25,84
358,292,25,84
358,292,25,84
358,292,25,84
361,294,25,84
361,294,25,84
361,294,25,84
367,296,25,84
364,294,25,84
371,294,25,84
369,294,25,84
371,297,25,84
371,297,25,84
365,295,25,84
373,295,25,84
375,295,25,84
375,295,25,84
375,295,25,84
377,297,25,84
377,297,25,84
381,298,23,84
381,298,23,84
381,298,23,84
381,298,27,87
379,300,27,87
381,300,27,87
386,303,27,87
386,303,27,87
384,301,27,87
386,301,27,87
386,301,24,87
386,301,24,87
386,301,24,87
386,303,24,87
386,303,24,87
390,306,24,87
390,302,24,87
388,302,24,87
388,304,24,87
390,304,24,85
388,304,24,85
390,304,24,85
390,304,24,85
390,304,24,85
388,306,24,85
390,306,24,85
386,306,24,85
390,306,24,85
388,309,24,85
390,307,24,85
388,307,24,85
388,309,24,85
388,308,24,85
388,308,24,85
388,308,24,85
388,308,24,85
388,308,24,85
388,308,24,85
390,308,24,85
388,308,24,85
388,308,24,85
388,308,24,85
386,308,24,85
386,308,24,85
386,308,24,85
386,308,24,85
386,308,24,85
386,308,24,85
390,307,25,85
390,309,25,85
390,309,25,85
390,307,25,85
390,309,25,85
390,307,25,85
391,309,25,85
391,309,25,85
391,307,25,85
389,307,25,85
389,307,25,85
389,307,25,85
380,308,28,85
380,308,28,85
380,308,28,85
380,308,28,85
378,308,28,85
378,308,28,85
378,308,28,85
377,308,28,85
377,308,28,85
377,308,28,85
377,308,28,85
377,308,28,85
377,308,28,85
377,308,28,85
377,308,28,85
377,308,28,85
377,308,28,85
377,308,28,85
375,312,27,79
379,312,27,79
381,312,27,79
379,312,27,79
379,312,27,79
381,312,27,79
381,314,27,79
381,312,27,79
379,312,27,79
379,312,27,79
379,312,27,79
379,312,27,79
379,314,27,79
379,314,27,79
375,312,27,79
379,312,27,79
379,312,27,79
375,312,27,79
377,312,27,79
375,312,27,79
375,312,27,79
375,312,27,79
375,312,27,79
379,312,27,79
379,312,27,79
379,312,27,79
381,312,27,79
381,314,27,79
381,312,27,79
381,312,27,79
381,312,27,79
381,312,27,79
381,312,27,79
381,312,27,79
381,312,27,79
381,312,27,79
381,312,27,79
381,312,27,79
381,312,27,79
381,312,27,79
381,312,27,79
381,312,27,79
381,312,27,79
381,312,27,79
379,312,27,79
379,312,27,79
379,312,27,79
379,312,27,79
379,312,27,79
381,312,27,79
381,312,27,79
381,312,27,79
381,314,27,79
381,312,27,79
381,312,27,79
381,312,27,79
381,312,27,79
381,312,27,79
379,310,27,82
379,310,27,82
381,310,27,82
379,309,27,82
379,306,27,86
379,308,27,86
379,308,27,86
379,306,27,86
381,306,28,86
381,306,28,86
381,306,28,86
381,306,28,86
381,305,29,88
381,303,29,88
381,303,29,88
381,303,29,88
379,303,29,88
379,303,29,88
375,303,29,88
376,303,25,88
376,303,25,88
376,303,25,88
376,303,25,88
376,303,21,88
376,303,21,88
376,303,21,88
376,303,21,88
377,304,21,88
377,304,21,88
377,304,21,88
385,308,21,88
385,308,21,88
385,308,21,88
385,308,21,88
385,308,21,88
385,308,21,88
388,309,21,88
388,309,21,88
388,309,21,88
388,309,21,88
388,309,21,88
388,309,21,88
390,309,20,86
390,309,20,86
390,309,20,86
394,312,20,86
394,312,20,86
398,315,20,86
398,315,20,86
398,315,20,86
403,315,20,86
401,315,20,86
398,315,20,86
397,314,20,86
397,314,20,86
397,314,20,86
399,315,20,86
399,315,20,86
399,315,20,86
399,315,20,86
405,317,20,86
409,317,20,86
416,318,20,86
416,318,20,86
418,319,20,86
418,319,20,86
418,319,20,86
416,319,20,86
418,319,20,86
416,319,20,86
416,319,20,86
416,319,20,86
418,320,20,86
418,320,20,86
418,320,20,86
421,319,20,86
421,319,20,86
421,319,20,86
420,322,20,86
420,322,20,86
430,323,20,86
430,321,20,86
430,323,20,86
433,324,20,86
433,324,20,86
433,324,20,86
439,324,21,58
439,324,21,58
439,328,21,58
441,328,21,58
439,332,21,58
441,330,21,58
439,328,21,58
441,330,20,61
439,330,20,61
437,330,20,61
441,330,20,61
443,330,20,61
443,333,20,61
445,333,20,61
449,333,20,61
443,331,20,61
443,331,20,61
447,329,20,61
452,328,16,82
460,328,16,82
458,328,16,82
452,328,16,82
454,328,21,83
452,328,21,83
454,328,21,83
452,328,21,83
452,328,21,83
452,328,21,83
452,328,21,83
454,329,24,91
454,329,24,91
454,329,24,91
458,331,24,91
458,331,24,91
459,331,24,91
461,331,24,91
459,331,24,91
459,331,24,91
459,331,23,94
459,331,23,94
459,331,27,95
459,331,27,95
457,331,27,95
455,331,27,95
457,331,27,95
456,331,28,99
456,331,28,99
456,331,28,99
454,331,28,99
456,331,28,99
456,331,28,99
452,331,28,99
452,331,28,99
452,331,28,99
452,331,28,99
456,331,28,99
456,331,28,99
456,331,28,99
454,331,29,99
454,331,29,99
456,331,29,99
456,331,29,99
456,331,29,99
454,331,29,99
454,331,29,99
454,331,29,99
454,331,29,99
452,331,29,99
452,331,29,99
449,331,29,99
449,331,29,99
449,331,29,99
449,331,29,99
447,331,31,99
447,331,31,99
447,331,31,99
447,331,31,99
447,331,31,99
447,331,31,99
447,340,32,90
447,340,32,90
447,340,32,90
447,340,32,90
447,340,32,90
447,340,32,90
447,340,32,90
447,340,32,90
447,340,32,90
447,340,32,90
447,340,32,90
447,337,32,93
447,337,32,93
447,337,32,93
447,337,32,93
447,337,32,93
447,337,32,93
447,337,32,93
447,337,32,93
447,337,32,93
447,337,32,93
447,337,32,93
447,337,32,93
447,337,32,93
447,337,32,93
447,337,32,93
447,337,32,93
447,337,32,93
447,337,32,93
447,337,32,93
447,337,32,93
447,337,32,93
447,337,32,93
447,337,32,93
447,337,32,93
452,337,28,93
452,337,28,93
452,337,28,93
454,337,28,93
454,337,28,93
454,337,28,93
456,337,28,93
456,337,28,93
456,337,28,93
457,337,28,93
457,337,28,93
457,337,28,93
458,337,28,93
458,337,28,93
458,337,28,93
458,337,28,93
458,337,28,93
458,337,28,93
458,337,28,93
458,337,28,93
458,337,28,93
458,337,28,93
458,337,28,93
458,337,28,93
458,337,28,93
458,337,28,93
458,337,28,93
458,337,28,93
458,337,28,93
461,337,28,93
461,337,28,93
461,337,28,93
461,337,28,93
461,337,28,93
461,337,28,93
461,337,28,93
461,337,28,93
461,337,28,93
461,337,28,93
461,337,28,93
461,337,28,93
461,337,28,93
461,337,28,93
458,343,28,90
458,343,28,90
458,343,28,90
458,343,28,90
458,343,28,90
458,343,28,90
458,343,28,90
458,343,28,90
458,343,28,90
458,343,28,90
458,343,28,90
458,343,28,90
458,343,28,90
458,343,28,90
458,343,28,90
458,343,28,90
458,343,28,90
458,343,28,90
458,343,28,90
458,343,28,90
458,343,28,90
458,343,28,90
458,343,28,90
458,343,28,90
458,343,28,90
464,343,28,90
462,343,28,90
462,343,28,90
462,343,28,90
462,343,28,90
460,343,28,90
462,343,28,90
462,343,28,90
462,343,28,90
462,343,28,90
462,343,28,90
462,343,28,90
462,343,28,90
462,343,28,90
462,343,28,90
460,343,28,90
464,340,28,92
464,340,28,92
464,340,28,92
464,340,28,92
465,339,32,96
465,339,32,96
465,339,32,96
465,339,32,96
465,339,33,102
467,339,33,102
465,339,33,102
467,343,33,102
467,343,33,102
467,343,33,102
467,343,33,102
469,343,33,102
465,343,33,102
465,343,33,102
465,343,33,102
465,343,33,102
465,343,33,102
469,345,33,102
469,345,33,102
469,345,33,102
469,345,33,102
469,345,33,102
469,345,33,102
469,345,33,102
472,346,37,104
472,346,37,104
472,346,37,104
474,346,37,104
476,346,37,104
470,346,37,104
470,346,37,104
470,346,37,104
473,349,37,104
473,349,37,104
481,349,37,104
486,352,37,106
486,352,37,106
486,352,37,106
490,352,37,106
490,352,37,106
492,352,37,106
498,352,37,106
493,352,36,106
499,352,36,106
487,352,36,106
487,352,36,106
492,352,36,106
496,352,36,106
500,352,36,106
503,352,36,106
503,352,36,106
509,356,36,102
507,356,36,102
509,356,36,102
509,356,36,102
513,361,36,99
513,361,36,99
513,361,36,99
515,361,36,99
517,361,36,99
517,361,36,99
517,361,36,99
522,364,36,96
522,364,36,96
522,364,36,96
524,365,36,95
528,365,36,95
526,365,36,95
530,365,38,95
530,365,38,95
534,365,38,95
537,367,38,93
539,367,38,93
543,367,38,93
543,367,38,93
547,367,38,93
549,367,38,93
554,367,38,93
554,370,40,90
554,371,40,89
558,373,40,87
558,373,40,87
564,375,40,85
564,375,40,85
571,375,40,85
568,375,40,85
577,375,40,85
581,375,40,85
585,377,40,83
