7,162,25,86
10,163,25,86
12,163,25,86
14,164,27,86
18,164,25,86
19,164,33,86
22,164,25,86
23,164,27,90
25,164,25,86
31,165,25,86
33,163,25,86
35,165,25,86
37,163,25,86
40,164,25,86
42,164,25,86
46,164,25,86
48,164,25,86
51,164,25,86
53,164,25,86
59,162,25,86
61,162,25,86
63,162,25,86
65,162,25,86
68,163,25,86
72,163,25,86
74,163,25,86
76,163,25,86
82,163,25,86
86,163,25,86
88,163,25,86
89,163,25,86
92,161,25,92
93,162,25,92
95,162,33,94
99,164,25,92
101,164,25,92
103,162,25,90
108,161,25,94
110,161,25,86
114,161,25,86
118,163,25,86
121,164,25,86
122,162,25,86
127,163,25,86
131,163,25,86
133,159,25,94
135,159,25,96
135,161,25,86
138,161,25,92
139,161,25,92
144,162,25,92
144,160,25,94
148,162,25,92
150,160,25,92
153,161,25,92
158,161,25,92
161,162,25,86
163,160,25,86
165,160,25,90
167,160,25,86
167,162,25,90
169,162,25,86
172,161,25,86
174,162,25,86
175,162,25,86
178,162,25,92
182,161,25,86
182,159,25,86
183,159,25,86
187,161,25,86
190,160,25,92
190,160,25,92
191,160,25,92
191,162,25,86
195,159,25,86
197,160,25,92
199,160,25,90
201,161,25,90
204,159,25,92
204,159,25,86
207,158,25,86
205,159,25,86
206,159,25,86
208,159,25,86
210,159,25,86
212,159,25,86
212,156,25,86
212,158,25,86
212,160,25,86
212,158,25,86
212,158,25,86
210,158,25,86
210,158,25,86
207,159,25,86
207,159,25,92
205,159,25,86
206,159,25,86
201,158,31,90
198,157,31,90
197,157,31,90
197,157,31,90
195,159,31,90
193,160,31,90
193,158,31,90
191,160,31,90
191,160,31,90
190,160,31,90
190,161,31,90
188,161,31,90
188,161,31,90
188,159,31,90
186,160,31,90
184,158,31,90
184,160,31,90
184,160,31,90
182,160,31,90
182,160,31,90
178,160,31,90
174,160,31,90
173,160,31,90
173,160,31,90
170,161,31,90
167,160,31,90
166,160,31,90
165,160,31,90
165,160,31,90
159,160,31,90
159,160,31,90
159,160,31,90
159,160,31,90
161,160,31,90
161,160,31,90
161,160,31,90
161,160,31,90
161,160,31,90
161,160,31,90
161,160,31,90
161,160,31,90
163,160,31,90
163,160,31,90
163,160,31,90
163,160,31,90
163,160,31,90
163,160,31,90
163,160,31,90
163,160,31,90
163,160,31,90
163,160,31,90
160,160,31,90
160,160,31,90
160,160,31,90
160,160,31,90
152,159,31,90
152,159,31,90
154,159,31,90
151,158,31,90
149,160,31,90
151,160,31,90
151,160,31,90
151,160,31,90
152,161,31,90
152,161,31,90
154,161,31,90
154,161,31,90
154,161,31,90
155,161,31,90
155,161,31,90
157,161,31,90
159,161,31,90
159,158,31,90
161,160,31,90
159,160,31,90
161,161,31,90
161,161,31,90
161,161,31,90
161,161,31,90
163,161,31,90
163,161,31,90
165,161,31,90
165,159,31,90
165,159,31,90
165,159,31,90
163,159,31,90
163,157,31,90
163,157,31,90
166,157,31,90
166,157,31,90
166,155,31,90
166,155,31,90
166,157,31,90
166,159,31,90
168,159,31,90
170,159,31,90
172,161,31,90
174,159,31,90
172,161,31,90
174,161,31,90
174,161,31,90
176,159,31,90
176,161,31,90
178,157,31,90
178,161,31,90
178,157,31,90
180,159,31,90
180,159,31,90
178,159,31,90
176,159,31,90
178,159,31,90
174,158,31,90
173,157,31,90
173,157,31,90
169,156,31,90
165,156,31,90
163,156,31,90
159,156,31,90
159,156,31,90
155,156,31,90
153,158,31,90
149,160,31,90
144,160,31,90
142,158,31,90
142,158,31,90
142,158,31,90
141,159,31,90
139,158,31,90
137,158,31,90
137,158,31,90
135,159,31,90
132,158,31,90
132,160,31,90
132,160,31,90
133,157,31,90
133,160,31,90
132,162,31,90
132,160,31,90
132,160,31,90
132,162,31,90
132,162,31,90
134,161,31,90
135,162,31,90
135,162,31,90
135,161,31,90
137,159,31,90
137,162,31,90
139,162,31,90
139,162,31,90
141,162,31,90
143,162,31,90
146,162,31,90
146,162,31,90
148,162,31,90
150,162,31,90
154,162,31,90
157,163,31,90
157,163,31,90
160,163,31,90
161,162,31,90
165,161,31,90
167,161,31,90
167,161,31,90
170,162,31,90
172,162,31,90
172,161,31,90
175,162,31,90
177,162,31,90
180,162,31,90
180,162,31,90
182,162,31,90
184,161,31,90
186,160,31,90
186,158,31,90
188,162,31,90
189,160,31,90
194,159,31,90
195,161,31,90
199,157,31,90
199,159,31,90
201,159,31,90
203,158,31,90
205,159,31,90
205,161,31,90
207,161,31,90
207,159,31,90
209,161,31,90
209,161,31,90
212,159,31,90
212,159,31,90
216,157,31,90
216,157,31,90
214,158,31,90
215,156,31,90
215,158,31,90
215,158,31,90
214,158,31,90
214,158,31,90
212,160,31,90
210,160,31,90
208,158,31,90
207,160,31,90
206,159,31,90
203,158,31,90
204,158,31,90
202,158,31,90
200,158,31,90
200,158,31,90
199,158,31,90
199,158,31,90
198,158,31,90
195,160,31,90
195,160,31,90
195,160,31,90
193,160,31,90
193,160,31,90
191,160,31,90
191,160,31,90
191,160,31,90
190,160,31,90
192,160,31,90
192,160,31,90
192,160,31,90
192,160,31,90
192,160,31,90
192,160,31,90
192,160,31,90
192,160,31,90
192,160,31,90
192,160,31,90
192,160,31,90
192,160,31,90
192,160,31,90
192,160,31,90
192,160,31,90
192,160,31,90
192,160,31,90
192,160,31,90
192,160,31,90
192,160,31,90
192,160,31,90
192,160,31,90
192,160,31,90
192,160,31,90
192,160,31,90
192,160,31,90
192,160,31,90
192,160,31,90
192,160,31,90
192,160,31,90
192,160,31,90
192,160,31,90
192,160,31,90
192,160,31,90
192,160,31,90
192,160,31,90
192,160,31,90
192,160,31,90
192,160,31,90
192,160,31,90
192,160,31,90
192,160,31,90
192,160,31,90
192,160,31,90
192,160,31,90
192,160,31,90
192,160,31,90
192,160,31,90
192,160,31,90
192,160,31,90
192,160,31,90
192,160,31,90
192,160,31,90
192,160,31,90
192,160,31,90
192,160,31,90
192,160,31,90
192,160,31,90
192,160,31,90
192,160,31,90
192,160,31,90
192,160,31,90
192,160,31,90
192,160,31,90
194,160,31,90
192,160,31,90
192,160,31,90
194,160,31,90
192,160,31,90
192,160,31,90
192,160,31,90
192,160,31,90
192,160,31,90
192,160,31,90
192,160,31,90
192,160,31,90
192,160,31,90
192,160,31,90
192,160,31,90
192,160,31,90
192,158,31,90
192,160,31,90
192,158,31,90
192,158,31,90
192,158,31,90
192,158,31,90
192,158,31,90
192,158,31,90
193,158,31,90
193,158,31,90
193,158,31,90
193,156,31,90
193,158,31,90
193,158,31,90
193,158,31,90
193,158,31,90
193,158,31,90
193,158,31,90
193,158,31,90
193,158,31,90
193,158,31,90
193,158,31,90
193,158,31,90
193,158,31,90
193,158,31,90
193,158,31,90
193,158,31,90
193,158,31,90
193,158,31,90
193,158,31,90
193,158,31,90
193,158,31,90
193,158,31,90
193,158,31,90
193,158,31,90
193,158,31,90
193,158,31,90
193,158,31,90
195,158,31,90
195,158,31,90
197,158,31,90
197,158,31,90
197,158,31,90
195,158,31,90
195,158,31,90
195,158,31,90
195,158,31,90
195,158,31,90
193,158,31,90
195,158,31,90
195,158,31,90
193,158,31,90
193,158,31,90
193,158,31,90
193,158,31,90
193,158,31,90
193,158,31,90
193,158,31,90
193,158,31,90
193,158,31,90
190,158,31,90
190,158,31,90
190,158,31,90
188,158,31,90
186,157,31,90
186,157,31,90
181,157,31,90
178,159,31,90
176,160,31,90
176,160,31,90
174,160,31,90
174,160,31,90
170,160,31,90
170,160,31,90
170,160,31,90
170,160,31,90
170,160,31,90
168,160,31,90
170,160,31,90
170,160,31,90
170,160,31,90
170,160,31,90
170,160,31,90
171,158,31,90
173,158,31,90
174,157,31,90
176,159,31,90
177,159,31,90
177,159,31,90
177,159,31,90
177,159,31,90
177,159,31,90
177,159,31,90
177,159,31,90
177,159,31,90
177,159,31,90
177,159,31,90
178,159,31,90
178,159,31,90
178,159,31,90
178,159,31,90
178,159,31,90
178,159,31,90
178,159,31,90
178,159,31,90
178,159,31,90
175,159,31,90
175,159,31,90
174,159,31,90
174,159,31,90
173,159,31,90
173,159,31,90
173,159,31,90
173,160,31,90
172,158,32,87
172,160,32,87
172,160,32,87
172,160,32,87
174,160,32,87
174,160,32,87
174,158,32,87
174,160,32,87
175,160,32,87
177,160,32,87
176,160,32,87
178,162,32,87
182,162,32,87
184,160,32,87
186,160,32,87
189,160,32,87
189,160,32,87
194,159,32,87
195,157,32,91
199,157,32,91
201,157,32,87
203,159,32,87
205,158,32,87
207,158,32,87
208,159,32,87
212,159,32,87
214,158,32,87
218,156,32,87
219,158,32,87
223,158,32,87
223,158,32,87
226,158,32,87
228,158,32,87
231,158,32,87
233,160,32,87
237,158,32,87
239,160,32,87
242,156,32,87
246,158,32,87
248,156,32,87
252,157,32,87
253,158,32,87
257,158,32,87
258,158,32,87
263,158,32,91
265,156,32,87
269,156,32,87
271,156,32,87
274,156,32,87
276,156,32,87
280,156,32,91
282,158,32,87
290,159,32,87
295,157,32,87
293,157,32,87
297,156,32,87
303,156,32,87
303,154,32,87
309,154,32,87
309,156,32,87
316,156,32,87
318,156,32,87
324,156,32,87
329,156,32,87
335,154,32,87
337,153,32,87
341,152,32,87
341,152,32,87
346,154,32,87
350,154,32,87
356,152,32,87
360,153,32,87
361,152,32,87
367,152,32,87
367,151,32,87
372,152,32,87
375,151,32,87
377,152,32,87
382,152,32,87
386,152,32,87
389,152,32,87
392,150,32,87
397,150,32,87
403,150,32,87
407,150,32,87
412,150,32,87
413,152,32,87
