89,148,55,46
89,148,55,46
91,149,55,46
91,149,55,46
95,149,54,46
95,149,54,46
95,149,54,46
95,149,54,46
95,149,54,46
98,149,54,46
98,149,54,46
103,150,49,45
103,150,49,45
103,150,49,45
107,150,47,45
107,150,47,45
107,150,47,45
108,151,47,45
108,151,47,45
108,151,47,45
108,151,47,45
108,151,47,45
110,151,44,45
110,151,44,45
110,151,44,45
110,151,44,45
110,151,44,45
110,152,44,45
110,152,44,45
118,152,36,49
118,152,36,49
118,152,36,49
118,152,36,49
117,153,36,49
117,153,36,49
116,154,36,49
116,154,36,49
116,154,36,49
116,154,36,49
116,155,36,49
116,155,36,49
116,155,36,49
116,155,36,49
116,155,36,49
116,155,36,49
115,157,36,49
115,157,36,49
115,157,36,49
115,157,36,49
112,157,38,51
112,157,38,51
112,157,38,51
112,157,38,51
112,157,38,51
112,157,38,51
109,158,38,51
109,158,38,51
108,158,38,51
108,158,38,51
108,158,38,51
108,158,38,51
105,162,38,51
105,162,38,51
105,162,38,51
105,162,38,51
103,162,40,53
103,162,40,53
103,162,40,53
99,163,40,53
99,163,40,53
99,163,40,53
98,164,40,53
98,164,40,53
98,164,40,53
96,164,40,53
96,164,40,53
96,167,40,53
96,167,40,53
96,167,40,53
90,171,40,53
90,171,40,53
90,171,40,53
89,174,40,53
89,174,40,53
89,174,40,53
89,174,40,53
89,174,40,53
89,174,40,53
87,176,40,53
87,176,40,53
87,176,40,53
87,176,40,53
87,176,40,53
87,176,40,53
87,176,40,53
87,178,40,57
87,178,40,57
87,178,40,57
87,178,40,57
87,178,40,57
88,181,40,57
88,181,40,57
88,181,40,57
88,181,40,57
88,181,40,57
89,181,41,61
89,181,41,61
89,181,41,61
89,181,41,61
89,181,41,61
91,184,41,61
91,184,41,61
91,184,41,61
92,185,41,61
92,185,41,61
92,185,41,61
92,185,41,61
93,187,42,64
93,187,42,64
95,188,42,64
95,188,42,64
95,188,42,64
95,188,42,64
97,192,42,64
97,192,42,64
97,192,42,64
98,193,46,67
98,193,46,67
98,193,46,67
101,193,46,67
101,193,46,67
101,193,46,67
101,197,46,67
101,197,46,67
101,197,46,67
104,199,46,67
104,199,46,67
104,199,46,67
107,202,45,69
107,202,45,69
107,202,45,69
108,205,47,71
108,207,47,71
109,205,47,71
109,205,47,71
109,205,47,71
110,209,47,71
110,209,47,71
110,212,49,73
110,212,49,73
110,212,49,73
110,212,49,73
112,216,49,73
112,216,49,73
112,216,49,73
112,216,49,73
115,217,49,73
115,217,49,73
115,217,49,73
115,223,52,78
115,223,52,78
115,223,52,78
117,223,52,78
117,223,52,78
118,225,53,82
118,225,53,82
121,228,53,82
121,228,53,82
121,230,53,82
121,230,53,82
121,234,56,84
123,235,56,84
123,235,56,84
123,235,56,84
125,237,56,84
125,237,56,84
124,238,58,90
124,238,58,90
127,242,58,90
127,242,58,90
130,246,58,90
130,246,58,90
130,247,59,92
130,247,59,92
133,252,59,92
133,252,59,92
135,254,62,94
135,254,62,94
135,258,62,94
135,258,62,94
138,260,63,97
140,262,63,97
140,262,63,97
142,263,65,102
142,263,65,102
144,268,67,102
143,273,67,102
146,273,67,102
146,277,71,102
146,277,71,102
150,281,72,105
150,281,72,105
152,281,72,105
152,285,76,109
152,285,76,109
155,288,78,114
157,291,78,114
161,294,78,114
161,294,78,114
163,297,78,114
163,301,78,116
166,303,78,116
166,307,83,117
171,311,83,117
171,311,83,117
174,312,83,122
176,316,83,122
178,316,83,127
180,320,83,127
184,324,83,127
184,324,83,127
186,328,89,130
186,328,89,130
189,329,89,130
190,334,92,125
190,334,92,125
193,334,92,125
195,334,92,125
201,345,93,114
201,352,100,107
201,352,100,107
201,355,101,104
209,359,99,100
209,361,99,98
212,367,105,92
