132 86 142 105
132 86 142 105
132 86 142 106
133 87 143 108
133 87 143 108
134 88 145 108
134 88 145 108
136 89 146 108
136 89 146 108
138 90 148 109
138 90 148 109
138 90 148 109
138 90 150 112
138 90 150 112
140 91 150 112
140 91 150 112
142 92 152 113
142 92 152 113
143 94 153 115
143 94 153 115
145 95 155 115
145 95 155 115
144 94 155 115
146 95 156 115
146 95 156 115
148 96 158 118
148 96 158 118
146 96 157 118
148 97 158 119
148 97 158 119
150 98 161 120
150 98 161 120
151 99 162 120
151 99 162 120
152 100 164 122
152 100 164 122
154 100 165 122
154 100 165 122
156 102 167 124
156 102 167 124
156 102 167 124
157 103 169 125
157 103 169 125
159 104 171 125
159 104 171 125
160 105 172 127
160 105 172 127
160 105 171 126
163 106 174 128
163 106 174 128
165 107 176 130
165 107 176 130
167 108 179 131
167 108 179 131
168 109 180 132
168 109 180 132
169 109 180 133
171 110 182 134
171 110 182 134
173 111 185 135
173 111 185 135
175 112 186 135
175 112 186 135
176 113 187 137
176 113 187 137
177 113 188 135
181 115 192 137
181 115 192 137
181 115 193 139
181 115 193 139
183 116 196 141
183 116 196 141
187 118 199 142
187 118 199 142
186 118 199 141
188 118 200 142
188 118 200 142
191 120 203 142
191 120 203 142
192 121 205 143
192 121 205 143
195 123 207 145
195 123 207 145
198 124 210 144
198 124 210 144
196 123 208 145
199 125 211 147
199 125 211 147
202 126 213 149
202 126 213 149
204 127 215 150
204 127 215 150
205 128 218 152
205 128 218 152
204 128 217 152
207 130 219 153
207 130 219 153
208 130 221 155
208 130 221 155
210 131 223 157
210 131 223 157
212 133 225 157
212 133 225 157
212 133 226 159
214 134 227 159
214 134 227 159
216 136 229 160
216 136 229 160
218 138 231 161
218 138 231 161
219 139 233 164
219 139 233 164
222 140 235 164
222 140 235 164
225 142 237 168
224 142 238 166
224 142 238 166
226 142 239 169
226 142 239 169
227 143 241 170
227 143 241 170
230 146 242 170
230 146 242 170
232 147 245 174
232 147 245 174
233 148 247 174
233 148 247 174
234 149 247 175
236 150 249 179
236 150 249 179
237 150 251 178
237 150 251 178
240 154 254 180
240 154 254 180
242 154 255 181
242 154 255 181
242 155 255 182
244 156 258 183
244 156 258 183
246 158 260 185
246 158 260 185
249 159 262 185
249 159 262 185
250 162 264 188
250 162 264 188
250 162 264 188
252 164 265 191
252 164 265 191
254 163 268 191
254 163 268 191
256 166 271 194
256 166 271 194
256 166 270 195
258 168 272 195
258 168 272 195
261 169 275 199
262 171 277 199
262 171 277 199
263 172 278 200
266 175 279 202
266 175 279 202
267 175 281 204
267 175 281 204
270 177 285 208
270 177 285 208
269 176 285 208
272 179 287 209
272 179 287 209
275 180 290 211
275 180 290 211
278 184 292 213
278 184 292 213
277 184 292 213
279 186 295 215
279 186 295 215
283 187 299 220
283 187 299 220
286 191 302 219
286 191 302 219
289 192 303 222
289 192 303 222
289 193 304 222
291 195 307 224
291 195 307 224
294 197 311 227
297 199 313 229
297 199 313 229
297 199 312 228
300 201 316 235
300 201 316 235
