547,55,22,51
547,55,22,51
545,55,22,51
545,57,22,51
545,55,22,51
543,55,22,51
545,55,22,51
545,55,22,51
545,55,22,51
545,55,22,51
545,55,22,51
545,55,22,51
545,55,22,51
545,55,22,51
545,55,22,51
545,57,22,51
545,57,22,51
545,57,22,51
545,57,22,51
545,57,22,51
545,57,22,51
545,57,22,51
545,57,22,51
545,55,22,51
545,55,22,51
545,55,22,51
545,55,22,51
545,55,22,51
545,55,22,51
545,55,22,51
545,59,22,51
545,59,22,51
545,59,22,51
545,59,22,51
545,59,22,51
545,59,22,51
545,59,22,51
545,59,22,51
545,59,22,51
545,59,22,51
547,59,22,51
547,61,22,51
547,59,22,51
547,59,22,51
547,59,22,51
547,59,22,51
547,59,22,51
547,59,22,51
547,59,22,51
547,59,22,51
547,59,22,51
549,59,22,51
549,59,22,51
549,59,22,51
549,59,22,51
549,59,22,51
549,59,22,51
549,61,22,51
549,59,22,51
549,59,22,51
549,59,22,51
549,59,22,51
549,59,22,51
549,59,22,51
549,59,22,51
549,59,22,51
551,61,22,51
551,61,22,51
551,61,22,51
551,61,22,51
551,61,22,51
551,61,22,51
551,61,22,51
551,61,22,51
551,61,22,51
551,61,22,51
554,63,22,51
554,63,22,51
554,63,22,51
554,63,22,51
554,63,22,51
554,63,22,51
554,63,22,51
554,63,22,51
554,63,22,51
554,63,22,51
554,63,22,51
554,63,22,51
554,63,22,51
554,63,22,51
554,63,22,51
554,63,22,51
554,63,22,51
554,63,22,51
554,63,22,51
554,65,22,51
554,65,22,51
554,65,22,51
554,65,22,51
554,65,22,51
554,65,22,51
556,65,22,51
556,65,22,51
556,65,22,51
556,65,22,51
556,65,22,51
556,65,22,51
556,65,22,51
556,65,22,51
556,65,22,51
556,65,22,51
556,65,22,51
556,65,22,51
556,65,22,51
556,65,22,51
556,65,22,51
556,65,22,51
556,67,22,51
556,67,22,51
556,67,22,51
556,67,22,51
556,67,22,51
556,67,22,51
556,67,22,51
556,67,22,51
556,67,22,51
556,67,22,51
556,67,22,51
556,67,22,51
556,67,22,51
556,67,22,51
556,69,22,51
556,69,22,51
556,69,22,51
556,69,22,51
556,69,22,51
556,69,22,51
556,69,22,51
554,69,22,51
554,69,22,51
554,69,22,51
554,67,22,51
556,69,22,51
556,69,22,51
556,69,22,51
556,69,22,51
556,69,22,51
556,69,22,51
556,69,22,51
556,69,22,51
556,69,22,51
554,69,22,51
554,69,22,51
554,69,22,51
554,69,22,51
554,69,22,51
554,73,22,51
554,73,22,51
554,73,22,51
554,73,22,51
554,73,22,51
552,73,22,51
552,73,22,51
552,73,22,51
552,73,22,51
552,73,22,51
552,73,22,51
552,73,22,51
552,73,22,51
552,73,22,51
552,73,22,51
552,73,22,51
552,73,22,51
552,73,22,51
552,73,22,51
552,73,22,51
552,73,22,51
552,73,22,51
552,73,22,51
550,73,22,51
550,73,22,51
550,73,22,51
550,73,22,51
550,77,22,51
550,77,22,51
550,77,22,51
550,77,22,51
550,77,22,51
550,77,22,51
550,77,22,51
550,77,22,51
550,77,22,51
550,77,22,51
550,77,22,51
550,77,22,51
550,77,22,51
550,77,22,51
550,77,22,51
550,77,22,51
550,77,22,51
550,77,22,51
550,79,22,51
550,79,22,51
550,79,22,51
550,79,22,51
550,79,22,51
550,79,22,51
550,79,22,51
550,79,22,51
550,79,22,51
550,81,22,51
550,81,22,51
550,81,22,51
550,81,22,51
550,81,22,51
550,81,22,51
550,81,22,51
550,81,22,51
550,81,22,51
550,81,22,51
550,81,22,51
548,81,22,51
548,81,22,51
548,81,22,51
550,81,22,51
550,81,22,51
552,78,19,55
552,78,19,55
552,78,19,55
552,78,19,55
552,78,19,55
551,78,20,56
551,78,20,56
551,80,20,56
551,80,20,56
551,80,20,56
551,80,20,56
551,82,20,56
551,82,20,56
551,82,20,56
551,82,20,56
551,82,20,56
551,82,20,56
551,82,20,56
551,82,20,56
549,82,20,56
549,82,20,56
549,82,20,56
549,82,20,56
549,82,20,56
549,82,20,56
549,82,20,56
549,82,20,56
549,82,20,56
549,82,20,56
549,82,20,56
549,82,20,56
549,82,20,56
549,82,20,56
549,82,20,56
549,82,20,56
549,82,20,56
549,84,20,56
549,84,20,56
547,84,20,56
547,84,20,56
547,84,20,56
547,84,20,56
547,84,20,56
547,84,20,56
547,84,20,56
547,84,20,56
547,84,20,56
547,84,20,56
547,84,21,59
547,86,21,59
547,86,21,59
547,86,21,59
547,86,21,59
547,86,21,59
547,86,21,59
547,86,21,59
547,84,21,59
547,84,21,59
547,84,21,59
547,86,21,59
547,86,21,59
545,86,21,59
545,86,21,59
545,86,21,59
545,86,21,59
545,86,21,59
545,86,21,59
545,86,21,59
545,86,21,59
545,86,21,59
545,86,21,59
545,86,21,59
545,86,21,59
545,88,21,59
543,88,21,59
543,88,21,59
543,88,21,59
543,88,21,59
543,88,21,59
543,88,21,59
543,88,21,59
543,90,21,59
543,90,21,59
543,90,21,59
541,90,21,59
541,90,21,59
541,90,21,59
541,90,21,59
541,90,21,59
539,90,21,59
539,90,21,59
539,90,21,59
539,90,21,59
539,90,21,59
539,90,21,59
539,90,21,59
539,90,21,59
537,90,21,59
537,90,21,59
537,90,21,59
537,92,21,59
537,94,21,59
537,94,21,59
537,94,21,59
537,94,21,59
537,94,21,59
535,94,21,59
535,94,21,59
535,94,21,59
535,94,21,59
535,94,21,59
533,96,21,59
533,96,21,59
533,96,21,59
533,96,21,59
531,96,21,59
531,96,21,59
531,96,21,59
531,96,21,59
531,96,21,59
529,96,21,59
529,96,21,59
529,96,21,59
529,96,21,59
529,96,21,59
529,98,23,62
529,98,23,62
529,98,23,62
527,98,23,62
527,98,23,62
527,98,23,62
527,98,23,62
527,98,23,62
527,98,23,62
527,98,23,62
527,98,23,62
525,100,23,62
525,100,23,62
525,100,23,62
523,100,23,62
523,100,23,62
523,100,23,62
523,100,23,62
523,100,23,62
523,100,23,62
523,100,23,62
521,100,23,62
521,100,23,62
521,100,23,62
521,100,23,62
521,100,23,62
521,100,23,62
521,102,23,62
521,102,23,62
521,102,23,62
521,102,23,62
520,100,21,64
520,100,21,64
520,100,21,64
520,102,21,64
520,102,21,64
520,102,21,64
520,102,21,64
520,102,21,64
520,102,21,64
520,102,21,64
518,102,21,64
518,102,21,64
518,102,21,64
518,102,21,64
516,102,21,64
516,102,21,64
516,102,21,64
516,102,21,64
516,102,21,64
516,102,21,64
516,104,21,64
516,104,21,64
516,104,21,64
514,104,21,64
514,104,21,64
514,104,21,64
514,104,21,64
514,104,21,64
514,104,21,64
514,104,21,64
514,104,21,64
512,106,21,64
512,106,21,64
512,106,21,64
512,106,21,64
510,106,21,64
510,106,21,64
510,106,21,64
510,106,21,64
508,104,23,68
508,104,23,68
508,104,23,68
508,104,23,68
506,106,23,68
506,108,23,68
506,108,23,68
504,108,23,68
504,108,23,68
504,108,23,68
504,108,23,68
504,108,23,68
504,108,23,68
504,108,23,68
504,108,23,68
503,108,23,68
503,108,23,68
503,108,23,68
499,110,23,68
499,110,23,68
499,110,23,68
499,110,23,68
497,110,23,68
497,110,23,68
497,110,23,68
495,108,23,68
495,108,23,68
493,108,23,68
493,108,23,68
493,110,23,68
493,110,23,68
491,110,23,68
491,110,23,68
491,112,23,68
491,112,23,68
491,112,23,68
491,112,23,68
491,112,23,68
491,112,23,68
489,112,23,68
489,112,23,68
489,112,23,68
489,112,23,68
487,112,24,72
486,112,24,72
484,114,24,72
484,114,24,72
482,114,24,72
482,114,24,72
480,112,24,72
480,112,24,72
480,112,24,72
480,112,24,72
480,112,24,72
478,112,24,72
478,112,24,72
476,114,24,72
476,114,24,72
476,114,24,72
476,114,24,72
474,116,24,72
474,116,24,72
474,116,24,72
474,116,24,72
472,116,24,72
472,116,24,72
472,116,24,72
470,116,24,72
470,116,24,72
470,116,24,72
470,118,24,72
470,118,24,72
467,118,24,72
467,118,24,72
465,118,24,72
465,118,24,72
465,118,24,72
465,118,24,72
465,118,24,72
461,118,24,72
461,118,24,72
459,116,24,72
459,116,24,72
459,118,22,76
459,120,22,76
459,120,22,76
457,122,22,76
457,122,22,76
457,122,22,76
455,122,22,76
455,122,22,76
455,122,22,76
455,122,22,76
455,120,22,76
455,120,22,76
455,120,22,76
452,120,22,76
452,120,22,76
448,120,24,76
448,120,24,76
446,122,24,76
444,124,24,76
444,124,24,76
444,124,24,76
442,120,24,76
442,120,24,76
442,120,24,76
440,120,24,76
440,122,24,76
438,124,24,76
438,124,24,76
438,124,24,76
438,126,24,76
436,126,24,76
435,126,24,76
435,126,24,76
435,126,24,76
435,126,24,76
433,126,24,76
433,126,24,76
431,124,24,76
429,124,24,76
429,124,24,76
427,126,28,76
427,126,28,76
427,128,28,76
427,128,28,76
423,128,28,76
423,130,28,76
421,128,28,76
421,128,28,76
419,128,28,76
419,128,28,76
419,130,28,76
416,128,28,80
414,128,28,80
414,128,28,80
412,128,28,80
412,130,28,80
410,132,28,80
410,132,28,80
410,134,28,80
408,134,28,80
408,132,28,80
408,130,28,80
406,130,28,80
404,130,28,80
404,130,28,80
404,132,28,80
402,132,28,80
401,132,28,80
399,132,28,80
397,132,28,80
397,132,28,80
397,132,28,80
393,134,28,80
393,134,28,80
391,134,28,80
389,134,28,80
387,134,28,80
387,134,28,80
387,134,28,80
385,134,28,80
385,136,28,80
384,138,28,80
382,138,28,80
382,140,28,80
378,140,28,80
378,140,28,80
378,138,28,80
376,138,28,80
374,138,28,80
374,138,28,80
374,140,28,80
374,140,28,80
372,140,28,80
370,140,28,80
370,140,28,80
370,140,28,80
370,140,28,80
368,142,28,80
367,142,28,80
367,142,28,80
361,142,28,80
361,142,28,80
358,140,31,80
356,140,31,80
356,140,31,80
354,142,31,80
354,144,31,80
354,144,31,80
352,146,31,80
352,144,31,80
352,144,31,80
350,144,31,80
350,146,31,80
348,146,31,80
346,146,31,80
346,146,31,80
346,146,31,80
344,146,31,80
344,144,31,80
342,144,31,84
340,146,31,84
340,146,31,84
340,146,31,84
340,146,31,84
338,146,31,84
338,146,31,84
334,146,31,84
333,146,31,84
331,148,31,84
331,148,31,84
329,148,31,84
327,148,31,84
327,148,31,84
327,148,31,84
325,148,31,84
323,150,31,84
323,152,31,84
321,152,31,84
321,152,31,84
321,152,31,84
321,152,31,84
317,152,31,84
316,150,31,84
316,150,31,84
316,152,31,84
314,152,31,84
312,154,31,84
310,156,31,84
308,154,31,84
308,154,31,84
306,156,31,84
306,156,31,84
306,156,31,84
306,156,31,84
302,156,31,84
302,156,31,84
300,154,31,84
297,154,31,84
297,154,31,84
297,158,31,84
295,158,31,87
295,158,31,87
295,160,31,87
293,158,31,87
293,158,31,87
291,158,31,87
291,158,31,87
291,158,31,87
289,160,31,87
287,160,31,87
287,160,31,87
285,160,31,87
283,160,31,87
280,160,31,87
278,160,31,87
278,160,31,87
278,166,31,87
276,166,31,87
276,166,31,87
276,166,31,87
272,162,31,87
270,160,31,87
268,160,31,91
266,162,31,91
266,162,31,91
266,166,31,91
266,166,31,91
263,166,31,91
261,164,31,91
259,164,31,91
259,164,31,91
259,166,31,91
257,166,31,91
255,168,31,91
253,168,31,91
251,166,31,91
251,162,31,91
249,162,31,95
246,164,31,95
246,164,31,95
246,170,31,95
248,173,28,92
244,171,30,92
242,171,30,92
240,169,28,92
238,167,28,92
236,167,28,92
234,169,30,92
236,171,28,92
235,173,28,92
231,173,28,92
231,171,25,96
226,169,29,96
225,167,30,96
223,171,32,96
221,171,32,96
222,175,30,96
221,177,28,96
217,175,30,96
218,175,28,96
216,173,28,96
212,169,30,96
210,171,28,96
210,173,30,96
208,175,30,96
208,177,28,96
206,177,30,96
203,177,32,96
201,177,32,96
199,177,30,96
195,177,32,96
195,177,30,96
191,177,32,96
191,179,32,96
191,177,28,96
189,177,28,96
185,177,28,96
183,175,30,96
184,177,30,96
180,177,32,96
180,179,30,96
178,185,32,96
