374,112,17,31
374,112,17,31
370,113,17,31
370,113,17,31
366,113,17,31
366,113,17,31
363,114,17,31
360,113,17,31
360,113,17,31
359,115,17,31
355,115,17,31
353,114,17,33
349,115,17,33
347,115,17,33
343,115,17,33
343,115,17,33
338,115,17,33
336,115,19,35
332,115,19,35
330,116,19,35
326,116,19,35
324,116,19,35
322,117,19,35
320,118,19,35
314,117,19,35
313,118,19,35
311,119,19,35
307,120,19,35
304,119,19,35
301,119,19,35
300,119,19,35
296,120,19,35
295,120,16,35
293,121,16,35
289,122,16,35
286,122,16,35
285,122,16,35
282,121,16,35
279,121,16,35
274,122,16,35
269,122,18,35
269,122,18,35
265,123,18,35
263,125,18,35
260,124,18,35
257,124,18,35
257,124,18,35
253,125,18,35
249,126,18,38
249,126,18,38
247,126,18,38
244,127,18,38
240,127,18,38
234,127,20,39
234,129,20,39
232,129,20,39
227,128,20,39
227,129,20,39
225,129,20,39
222,129,20,39
219,130,20,39
215,130,20,39
214,132,20,39
212,132,20,39
209,133,20,39
207,133,20,39
207,135,20,39
205,136,20,39
203,136,20,39
203,136,20,39
201,136,20,39
197,136,20,39
194,136,20,39
194,137,20,39
190,137,20,41
191,137,20,41
189,140,20,41
187,138,20,41
184,138,23,42
183,139,23,42
182,140,23,42
182,142,23,42
180,142,23,42
180,143,21,43
178,143,21,43
178,143,21,43
175,145,21,43
175,143,21,43
173,143,21,43
170,144,21,43
170,144,21,43
167,145,23,44
167,145,23,44
164,147,23,44
163,147,23,44
163,147,23,44
160,149,23,44
160,149,23,44
159,150,23,44
159,150,23,44
159,150,21,46
159,150,21,46
156,151,21,46
156,151,21,46
154,151,24,50
156,151,24,50
154,153,24,50
154,153,24,50
154,153,24,50
152,156,24,50
152,156,24,50
150,157,24,50
150,157,24,50
150,157,24,50
152,159,24,50
150,159,24,50
148,160,24,50
148,160,24,50
148,160,24,50
146,162,27,52
146,162,27,52
144,163,27,52
144,163,27,52
144,163,27,52
144,165,27,52
142,168,27,52
142,168,27,52
142,169,27,52
142,169,27,52
142,170,28,55
142,170,28,55
140,173,28,55
140,173,28,55
138,173,28,55
140,175,28,55
140,176,28,55
138,176,28,55
136,177,28,55
136,177,28,55
138,177,28,58
136,177,28,58
135,179,28,58
135,179,28,58
135,179,28,58
137,181,28,58
135,182,28,58
133,182,28,58
133,182,28,58
133,184,28,58
133,184,28,58
133,184,28,58
131,189,28,58
131,187,28,58
131,189,28,58
133,187,28,62
131,187,28,62
133,187,28,62
129,190,32,66
129,190,32,66
129,190,32,66
129,190,32,66
127,194,32,66
127,194,32,66
127,194,32,66
127,194,32,66
124,199,32,66
124,199,32,66
124,199,32,66
125,202,32,68
125,202,32,68
125,205,32,68
127,205,32,68
125,205,32,68
123,205,35,72
123,205,35,72
121,157,35,72
124,163,35,78
124,163,35,78
124,163,35,78
124,165,35,76
125,169,35,73
125,169,35,73
131,173,35,73
131,173,35,73
131,175,35,73
131,173,35,73
133,175,35,73
131,180,37,73
133,180,37,73
135,180,37,73
134,182,41,75
136,182,41,75
140,182,41,75
145,187,38,78
143,187,38,78
145,187,38,78
144,190,40,80
146,190,40,80
144,193,40,80
150,193,40,80
152,194,40,80
154,194,40,80
156,197,43,85
154,199,43,85
154,199,43,85
158,201,43,85
156,203,43,85
156,203,43,85
154,206,43,89
152,164,43,89
154,163,40,89
154,163,40,89
152,167,40,89
150,167,40,89
150,167,40,89
144,171,46,93
142,171,46,93
135,174,46,93
135,178,46,93
132,181,46,93
132,181,46,93
125,180,49,96
125,180,49,96
124,185,47,97
124,185,47,97
109,192,46,101
109,190,46,101
104,190,51,104
96,192,51,104
91,198,56,104
84,198,56,104
77,202,59,103
70,201,61,107
65,201,61,107
61,163,61,107
50,163,61,107
40,163,61,107
31,165,65,109
