474,29,32,102
471,28,32,102
471,28,32,102
466,28,37,102
464,28,37,102
464,28,37,102
461,29,37,102
461,29,33,101
461,29,33,101
457,28,33,101
457,28,33,101
454,28,33,101
454,28,33,101
454,28,29,102
451,27,29,102
451,27,29,102
451,27,27,101
451,27,27,101
451,27,27,101
451,27,27,101
451,27,27,101
447,27,31,101
447,27,31,101
441,27,37,101
441,27,37,101
441,27,37,101
441,27,37,101
439,27,41,100
439,27,41,100
439,27,41,100
443,27,41,100
445,27,38,100
447,27,38,100
450,28,38,100
450,28,38,100
450,28,38,100
450,28,38,100
450,28,38,100
450,28,38,100
450,28,38,100
450,31,38,100
450,33,38,100
450,33,38,100
449,36,38,100
449,36,38,100
449,36,38,100
449,36,38,100
452,36,38,100
452,36,38,100
454,37,38,100
456,39,38,100
456,39,38,100
460,39,38,100
462,41,38,100
462,41,38,100
464,39,39,106
464,41,39,106
464,46,39,106
467,47,39,106
469,50,36,106
469,50,36,106
470,48,36,106
471,49,36,106
474,51,36,106
474,51,36,106
478,53,36,106
482,120,31,115
481,151,33,113
479,147,33,109
479,147,33,109
479,151,33,109
479,149,33,109
479,149,33,109
481,154,33,109
481,154,33,109
481,156,33,109
481,161,33,109
481,161,33,109
481,161,33,109
481,161,33,109
481,161,33,109
478,159,33,109
478,159,33,109
478,159,33,109
477,162,36,113
477,167,36,113
477,167,36,113
477,167,36,113
477,170,36,113
477,170,36,113
477,170,36,113
477,170,36,113
477,170,36,113
473,172,36,113
472,175,36,113
469,178,36,113
469,178,36,113
469,178,36,113
467,180,36,113
467,180,36,113
467,180,36,113
465,180,36,113
465,180,36,113
462,181,36,113
462,181,36,113
457,184,38,113
455,186,38,113
453,189,38,113
452,193,38,113
452,193,38,113
448,193,38,113
450,191,35,114
444,191,35,114
441,193,35,114
441,193,35,114
441,193,35,114
436,195,35,114
436,195,35,114
430,195,35,114
430,195,35,114
423,195,35,114
423,195,35,114
415,195,43,114
415,195,43,114
409,196,43,114
409,196,43,114
403,197,43,114
403,197,43,114
402,197,37,115
399,197,37,115
399,197,37,115
399,197,35,115
397,198,35,115
394,198,35,115
394,198,35,115
389,201,35,115
388,201,35,115
386,207,35,115
384,209,35,115
381,212,31,113
380,212,31,113
377,212,31,113
372,213,31,113
370,214,31,113
366,221,31,113
365,221,31,113
359,222,35,113
356,225,35,113
353,227,35,113
352,225,35,113
347,225,35,113
347,225,35,113
340,228,35,113
338,230,35,113
336,233,35,113
333,234,35,113
330,235,35,113
330,235,32,113
325,236,32,113
325,236,32,113
317,238,32,113
313,240,32,113
313,240,32,113
307,244,32,113
305,244,32,113
302,247,32,113
298,248,32,113
295,248,32,113
295,248,32,113
291,253,32,113
287,254,32,113
282,254,32,113
280,256,32,113
277,257,32,113
270,257,32,113
267,258,32,113
264,260,36,114
258,262,36,114
254,266,36,114
251,269,36,114
249,269,36,114
245,270,36,114
243,268,33,110
240,269,33,110
235,270,33,110
232,271,33,110
226,279,33,110
220,279,37,122
217,279,37,122
217,279,37,122
210,283,37,122
210,283,37,122
200,285,33,123
200,285,33,123
197,285,33,123
191,287,33,123
189,291,33,123
182,296,33,123
174,302,33,123
173,303,33,123
171,308,33,123
165,310,33,123
162,310,31,119
157,308,31,119
154,308,31,119
150,305,31,123
150,305,31,123
142,309,31,123
139,312,31,123
135,319,31,123
129,325,31,119
129,325,31,119
126,325,31,119
123,325,31,119
123,325,31,119
117,321,35,120
117,321,35,120
107,321,41,119
100,321,41,119
100,321,41,119
100,321,41,119
94,323,41,119
94,323,41,119
84,324,40,120
78,324,40,120
72,324,40,120
72,324,40,120
64,324,40,120
64,324,40,120
59,324,40,120
59,324,40,120
53,324,40,120
53,324,40,120
47,323,40,120
47,323,36,120
39,323,36,120
39,323,36,120
35,323,36,120
35,323,36,120
28,321,36,120
28,321,36,120
28,321,36,120
25,321,36,120
25,321,36,120
15,321,46,121
15,321,46,121
15,321,46,121
10,320,46,121
10,320,46,121
5,320,46,121
5,320,46,121
5,320,46,121
5,320,46,121
5,320,46,121
5,320,46,121
5,320,46,121
8,320,43,119
12,320,43,119
12,320,43,119
12,320,43,119
16,320,43,119
16,320,43,119
23,320,43,119
23,320,43,119
29,320,43,119
29,320,43,119
35,320,43,119
35,320,43,119
39,319,43,119
39,319,43,119
46,318,43,119
46,318,43,119
46,318,43,119
46,318,43,119
49,318,43,119
49,318,43,119
58,316,40,115
58,316,40,115
65,316,40,115
65,316,40,115
74,315,35,115
74,315,35,115
80,315,35,115
80,315,35,115
80,315,43,112
83,317,43,112
83,317,43,112
83,317,43,112
88,317,43,112
91,316,43,112
91,316,43,112
99,312,43,112
97,314,50,101
97,314,50,101
97,314,50,101
107,307,52,103
107,307,52,103
111,304,52,103
113,300,52,103
113,300,52,103
113,300,52,103
116,300,52,103
116,300,52,103
117,297,52,103
117,297,52,103
127,293,40,109
127,293,40,109
129,287,40,109
137,287,32,109
144,287,32,109
145,285,32,109
148,280,36,110
148,280,36,110
154,279,36,110
154,279,36,110
154,279,36,110
157,276,36,110
157,276,36,110
160,273,36,110
160,273,36,110
164,274,36,110
164,274,36,110
165,274,39,112
165,274,39,112
168,271,39,112
168,271,39,112
172,269,39,112
172,269,39,112
178,266,39,112
178,266,39,112
184,264,39,112
184,264,39,112
190,262,39,112
190,262,39,112
192,262,39,112
192,262,39,112
197,262,39,112
197,262,39,112
200,262,36,109
200,262,36,109
208,258,40,109
210,253,40,109
210,253,40,109
215,246,40,109
215,246,40,109
223,246,40,109
223,246,40,109
228,241,40,109
228,241,40,109
232,240,40,109
232,240,40,109
241,242,40,109
241,242,40,109
241,242,40,109
245,241,40,109
250,235,40,109
250,235,40,109
257,225,40,109
257,225,40,109
265,224,40,109
265,224,40,109
268,219,40,109
268,219,40,109
274,219,40,109
274,219,40,109
274,219,40,109
282,218,40,109
282,218,40,109
282,218,40,109
286,217,40,109
291,217,40,109
291,217,40,109
297,209,39,106
297,209,39,106
299,205,39,106
299,205,39,106
303,201,39,106
303,201,39,106
311,199,39,106
311,199,39,106
311,199,39,106
314,199,39,106
314,199,39,106
317,199,39,106
317,199,39,106
326,195,39,106
326,195,39,106
330,194,39,106
330,194,39,106
334,188,39,106
334,188,39,106
339,187,39,106
339,187,39,106
339,187,39,106
345,187,39,106
345,187,39,106
345,187,39,106
345,187,39,106
344,191,45,103
344,191,45,103
352,190,45,103
352,190,45,103
364,189,45,103
364,189,45,103
364,189,45,103
372,185,45,103
372,185,45,103
378,183,45,103
378,183,45,103
378,183,45,103
385,183,45,103
385,183,45,103
392,183,45,103
392,183,45,103
396,178,45,103
396,178,45,103
406,175,32,106
406,175,32,106
410,172,32,106
410,172,32,106
418,172,32,106
418,172,32,106
418,172,32,106
418,172,32,106
418,172,32,106
421,171,32,106
421,171,32,106
429,167,32,106
429,167,32,106
431,164,32,106
431,164,32,106
431,164,32,106
434,161,37,108
434,161,37,108
434,161,37,108
434,161,37,108
438,162,37,108
438,162,37,108
438,156,37,108
438,156,37,108
441,155,37,108
441,155,37,108
445,152,37,108
445,152,37,108
452,154,37,108
452,154,37,108
452,154,37,108
452,154,37,108
456,151,37,108
456,151,37,108
456,151,37,108
464,146,31,106
464,146,31,106
464,146,31,106
468,144,31,106
468,144,31,106
468,144,31,106
469,144,37,107
469,144,37,107
473,145,37,107
473,145,37,107
475,142,36,102
475,142,36,102
477,135,36,102
477,135,36,102
477,135,36,102
485,133,28,100
485,133,28,100
485,133,28,100
488,133,28,100
488,133,28,100
490,135,29,99
490,135,29,99
494,131,29,99
494,131,29,99
497,127,29,99
497,127,29,99
500,125,29,99
500,125,29,99
500,125,29,99
500,125,29,99
506,126,29,99
506,126,29,99
506,126,29,99
506,126,29,99
511,122,29,99
511,122,29,99
511,122,29,99
516,116,29,99
516,116,29,99
517,118,29,99
517,118,29,99
517,118,29,99
521,117,25,90
521,117,25,90
523,117,25,90
526,116,25,90
526,116,25,90
531,114,25,90
531,114,25,90
534,110,25,90
534,110,25,90
536,110,25,90
536,110,25,90
539,107,31,87
539,107,31,87
539,107,31,87
543,106,31,87
543,106,31,87
547,105,31,87
547,105,31,87
549,104,31,87
549,104,31,87
551,100,31,87
551,100,31,87
554,101,29,87
554,101,29,87
555,99,29,87
555,99,29,87
555,99,29,84
558,99,29,84
558,99,29,84
562,98,29,84
562,98,29,84
563,94,29,84
563,94,29,84
564,91,29,84
564,91,29,84
564,91,29,84
564,91,29,84
564,91,29,84
564,91,29,84
564,91,29,84
564,91,29,84
564,91,29,84
564,91,29,84
564,91,29,84
564,91,29,84
564,91,29,84
564,91,29,84
564,91,29,84
570,90,29,84
570,90,29,84
570,90,29,84
570,90,29,84
570,90,29,84
570,90,29,84
570,90,29,84
570,90,29,84
570,90,29,84
566,90,29,84
566,90,29,84
566,90,29,84
566,90,29,84
566,90,29,84
566,90,29,84
566,90,29,84
566,90,29,84
566,90,29,84
558,91,29,84
558,91,29,84
558,91,29,84
558,91,29,84
558,91,29,84
558,91,29,84
558,91,29,84
558,91,29,84
558,91,29,84
558,91,29,84
558,91,29,84
558,91,29,84
558,91,29,84
558,91,29,84
558,91,29,84
562,91,29,84
562,91,29,84
562,91,29,84
562,91,29,84
562,91,29,84
562,91,29,84
562,91,29,84
562,91,29,84
562,91,29,84
562,91,29,84
562,91,29,84
562,91,29,84
562,91,29,84
562,91,29,84
562,91,29,84
562,91,29,84
562,91,29,84
562,91,29,84
562,91,29,84
557,91,33,85
557,91,33,85
557,91,33,85
557,91,33,85
557,91,33,85
557,91,33,85
557,91,33,85
557,91,33,85
557,91,33,85
557,91,33,85
557,91,33,85
557,91,33,85
557,91,33,85
557,91,33,85
557,91,33,85
557,91,33,85
557,91,33,85
557,91,33,85
557,91,33,85
557,91,33,85
557,91,33,85
557,91,33,85
557,91,33,85
557,91,33,85
557,91,33,85
557,91,33,85
557,91,33,85
557,91,33,85
557,91,33,85
557,91,33,85
557,91,33,85
557,91,33,85
557,91,33,85
557,91,33,85
557,91,33,85
557,91,33,85
557,91,33,85
557,91,33,85
557,91,33,85
557,91,33,85
557,91,33,85
557,91,33,85
557,91,33,85
557,91,33,85
557,91,33,85
557,91,33,85
557,91,33,85
557,91,33,85
557,91,33,85
557,91,33,85
557,91,33,85
557,91,33,85
557,91,33,85
557,91,33,85
557,91,33,85
557,91,33,85
557,91,33,85
557,91,33,85
557,91,33,85
557,91,33,85
557,91,33,85
557,91,33,85
557,91,33,85
557,91,33,85
557,91,33,85
557,91,33,85
557,91,33,85
557,91,33,85
557,91,33,85
557,91,33,85
557,91,33,85
557,91,33,85
557,91,33,85
557,91,33,85
557,91,33,85
557,91,33,85
557,91,33,85
557,91,33,85
557,91,33,85
557,91,33,85
557,91,33,85
557,91,33,85
557,91,33,85
557,91,33,85
557,91,33,85
557,91,33,85
557,91,33,85
557,91,33,85
557,91,33,85
557,91,33,85
557,91,33,85
557,91,33,85
557,91,33,85
557,91,33,85
557,91,33,85
557,91,33,85
557,91,33,85
557,91,33,85
557,91,33,85
557,91,33,85
557,91,33,85
557,91,33,85
557,91,33,85
557,91,33,85
557,91,33,85
557,91,33,85
557,91,33,85
557,91,33,85
557,91,33,85
557,91,33,85
557,91,33,85
557,91,33,85
557,91,33,85
557,91,33,85
557,91,33,85
557,91,33,85
557,91,33,85
557,91,33,85
557,91,33,85
557,91,33,85
557,91,33,85
557,91,33,85
557,91,33,85
557,91,33,85
557,91,33,85
557,91,33,85
557,91,33,85
557,91,33,85
552,90,37,84
552,90,37,84
552,90,37,84
552,90,37,84
552,90,37,84
552,90,37,84
552,90,37,84
552,90,37,84
552,90,37,84
552,90,37,84
552,90,37,84
552,90,37,84
552,90,37,84
552,90,37,84
552,90,37,84
552,90,37,84
552,90,37,84
552,90,37,84
552,90,37,84
552,90,37,84
552,90,37,84
552,90,37,84
552,90,37,84
552,90,37,84
552,90,37,84
552,90,37,84
552,90,37,84
559,90,37,84
559,90,37,84
559,90,37,84
559,90,37,84
557,90,37,84
559,90,37,84
557,90,37,84
555,90,37,84
555,90,37,84
555,90,37,84
555,90,37,84
555,90,37,84
555,90,37,84
555,90,37,84
555,90,37,84
555,90,37,84
555,90,37,84
555,90,37,84
555,90,37,84
555,90,37,84
555,90,37,84
555,90,37,84
555,90,37,84
555,90,37,84
555,90,37,84
555,90,37,84
555,90,37,84
555,90,37,84
555,90,37,84
555,90,37,84
557,90,37,84
561,90,37,84
562,90,37,84
562,90,37,84
565,90,37,84
565,90,37,84
565,90,37,84
565,90,37,84
565,90,37,84
565,90,37,84
565,90,37,84
565,90,37,84
565,90,37,84
565,90,37,84
565,90,37,84
565,90,37,84
563,90,37,84
557,90,42,84
559,90,42,84
559,90,42,84
559,90,42,84
553,90,42,84
551,90,42,84
549,90,42,84
547,90,42,84
546,91,42,84
542,91,42,84
544,91,42,84
541,92,42,84
539,96,42,80
539,96,42,80
536,103,42,80
536,103,42,80
536,103,42,80
536,103,42,80
534,99,39,84
534,99,39,84
530,100,39,84
530,100,39,84
530,100,39,84
529,102,39,84
529,102,32,82
529,103,31,85
524,102,31,85
524,102,31,85
523,102,28,86
521,104,28,86
521,106,28,86
519,109,28,86
519,109,28,86
516,112,28,86
516,112,28,86
516,112,28,86
513,112,28,86
509,111,31,98
507,111,31,98
505,113,31,98
503,119,31,98
503,119,31,98
503,119,27,98
497,120,27,98
497,120,27,98
497,120,27,98
497,120,27,98
497,120,27,98
497,120,27,98
497,120,27,98
491,122,27,98
491,124,27,98
489,126,27,98
489,128,27,98
489,128,27,98
487,129,27,98
485,131,27,98
485,129,27,98
481,130,27,98
479,130,27,98
483,130,27,98
481,130,27,98
478,131,27,98
478,131,27,98
478,129,27,98
473,132,27,98
473,132,27,98
469,139,32,92
469,139,32,92
462,139,32,92
462,139,32,92
462,139,32,92
460,138,32,92
462,136,27,100
462,136,27,100
458,136,27,100
457,138,27,100
457,138,27,100
457,138,27,100
452,143,27,100
452,143,27,100
451,149,27,100
451,147,27,100
449,147,27,100
449,147,27,100
449,147,27,100
441,145,27,100
441,145,27,100
441,145,27,100
441,145,27,100
441,145,27,100
436,148,27,100
436,148,27,100
431,155,27,100
431,155,27,100
431,155,27,100
429,155,27,100
429,155,27,100
422,154,30,100
422,154,30,100
418,156,30,100
418,156,30,100
418,156,30,100
414,158,30,100
414,158,30,100
412,163,30,100
412,163,30,100
407,161,30,100
407,161,30,100
402,163,30,100
402,163,30,100
402,163,30,100
399,168,30,100
399,168,30,100
394,173,30,100
394,173,30,100
394,173,30,100
385,172,30,100
385,172,30,100
381,172,30,100
380,172,30,100
375,175,30,100
373,172,30,100
369,176,30,100
366,180,30,100
363,184,30,100
359,187,30,100
355,185,30,100
355,185,30,100
350,185,30,100
350,185,30,100
346,185,30,100
346,185,30,100
336,189,30,100
336,189,30,100
336,189,30,100
330,190,30,100
330,190,30,100
325,188,30,100
325,188,30,100
325,188,30,100
325,188,30,100
315,188,38,102
315,188,38,102
315,188,36,101
315,188,36,101
315,188,32,102
315,188,32,102
308,188,32,102
308,188,32,102
308,188,32,102
304,195,32,102
304,195,32,102
302,197,31,103
296,197,31,103
296,197,31,103
296,197,31,103
296,197,31,103
296,197,31,103
289,201,31,103
289,201,31,103
284,207,31,106
284,207,31,106
282,209,31,106
282,209,31,106
277,214,31,106
275,213,31,106
275,213,31,106
270,213,31,106
267,217,31,106
267,217,31,106
262,221,31,106
262,221,31,106
257,221,31,106
257,221,31,106
251,222,31,106
251,222,31,106
246,222,31,106
246,222,31,106
245,230,31,106
245,230,31,106
232,232,31,106
226,239,31,106
220,242,31,106
220,242,31,106
220,242,31,106
220,242,31,106
213,244,31,106
213,244,31,106
213,244,31,106
213,244,31,106
206,243,31,106
206,243,31,106
203,246,31,106
203,246,31,106
200,250,31,106
200,250,31,106
200,250,31,106
198,254,31,106
198,254,31,106
198,254,31,106
196,254,31,106
196,254,31,106
189,256,31,106
189,256,31,106
189,256,31,106
185,258,31,106
185,258,31,106
185,258,31,106
180,263,31,106
180,263,31,106
177,263,31,106
177,263,31,106
177,263,31,106
174,263,31,106
174,263,31,106
168,265,31,106
168,265,31,106
165,268,31,106
165,268,31,106
163,274,31,106
163,274,31,106
161,277,31,106
161,277,31,106
157,277,31,106
157,277,31,106
151,278,31,106
151,278,31,106
146,282,31,106
146,282,31,106
146,282,31,106
141,286,31,106
141,286,31,106
134,287,31,106
134,287,31,106
134,287,31,106
134,287,31,106
124,291,40,110
124,291,40,110
121,295,40,110
121,295,40,110
113,303,40,110
113,303,40,110
112,301,37,102
112,301,37,102
107,301,37,102
107,301,37,102
101,301,37,102
97,305,37,102
91,307,37,102
91,307,37,102
84,312,37,107
84,312,37,107
78,312,37,107
78,312,37,107
69,312,37,107
69,312,37,107
62,314,37,107
62,314,37,107
56,317,37,107
56,317,37,107
52,319,37,107
52,319,37,107
43,320,37,107
43,320,37,107
39,316,37,107
39,316,37,107
31,320,37,110
31,320,37,110
28,324,37,110
28,324,37,110
28,324,37,110
28,324,37,110
28,324,37,110
23,324,37,110
23,324,37,110
23,324,37,110
23,324,37,110
20,324,37,110
20,324,37,110
20,324,37,110
20,324,37,110
15,325,37,110
15,325,37,110
15,325,37,110
15,325,37,110
15,325,37,110
15,325,37,110
15,325,37,110
15,325,37,110
15,325,37,110
15,325,37,110
15,325,37,110
15,325,37,110
15,325,37,110
15,325,37,110
15,325,37,110
15,325,37,110
15,325,37,110
16,321,35,116
16,321,35,116
16,321,35,116
21,321,35,116
21,321,35,116
21,321,35,116
22,321,35,116
22,321,35,116
22,321,35,116
22,321,35,116
22,321,35,116
22,321,35,116
30,321,35,116
30,321,35,116
30,321,35,116
30,321,35,116
30,321,35,116
35,321,35,116
35,321,35,116
35,321,35,116
35,321,35,116
40,321,35,116
40,321,35,116
40,321,35,116
40,321,35,116
52,322,35,116
52,322,35,116
52,322,35,116
59,322,35,116
59,322,35,116
59,322,35,116
66,320,35,116
66,320,35,116
66,320,35,116
73,320,35,116
73,320,35,116
73,320,35,116
76,320,42,119
76,320,42,119
76,320,42,119
87,320,42,119
87,320,42,119
94,317,42,119
94,317,42,119
104,317,42,119
104,317,42,119
104,317,42,119
113,315,42,119
113,315,42,119
113,315,42,119
123,314,42,119
123,314,42,119
129,313,42,119
129,313,42,119
133,306,42,119
140,302,42,119
145,299,42,119
145,299,42,119
145,299,42,119
145,299,42,119
145,299,42,119
154,299,42,119
154,299,42,119
160,298,42,119
165,294,40,114
165,294,40,114
172,293,40,114
174,292,40,114
174,292,40,114
174,292,40,114
182,292,40,114
182,292,40,114
182,292,40,114
190,290,40,114
190,290,40,114
190,290,40,114
203,281,32,116
203,281,32,116
203,281,32,116
212,279,32,116
212,279,32,116
212,279,32,116
216,279,41,119
216,279,41,119
223,276,41,119
223,276,41,119
229,270,41,119
229,270,41,119
237,265,38,113
237,265,38,113
245,261,38,113
245,261,38,113
250,259,38,113
250,259,38,113
250,259,38,113
254,259,38,113
254,259,38,113
263,254,38,113
263,254,38,113
268,246,38,113
268,246,38,113
275,239,38,113
275,239,38,113
277,235,38,113
277,235,38,113
284,238,38,113
284,238,38,113
284,238,38,113
284,238,38,113
295,238,38,113
295,238,38,113
295,238,38,113
308,232,38,113
308,232,38,113
308,232,38,113
311,223,38,108
311,223,38,108
318,219,35,108
318,219,35,108
320,215,35,108
320,215,35,108
320,215,35,108
328,216,35,108
328,216,35,108
328,216,35,108
334,214,35,108
334,214,35,108
345,208,35,108
345,208,35,108
345,208,35,108
352,201,35,106
352,201,35,106
355,196,35,106
355,196,35,106
355,196,35,106
356,193,35,106
356,193,35,106
364,196,35,106
364,196,35,106
364,196,35,106
372,195,35,106
372,195,35,106
372,195,35,106
379,193,35,106
379,193,35,106
379,193,35,106
392,194,35,106
392,194,35,106
392,194,35,106
402,192,35,106
402,192,35,106
412,190,35,106
412,190,35,106
416,191,35,106
416,191,35,106
421,188,35,106
421,188,35,106
424,188,35,106
424,188,35,106
437,183,35,106
437,183,35,106
441,179,35,106
441,179,35,106
447,175,35,106
447,175,35,106
451,171,35,106
451,171,35,106
451,171,35,106
458,174,35,104
458,174,35,104
464,172,35,104
464,172,35,104
470,166,35,104
470,166,35,104
474,162,35,104
474,162,35,104
481,158,35,104
481,158,35,104
481,156,35,104
481,156,35,104
481,156,35,104
481,156,35,104
487,156,35,104
487,156,35,104
487,156,35,104
495,155,35,104
495,155,35,104
507,142,32,104
514,136,32,104
517,137,29,103
517,137,29,103
524,137,29,103
524,137,29,103
531,137,29,103
541,138,29,103
545,132,29,103
545,132,29,103
547,129,29,103
547,129,29,103
582,112,29,103
586,106,29,103
589,102,29,103
589,102,29,103
589,102,29,103
594,99,29,103

