243,290,197,73
236,289,197,73
225,287,197,73
225,287,197,73
214,287,197,73
206,289,197,73
206,289,197,73
206,289,197,73
206,289,197,73
206,289,197,73
195,291,197,73
193,291,197,73
193,291,197,73
182,293,194,71
182,293,194,71
182,293,194,71
182,293,194,71
164,291,194,71
177,290,178,73
171,291,178,73
163,290,178,73
163,290,178,73
163,290,178,73
156,290,178,73
156,290,178,73
146,290,178,73
146,290,178,73
146,290,178,73
149,289,156,73
138,285,156,73
138,285,156,73
138,285,156,73
131,286,156,73
131,286,156,73
131,286,156,73
130,286,157,73
130,286,157,73
130,286,157,73
125,285,157,73
120,284,132,73
120,284,132,73
120,284,132,73
120,284,132,73
130,292,135,69
118,291,135,69
114,292,135,69
114,292,135,69
122,291,135,69
115,291,135,69
109,293,129,68
109,293,129,68
121,293,129,68
117,293,129,68
109,293,129,68
109,293,129,68
113,292,129,68
113,292,129,68
108,292,129,68
112,292,115,70
112,292,115,70
118,291,115,70
118,291,115,70
113,291,115,70
107,291,115,70
114,291,115,70
114,291,115,70
123,287,115,70
127,289,115,70
124,287,115,70
116,287,115,70
116,287,115,70
116,287,115,70
116,287,115,70
116,287,115,70
116,287,115,70
116,287,115,70
116,287,115,70
116,287,115,70
116,287,115,70
116,287,115,70
116,287,115,70
116,287,115,70
116,287,115,70
116,287,115,70
116,287,115,70
116,287,115,70
116,287,115,70
116,287,115,70
116,287,115,70
116,287,115,70
116,287,115,70
116,287,115,70
116,287,115,70
116,287,115,70
116,287,115,70
116,287,115,70
116,287,115,70
116,287,115,70
116,287,115,70
116,287,115,70
116,287,115,70
116,287,115,70
116,287,115,70
116,287,115,70
116,287,115,70
116,287,115,70
116,287,115,70
116,287,115,70
116,287,115,70
116,287,115,70
116,287,115,70
116,287,115,70
116,287,115,70
116,287,115,70
116,287,115,70
116,287,115,70
116,287,115,70
116,287,115,70
116,287,115,70
116,287,115,70
116,287,115,70
116,287,115,70
116,287,115,70
116,287,115,70
116,287,115,70
116,287,115,70
116,287,115,70
116,287,115,70
116,287,115,70
116,287,115,70
129,289,114,78
121,288,114,78
121,288,114,78
121,288,114,78
121,288,114,78
121,288,114,78
121,288,114,78
137,287,114,78
137,287,114,78
137,287,114,78
137,287,114,78
137,287,114,78
137,287,114,78
137,287,114,78
137,287,114,78
137,287,114,78
137,287,114,78
137,287,114,78
137,287,114,78
137,287,114,78
137,287,114,78
137,287,114,78
147,291,114,78
147,291,114,78
147,291,114,78
147,291,114,78
147,291,114,78
147,291,114,78
147,291,114,78
147,291,114,78
147,291,114,78
147,291,114,78
147,291,114,78
161,294,114,78
161,294,114,78
161,294,114,78
161,294,114,78
161,294,114,78
161,294,114,78
161,294,114,78
161,294,114,78
161,294,114,78
161,294,114,78
161,294,114,78
161,294,114,78
161,294,114,78
177,296,114,78
177,296,114,78
177,296,114,78
177,296,114,78
177,296,114,78
177,296,114,78
177,296,114,78
177,296,114,78
177,296,114,78
177,296,114,78
177,296,114,78
177,296,114,78
177,296,114,78
180,307,114,78
180,307,114,78
180,307,114,78
180,307,114,78
182,312,114,78
190,305,90,87
190,305,90,87
190,305,90,87
190,305,90,87
190,305,90,87
190,305,90,87
190,305,90,87
190,310,90,87
190,310,90,87
190,310,90,87
190,310,90,87
190,310,90,87
190,310,90,87
190,310,90,87
178,312,90,87
178,312,90,87
178,312,90,87
178,312,90,87
178,317,90,87
178,317,90,87
178,317,90,87
178,317,90,87
178,317,90,87
172,319,90,87
172,319,90,87
177,320,90,87
177,320,90,87
177,320,90,87
171,316,93,99
171,316,93,99
173,323,93,99
167,323,93,99
167,323,93,99
167,323,93,99
167,323,93,99
167,323,93,99
166,328,93,99
166,328,93,99
166,328,93,99
166,328,93,99
166,328,93,99
166,328,93,99
166,328,93,99
161,336,93,99
161,336,93,99
161,336,93,99
154,338,93,99
154,338,93,99
154,338,93,99
149,331,98,111
149,331,98,111
155,342,98,111
155,342,98,111
141,342,98,111
141,342,98,111
146,342,98,111
146,342,98,111
137,343,118,111
137,343,118,111
137,343,118,111
137,343,118,111
137,343,118,111
126,356,100,98
110,361,100,98
98,360,100,98
92,360,100,98
99,362,103,95
99,362,103,95
89,371,115,84
89,371,115,84
89,371,115,84
89,371,115,84
101,374,95,82
