571,334,35,62
565,333,35,62
552,332,35,62
545,332,35,62
532,329,35,62
518,329,35,62
514,328,35,62
497,328,35,62
488,328,35,62
473,329,35,62
470,327,35,62
453,325,35,62
447,324,35,62
440,324,35,62
430,324,35,62
422,324,35,62
411,323,35,62
404,322,35,62
398,322,35,62
385,319,35,62
380,316,35,62
369,316,35,62
359,316,35,62
358,316,35,62
344,315,35,62
333,314,35,62
324,318,35,62
311,316,35,62
308,316,35,62
294,316,35,62
290,314,35,62
276,312,35,62
267,310,35,62
263,316,35,62
263,315,35,62
263,313,35,62
260,316,35,62
260,314,35,62
256,310,35,62
252,310,35,62
252,309,35,62
250,309,35,62
246,309,35,62
245,308,35,62
241,310,35,62
237,310,35,62
235,308,35,62
229,301,35,62
229,295,35,62
228,296,35,62
226,288,35,62
224,288,35,62
222,282,35,62
218,279,35,62
218,274,35,62
216,271,35,62
212,267,35,62
210,260,35,62
210,258,35,62
206,250,35,62
205,247,35,62
201,240,35,62
201,239,35,62
201,235,35,62
194,232,35,62
192,230,35,62
190,223,35,62
188,221,35,62
182,212,35,62
182,209,35,62
178,207,35,62
178,200,35,62
175,200,35,62
171,193,35,62
171,189,35,62
167,183,35,62
165,177,35,62
161,173,35,62
160,169,35,62
158,163,35,62
156,164,35,62
154,155,35,62
150,153,35,62
143,145,35,62
142,145,35,62
139,137,35,62
139,133,35,62
135,128,35,62
135,128,35,62
135,122,35,62
133,122,35,62
127,122,35,62
125,120,35,62
123,120,35,62
122,116,35,62
120,116,35,62
118,116,35,62
118,116,35,62
114,116,35,62
112,118,35,62
109,116,35,62
109,116,35,62
103,116,35,62
105,114,35,62
103,114,35,62
99,120,35,62
97,122,35,62
93,127,35,62
97,130,35,62
95,136,35,62
95,138,35,62
92,142,35,62
89,145,35,62
88,147,35,62
88,153,31,62
86,155,31,62
88,161,31,62
84,164,31,62
82,170,31,62
80,171,31,62
80,175,31,62
76,181,31,62
73,181,31,62
71,185,31,62
67,189,31,62
65,194,31,62
69,198,31,62
63,205,31,62
63,209,31,62
61,211,31,62
59,213,31,62
55,221,31,62
56,219,31,62
56,217,31,62
54,221,31,62
52,221,31,62
46,220,31,62
44,220,31,62
42,222,31,62
40,220,31,62
40,220,31,62
38,218,31,62
39,219,31,62
37,219,31,62
35,219,31,62
33,219,31,62
31,219,31,62
29,219,31,62
27,217,31,62
25,217,31,62
24,219,31,62
25,217,31,62
29,215,31,62
37,215,31,62
37,214,31,62
41,215,31,62
48,217,31,62
52,214,31,62
54,212,31,62
58,212,31,62
63,210,31,62
67,211,31,62
71,209,31,62
76,211,31,62
76,211,31,62
88,211,29,62
90,211,29,62
97,209,29,62
99,207,29,62
103,207,29,62
112,207,29,62
112,207,29,62
118,207,29,62
122,206,29,62
126,206,29,62
129,206,29,62
133,205,29,62
137,203,29,62
144,203,29,62
148,201,29,53
150,199,29,53
156,201,29,53
161,201,29,53
167,201,29,53
171,201,29,53
177,200,29,53
182,198,29,53
184,199,29,53
192,196,29,53
194,196,29,53
197,194,29,53
203,194,29,53
207,195,29,53
209,197,29,53
216,195,29,53
220,195,29,53
224,193,29,53
226,193,29,53
233,192,29,53
237,192,29,53
239,192,29,53
246,192,29,53
250,192,29,53
252,191,29,53
258,192,29,53
263,192,29,53
271,190,29,53
273,190,29,53
275,187,29,53
280,187,29,53
286,186,29,53
286,186,29,53
294,186,27,53
299,185,27,53
303,187,27,53
305,185,27,53
309,185,27,53
316,185,27,53
318,185,27,53
320,185,27,53
326,183,27,45
331,183,27,45
337,183,27,45
339,183,27,45
341,183,27,45
350,183,27,45
354,182,27,45
358,182,27,45
360,182,27,45
367,182,27,45
371,179,27,45
375,179,27,45
379,179,27,45
384,179,27,45
386,179,27,45
392,180,30,46
392,180,30,46
397,178,30,46
405,176,30,46
407,176,27,45
413,177,27,45
418,176,27,45
420,176,27,45
426,177,27,45
426,177,27,45
426,177,27,45
422,177,27,45
422,174,27,45
418,174,27,45
416,171,27,45
418,172,27,45
414,171,27,45
414,171,27,45
412,171,27,45
412,171,27,45
407,173,27,45
405,177,27,45
403,179,27,45
403,180,27,45
398,188,27,45
398,190,27,45
397,195,27,45
397,197,27,45
397,201,27,45
393,207,27,45
396,206,27,45
394,212,27,45
392,217,27,45
390,217,27,45
390,223,27,45
388,226,27,45
386,234,27,45
386,234,27,45
384,242,27,45
382,245,27,45
380,247,27,45
379,254,27,45
377,254,27,45
375,257,27,45
375,259,27,45
375,257,27,45
373,257,27,45
369,258,27,45
369,260,27,45
367,262,27,45
369,262,27,45
367,262,27,45
367,262,24,37
364,262,24,37
364,258,24,37
360,258,24,37
358,258,24,37
358,258,24,37
358,258,24,37
354,258,24,37
354,258,24,37
352,258,24,37
352,258,24,37
350,258,24,37
347,258,24,37
347,258,24,37
345,258,24,37
343,258,24,37
343,258,24,37
341,258,24,37
339,258,24,37
341,255,24,37
339,255,24,37
341,255,24,37
348,255,24,37
350,255,24,37
358,254,24,37
362,254,24,37
362,254,24,37
362,254,24,37
362,254,24,37
360,254,24,37
360,254,24,37
354,254,24,37
358,254,24,37
358,250,24,37
354,250,24,37
354,251,24,37
354,251,24,37
352,251,24,37
352,251,24,37
350,251,24,37
348,251,24,37
346,251,24,37
346,251,24,37
346,251,24,37
344,251,24,37
344,251,24,37
344,251,24,37
342,251,24,37
341,250,24,37
339,250,24,37
339,250,24,37
337,250,24,37
335,246,24,37
335,248,24,37
333,246,24,37
333,250,24,37
333,250,24,37
328,250,24,37
328,246,24,37
326,246,24,37
328,246,24,37
326,246,24,37
324,246,24,37
324,246,24,37
320,245,24,37
320,245,24,37
318,245,24,37
318,245,24,37
313,245,24,37
313,245,24,37
311,242,24,37
311,244,24,37
311,244,24,37
309,244,24,37
307,244,24,37
307,244,24,37
305,244,24,37
305,243,24,37
303,243,24,37
303,243,24,37
301,243,24,37
299,245,24,37
297,245,24,37
295,243,24,37
295,247,24,37
293,241,24,37
295,243,24,37
290,243,24,37
290,243,24,37
288,243,24,37
292,243,24,37
296,242,24,37
303,243,24,37
307,243,24,37
313,242,24,37
318,240,24,37
324,240,24,37
330,239,24,37
337,239,24,37
339,242,24,37
343,240,24,37
347,238,24,37
356,238,24,37
356,238,24,37
362,237,24,37
371,236,24,37
369,236,24,37
369,236,24,37
364,234,24,37
362,234,24,37
363,238,24,37
365,236,24,37
363,234,24,37
361,234,24,37
361,234,24,37
360,233,24,37
362,233,24,37
360,233,24,37
360,233,24,37
358,233,24,37
358,233,24,37
356,233,24,37
356,233,24,37
354,233,24,37
354,233,24,37
356,233,24,37
354,233,24,37
354,233,24,37
352,233,24,37
352,233,24,37
350,233,24,37
350,233,24,37
348,233,24,37
348,233,24,37
348,233,24,37
348,233,24,37
345,231,29,38
343,231,29,38
341,231,29,38
341,231,29,38
339,231,29,38
339,231,29,38
337,231,29,38
337,231,29,38
333,229,29,38
333,229,29,38
330,229,29,38
330,229,29,38
331,229,25,38
333,229,25,38
329,229,25,38
329,228,25,38
329,228,25,38
329,228,25,38
325,228,25,38
323,228,25,38
322,227,25,38
322,227,25,38
318,227,25,38
314,227,25,38
305,228,25,38
305,228,25,38
311,228,25,38
305,228,25,38
305,228,25,38
305,228,25,38
305,228,25,38
303,226,25,38
311,226,25,38
309,226,25,38
309,226,25,38
311,226,25,38
307,232,25,38
307,232,25,38
307,232,25,38
307,232,25,38
305,232,22,38
305,232,22,38
305,232,22,38
299,226,22,38
299,226,22,38
299,226,22,38
299,224,22,38
299,224,22,38
299,226,21,37
297,224,21,37
297,224,21,37
297,224,21,37
293,224,21,37
296,223,21,37
294,223,21,37
293,221,21,37
292,221,21,37
290,221,21,37
294,217,21,37
290,223,21,37
290,223,21,37
288,223,21,37
288,223,21,37
286,223,21,37
286,223,21,37
286,223,21,37
286,221,21,37
284,223,21,37
282,221,21,37
282,222,21,37
284,222,21,37
282,222,21,37
280,220,21,37
280,220,21,37
278,220,21,37
278,220,21,37
277,220,21,37
277,220,21,37
277,220,21,37
275,220,21,37
275,220,21,37
273,220,21,37
273,220,21,37
273,220,21,37
275,216,21,37
