275,82,78,211
275,82,75,211
275,82,75,211
275,82,75,211
275,82,75,211
275,82,75,211
275,82,75,211
275,82,75,211
275,82,75,211
275,82,75,211
275,82,75,211
275,82,75,211
275,82,75,211
275,82,75,211
275,82,75,211
275,82,75,211
275,82,75,211
275,82,75,211
275,82,75,211
275,82,75,211
275,82,75,211
275,82,75,211
275,82,75,211
275,82,75,211
275,82,75,211
275,82,75,211
275,82,75,211
275,82,75,211
275,82,75,211
275,82,75,211
275,82,75,211
275,82,75,211
275,82,75,211
275,82,75,211
275,82,75,211
275,82,75,211
275,82,75,211
275,82,75,211
275,82,75,211
275,82,75,211
275,82,75,211
275,82,75,211
275,82,75,211
275,82,75,211
275,82,75,211
275,82,75,211
275,82,75,211
275,82,75,211
275,82,75,211
275,82,75,211
275,82,75,211
275,82,75,211
275,82,75,211
275,82,75,211
275,82,75,211
275,82,75,211
275,82,75,211
275,82,75,211
275,82,75,211
275,82,75,211
275,82,75,211
275,82,75,211
275,82,75,211
275,82,75,211
275,82,75,211
275,82,75,211
275,82,75,211
275,82,75,211
275,82,75,211
275,82,75,211
275,82,75,211
275,82,75,211
271,82,79,211
271,82,79,211
271,82,79,211
271,82,79,211
271,82,79,211
271,82,79,211
271,82,79,211
271,82,79,211
271,82,79,211
271,82,79,211
271,82,79,211
271,80,79,213
271,80,79,213
271,80,79,213
271,80,79,213
271,80,79,213
271,80,79,213
271,80,79,213
271,80,79,213
271,80,79,213
271,80,79,213
271,80,79,213
271,80,79,213
271,77,74,216
271,77,74,216
271,77,74,216
268,76,80,217
268,76,80,217
268,76,80,217
265,76,83,217
265,76,83,217
269,143,78,206
265,165,83,222
265,165,80,220
265,165,80,220
267,167,79,220
268,164,79,220
268,164,79,220
268,166,79,220
268,166,79,220
268,166,79,220
268,166,79,220
268,169,82,217
268,169,82,217
268,169,82,217
268,169,82,217
268,169,82,217
268,169,82,217
268,169,82,217
275,169,76,217
275,169,76,217
275,169,80,223
275,169,83,225
275,169,83,225
279,180,87,218
279,182,87,218
282,183,87,218
282,183,87,218
288,185,82,222
288,185,84,223
291,185,80,223
291,185,80,223
291,185,80,223
294,187,83,221
294,187,83,221
284,193,98,231
284,193,98,231
287,200,98,231
288,199,98,231
299,205,91,233
305,205,84,233
312,206,84,233
316,179,80,221
319,119,79,233
320,122,82,230
325,127,87,237
325,127,93,238
329,131,96,236
331,136,97,236
337,138,100,241
341,137,100,241
346,139,107,241
347,140,109,239
351,140,110,236
354,142,107,236
356,144,107,238
361,144,89,247
361,144,89,247
364,150,81,246
363,152,84,249
363,152,84,249
362,156,84,249
362,159,84,249
354,162,93,249
354,162,93,249
354,162,98,246
354,162,98,246
358,164,98,246
361,170,100,248
365,171,97,251
368,176,105,253
368,180,105,253
376,183,97,254
389,141,90,254
388,90,98,257
396,98,97,254
397,102,106,251
409,98,106,251
407,100,112,255
409,105,121,260
415,108,121,260
418,108,121,260
421,108,122,266
423,112,122,266
428,112,118,274
428,112,120,274
431,114,120,274
437,117,117,272
443,116,117,272
443,116,117,272
449,122,114,266
449,122,110,266
455,127,105,268
462,131,101,268
462,131,105,268
467,138,99,268
470,138,100,273
470,138,100,273
415,142,108,271
373,139,98,273
358,134,110,271
361,137,115,276
361,137,115,276
368,132,107,276
370,137,107,276
370,137,107,276
367,134,110,276
367,134,118,279
364,135,124,275
359,135,129,276
355,135,129,276
348,139,133,274
344,136,124,272
337,138,124,272
333,139,121,271
333,139,114,271
333,139,99,270
328,139,93,271
328,139,89,271
318,138,93,269
314,139,96,266
304,138,108,273
303,134,108,273
297,132,108,273
297,132,108,273
296,124,101,279
294,123,101,279
291,121,98,277
287,118,97,271
280,119,103,268
276,119,108,266
259,119,108,266
207,121,98,267
164,118,98,267
158,119,99,271
159,121,99,271
156,112,103,265
152,114,103,265
152,114,97,265
140,105,104,262
135,104,107,258
124,106,125,259
120,101,127,262
120,101,137,264
120,101,137,264
123,97,137,264
123,97,137,264
127,97,137,264
127,97,139,258
129,90,135,258
131,87,130,260
131,87,130,260
129,86,127,260
132,82,120,250
132,82,110,250
132,82,105,250
132,82,92,246
132,82,86,242
127,82,87,242
125,78,87,242
123,78,89,241
123,78,89,241
144,70,83,241
201,65,83,241
234,68,80,238
234,68,87,242
231,59,83,245
229,60,83,245
229,60,87,251
222,54,93,251
218,54,98,254
210,58,105,250
212,55,105,250
212,52,101,246
219,54,95,246
223,52,95,246
222,47,95,246
228,48,83,239
228,48,83,239
231,45,81,236
226,42,81,236
226,42,81,236
220,41,81,236
219,41,82,235
216,40,82,235
216,40,82,235
210,40,89,234
209,78,91,232
206,128,95,236
208,126,95,236
202,115,101,235
202,117,101,235
197,115,99,232
197,115,99,232
197,115,95,231
194,115,95,231
190,113,93,232
190,113,93,232
190,113,93,232
193,110,79,226
190,107,79,226
190,107,79,226
190,107,79,226
189,106,79,226
185,103,81,228
185,103,81,228
182,100,81,228
182,100,81,228
182,100,81,228
175,99,81,228
171,98,84,225
159,97,92,225
159,97,92,225
155,96,92,225
152,90,92,225
157,90,88,225
154,90,88,219
159,89,87,217
157,89,81,215
157,89,81,215
157,89,81,215
152,89,86,217
152,89,86,217
148,82,89,223
148,82,89,223
148,82,89,223
144,78,89,223
144,78,89,223
144,75,89,223
144,75,89,223
143,74,91,221
139,74,92,217
139,74,92,217
131,74,92,217
131,74,86,216
127,73,86,216
126,73,86,210
126,73,86,210
117,72,86,205
118,71,80,205
115,70,80,205
112,70,80,205
112,70,80,205
108,123,82,202
110,160,82,205
103,151,88,212
105,146,90,214
98,151,92,213
98,151,92,213
98,151,92,213
98,151,92,213
109,148,79,217
112,146,75,213
112,146,75,213
115,145,71,209
115,145,71,209
115,145,71,209
116,143,71,204
113,141,79,202
113,141,80,201
113,141,80,201
113,141,80,201
107,137,87,205
107,137,87,205
107,137,87,205
107,137,87,205
107,137,87,205
105,134,87,205
105,134,87,205
105,134,89,201
105,134,89,201
105,134,84,203
105,134,78,201
105,134,78,201
200,131,69,201
224,135,69,201
219,135,69,201
211,131,76,201
208,136,84,203
208,136,84,203
205,133,91,201
205,133,91,201
207,135,91,201
205,135,93,204
210,140,93,204
210,140,93,204
217,138,89,203
226,140,78,207
226,140,78,207
235,142,70,205
235,142,70,205
235,142,75,205
235,142,75,205
239,146,90,212
240,147,96,213
240,147,96,213
242,155,101,213
242,155,123,213
242,155,123,213
252,160,110,211
253,160,92,210
256,160,73,210
261,162,70,211
262,163,69,208
263,163,69,208
258,168,83,211
256,169,93,211
248,173,105,211
250,173,105,211
256,175,100,213
258,173,105,219
261,174,105,219
273,175,95,221
280,176,89,219
290,176,89,219
294,176,89,219
302,181,80,221
303,181,82,227
308,186,86,226
309,185,86,226
312,192,97,225
312,192,97,225
313,193,99,225
313,151,105,221
317,103,113,224
320,105,117,223
327,109,117,223
327,111,117,223
335,115,118,226
338,115,115,230
341,115,115,230
346,120,104,233
346,120,104,233
358,120,82,234
363,121,76,226
367,123,80,230
365,127,86,230
364,127,91,234
360,131,104,234
360,131,104,234
358,135,110,238
361,136,110,238
367,138,101,242
373,138,95,241
388,140,84,238
390,140,84,238
399,140,81,239
402,143,93,241
402,144,106,246
406,146,115,247
407,148,124,249
412,152,126,250
418,156,126,250
409,156,126,250
316,159,124,245
316,159,124,245
318,164,112,246
324,159,105,246
329,163,89,254
336,168,81,255
336,167,81,255
336,167,81,255
341,175,87,253
341,178,86,260
341,180,89,260
344,180,89,260
345,180,89,260
345,180,93,258
347,184,93,258
350,184,95,256
356,186,95,256
361,192,95,256
365,193,100,261
369,194,99,263
376,201,99,259
376,201,99,259
382,201,109,258
382,201,109,258
389,203,101,256
401,201,95,255
403,115,89,262
406,120,93,271
411,123,91,278
411,123,91,278
411,123,91,278
412,135,91,278
412,135,91,278
412,135,91,278
416,136,91,278
416,136,91,278
416,136,97,278
416,136,97,278
416,136,97,278
416,136,97,278
416,136,103,284
416,147,98,282
416,147,98,282
413,148,103,285
414,156,100,285
414,156,100,285
406,156,106,287
406,156,106,287
406,156,106,287
406,156,106,287
406,156,106,287
397,160,106,287
384,166,103,280
287,162,108,280
287,162,108,280
290,168,101,279
282,161,101,279
280,166,101,279
280,166,101,279
276,161,107,281
270,162,107,281
267,162,107,281
253,157,115,283
253,157,115,283
245,158,101,283
236,152,99,280
229,149,104,280
229,149,104,280
221,155,105,269
215,154,104,271
208,151,110,275
206,150,110,275
197,144,121,274
192,144,121,274
189,141,121,274
189,141,121,274
189,136,104,263
189,136,104,263
184,132,97,268
184,132,97,268
184,132,97,268
184,132,97,268
184,132,97,268
184,132,97,268
183,128,97,268
183,126,97,271
263,119,96,271
294,120,100,270
291,115,96,265
292,109,96,261
283,112,101,259
276,110,106,262
274,106,106,262
268,107,106,262
268,107,106,262
268,107,106,262
268,107,106,262
268,107,96,254
273,108,91,247
273,108,90,240
273,118,83,230
273,127,88,221
273,127,88,221
270,135,93,212
273,147,98,199
270,151,103,193
270,154,100,189
270,164,103,182
270,171,104,175
270,175,100,171
270,184,98,164
268,190,97,160
268,198,96,152
268,201,89,150
268,201,89,150
266,201,93,147
266,201,93,147
263,203,95,147
262,202,97,147
261,204,93,145
259,210,96,141
259,210,96,141
259,210,96,141
259,210,96,141
259,210,96,141
259,210,96,141
259,208,93,143
259,208,93,143
259,208,93,143
259,208,93,143
259,208,93,143
259,208,93,143
259,208,93,143
259,208,93,143
259,208,93,143
259,208,93,143
259,208,93,143
259,208,93,143
259,208,93,143
259,208,93,143
259,208,93,143
259,208,93,143
259,208,93,143
259,208,93,143
259,208,93,143
259,208,93,143
259,208,93,143
259,208,93,143
259,208,93,143
259,208,93,143
259,208,93,143
259,208,93,143
259,208,93,143
259,208,93,143
259,208,93,143
259,208,93,143
259,208,93,143
259,208,93,143
259,208,93,143
259,208,93,143
259,208,93,143
259,208,93,143
259,208,93,143
259,208,93,143
259,205,93,143
259,202,98,147
259,202,98,147
259,202,95,149
254,201,95,149
254,201,99,150
254,201,99,150
257,198,100,151
257,197,100,152
257,196,106,154
263,189,100,160
259,184,103,164
266,180,100,167
266,173,104,173
266,168,103,179
266,156,104,191
266,150,106,197
266,145,105,201
266,131,106,216
266,126,105,221
250,109,116,237
244,105,125,238
241,97,125,238
231,90,129,246
225,89,133,247
212,85,142,250
212,85,142,250
207,83,142,250
201,83,141,249
201,83,141,249
234,79,99,251
234,79,99,251
234,79,99,251
233,71,93,246
232,69,92,241
225,66,93,242
224,65,93,242
217,65,83,243
215,64,83,243
211,63,88,242
209,79,88,242
205,118,88,242
195,156,99,243
188,156,108,245
184,152,108,245
184,152,108,245
184,152,108,245
181,144,115,236
181,144,115,236
181,144,115,236
183,136,110,232
180,133,110,232
180,133,110,232
181,130,92,230
173,126,95,234
173,126,95,235
167,123,101,237
167,123,101,237
172,123,97,237
180,120,92,239
181,120,88,239
181,120,88,239
184,116,88,239
173,113,95,231
166,113,101,230
166,110,101,230
172,105,93,236
172,105,93,236
172,105,93,236
172,105,87,233
168,105,90,236
167,102,93,230
168,97,93,230
168,97,93,230
168,97,93,230
168,97,84,222
168,97,84,222
163,97,90,222
158,94,97,225
158,94,97,225
158,94,97,225
158,94,97,225
163,93,84,221
163,93,84,221
163,93,84,221
163,86,84,221
163,86,79,215
163,86,79,215
163,86,79,215
163,86,79,215
163,86,79,215
163,86,79,215
163,86,79,215
163,86,79,215
163,86,79,215
163,86,79,215
163,86,79,215
163,86,79,215
169,90,79,215
169,90,79,215
169,90,76,223
169,90,76,223
169,90,76,223
169,90,76,223
169,90,76,223
169,96,76,217
169,96,76,217
174,96,76,217
174,100,76,217
178,100,76,217
183,104,86,218
183,104,86,218
186,105,86,218
190,107,86,218
192,106,84,228
194,108,90,228
197,108,90,228
197,108,90,228
203,110,93,225
209,110,93,225
210,111,93,225
210,111,101,233
217,115,101,233
217,120,101,233
217,120,106,237
218,121,106,237
218,121,104,243
218,121,104,243
218,127,105,237
218,127,105,237
218,127,104,237
218,127,104,237
226,132,93,230
226,132,93,230
229,135,106,232
229,135,106,232
237,139,106,232
242,143,106,232
244,142,109,235
249,143,109,236
246,143,109,236
246,143,109,236
246,143,115,239
246,143,115,239
246,143,115,239
259,147,121,234
263,147,121,234
267,149,121,234
276,149,112,235
276,149,112,235
278,159,112,235
282,160,99,247
286,166,93,258
293,166,87,258
293,166,87,258
297,172,87,252
297,172,87,252
302,171,87,252
304,169,87,252
304,176,97,251
308,176,97,251
311,182,97,251
311,182,100,259
316,184,100,259
316,184,91,262
317,190,91,262
317,190,91,262
324,190,91,262
322,192,100,260
322,192,100,260
329,146,86,246
330,110,92,253
334,110,92,253
334,117,88,246
331,116,91,246
330,117,96,246
321,125,105,239
311,127,115,237
311,127,115,237
305,132,121,232
295,131,126,233
291,129,126,235
291,129,126,235
285,127,131,238
284,120,132,244
285,115,132,244
284,112,132,244
285,107,132,244
288,102,121,248
288,102,110,238
288,102,110,238
287,97,104,239
287,97,104,239
291,93,96,249
291,93,96,249
291,86,96,249
304,86,81,257
305,81,75,253
305,81,75,253
302,76,75,253
299,73,73,248
292,73,83,244
283,73,89,245
280,67,89,245
269,69,96,246
269,69,96,246
260,69,96,246
254,67,96,246
254,64,96,246
259,60,71,248
259,60,71,248
249,53,76,246
233,54,87,239
226,54,93,238
210,54,110,238
210,54,110,238
210,54,110,238
206,54,110,233
206,54,110,233
201,50,100,232
201,50,100,232
195,46,91,234
189,42,84,234
189,42,84,234
182,44,84,234
178,44,89,234
172,41,97,237
172,41,97,237
172,41,97,237
172,41,97,237
172,103,91,231
173,127,90,242
173,127,90,242
173,117,82,235
173,117,82,235
173,117,79,229
169,112,84,229
172,115,81,230
169,112,81,230
169,112,81,230
169,112,76,231
167,109,76,231
167,109,76,231
165,104,83,230
161,102,89,222
161,97,93,222
161,97,93,222
161,97,93,222
161,97,93,222
161,97,93,222
163,94,100,221
167,94,96,221
172,93,96,221
172,93,96,221
177,93,91,220
177,93,91,220
184,93,83,221
189,93,79,216
192,91,79,216
192,91,83,215
199,91,76,212
208,93,76,212
231,95,81,208
290,94,78,205
320,98,87,205
320,98,87,205
319,95,87,205
324,90,80,213
324,90,80,213
324,90,80,213
329,87,80,213
329,87,80,213
325,87,89,210
325,87,89,210
314,87,93,199
312,94,95,191
310,94,97,190
305,103,100,181
305,103,100,181
305,103,100,181
296,116,110,168
296,116,110,168
296,116,110,168
291,132,113,151
291,132,113,151
291,137,118,147
291,137,118,147
291,142,118,142
291,142,118,142
291,142,118,142
291,142,118,142
295,139,118,142
295,141,118,142
295,141,118,142
295,141,118,142
295,141,118,142
295,141,118,142
295,136,117,147
295,136,117,147
293,135,117,147
293,135,117,147
286,135,117,147
283,130,120,153
283,124,120,159
280,112,105,171
280,102,104,180
280,102,104,180
280,91,95,192
280,86,84,197
278,86,84,197
278,82,82,201
278,82,82,201
270,75,83,208
266,71,80,213
266,71,80,213
263,68,80,214
260,67,80,214
253,65,80,214
249,64,82,214
243,59,73,221
242,57,73,221
241,57,76,216
237,57,76,216
233,58,72,212
228,58,76,209
224,58,81,209
219,58,86,209
219,58,86,209
219,58,86,209
219,58,86,209
214,57,82,208
212,54,86,208
210,54,86,208
202,50,83,207
202,50,83,207
197,46,83,207
190,46,83,207
185,46,89,208
181,45,89,208
181,45,89,208
181,45,89,208
181,45,89,208
181,45,89,208
181,45,89,208
181,45,87,205
184,42,86,204
184,40,86,204
183,36,86,204
183,36,86,204
183,36,86,204
188,124,75,197
186,127,76,198
184,119,75,203
180,120,75,203
184,123,72,202
181,119,72,202
181,119,72,202
175,123,72,202
173,121,72,202
168,119,72,202
166,120,78,200
159,118,83,201
159,115,82,197
155,115,82,197
150,115,82,197
150,115,82,197
147,115,87,196
147,115,87,196
147,115,87,196
157,113,73,197
157,113,73,197
157,113,73,197
157,112,73,197
157,112,73,197
158,112,67,189
158,112,67,189
158,112,71,186
156,106,71,192
159,103,71,192
158,104,71,192
158,104,71,192
158,104,71,192
158,104,71,192
158,102,71,192
158,102,71,192
158,102,65,193
158,102,59,192
155,102,57,186
155,102,57,186
149,98,54,187
149,98,54,187
151,92,48,192
151,92,48,192
151,92,48,192
151,92,48,192
138,90,59,187
131,90,66,182
131,90,66,182
166,90,55,180
215,89,59,180
252,91,59,180
241,88,67,184
241,88,65,180
244,89,65,180
239,82,64,180
234,85,64,180
231,80,58,177
231,80,58,177
226,82,58,177
222,80,62,177
222,80,62,177
216,81,64,177
216,81,64,177
216,81,64,177
216,81,64,177
216,81,64,177
222,78,56,178
222,78,56,178
222,78,56,178
222,78,56,178
222,78,61,182
222,78,61,182
222,78,61,182
222,78,61,182
223,81,58,186
223,81,58,186
223,81,58,186
227,83,54,186
227,83,54,186
227,83,54,186
227,83,54,186
227,83,54,186
227,83,54,186
227,83,54,186
228,86,62,180
228,86,66,180
229,90,71,178
232,89,71,178
235,91,71,178
240,93,71,178
244,94,64,183
244,94,64,183
245,96,64,183
245,96,64,183
246,94,64,183
250,94,64,183
250,94,65,186
257,94,56,190
266,96,49,197
266,96,49,197
266,96,49,197
266,96,49,197
267,101,49,195
267,101,49,195
267,101,49,195
262,101,55,195
253,101,63,193
253,101,63,193
251,106,64,188
251,106,64,188
252,112,64,188
252,112,64,188
252,112,63,192
252,112,63,192
250,115,63,192
250,115,63,192
250,115,63,192
245,115,69,196
239,116,74,197
233,119,83,192
233,119,83,192
233,119,83,192
233,119,83,192
235,123,83,192
235,123,83,192
241,127,80,193
245,130,74,194
245,130,74,194
252,128,69,197
258,128,63,197
258,128,63,197
258,128,63,197
261,128,70,197
265,128,70,197
270,129,74,199
271,130,76,202
280,132,72,205
280,132,72,205
284,132,67,209
284,132,67,209
284,132,67,209
290,138,67,209
290,138,67,209
297,138,67,209
297,138,67,209
299,142,65,206
307,142,65,206
307,142,65,206
310,143,65,206
314,143,65,206
311,145,73,209
317,145,73,209
316,151,73,209
318,151,73,209
322,153,73,209
322,153,73,209
322,153,73,209
327,153,73,209
333,156,73,209
333,156,73,209
337,157,79,216
337,157,79,216
341,159,79,216
341,164,79,216
341,164,79,216
341,164,79,216
341,168,79,216
341,170,79,216
341,170,79,216
341,170,79,216
341,170,79,216
341,170,79,216
350,172,79,216
350,172,79,216
359,172,79,216
359,172,79,216
364,176,79,216
365,180,79,216
365,180,79,216
369,183,74,220
372,184,74,220
372,184,74,220
375,184,74,220
375,184,82,221
375,184,88,221
380,184,88,221
382,184,93,225
382,184,95,228
385,186,95,228
385,186,95,228
328,195,89,228
284,195,92,221
273,193,92,221
274,204,92,228
274,204,92,228
273,203,92,228
273,203,92,228
273,203,92,228
273,203,92,228
273,203,92,228
277,203,92,228
277,203,92,228
277,209,92,234
277,209,92,234
276,214,92,234
273,217,92,234
279,216,84,242
279,216,84,242
279,216,84,242
275,216,84,242
270,216,89,243
270,216,89,243
270,216,93,243
270,216,93,243
270,225,90,234
270,227,93,232
270,227,93,232
270,227,93,232
266,234,93,225
266,234,93,225
266,234,93,225
262,232,93,225
256,236,98,224
256,236,98,224
253,235,98,225
252,235,98,225
252,235,98,225
252,244,98,216
252,244,98,216
254,251,92,207
253,233,88,224
252,204,92,248
248,168,95,258
252,173,95,258
252,173,95,258
252,173,95,258
249,174,95,258
249,174,95,258
249,174,95,258
249,174,95,258
246,183,95,258
246,183,95,258
248,189,95,258
250,188,90,264
250,188,87,269
250,188,87,269
249,189,87,269
249,189,87,269
243,199,90,258
243,201,93,256
243,207,95,250
243,207,95,250
241,222,93,237
241,222,93,237
246,232,90,226
246,232,90,226
246,258,88,201
246,266,93,193
246,275,92,183
246,282,93,176
246,282,93,176
246,282,93,176
246,286,100,172
246,295,103,163
246,295,103,163
246,303,103,155
246,303,103,155
246,303,103,155
252,307,96,151
252,307,96,151
252,317,93,141
252,317,93,141
252,317,93,141
252,317,93,141
252,317,93,141
252,317,93,141
252,315,99,143
252,312,101,147
252,312,101,147
252,312,101,147
252,312,101,147
252,318,97,140
252,318,97,140
252,332,97,126
252,334,98,124
252,334,98,124
252,340,98,118
252,340,98,118
252,340,98,118
252,340,98,118
252,336,103,123
252,336,103,123
252,332,103,127
252,332,103,127
252,332,103,127
252,332,103,127
252,332,103,127
252,332,103,127
252,332,103,127
252,332,103,127
252,332,103,127
252,332,103,127
252,332,103,127
248,332,103,127
248,332,103,127
248,332,103,127
248,332,103,127
248,332,103,127
248,332,103,127
248,332,103,127
248,332,103,127
248,332,103,127
253,332,95,126
253,332,95,126
253,332,95,126
253,332,95,126
253,332,95,126
253,336,98,123
253,336,98,123
253,336,98,123
253,336,98,123
253,336,98,123
253,336,98,123
253,336,98,123
253,336,98,123
253,336,98,123
253,336,98,123
253,336,98,123
253,334,100,124
253,334,100,124
253,334,100,124
253,334,100,124
253,334,100,124
253,334,100,124
253,334,100,124
253,334,100,124
253,334,100,124
253,334,100,124
253,334,100,124
253,334,100,124
253,334,100,124
253,334,100,124
253,334,100,124
253,334,100,124
253,334,100,124
253,334,100,124
253,334,100,124
253,334,100,124
253,334,100,124
253,334,100,124
253,334,100,124
253,334,100,124
253,334,100,124
253,334,100,124
253,334,100,124
253,334,100,124
253,334,100,124
253,334,100,124
253,334,100,124
253,334,100,124
250,334,100,124
250,334,100,124
250,334,100,124
250,334,100,124
250,334,100,124
250,334,100,124
250,334,100,124
250,334,100,124
250,334,100,124
250,334,100,124
250,334,100,124
250,334,100,124
250,334,100,124
250,334,100,124
250,334,100,124
250,334,100,124
250,334,100,124
250,334,100,124
250,334,100,124
250,334,100,124
250,334,100,124
250,334,100,124
250,334,100,124
250,334,100,124
250,334,100,124
250,334,100,124
250,334,100,124
250,334,100,124
250,334,100,124
250,334,100,124
250,334,100,124
250,334,100,124
250,334,100,124
250,334,100,124
250,334,100,124
250,334,100,124
250,334,100,124
250,334,100,124
250,334,100,124
250,334,100,124
250,334,100,124
250,334,100,124
250,246,100,124
250,246,100,124
250,246,100,124
250,246,100,124
250,246,100,124
250,246,100,124
250,246,100,124
250,246,95,124
250,246,95,124
245,245,95,124
242,244,95,124
234,244,103,124
228,243,113,127
225,243,113,127
219,239,118,131
208,232,130,139
208,225,130,145
208,225,130,145
202,213,131,156
202,213,131,156
198,202,133,168
203,200,137,172
203,189,130,193
203,189,130,193
203,189,126,198
203,184,124,213
203,184,124,213
207,177,121,219
207,168,117,234
209,160,110,239
210,156,110,245
218,142,98,259
218,134,91,267
232,128,82,272
232,128,82,272
232,128,82,272
232,126,82,275
232,120,81,280
232,120,81,280
232,120,81,280
232,120,81,280
232,120,81,280
227,120,87,281
227,116,87,275
218,117,97,265
218,117,97,265
214,113,105,267
214,113,105,267
214,113,105,267
214,113,105,267
220,113,98,262
212,110,98,262
215,108,96,262
215,108,96,262
211,102,96,262
211,102,96,262
208,99,93,253
208,99,93,253
208,99,93,253
203,100,93,253
201,98,93,253
201,98,93,253
201,92,99,258
201,92,99,258
208,118,76,256
209,149,76,257
210,177,84,262
210,169,84,262
208,169,87,254
203,162,92,253
203,162,92,253
202,159,92,253
202,159,92,253
202,159,92,253
200,158,92,253
200,158,92,253
200,158,92,253
190,153,92,253
190,153,92,253
182,149,99,240
182,149,99,240
178,146,103,240
178,146,103,240
178,143,103,240
173,141,103,240
173,141,103,240
173,141,103,240
173,141,103,240
173,141,103,240
173,141,103,240
178,135,103,240
175,129,100,234
178,124,100,234
178,124,100,234
182,119,100,234
182,119,100,234
180,119,100,234
176,118,100,234
166,115,100,234
151,115,112,230
147,112,117,223
140,108,129,225
134,106,142,227
125,106,149,227
122,104,149,227
122,104,149,227
135,104,137,225
149,101,118,227
149,101,118,227
155,94,100,233
157,94,87,227
157,94,87,227
150,94,86,217
149,90,86,223
141,90,93,220
138,87,104,221
138,87,109,223
138,87,113,222
138,87,113,222
138,87,113,222
138,87,113,222
127,83,113,222
127,83,113,222
133,81,93,222
135,81,91,222
137,75,79,229
137,75,79,229
137,75,79,229
137,75,79,229
142,75,79,229
142,75,79,229
142,75,79,229
147,79,69,225
147,79,69,225
147,79,69,225
147,79,76,225
147,83,84,222
147,83,84,222
147,83,84,222
147,83,89,221
151,82,89,221
151,86,89,217
151,86,89,221
151,86,89,221
157,88,89,221
157,88,89,226
157,88,89,226
156,90,89,226
165,90,89,226
163,91,89,226
169,89,89,226
171,92,89,224
171,92,89,224
175,92,89,227
178,95,89,231
178,95,89,232
178,95,89,234
178,95,89,234
184,95,79,234
184,95,79,234
184,101,79,235
184,101,79,235
184,101,79,235
184,101,79,235
184,101,79,235
184,101,79,235
184,101,79,235
184,101,79,235
184,109,81,227
184,109,81,227
188,110,88,225
190,111,92,233
190,111,92,233
191,115,92,233
195,116,92,233
199,119,92,233
201,119,90,238
201,119,90,238
208,120,83,235
208,120,83,235
208,120,83,235
208,120,83,235
214,121,80,234
214,121,80,234
217,126,78,242
217,126,78,242
214,133,78,248
214,133,78,248
214,133,78,248
207,141,89,243
207,141,89,243
212,147,80,247
212,147,80,247
216,151,76,250
216,151,76,250
216,154,78,253
216,154,78,253
219,153,79,255
219,155,88,253
218,155,88,253
215,161,96,246
207,161,105,250
201,167,117,253
205,166,117,253
197,170,129,256
199,168,129,256
198,176,129,259
201,180,129,259
201,180,129,259
203,183,123,256
203,183,123,256
211,183,115,253
211,183,115,253
217,183,109,257
223,183,104,257
223,183,104,257
229,188,98,261
229,188,98,261
239,193,98,262
240,198,98,262
240,198,98,262
240,198,98,262
240,198,98,262
239,157,105,264
232,110,110,265
235,115,112,264
240,119,112,264
240,119,116,263
240,119,116,263
236,123,124,272
240,125,124,272
240,125,124,272
240,125,124,279
240,125,124,287
240,132,124,279
241,134,115,282
237,136,115,282
229,137,110,279
229,141,105,275
229,141,108,277
229,141,108,277
234,146,104,272
234,146,104,272
234,146,104,272
242,148,110,271
245,151,124,271
249,152,124,271
249,152,124,271
249,155,131,274
253,156,131,278
253,156,131,278
260,156,123,280
268,155,115,281
268,155,115,281
279,161,110,272
284,161,105,272
290,163,110,287
290,164,112,291
290,164,115,291
294,164,115,291
294,173,127,282
294,173,127,282
299,173,122,287
299,173,122,287
299,173,122,287
308,179,113,281
308,179,113,281
318,180,113,280
318,180,113,280
328,180,104,280
328,180,104,280
337,182,93,278
337,182,93,278
333,178,104,282
329,175,121,284
324,174,133,285
321,175,135,284
312,170,144,289
312,170,144,289
313,168,144,289
308,160,141,297
307,160,140,289
307,160,140,289
307,160,140,281
309,158,140,281
309,158,140,281
309,158,140,281
309,158,140,281
309,158,140,281
310,151,137,287
310,151,137,287
318,147,129,287
322,144,127,287
320,143,125,284
328,143,117,279
328,143,117,275
327,139,117,275
327,135,117,268
327,135,117,268
331,134,113,269
331,134,113,269
331,134,113,269
331,134,113,269
331,134,113,269
331,130,110,273
333,128,110,273
333,128,110,273
339,131,110,273
339,131,110,273
339,131,110,273
341,125,117,275
341,125,117,275
341,125,117,275
346,127,115,263
346,127,112,257
346,133,112,250
350,134,107,250
350,134,107,250
356,143,104,234
356,153,106,225
356,156,107,222
356,167,115,211
356,174,113,204
356,182,112,196
363,192,105,186
363,192,105,186
363,204,105,174
363,211,107,167
359,214,106,163
359,225,107,151
355,225,107,151
355,225,107,151
350,230,117,147
350,230,117,147
350,230,117,147
348,217,122,160
344,208,125,168
344,199,127,177
339,193,127,184
339,180,130,197
339,172,129,205
339,163,123,214
339,153,121,224
339,153,121,224
339,146,118,231
345,143,106,235
345,143,106,235
350,139,100,237
350,139,100,237
356,137,100,237
361,131,97,241
361,124,97,241
361,124,97,241
369,122,97,241
369,122,97,241
371,110,97,241
371,110,97,241
371,105,90,246
371,105,90,246
371,98,89,254
371,98,89,254
367,98,89,254
364,91,91,261
364,91,91,261
364,91,91,261
356,80,91,261
356,80,91,261
356,80,84,252
356,80,84,252
350,77,93,249
350,77,93,249
350,77,93,249
350,77,93,249
350,74,90,251
345,73,90,251
345,73,90,251
345,73,90,251
342,68,90,251
344,65,89,250
341,63,89,250
343,60,89,250
336,58,93,240
336,58,93,240
335,53,93,240
335,53,93,240
335,53,93,240
335,53,93,240
335,53,93,240
335,53,93,240
334,49,88,244
334,49,88,244
334,45,86,248
329,42,88,244
329,42,88,244
336,82,73,234
328,127,84,235
327,121,84,235
328,116,84,235
328,124,84,227
328,124,84,227
321,119,91,232
309,119,96,232
309,119,96,232
301,119,100,233
293,119,104,232
286,119,110,232
286,114,110,232
286,114,110,232
286,114,110,232
286,114,110,232
285,111,104,226
288,112,104,226
290,110,100,226
290,110,100,226
286,109,100,226
286,109,100,226
274,114,110,221
274,114,110,221
274,114,110,221
274,114,110,221
274,114,103,221
274,114,96,221
263,115,96,221
262,113,86,224
252,115,86,224
243,115,83,223
236,115,83,223
229,114,92,223
222,114,97,224
222,114,97,224
215,114,106,225
212,114,109,225
211,114,109,225
211,114,109,225
211,114,106,223
199,108,110,228
166,106,95,229
159,106,95,229
146,106,106,224
139,94,112,232
132,93,112,232
132,93,112,232
124,96,121,229
124,96,121,229
124,102,124,223
124,102,124,223
124,102,113,224
124,102,105,226
112,105,99,221
101,106,99,221
99,105,99,221
93,105,99,221
87,105,106,222
80,106,106,221
80,106,106,221
74,106,106,221
71,105,106,221
71,105,106,221
73,102,95,223
73,102,95,223
73,102,82,221
59,98,95,225
59,98,91,228
54,96,91,228
33,98,109,222
22,98,116,223
15,99,116,218
84,93,110,219
123,101,115,219
117,96,110,216
114,98,108,220
114,100,106,218
109,95,103,223
109,95,97,221
109,95,89,223
104,94,76,222
104,94,76,222
99,94,66,224
93,94,69,224
83,94,78,221
75,94,87,221
62,99,90,217
62,99,90,217
62,99,90,217
62,99,90,217
62,99,95,221
62,99,95,221
54,99,104,219
121,97,133,217
135,95,147,220
139,98,155,217
137,95,155,217
137,95,155,217
143,98,147,223
152,96,131,220
152,96,131,220
159,99,126,221
165,97,110,221
165,97,110,221
173,98,98,223
173,98,98,223
177,98,98,223
186,100,92,223
194,99,97,223
200,102,105,227
200,102,109,230
200,102,113,233
200,102,109,234
200,102,109,234
202,106,109,234
205,107,100,238
205,110,100,238
210,110,95,238
210,110,95,238
210,110,95,238
215,110,95,238
218,109,95,238
218,109,95,238
219,114,99,233
225,115,99,233
225,115,99,233
229,118,99,233
235,121,99,233
236,123,106,236
236,123,106,236
244,124,104,239
244,124,104,239
249,127,104,239
249,127,104,239
249,127,104,239
257,128,96,238
257,128,96,238
269,131,91,239
269,131,91,242
269,131,91,242
269,131,103,246
273,130,103,246
271,135,114,244
271,140,114,246
271,140,122,247
270,145,122,247
280,139,109,257
278,145,95,251
166,153,118,241
166,153,118,241
176,160,110,234
176,160,110,234
176,160,110,234
186,169,110,234
186,169,110,234
192,172,110,234
195,176,110,234
199,175,110,234
206,173,110,240
211,173,107,246
211,173,104,246
211,173,104,246
214,178,110,240
214,178,110,240
218,178,110,240
227,178,107,250
227,178,107,250
227,178,107,250
242,188,103,262
242,188,103,262
242,188,103,262
248,188,103,262
248,188,103,262
258,196,96,254
259,197,106,261
270,197,98,262
270,201,103,257
270,201,103,257
270,209,115,250
270,209,115,250
270,209,115,250
283,205,101,253
288,205,101,253
294,205,101,253
296,205,101,253
299,176,100,253
301,121,100,278
307,136,100,278
310,142,98,283
310,142,98,283
310,142,98,283
310,142,98,283
314,145,98,280
314,145,98,280
314,145,104,280
314,145,104,280
310,151,112,287
309,154,112,287
309,154,112,287
309,158,112,287
312,160,112,287
312,160,110,299
312,160,110,299
309,161,110,299
309,161,110,299
309,161,110,299
309,169,100,291
309,169,100,291
319,171,90,287
319,171,90,287
319,171,90,287
313,172,90,287
313,168,84,291
313,168,84,291
313,168,84,291
318,165,84,291
318,165,84,291
313,160,90,295
313,160,90,295
300,160,106,295
300,155,106,295
305,154,100,287
305,154,100,287
310,154,96,281
310,154,96,281
310,154,96,281
316,153,96,281
316,153,96,281
316,153,96,281
307,148,100,283
307,148,100,283
307,148,100,283
301,143,100,283
301,143,100,283
299,135,100,283
299,135,100,283
299,135,100,283
299,135,91,273
295,133,91,273
295,133,91,273
295,133,91,273
296,126,91,273
296,126,91,273
296,126,91,273
296,126,91,273
296,126,93,273
296,126,93,273
296,126,93,273
301,120,93,273
301,120,93,273
309,113,93,263
309,113,93,263
309,113,93,263
312,107,95,262
312,107,95,262
312,107,95,262
312,107,95,262
312,107,95,262
312,105,95,262
312,105,95,262
312,105,95,262
312,94,95,262
312,94,95,262
307,92,95,262
307,92,95,262
309,86,88,258
309,86,88,258
310,85,88,258
310,85,88,258
310,85,88,258
310,85,93,251
310,85,93,251
312,82,93,251
312,82,93,251
312,82,93,251
317,81,93,251
317,81,93,251
331,69,91,244
331,69,91,244
336,65,88,244
336,65,88,244
336,65,88,244
336,65,88,244
336,65,88,244
339,58,88,244
339,58,88,244
339,53,86,249
347,126,80,241
347,140,81,247
347,140,81,247
350,129,76,244
350,129,84,244
351,129,96,242
351,129,96,242
351,129,96,242
354,131,104,241
354,131,104,241
359,131,104,241
359,131,104,241
362,130,104,241
362,130,104,241
362,130,104,241
375,132,93,232
375,132,93,232
378,130,96,230
378,130,96,230
389,130,90,229
389,130,90,229
389,130,90,229
392,130,90,229
392,130,90,229
389,128,98,228
393,130,98,228
393,130,98,228
393,130,98,228
398,129,98,228
398,129,98,228
410,170,76,228
411,217,81,236
411,217,81,236
411,217,86,228
411,217,86,228
411,217,86,228
411,209,87,235
411,209,87,235
411,209,87,235
419,208,87,235
419,208,87,235
419,208,92,231
420,198,92,234
420,198,92,234
420,198,92,234
420,198,92,234
420,198,92,234
420,198,92,234
420,198,92,234
420,198,93,229
420,198,93,229
420,198,93,229
420,198,93,229
420,198,93,229
429,192,93,229
428,191,89,223
382,195,88,221
320,185,88,221
320,185,88,221
320,185,88,221
317,181,88,221
317,181,88,221
317,181,88,221
317,181,88,221
317,181,88,221
311,180,88,221
311,180,88,221
311,180,88,221
299,174,88,221
299,174,88,221
292,172,88,221
290,171,89,215
290,171,89,215
283,170,89,215
283,170,89,215
277,170,89,215
277,170,89,215
277,170,89,215
277,170,89,215
277,170,89,215
277,170,89,215
284,162,76,217
284,162,76,217
277,160,76,217
270,158,76,217
270,158,76,217
270,158,76,217
263,154,76,217
260,151,76,217
249,150,88,216
249,150,88,216
249,150,88,216
249,150,88,216
253,152,76,213
253,152,76,213
253,152,76,213
253,152,76,213
253,152,76,213
246,148,75,207
246,148,75,207
244,147,75,207
244,147,65,203
244,147,65,203
244,147,63,203
244,147,63,203
236,144,63,203
232,144,63,203
227,144,63,203
227,144,63,203
227,144,63,203
224,136,62,209
224,136,62,209
224,136,58,208
220,136,58,208
212,136,58,208
209,136,62,208
199,135,69,206
199,135,69,206
191,139,76,209
191,139,76,209
191,139,76,209
189,141,78,210
189,141,78,210
189,141,72,211
186,141,72,211
183,141,72,211
177,141,78,211
169,141,86,212
169,141,86,212
169,147,86,205
169,147,86,205
164,150,86,205
167,155,81,209
167,155,81,209
167,155,73,215
167,155,73,215
163,155,73,215
163,155,73,215
163,155,73,215
157,155,76,215
157,155,76,215
156,159,76,215
156,159,76,215
155,162,76,215
158,165,76,215
158,165,76,215
158,165,76,215
164,169,72,221
164,169,72,221
167,169,76,219
167,169,76,219
167,169,76,219
169,169,76,219
169,169,76,219
169,176,76,219
169,176,76,223
169,176,82,227
182,179,76,222
273,184,82,222
284,184,87,228
279,182,83,228
279,182,83,228
276,187,81,231
276,187,81,231
276,187,81,231
276,187,81,231
276,187,81,231
275,191,81,231
275,191,79,235
275,191,79,235
278,196,79,235
278,196,79,235
278,196,79,235
278,196,79,235
280,201,79,235
280,201,79,235
280,201,79,235
280,201,79,235
280,201,79,235
280,201,79,235
280,208,79,235
280,208,79,235
280,208,79,235
282,212,79,235
277,215,79,235
277,215,82,243
277,215,82,243
271,216,82,243
271,216,82,243
271,216,82,243
271,216,82,243
271,216,82,243
267,217,82,243
267,217,82,243
267,217,82,243
267,217,82,243
267,227,82,233
267,227,82,233
267,227,82,233
267,227,82,233
271,234,79,224
267,234,86,225
267,234,86,225
267,234,86,225
267,238,95,221
267,238,95,221
267,238,95,221
275,243,88,217
275,243,88,217
275,250,93,210
275,250,93,210
275,250,93,210
275,250,93,210
275,257,87,203
275,257,87,203
280,257,87,203
283,238,83,222
277,208,89,238
277,179,96,252
277,179,96,252
283,180,97,256
282,185,101,259
287,188,101,259
294,192,107,263
294,192,98,264
294,192,98,264
301,192,98,264
301,192,98,264
310,192,93,263
310,192,93,263
314,197,93,263
314,197,93,263
314,197,93,263
314,196,99,264
314,196,99,264
314,196,99,264
314,196,99,264
314,196,99,264
321,200,87,260
321,200,87,260
316,203,87,257
316,203,87,257
316,203,87,257
311,203,87,257
311,211,84,249
311,211,84,249
302,212,95,247
302,212,95,247
302,217,93,242
302,217,93,242
302,217,93,242
297,217,93,242
297,217,93,242
295,218,93,242
296,223,93,237
296,225,93,232
296,225,93,232
296,225,93,232
296,225,93,232
293,231,96,226
293,231,96,226
290,176,97,273
290,143,97,282
290,143,97,282
290,143,97,282
285,147,97,282
285,147,97,282
271,156,110,279
266,156,115,279
263,156,115,279
262,160,115,279
258,161,115,279
258,161,104,279
258,161,100,283
258,159,100,283
258,161,95,283
252,161,95,283
252,161,95,283
252,161,91,283
246,161,91,283
239,165,90,291
239,165,90,291
239,165,90,291
231,168,90,291
231,168,90,291
231,168,90,291
222,169,90,291
222,169,90,291
222,169,90,291
222,175,89,285
222,173,93,287
216,172,104,287
216,172,104,287
211,172,104,287
211,180,108,280
211,180,108,280
211,180,108,280
211,180,108,280
211,180,108,280
211,180,108,280
211,176,113,284
211,176,113,284
220,174,103,285
220,174,103,285
220,172,108,287
220,172,108,287
233,158,104,283
233,158,104,283
233,158,104,283
233,158,104,283
233,158,104,283
229,152,104,283
227,148,104,283
227,148,104,283
222,146,104,283
222,146,104,283
222,139,97,278
222,139,97,278
222,139,97,278
222,139,97,278
214,136,107,272
214,136,107,272
214,136,107,272
214,136,107,272
214,136,107,272
214,136,107,272
214,136,107,272
214,131,104,277
214,131,104,277
214,131,104,277
214,131,104,277
214,125,107,283
208,125,113,276
202,125,118,271
202,125,118,271
205,112,118,271
205,119,122,265
205,119,122,265
205,119,122,265
211,115,115,265
211,115,115,265
211,115,115,265
211,115,115,265
211,113,115,265
206,112,121,265
206,112,121,265
198,107,121,265
198,107,121,265
193,100,126,266
193,100,126,266
185,101,132,254
176,101,148,254
164,93,166,263
164,93,166,263
180,93,146,262
180,93,146,262
198,87,127,266
198,87,127,266
202,86,124,262
202,86,124,262
202,86,124,262
202,80,123,258
206,79,122,254
209,78,113,249
209,78,113,249
209,78,113,249
207,73,108,254
207,73,108,254
207,73,108,254
202,71,108,254
202,71,108,254
202,71,108,254
197,70,108,254
197,70,108,254
197,70,112,243
192,69,116,242
191,65,131,243
191,65,149,238
191,65,149,238
186,59,149,238
186,59,149,238
186,59,149,238
186,59,149,238
186,59,149,238
186,59,138,242
205,50,91,242
207,45,92,234
207,45,92,234
206,42,92,234
206,42,92,234
206,42,92,234
206,42,92,234
206,37,82,239
206,37,82,239
206,37,82,239
206,37,82,239
195,33,82,239
195,33,82,239
189,27,100,230
189,27,100,230
189,27,120,225
189,27,120,225
189,27,129,224
189,27,129,224
190,23,125,234
190,23,125,234
190,23,125,234
197,18,101,230
197,18,88,228
197,17,88,228
197,17,88,228
202,49,88,215
198,104,93,220
198,104,93,220
197,98,93,220
197,98,93,220
197,98,93,220
208,97,86,221
208,97,93,225
208,97,109,219
208,97,109,223
208,97,109,223
208,97,109,223
208,86,86,234
208,86,86,234
208,86,86,234
214,85,72,230
214,85,72,230
214,85,72,230
214,85,72,230
208,83,72,230
208,83,72,230
199,83,80,227
199,83,80,227
191,83,89,222
191,83,89,222
181,83,98,216
181,83,98,216
181,83,98,216
181,83,98,216
181,83,87,213
181,83,87,213
174,86,87,213
174,86,87,213
168,86,96,213
168,86,96,213
161,87,96,213
161,87,96,213
161,87,96,213
150,89,96,213
157,87,81,216
157,87,81,216
157,87,81,216
157,87,81,216
157,87,81,216
157,87,81,216
166,89,81,216
166,89,81,216
166,89,81,216
166,89,81,216
172,89,81,216
172,89,81,216
172,89,81,216
184,89,75,220
184,89,75,220
190,89,75,220
190,89,79,231
190,89,79,231
190,89,82,231
195,95,82,231
195,95,82,231
195,95,82,231
197,98,82,231
197,98,82,231
201,101,89,230
205,101,95,233
205,101,95,233
205,101,95,233
205,101,110,230
205,101,110,230
210,106,106,226
210,106,106,226
216,109,107,230
216,109,107,230
223,112,91,230
222,111,96,236
229,112,83,234
229,112,83,234
234,110,83,234
234,110,84,238
244,111,84,238
244,111,84,238
248,117,86,243
248,117,86,243
253,122,86,243
253,122,86,243
258,122,86,243
258,124,86,243
260,128,93,245
260,128,93,245
260,128,93,245
260,128,101,245
260,132,106,241
260,132,106,241
260,132,106,241
260,136,106,241
260,136,106,241
263,138,91,246
263,138,91,246
268,141,86,250
268,143,86,250
268,144,86,250
275,147,80,251
279,147,80,251
279,147,84,253
280,151,86,250
280,151,86,250
285,151,88,251
285,151,88,251
287,154,84,254
287,154,87,255
290,159,80,251
290,159,86,254
288,165,89,252
292,165,83,252
292,165,92,259
290,165,96,260
290,165,96,260
290,169,109,259
290,169,109,259
288,168,120,262
288,168,118,262
287,172,125,256
287,172,126,258
286,176,126,258
286,176,125,264
287,181,122,262
283,182,129,264
283,182,129,264
279,186,133,267
279,186,133,272
279,186,133,272
282,190,133,268
282,190,133,268
285,190,129,269
285,190,129,269
295,194,120,262
295,194,120,262
293,201,129,257
293,201,129,257
297,202,124,257
297,202,124,257
297,200,124,257
293,121,130,275
290,123,130,275
295,127,127,278
295,127,123,279
293,126,125,278
293,131,131,275
293,131,127,278
291,131,127,278
291,131,127,278
291,140,129,268
291,140,129,268
291,140,129,279
291,140,127,286
291,150,131,275
297,151,124,281
296,153,127,286
296,153,127,286
296,153,127,286
302,157,132,281
305,158,129,281
309,160,126,282
309,160,126,282
316,160,117,282
313,160,123,281
314,166,117,281
311,171,120,280
311,171,116,284
314,172,116,284
314,172,107,288
317,175,100,283
314,175,100,283
314,175,100,283
314,175,100,283
314,175,104,283
314,175,104,283
314,183,108,275
314,181,108,277
314,181,108,277
317,183,108,277
316,144,108,291
316,102,110,297
317,108,110,297
319,110,107,301
322,110,107,301
322,114,110,301
327,114,116,311
331,114,106,307
331,114,108,308
333,119,113,308
336,119,109,308
336,119,109,308
343,119,108,308
347,120,108,303
351,122,108,303
355,125,110,312
355,125,110,312
358,125,113,316
361,125,114,318
365,130,110,318
369,131,113,321
369,131,113,321
367,135,116,321
373,138,116,321
373,138,126,319
371,139,126,319
371,145,134,313
371,145,134,313
377,151,135,308
377,152,130,307
377,156,135,303
377,156,135,303
384,160,139,298
384,160,139,298
384,161,139,298
384,161,139,298
390,171,139,289
396,169,137,287
399,173,138,283
399,173,138,283
394,175,138,283
300,175,147,284
300,175,147,284
302,182,159,276
312,179,148,280
312,179,148,280
322,184,146,275
322,184,146,275
322,184,146,275
333,190,141,268
336,190,141,268
336,190,141,268
336,191,146,267
336,195,151,263
336,195,151,263
338,201,151,258
338,203,154,255
338,203,154,255
338,203,154,255
338,203,154,255
336,207,158,251
336,207,158,251
336,207,158,251
336,209,152,250
336,209,152,250
336,209,152,250
336,219,144,239
340,219,138,239
344,220,127,238
344,220,127,238
344,220,127,238
352,215,110,242
358,143,98,315
351,129,106,329
339,133,115,327
335,133,120,327
326,131,130,326
321,130,137,328
316,132,137,328
316,132,137,328
310,131,137,328
304,123,142,335
304,123,142,335
300,123,142,335
297,123,142,335
294,115,134,343
286,111,135,347
286,111,135,347
287,108,125,340
287,108,125,340
282,104,127,329
282,104,127,329
274,102,126,322
274,102,126,322
263,102,135,323
263,102,135,323
263,102,135,323
259,102,126,318
259,102,126,318
258,98,130,317
257,94,125,316
257,95,117,315
257,95,113,308
249,89,113,308
249,89,113,308
241,89,102,308
241,89,93,304
241,89,93,304
234,81,100,312
234,81,100,312
228,109,101,312
226,140,101,312
218,168,112,290
210,158,121,299
210,158,121,299
205,152,126,305
205,152,126,305
211,143,116,315
207,145,121,308
207,145,121,308
212,141,114,299
212,141,114,299
212,141,114,299
212,141,114,299
208,138,114,299
208,138,114,299
208,133,107,304
208,133,107,304
208,133,107,304
211,125,96,303
211,125,96,303
198,118,98,295
198,118,98,295
198,110,98,295
198,110,98,295
193,110,98,295
190,110,104,288
182,111,104,288
181,106,105,293
181,106,105,293
167,104,118,295
167,104,118,295
150,104,135,295
135,98,150,302
135,98,150,302
124,94,161,291
117,94,167,291
117,83,167,291
117,83,167,291
117,83,167,291
116,82,164,283
118,81,164,283
118,79,164,283
127,78,149,283
127,78,149,283
127,73,149,283
127,73,149,283
126,68,149,283
126,68,149,283
127,61,141,273
127,61,141,273
122,58,143,270
122,58,143,270
118,53,135,271
118,53,135,271
113,49,137,279
113,49,137,279
113,49,137,279
113,49,137,279
107,49,143,279
107,49,143,279
107,49,143,279
112,43,135,272
112,43,135,272
116,39,135,272
116,39,137,260
116,33,137,260
116,33,137,260
116,33,137,260
116,33,137,260
112,31,129,267
112,31,129,267
112,31,129,267
98,23,137,266
93,23,137,266
93,23,137,266
79,20,151,256
74,20,157,255
74,20,157,255
63,14,173,253
63,14,173,253
56,10,173,253
73,46,147,250
64,102,160,257
64,102,160,257
59,90,160,257
59,90,155,263
61,92,158,257
61,86,160,260
61,86,160,260
65,86,155,258
65,86,155,258
67,80,155,258
80,80,142,257
82,80,134,247
82,80,134,247
76,79,140,248
76,79,140,248
67,78,150,246
59,78,150,246
59,78,150,246
59,78,143,248
47,75,152,246
47,75,152,246
35,74,165,243
38,73,165,243
38,73,165,243
25,77,175,231
25,77,175,231
33,77,166,231
58,78,133,233
73,79,121,229
73,79,121,229
73,79,121,229
73,79,121,229
73,79,121,229
76,74,108,234
76,74,108,234
132,60,113,244
186,61,96,242
210,61,96,242
198,51,105,248
194,51,109,243
186,49,115,243
175,49,127,233
171,49,131,233
152,49,149,230
143,41,155,239
143,41,155,239
143,41,155,239
134,41,163,238
134,41,163,238
134,41,163,238
134,41,163,238
134,41,163,238
143,36,147,239
155,36,135,238
155,36,135,238
165,36,125,231
186,36,98,226
186,36,98,226
186,36,98,226
186,32,98,226
186,32,98,226
186,30,79,232
186,32,79,232
186,30,76,234
186,28,76,234
186,24,76,240
180,23,91,238
180,23,91,238
167,24,91,238
167,24,91,238
150,20,104,239
144,20,110,236
130,15,127,238
130,15,127,238
115,15,149,234
106,15,159,233
92,15,173,227
92,15,173,227
92,15,173,227
92,15,173,227
97,15,167,228
108,13,149,227
108,13,149,227
108,13,149,227
117,13,140,227
117,13,140,227
127,13,130,227
133,12,130,227
133,12,130,227
146,47,130,227
151,98,117,228
151,98,117,228
155,88,117,228
155,88,117,228
155,88,117,228
157,87,117,228
157,87,117,228
157,87,117,228
157,87,117,228
157,87,117,228
157,87,117,228
157,87,117,228
157,87,117,228
157,82,112,225
157,82,112,225
172,78,97,225
172,78,97,225
176,77,92,223
176,77,92,223
192,75,78,216
192,75,78,216
192,75,78,216
192,75,78,216
198,73,84,220
198,73,84,220
198,73,91,221
202,72,91,221
195,72,104,221
195,72,104,221
195,72,110,221
195,72,110,221
195,72,122,213
189,67,132,216
189,67,132,216
188,67,144,213
188,67,144,213
182,65,142,209
182,65,142,209
182,65,142,209
182,65,142,209
181,64,132,209
181,64,132,209
181,64,132,209
181,64,132,209
181,64,130,208
181,64,130,208
172,61,138,212
172,61,138,212
165,61,138,212
165,61,138,212
161,60,108,215
161,60,96,215
161,60,88,217
161,60,79,216
160,62,71,215
160,62,71,215
152,62,78,215
141,63,86,216
141,63,86,216
132,63,93,217
132,63,93,217
132,63,93,217
124,63,103,219
129,63,97,223
129,63,97,223
129,63,97,223
141,67,89,215
141,67,89,215
143,69,89,215
143,69,89,215
148,70,79,225
148,70,79,225
148,70,79,225
148,75,76,221
148,75,76,221
148,79,76,221
141,79,98,227
134,79,106,225
132,80,110,225
127,80,123,227
127,80,123,227
127,80,123,227
127,80,123,227
127,80,123,227
127,80,123,227
129,86,110,230
129,86,110,230
135,88,95,228
135,88,95,228
134,89,93,234
134,89,93,234
138,94,88,234
138,94,88,234
138,94,88,234
138,94,97,233
132,96,107,230
132,96,107,230
132,96,117,231
129,98,124,230
130,100,133,234
130,100,133,234
137,101,129,239
137,101,129,239
141,106,126,234
147,107,126,237
154,107,110,239
154,107,110,239
159,110,110,239
159,110,110,239
159,110,115,238
159,110,115,238
165,113,121,236
161,115,127,237
161,115,127,237
161,115,127,237
168,119,83,242
168,127,89,236
173,128,87,236
173,132,91,236
175,136,89,233
180,136,83,235
186,135,81,236
184,138,83,232
188,140,74,232
156,143,143,227
156,141,143,227
172,135,123,241
180,139,114,237
180,139,114,237
195,144,91,246
195,144,91,246
192,147,101,249
192,147,108,248
188,157,120,246
188,157,123,243
188,157,138,249
188,157,152,249
188,163,166,244
188,161,166,244
185,164,154,239
185,164,140,242
176,164,144,242
176,164,144,242
176,164,158,250
172,168,166,246
175,173,155,243
181,177,146,245
181,177,146,245
184,179,134,244
186,128,131,256
180,80,135,256
174,83,140,258
174,83,140,258
174,83,140,258
174,83,140,258
167,91,159,253
161,90,168,254
150,90,184,258
147,98,193,260
147,98,193,260
140,101,217,261
139,105,228,262
139,107,239,267
139,107,243,267
139,107,243,267
141,110,246,267
147,112,246,267
147,112,246,267
155,111,239,269
159,116,224,262
168,116,203,262
195,119,143,269
207,123,126,266
207,126,125,269
209,127,126,277
201,127,147,276
194,131,158,278
194,131,158,278
195,137,158,278
195,137,158,278
189,136,158,278
189,136,158,278
201,137,138,278
205,140,133,276
205,143,133,276
208,147,125,282
208,147,125,282
212,152,125,282
215,156,113,287
218,158,104,290
218,159,100,296
218,162,100,296
218,162,100,296
211,166,109,294
209,164,109,296
203,170,113,287
203,170,113,287
200,174,114,279
200,174,114,279
203,180,114,279
203,180,114,279
205,183,114,277
205,183,114,277
207,188,118,272
203,195,122,265
209,195,123,264
207,195,123,264
207,195,123,264
210,194,123,264
203,113,144,298
203,113,144,298
208,127,144,293
207,127,143,300
207,127,143,308
211,132,140,312
211,132,140,312
211,132,140,312
211,143,132,313
211,143,132,313
211,143,132,313
211,146,132,313
211,146,132,313
211,146,132,313
211,146,132,313
203,146,140,311
203,146,140,311
199,157,157,301
199,160,154,299
208,170,142,286
208,170,142,286
205,172,142,286
217,172,137,284
217,172,137,284
222,177,137,279
225,179,137,279
225,179,137,279
237,187,130,272
229,187,143,273
224,187,150,273
233,185,144,271
233,185,144,271
243,191,132,266
243,191,132,266
261,193,116,261
261,193,116,261
261,198,127,256
261,200,127,256
254,200,135,259
254,207,137,252
254,207,137,252
254,207,137,252
269,162,113,293
278,121,104,329
278,121,104,329
286,133,98,323
286,133,98,323
286,140,108,316
290,140,108,316
290,145,115,311
284,148,133,307
284,148,133,307
279,150,154,305
279,150,154,305
275,167,161,288
275,167,161,288
275,168,168,287
275,168,168,287
275,176,178,279
275,176,178,279
275,176,178,279
275,191,182,264
275,191,182,264
275,194,178,261
275,194,178,261
275,194,178,261
275,194,178,261
275,194,178,261
275,194,178,261
273,191,178,261
273,191,178,261
263,188,184,250
263,188,184,238
263,188,184,238
254,188,194,238
254,188,194,238
254,188,194,238
266,188,182,238
266,188,182,238
266,188,183,248
266,180,183,248
266,180,183,248
266,180,183,248
270,176,174,259
273,174,174,265
273,174,174,265
277,170,174,272
277,170,174,272
277,170,174,272
277,170,174,272
277,170,181,272
246,176,217,268
232,173,232,271
232,178,244,266
215,178,261,265
215,178,261,265
215,185,262,258
209,193,263,250
209,193,263,250
209,193,263,250
215,193,257,250
215,193,257,250
228,187,246,256
243,180,234,259
243,176,227,263
263,169,205,273
290,159,174,283
290,155,168,287
297,140,157,302
297,131,149,312
303,118,144,324
311,77,114,314
327,66,109,322
353,49,117,308
371,33,118,303
371,33,118,303
371,33,118,303
371,33,118,303
368,27,118,303
368,27,118,303
367,22,118,303
367,100,118,303
367,109,118,310
367,98,121,313
367,95,121,316
367,95,123,316
367,95,123,316
368,90,123,316
367,88,123,316
364,92,126,312
364,92,122,296
364,92,122,296
364,92,122,296
364,92,127,295
364,92,127,295
369,90,127,295
369,90,127,295
369,90,127,295
369,90,132,295
369,90,132,295
369,90,132,295
369,90,132,295
369,90,132,295
369,90,132,295
369,90,132,295
369,90,132,295
369,90,132,295
369,86,117,295
369,82,109,304
369,82,109,304
369,82,109,304
373,78,109,304
373,78,109,304
373,78,109,304
373,78,109,304
373,78,109,304
380,77,107,291
380,77,107,291
385,72,103,269
385,72,103,269
380,72,113,267
371,64,125,276
345,63,152,277
351,63,146,276
365,63,132,277
394,161,112,277
394,157,112,277
402,151,93,283
402,147,93,283
402,148,93,283
407,138,82,286
412,141,83,271
412,139,98,264
412,139,98,264
416,139,98,264
416,139,98,264
416,139,104,264
416,139,104,264
418,133,104,264
418,129,103,268
418,129,101,274
413,128,101,274
413,123,100,279
413,123,100,279
413,123,100,279
409,122,100,279
409,122,100,279
409,122,100,279
409,122,100,279
409,122,100,279
412,123,100,279
412,123,100,279
430,127,83,275
430,127,83,275
429,133,95,278
429,133,110,278
430,139,121,271
430,146,123,266
430,146,123,266
430,146,123,266
435,158,135,254
435,161,144,251
445,168,152,243
445,168,152,243
461,172,142,242
469,174,138,242
495,172,118,241
449,168,104,246
402,164,110,246
404,165,126,251
403,163,144,248
421,164,135,251
432,162,133,249
457,157,113,253
471,164,113,253
478,160,117,258
478,160,117,258
489,172,131,245
494,173,131,245
501,188,127,231
501,196,127,223
503,208,125,211
504,232,124,187
492,232,135,187
469,241,161,177
352,252,242,169
352,252,242,169
352,252,232,161
355,260,222,158
355,260,222,158
364,246,176,168
364,246,176,168
367,222,164,193
361,205,171,211
361,181,147,234
354,172,138,234
350,150,103,249
336,145,103,250
318,129,104,264
304,126,112,269
295,116,115,276
290,90,108,300
292,78,108,310
283,69,105,314
283,62,103,312
274,55,106,307
274,55,106,307
263,52,106,307
235,56,132,298
228,52,131,301
223,51,131,301
214,50,131,301
214,60,122,291
209,68,112,271
205,79,97,246
205,79,97,246
205,74,90,249
197,74,90,249
195,69,90,254
184,70,90,254
184,70,90,254
182,68,87,249
174,58,89,249
174,58,88,242
168,49,89,240
161,48,92,241
152,46,96,241
152,46,96,241
144,45,96,241
134,40,96,241
127,90,100,234
122,127,104,234
123,125,100,233
110,111,100,233
110,111,92,230
105,110,92,230
100,108,90,231
93,105,90,231
93,106,88,236
95,101,88,236
89,95,79,227
89,95,79,227
83,87,79,227
83,87,79,227
76,86,79,227
72,85,79,227
69,82,79,227
56,78,84,217
56,78,79,212
55,70,76,218
48,70,81,218
44,67,81,218
44,67,81,218
44,67,81,218
39,67,81,218
39,60,81,218
38,57,75,209
41,54,72,205
32,49,79,206
79,43,76,213
124,45,76,213
143,44,82,209
143,40,76,209
137,36,78,205
137,36,76,199
130,26,81,199
130,26,81,199
130,26,81,199
130,26,76,202
124,24,79,201
124,24,79,201
124,24,79,195
124,20,75,193
124,15,76,190
124,15,76,190
124,15,76,190
123,6,76,190
124,9,69,191
124,5,69,191
117,3,74,194
117,3,74,194
117,3,70,184
115,0,70,184
115,1,70,179
116,0,83,180
116,0,83,180
116,0,90,177
116,0,97,180
124,0,86,173
124,49,79,171
129,82,73,177
126,73,73,177
126,73,63,182
127,72,63,182
127,72,63,176
126,69,66,171
125,60,66,171
125,60,66,171
125,60,66,171
125,60,66,171
122,56,67,177
122,56,67,177
122,56,67,177
127,53,63,168
127,48,69,167
132,43,61,170
132,43,61,170
132,43,61,170
132,43,61,170
132,43,61,170
132,43,61,170
137,39,59,160
137,39,59,160
140,33,59,160
140,33,59,160
140,33,66,160
140,33,72,160
140,33,72,160
149,33,67,157
149,28,64,156
149,28,64,152
157,22,58,155
161,43,56,154
161,78,59,151
161,115,65,156
161,115,65,156
161,115,65,156
166,114,65,156
170,106,59,148
172,103,58,148
172,103,58,148
172,103,58,148
172,103,58,148
178,107,58,148
178,107,58,148
182,97,58,148
182,97,58,148
185,96,58,148
186,89,58,148
191,90,58,148
191,90,58,148
191,90,58,148
194,139,58,148
197,188,57,144
201,182,50,141
200,172,49,143
205,172,54,143
205,168,54,143
207,173,59,143
207,173,59,143
207,173,59,143
212,171,62,140
212,171,62,140
217,164,56,134
218,159,54,138
219,161,54,138
219,161,54,138
219,161,54,138
223,161,54,138
223,161,54,138
228,158,52,135
234,202,52,135
232,250,55,135
240,252,48,131
239,250,56,129
241,250,61,129
241,250,61,129
246,251,58,124
249,249,58,124
262,247,53,124
263,246,53,124
270,234,57,128
276,230,61,130
279,227,61,130
292,227,50,122
299,226,58,119
307,222,54,125
314,212,53,122
314,209,62,121
317,205,62,121
330,197,54,119
345,192,48,123
348,185,48,123
352,180,48,123
364,176,48,123
369,175,48,123
378,170,48,123
382,167,48,123
386,167,48,123
386,166,56,106
337,165,56,106
301,160,50,110
300,146,58,123
303,144,58,123
318,148,50,115
331,137,49,108
334,135,57,114
337,125,65,115
342,118,65,121
352,112,61,121
351,110,72,112
355,109,62,107
371,115,62,102
376,114,66,104
384,111,66,104
384,103,67,112
392,103,67,112
396,102,67,112
402,100,67,112
422,105,48,109
427,105,48,109
439,94,46,117
437,92,54,115
448,91,50,110
456,87,46,106
465,82,46,106
469,82,42,104
469,75,45,111
473,67,45,111
477,65,45,111
486,64,37,98
488,64,37,98
507,66,55,128
508,49,55,128
510,46,55,84
524,46,53,113
524,46,53,113
524,46,53,113
530,39,53,113
535,32,53,113
541,29,53,113
547,27,53,113
547,27,53,113
568,25,36,113
566,24,53,113
572,16,53,113
573,10,53,113
579,10,51,113
584,9,45,115
594,8,35,116
599,8,30,106
600,3,30,106
600,0,30,106
607,0,23,105
609,2,21,104
609,2,21,104
614,16,14,90
614,16,14,90
614,31,14,82
