373,169,10,9
373,170,10,9
373,170,10,9
373,171,10,9
373,171,10,9
373,171,10,9
373,171,10,9
373,171,10,9
373,171,10,9
375,171,10,9
375,172,10,9
375,172,10,9
375,172,10,9
375,172,10,9
373,172,10,9
373,172,10,9
373,174,10,9
371,174,10,9
371,173,10,9
373,173,10,9
373,173,10,9
373,174,10,9
373,174,10,9
373,174,10,9
374,174,10,9
372,174,10,9
372,176,10,9
372,176,10,9
373,175,10,9
373,175,10,9
373,175,10,9
373,175,10,9
373,175,10,9
373,175,10,9
371,175,10,9
371,177,10,9
373,177,10,9
373,177,10,9
373,177,10,9
375,178,10,9
375,178,10,9
375,178,10,9
375,178,10,9
373,178,10,9
373,179,10,9
373,181,10,9
373,179,10,9
375,179,10,9
375,179,11,11
377,181,11,10
374,180,10,9
372,182,10,9
374,182,10,9
374,182,10,9
375,182,10,9
377,182,10,9
377,182,10,9
377,182,10,9
377,182,10,9
375,182,10,9
375,182,10,9
377,186,10,9
379,186,10,9
379,186,10,9
379,186,10,9
379,186,10,9
379,186,10,9
379,186,10,9
379,188,10,9
380,188,10,9
384,190,10,9
383,190,10,9
383,190,10,9
383,190,10,9
383,190,10,9
383,192,10,9
384,193,10,9
386,193,10,9
386,191,10,9
388,191,10,9
388,193,10,9
390,193,10,9
390,192,10,9
390,192,10,9
391,192,10,9
391,192,10,9
391,192,10,9
391,194,10,9
390,194,10,9
392,194,10,9
392,194,10,9
394,194,10,9
396,194,10,9
398,194,10,9
398,196,10,9
398,196,10,9
399,194,10,9
399,194,10,9
400,195,10,9
400,195,10,9
400,195,10,9
400,196,10,9
400,198,10,9
402,198,10,9
402,196,10,9
404,196,10,9
404,196,10,9
406,196,10,9
406,196,10,9
407,197,10,9
407,197,10,9
407,197,10,9
408,196,10,9
408,196,10,9
408,196,10,9
408,198,10,9
408,198,10,9
408,198,10,9
408,200,10,9
408,197,11,12
412,198,10,9
415,198,10,9
415,198,10,9
415,198,10,9
415,198,10,9
415,198,10,9
417,199,10,9
417,199,10,9
417,199,10,9
417,199,10,9
417,199,10,9
417,199,10,9
417,199,10,9
417,199,10,9
417,199,10,9
417,199,10,9
419,202,10,9
419,202,10,9
419,202,10,9
421,202,10,9
422,203,10,9
422,203,10,9
421,202,10,9
421,202,10,9
421,202,10,9
421,202,10,9
421,202,10,9
421,204,10,9
421,204,10,9
421,203,11,11
421,204,11,10
421,204,11,10
423,204,11,10
423,204,11,10
425,206,11,10
425,206,11,10
425,206,11,10
426,205,11,10
426,205,11,10
424,205,11,10
425,206,11,10
425,208,11,10
424,207,11,10
424,207,11,10
426,208,11,10
426,208,11,10
426,208,11,10
426,208,11,10
426,208,11,10
426,210,11,10
426,208,11,10
426,208,11,10
426,208,11,10
426,208,11,10
424,210,11,10
424,210,11,10
424,210,11,10
422,212,11,10
423,212,10,10
423,212,10,10
423,210,10,10
423,210,10,10
423,210,10,10
423,212,10,10
423,210,10,10
421,211,10,10
421,213,10,10
421,213,10,10
420,213,10,10
420,213,10,10
420,213,10,10
420,213,10,10
420,213,10,10
420,215,10,10
422,215,10,10
422,215,10,10
422,215,10,10
420,217,10,10
418,217,10,10
418,217,10,10
420,217,10,10
420,219,10,10
420,219,10,10
419,218,10,10
419,218,10,10
419,218,10,10
419,218,10,10
419,218,10,10
417,220,10,10
416,222,10,10
416,222,10,10
416,223,10,10
416,221,10,10
416,223,10,10
416,223,10,10
416,223,10,10
416,223,10,10
414,223,10,10
414,223,10,10
414,223,10,10
414,225,10,10
412,225,10,10
412,226,10,10
410,226,10,10
409,227,10,10
409,227,10,10
409,227,10,10
409,227,10,10
410,229,10,10
410,227,10,10
410,228,10,10
408,228,10,10
408,228,10,10
408,228,10,10
405,228,10,10
405,228,10,10
405,230,10,10
404,231,10,10
404,231,10,10
403,231,10,10
405,231,10,10
403,231,10,10
405,233,10,10
405,232,10,10
407,234,10,10
405,232,10,10
406,232,10,10
406,232,10,10
406,232,10,10
404,232,10,10
404,232,10,10
403,234,10,10
403,234,10,10
404,236,10,10
404,236,10,10
406,236,10,10
406,236,10,10
406,236,10,10
407,237,10,10
408,239,10,10
408,239,10,10
408,238,10,10
408,238,10,10
406,238,10,10
405,239,10,10
405,241,10,10
405,243,10,10
407,245,10,10
409,243,10,10
410,244,10,10
412,244,10,10
414,244,10,10
417,244,10,10
417,242,10,10
417,239,10,11
417,237,10,11
417,237,10,11
418,237,10,11
418,237,10,11
418,235,10,11
419,235,10,11
419,233,10,11
420,231,10,11
418,231,10,11
418,230,10,11
417,229,10,11
417,229,10,11
419,229,10,11
419,231,10,11
420,231,10,11
420,231,10,11
423,230,10,11
423,230,10,11
425,230,10,11
426,232,10,11
426,232,10,11
427,235,10,11
427,235,10,11
429,233,10,11
429,233,10,11
431,233,10,11
431,235,10,11
433,235,10,11
433,235,10,11
434,235,10,11
438,235,10,11
439,235,10,11
439,235,10,11
440,235,10,11
444,239,10,11
444,237,10,11
447,237,10,11
449,237,10,11
451,239,10,11
453,239,10,11
455,239,10,11
457,238,10,11
458,239,10,11
458,239,11,11
459,239,11,11
461,239,11,11
461,242,11,11
461,242,11,11
461,243,11,11
461,243,11,11
460,242,11,11
460,242,11,11
461,241,11,11
464,243,11,11
464,243,11,11
466,245,11,11
470,243,10,14
472,243,10,14
474,242,10,14
477,244,10,14
477,246,10,14
476,247,11,12
476,247,11,12
476,247,11,12
476,247,11,12
476,247,11,12
476,247,11,12
478,247,11,12
481,250,11,12
479,248,11,12
487,249,11,12
489,248,11,12
491,249,11,12
494,249,11,12
494,249,11,12
495,250,11,12
495,252,11,12
497,253,11,12
497,253,11,12
497,251,11,12
495,251,11,12
496,249,11,12
496,251,11,12
497,251,11,12
501,252,11,12
505,254,11,12
507,253,11,12
509,252,11,12
511,252,11,12
512,253,11,12
514,255,11,12
513,256,11,12
513,256,11,12
513,257,11,12
513,255,11,12
514,254,11,12
514,254,11,12
514,255,11,12
516,255,11,12
520,257,11,12
521,257,11,12
524,257,11,12
527,255,11,12
529,257,11,12
531,255,11,12
532,257,11,12
534,259,11,12
536,259,11,12
536,259,11,12
536,259,11,12
536,259,11,12
536,259,11,12
539,259,11,12
539,261,11,12
542,262,11,12
546,263,11,12
547,262,11,12
553,260,11,12
555,261,11,12
557,263,11,12
558,264,11,12
561,266,11,12
562,265,11,12
562,265,11,12
562,265,11,12
564,265,11,12
565,265,11,12
567,267,11,12
569,267,11,12
571,269,11,12
575,268,11,12
577,268,11,12
579,268,11,12
581,268,11,12
583,269,11,12
586,272,11,12
588,274,11,12
590,275,11,12
590,273,11,12
591,273,11,12
593,273,11,12
594,273,11,12
