309 189 323 237
304 190 320 236
304 190 320 236
301 190 318 235
301 190 318 235
301 191 318 235
297 190 313 236
297 190 313 236
294 191 310 235
294 191 310 235
291 190 305 236
291 190 305 236
286 190 302 236
286 190 302 236
283 191 299 237
283 191 299 237
285 191 299 236
281 190 299 237
281 190 299 237
277 191 291 235
277 191 291 235
274 191 287 236
274 191 287 236
268 191 285 236
268 191 285 236
269 191 285 238
267 191 284 237
267 191 284 237
263 191 277 235
263 191 277 235
262 192 278 235
259 191 274 236
259 191 274 236
256 191 270 234
256 191 270 234
252 191 268 235
252 191 268 235
248 192 264 233
248 192 264 233
246 191 261 233
246 191 261 233
246 191 262 235
243 191 258 229
243 191 258 229
239 190 254 224
239 190 254 224
237 191 252 223
237 191 252 223
237 191 252 224
234 192 248 219
234 192 248 219
229 192 244 217
229 192 244 217
225 191 240 217
225 191 240 217
225 191 240 218
224 191 237 217
224 191 237 217
220 191 234 222
220 191 234 222
216 193 230 222
216 193 230 222
213 191 227 220
213 191 227 220
213 191 226 225
210 192 224 225
210 192 224 225
205 190 219 224
205 190 219 224
202 190 216 223
202 190 216 223
199 191 213 225
199 191 213 225
199 191 213 222
193 192 209 239
193 192 209 239
190 192 203 239
190 192 203 239
186 190 200 239
186 190 200 239
183 190 198 239
183 190 198 239
183 190 198 240
178 192 195 239
178 192 195 239
172 192 191 241
172 192 191 241
174 192 190 242
171 190 186 239
171 190 186 239
168 191 182 237
168 191 182 237
162 190 176 240
162 190 176 240
159 191 175 240
159 191 175 240
159 192 174 238
153 192 169 239
153 192 169 239
149 190 163 220
149 190 163 220
145 191 160 218
145 191 160 218
147 189 160 215
144 189 157 213
144 189 157 213
140 191 154 240
133 192 150 244
133 192 150 244
134 192 150 243
131 191 145 216
131 191 145 216
131 191 144 216
127 191 140 224
127 191 140 224
123 191 137 219
123 191 137 219
116 190 132 239
116 190 132 239
110 191 127 240
110 191 127 240
110 192 125 241
110 192 125 241
109 192 124 240
107 191 122 241
107 191 122 241
101 189 115 242
101 189 115 242
96 191 114 242
96 191 114 242
94 192 108 239
94 192 108 239
93 193 112 242
89 192 106 241
89 192 106 241
84 191 99 238
84 191 99 238
81 191 94 217
81 191 94 217
77 191 92 242
77 191 92 242
78 192 92 241
78 192 92 241
71 190 86 236
69 194 83 230
69 194 83 230
64 192 78 235
64 192 78 235
65 191 79 239
61 191 74 237
61 191 74 237
55 192 70 241
55 192 70 241
51 194 65 218
51 194 65 218
47 191 63 227
44 191 60 228
44 191 60 228
43 193 57 219
43 193 57 219
37 192 51 241
37 192 51 241
34 193 52 240
34 193 52 240
28 193 46 243
28 193 46 243
30 194 46 244
26 193 45 244
26 193 45 244
20 193 39 244
20 193 39 244
16 193 32 242
16 193 32 242
14 192 30 244
14 192 30 244
14 193 30 245
5 192 27 245
5 192 27 245
4 194 21 244
4 194 21 244
