914,399,45,136
910,399,48,136
907,399,52,136
903,398,56,136
899,398,59,136
896,398,63,136
892,397,61,134
888,397,59,133
884,396,57,132
880,395,55,130
876,395,53,129
868,395,56,129
861,395,59,129
853,395,62,129
845,395,65,129
837,395,68,129
834,394,65,129
831,393,62,129
828,393,60,129
824,392,57,129
821,391,54,129
814,391,54,129
808,391,54,129
801,391,54,129
794,391,54,129
790,390,54,129
785,388,54,129
781,386,54,129
777,384,54,129
772,383,54,129
768,384,53,128
764,385,52,127
760,386,51,125
756,387,50,124
752,388,49,123
747,388,52,122
741,389,54,121
736,389,57,120
730,390,59,119
725,390,62,118
722,390,58,118
719,389,55,118
716,388,52,118
712,387,48,118
709,386,45,118
702,386,49,118
696,386,53,118
689,386,57,118
682,385,61,118
675,385,64,118
672,384,61,118
669,384,58,118
666,383,55,118
663,382,52,118
660,381,49,118
657,380,50,118
653,380,50,118
649,379,51,118
645,379,52,118
641,378,52,118
638,379,51,117
634,379,49,117
630,379,48,116
626,379,46,116
622,379,45,115
617,380,48,114
611,381,51,113
605,381,54,112
599,382,57,110
593,383,60,109
591,382,57,109
589,382,53,109
587,382,49,109
584,382,46,109
582,382,42,109
578,382,44,109
573,382,46,109
569,382,48,109
565,382,50,109
561,383,52,109
559,382,51,109
556,381,50,108
554,381,48,108
552,380,47,107
550,379,46,107
546,379,47,107
542,379,48,107
537,379,50,107
533,379,51,107
529,378,52,107
526,378,52,106
523,378,52,106
521,378,52,106
518,378,52,105
515,377,52,105
512,378,52,104
509,378,52,104
506,378,52,103
503,378,52,102
500,378,52,101
496,378,50,101
493,378,48,101
489,378,46,101
486,378,44,101
482,378,42,101
479,378,42,101
477,378,42,101
474,378,42,101
471,378,42,101
468,377,42,101
466,377,42,100
463,377,42,99
461,377,42,97
459,377,42,96
457,377,42,95
453,378,43,95
449,378,45,95
445,379,46,95
441,379,47,95
437,379,48,95
434,379,48,95
432,378,48,95
430,378,48,95
427,377,48,95
425,377,48,95
420,376,48,95
416,376,48,95
412,376,48,95
408,375,48,95
403,375,48,95
401,375,48,95
398,375,48,95
396,374,48,95
394,374,48,95
391,374,48,95
388,374,47,95
385,374,46,95
382,374,45,95
379,373,43,95
376,373,42,95
373,373,42,94
370,372,42,94
366,372,42,94
363,372,42,93
360,371,42,93
358,371,42,93
356,371,41,93
354,371,41,93
352,371,40,93
350,371,40,93
349,371,40,93
348,371,40,93
347,371,40,92
346,371,40,92
345,371,40,92
341,371,40,92
338,371,40,92
334,371,40,92
331,371,40,92
328,371,40,92
324,371,40,92
321,371,40,92
317,370,40,92
314,370,40,92
310,370,40,92
308,369,40,92
306,369,40,92
304,368,40,92
302,368,40,92
300,367,40,92
297,368,40,91
294,369,40,90
291,370,40,89
288,371,40,89
285,371,40,88
284,371,39,88
283,371,38,88
282,370,37,88
281,370,36,88
279,370,35,88
277,370,35,88
275,370,35,88
273,370,35,88
271,370,35,88
269,370,35,88
268,370,34,88
266,369,33,88
265,369,32,88
263,369,31,88
261,369,30,88
258,368,30,87
255,367,30,86
252,366,30,85
249,365,30,84
246,365,30,83
245,365,30,82
244,366,30,81
243,367,30,80
243,367,30,79
242,368,30,78
240,368,30,77
239,368,30,77
237,368,30,76
235,368,30,75
234,368,30,74
232,368,30,74
230,368,30,74
228,368,30,74
226,367,30,74
224,367,30,74
222,367,30,74
220,367,30,73
217,367,30,73
215,368,30,73
212,368,30,72
212,368,30,72
212,368,29,72
212,368,29,72
211,368,28,72
211,368,28,72
210,368,28,73
208,368,28,73
206,368,28,74
205,368,28,74
203,368,28,74
203,367,28,76
203,366,28,78
202,365,28,80
202,364,28,82
201,363,28,83
200,363,28,82
198,364,28,80
196,364,28,79
194,364,28,78
193,364,28,76
192,365,28,76
191,365,28,76
190,366,28,76
189,366,28,76
188,367,28,76
188,367,28,76
188,367,28,76
188,367,28,76
187,368,28,76
