656,308,18,47
654,308,18,46
653,310,19,44
653,312,17,44
656,314,18,44
660,316,16,43
658,316,16,43
658,318,16,43
658,320,16,43
658,320,16,43
658,320,16,43
658,320,16,43
658,320,16,43
658,320,17,43
658,320,17,43
658,320,17,43
658,320,17,43
658,320,17,43
657,320,17,43
657,320,17,43
657,320,17,43
657,320,17,44
657,320,17,44
657,320,17,44
657,320,17,44
657,320,17,44
657,320,17,44
657,320,18,44
657,320,18,44
656,320,18,44
656,320,18,44
656,320,18,44
656,320,18,44
656,320,18,44
656,320,18,44
656,319,18,44
656,319,18,44
655,318,18,44
655,317,18,44
655,317,18,45
655,317,19,45
655,317,19,46
655,317,19,46
656,319,18,46
656,320,17,46
656,320,17,46
656,319,17,46
656,319,17,45
656,319,17,45
656,318,16,45
656,318,16,45
656,316,16,46
655,314,17,47
655,312,17,47
655,310,18,47
654,309,19,46
659,309,19,46
663,309,19,46
668,309,19,46
678,307,19,46
688,308,18,49
700,309,18,49
706,309,13,45
706,310,15,47
706,310,16,47
706,310,16,47
706,310,17,47
706,310,17,47
706,309,18,47
706,309,18,47
706,309,15,47
704,309,20,48
705,309,20,48
705,308,20,48
706,309,16,47
705,307,21,48
705,309,19,48
704,310,18,48
703,311,16,47
703,310,17,47
703,309,19,47
709,309,19,47
712,310,23,47
714,310,24,47
721,309,20,47
725,309,22,49
725,310,20,47
725,310,22,48
726,310,21,47
728,310,23,47
729,310,24,48
731,310,20,47
732,310,21,47
733,310,21,46
734,310,21,46
736,310,21,46
737,310,21,46
747,310,21,46
753,309,21,46
760,307,21,46
761,308,21,46
762,308,21,46
764,307,21,46
766,307,21,46
769,307,21,46
772,306,21,46
774,305,21,46
776,304,21,46
776,301,21,48
778,303,22,48
781,304,22,48
783,305,22,48
786,306,23,48
804,311,20,47
804,311,21,47
804,311,21,47
804,311,21,47
804,311,21,47
803,311,21,47
803,312,21,47
803,312,21,47
803,312,22,47
803,312,22,47
803,312,22,48
802,312,22,48
802,312,22,48
802,312,22,48
802,312,23,48
802,312,23,48
802,312,23,48
802,312,23,48
801,312,23,48
801,312,23,48
801,312,24,48
801,312,24,49
800,312,24,49
800,312,25,49
800,312,25,49
800,311,25,49
800,311,26,49
799,311,26,49
799,311,26,49
799,311,26,50
799,311,27,50
798,311,27,50
798,311,27,50
798,311,27,50
798,312,28,51
798,312,28,51
798,313,28,51
798,312,28,52
798,312,28,52
798,312,28,53
798,312,28,53
797,312,28,54
797,312,29,54
797,312,29,55
797,312,29,55
797,312,29,55
797,312,29,56
798,312,29,56
798,312,29,56
798,312,28,56
798,312,28,56
798,312,28,55
798,312,28,55
798,313,27,54
798,313,26,55
798,313,25,55
799,313,24,56
799,313,24,56
799,313,24,56
799,313,25,56
799,313,25,56
799,313,25,56
799,313,25,56
799,313,25,56
799,313,25,56
799,313,25,56
799,313,25,56
799,313,25,56
798,313,25,56
798,313,25,56
798,313,26,57
798,313,26,57
798,313,26,57
798,313,26,58
798,313,27,58
798,313,27,58
798,313,27,58
798,313,27,58
797,313,27,58
797,313,27,58
797,313,27,58
797,313,27,58
797,313,27,58
797,313,27,58
797,313,27,58
797,313,27,58
797,313,27,58
797,313,27,58
797,313,27,58
797,313,27,58
797,313,27,58
796,313,28,58
795,313,28,58
794,314,28,58
794,314,29,58
794,314,28,58
794,314,28,57
795,315,28,57
795,315,28,57
795,315,28,57
795,315,28,58
795,315,28,58
795,315,28,59
795,315,28,59
795,315,28,59
795,315,28,59
795,315,28,59
795,315,28,59
795,315,28,58
795,316,28,58
795,316,29,58
795,316,29,58
794,316,29,58
794,316,29,58
794,316,29,58
794,316,29,57
794,316,29,58
794,316,29,58
794,316,28,58
794,317,28,59
794,317,28,59
794,317,28,59
794,317,29,61
794,318,29,60
794,318,29,58
794,319,29,57
793,322,29,57
793,324,28,58
795,327,26,56
794,326,29,57
796,322,27,59
795,317,27,63
795,320,27,57
796,320,26,57
796,320,27,58
796,320,27,58
796,320,27,59
795,319,28,61
795,319,27,60
796,319,27,59
796,320,27,59
796,319,27,59
796,319,27,59
796,319,27,59
796,319,27,59
796,319,27,59
795,319,27,59
795,319,27,59
795,319,27,59
795,319,27,59
795,319,27,59
795,319,27,59
795,319,27,60
795,319,27,60
795,319,27,60
795,319,27,60
795,319,27,60
795,319,28,60
795,319,28,60
795,319,28,60
794,319,28,61
794,319,28,61
794,318,28,62
794,317,28,63
794,317,28,65
794,317,28,64
794,317,29,64
794,316,29,64
795,316,29,63
796,316,28,66
794,317,30,62
794,316,30,63
794,316,30,64
794,316,30,64
795,316,30,64
795,316,30,64
795,316,30,64
795,316,30,64
796,316,30,64
796,316,30,64
795,316,30,65
794,316,31,66
794,316,31,66
794,316,31,66
794,316,31,65
794,316,32,65
794,316,32,65
794,316,32,64
794,316,32,64
794,316,32,64
794,316,32,63
795,316,31,64
795,317,31,64
796,317,30,64
796,317,30,64
796,316,30,64
796,316,30,64
796,316,30,65
795,316,30,65
795,316,30,65
796,316,29,65
796,316,29,65
796,316,29,64
796,316,29,64
797,316,29,64
797,316,28,64
797,316,28,64
797,316,28,64
796,316,28,65
795,316,28,65
794,316,28,65
794,316,29,65
794,316,30,66
794,316,30,66
794,316,31,66
794,316,31,66
794,316,32,66
794,316,32,66
794,316,32,66
794,316,32,66
794,316,32,66
794,316,31,66
794,316,31,66
794,316,31,65
794,316,31,66
794,316,31,66
794,316,31,66
794,316,31,66
794,316,31,66
793,315,31,66
793,315,31,66
792,316,31,66
790,317,31,66
789,317,31,66
788,318,31,67
773,316,31,67
762,315,31,67
755,315,32,69
752,315,32,69
749,313,33,67
758,312,33,67
770,313,30,67
781,316,31,67
792,321,31,68
791,321,32,68
790,320,33,68
790,317,30,68
790,310,30,75
795,308,28,75
802,306,29,69
817,307,30,68
827,313,31,69
844,312,31,65
852,314,32,64
857,311,32,64
863,308,32,65
868,305,33,65
875,302,33,64
881,299,34,64
885,299,36,69
889,294,36,69
893,289,35,70
901,289,36,70
908,288,36,70
926,289,33,70
944,290,16,66
948,294,12,66
945,294,15,66
943,295,17,66
938,294,22,67
931,292,27,64
926,290,29,63
922,287,30,63
913,287,31,68
913,287,31,67
916,287,31,69
917,286,33,69
921,286,33,64
925,289,32,67
925,291,31,69
922,288,31,73
919,286,30,76
916,277,31,78
914,279,33,78
916,282,31,78
918,287,28,73
915,291,30,75
913,294,31,76
914,294,32,76
914,294,33,75
915,292,33,75
915,290,33,75
914,288,34,77
914,286,34,79
913,287,35,78
913,289,36,78
912,291,36,78
912,292,37,78
911,294,38,77
911,300,40,75
910,305,43,72
911,309,43,72
911,316,44,72
910,319,44,74
910,320,44,75
909,321,45,75
910,319,44,77
912,317,43,79
912,317,42,79
912,316,42,79
913,316,42,79
913,317,42,80
913,320,41,79
914,324,39,79
912,323,39,79
910,323,42,79
910,323,42,79
910,323,43,79
910,322,41,81
910,323,40,79
910,325,39,77
909,324,40,79
908,324,40,81
908,324,40,82
908,323,40,81
909,323,39,80
909,318,39,81
910,317,39,81
909,314,38,81
909,312,38,81
909,311,38,80
909,310,39,79
909,308,40,80
908,306,42,81
908,306,44,80
908,306,46,81
909,306,46,81
909,306,46,81
910,306,46,81
909,308,47,81
910,308,46,81
911,308,45,81
911,308,45,81
912,308,44,82
913,308,43,82
913,308,43,82
913,308,43,82
913,309,43,82
913,309,43,82
913,309,41,82
913,310,41,83
913,311,41,83
913,312,41,83
912,313,41,83
912,314,41,83
912,314,42,85
912,319,42,82
912,320,41,82
912,321,40,82
912,322,38,84
913,324,38,83
913,325,38,85
913,326,39,83
914,322,39,83
913,321,39,83
913,314,39,83
911,308,39,83
912,302,45,89
912,299,44,86
912,299,44,86
912,299,44,87
912,299,44,89
911,302,44,88
911,304,44,88
910,307,44,89
910,309,43,89
908,308,42,88
909,309,42,88
909,309,43,88
909,309,43,88
909,309,44,87
910,309,44,87
909,309,44,87
909,309,45,86
909,309,45,88
910,309,45,91
910,309,45,93
910,312,44,93
909,313,45,94
909,315,45,96
910,317,47,94
910,322,47,91
910,321,47,91
910,321,47,91
909,318,49,92
909,317,49,92
910,317,49,92
911,317,48,92
912,317,47,92
912,317,46,93
912,317,46,94
912,318,45,94
911,319,46,93
910,320,46,92
910,319,46,92
909,319,45,92
909,319,45,92
910,318,45,92
910,318,45,93
910,317,44,94
908,317,44,94
906,317,44,94
900,317,44,94
896,315,36,88
889,314,36,87
887,313,36,87
882,310,35,85
881,310,38,86
880,309,41,87
880,311,44,90
875,314,45,89
870,318,45,89
860,317,45,89
850,317,45,89
841,316,45,89
832,314,45,89
830,317,44,86
827,319,44,84
826,323,42,81
824,326,42,81
825,329,43,86
823,336,38,89
821,335,38,89
814,335,38,89
810,333,38,89
806,332,38,89
804,332,39,92
800,330,39,92
797,328,40,94
794,326,40,95
789,324,37,94
782,324,34,87
770,326,40,91
763,331,34,87
759,332,38,90
755,333,38,88
752,337,42,92
752,336,41,91
750,337,44,91
747,337,47,92
746,338,48,93
745,339,49,94
747,339,48,94
749,339,47,94
750,339,46,94
751,339,44,95
751,340,44,94
750,342,44,94
751,341,41,94
750,342,42,94
750,342,43,94
750,342,44,94
750,343,44,94
748,343,45,94
747,343,46,94
747,343,46,94
748,343,46,94
749,343,46,94
749,343,46,94
750,343,46,94
750,343,47,94
750,343,47,94
750,343,48,94
750,343,49,94
750,343,49,94
749,343,50,94
750,343,50,95
750,343,49,97
750,343,49,98
751,343,49,99
751,343,48,99
751,343,47,99
751,343,47,100
751,343,46,100
751,342,46,100
751,342,46,99
751,341,46,99
751,340,46,98
751,340,46,98
751,339,46,98
749,334,44,101
749,332,44,101
749,331,44,101
749,329,44,101
750,327,44,101
750,327,44,102
750,327,45,103
750,327,45,104
751,327,45,104
749,327,45,104
747,327,45,105
747,327,45,105
747,327,45,105
747,327,45,105
746,326,45,105
746,324,45,105
745,323,45,105
746,323,44,106
747,323,44,107
748,323,44,108
750,323,43,108
749,324,43,108
749,325,43,108
749,325,43,108
749,326,43,107
749,327,43,107
748,327,43,107
748,328,43,107
747,328,43,106
746,328,44,106
745,329,44,106
745,329,44,106
744,329,45,106
744,329,45,106
744,329,45,106
744,329,46,107
742,329,49,107
740,330,53,107
738,331,54,106
737,332,56,104
735,334,57,103
734,336,59,102
733,336,59,102
732,336,59,102
732,336,59,102
731,337,59,102
733,337,57,102
734,337,55,102
736,337,52,103
736,337,51,103
736,337,50,104
737,337,50,104
736,338,48,110
735,338,47,117
735,339,47,117
735,341,47,117
733,340,47,117
732,340,47,118
730,339,48,119
729,339,49,119
728,339,51,119
726,339,52,119
724,339,54,119
722,339,55,119
721,339,56,118
720,339,58,117
719,339,59,117
718,339,59,117
718,339,60,117
717,338,60,117
716,338,61,118
716,335,61,119
715,333,62,121
715,330,63,123
715,328,64,124
714,325,64,126
715,323,62,127
716,320,60,128
717,318,58,130
716,318,58,130
716,318,58,130
715,318,58,130
715,318,58,127
714,319,57,125
713,320,57,123
713,320,57,123
712,320,57,123
712,320,57,123
712,320,58,124
712,320,59,125
709,320,59,125
707,320,59,125
707,320,59,126
707,320,59,126
707,320,60,127
706,319,60,128
706,317,60,129
705,316,61,131
705,316,63,130
705,316,64,130
705,316,65,130
705,317,65,130
705,317,65,130
705,318,65,130
707,318,63,130
709,318,62,131
711,318,60,132
711,320,61,132
711,321,63,132
711,323,64,132
711,323,64,132
712,326,64,132
712,327,63,133
712,327,61,134
712,328,59,134
712,329,59,134
711,330,59,134
711,331,60,134
711,330,60,135
712,330,60,135
713,330,60,135
713,330,60,135
712,330,62,136
712,330,64,136
711,330,66,137
711,330,67,139
711,330,68,142
709,330,68,142
708,331,68,142
707,332,68,142
708,332,68,142
709,332,68,142
710,332,68,142
710,332,68,142
710,332,68,142
710,332,69,142
710,332,69,142
710,332,69,142
709,331,67,142
708,330,66,142
708,329,64,142
707,328,64,144
706,328,63,145
706,326,63,146
706,325,63,146
703,326,63,146
700,324,63,146
700,324,64,148
700,324,65,149
700,324,65,151
698,324,66,151
696,324,66,152
694,324,70,152
692,324,74,153
693,325,74,153
694,325,74,153
694,325,74,153
694,325,75,153
694,325,76,153
694,325,76,153
696,325,74,153
697,325,72,154
699,325,70,155
697,331,69,155
696,336,68,155
694,342,67,156
695,344,67,156
697,345,66,156
699,349,66,156
699,348,67,156
699,348,67,157
699,347,68,158
699,346,68,158
699,345,69,159
699,344,69,160
699,344,70,160
703,342,70,163
707,340,71,167
710,341,71,167
710,341,73,167
710,341,75,168
710,343,75,167
710,346,76,167
710,348,77,167
711,351,77,167
712,353,77,167
711,352,81,168
709,352,85,169
713,348,83,178
716,348,82,178
718,348,80,178
718,349,82,178
718,349,81,179
718,349,80,180
718,349,79,182
720,351,77,182
722,353,75,182
725,354,74,183
728,355,73,183
731,356,72,183
735,357,71,183
739,360,69,183
743,363,68,182
741,362,71,184
741,362,74,186
741,362,77,187
741,362,77,188
741,362,76,190
740,363,77,189
738,363,78,189
736,363,81,188
734,363,84,187
732,363,86,188
730,363,88,188
730,363,88,191
730,363,88,194
733,363,90,199
736,364,88,200
738,364,86,202
738,367,86,199
738,370,86,196
736,370,84,200
734,370,82,203
733,370,82,201
733,370,82,200
732,374,82,196
731,378,82,193
735,378,82,193
731,378,82,194
727,379,82,196
721,383,83,190
718,383,83,190
714,383,83,190
712,384,83,190
710,384,83,190
705,382,88,192
700,381,94,194
697,381,100,194
693,381,105,194
693,385,105,189
693,387,105,187
694,389,105,185
694,391,104,183
695,390,103,184
696,389,102,185
700,393,99,182
702,393,97,181
704,393,96,181
707,394,94,181
707,395,94,179
706,397,95,177
706,399,95,175
706,399,92,175
706,399,88,176
707,403,88,172
705,403,85,172
703,404,82,171
701,404,84,171
699,405,86,171
697,406,88,171
697,406,91,171
693,404,91,173
690,404,94,173
687,404,98,173
681,404,102,172
675,405,106,172
671,407,114,170
667,408,123,168
667,408,125,168
667,408,126,168
667,408,132,168
668,408,130,168
670,408,129,168
671,408,127,168
681,408,117,168
687,409,112,168
692,409,106,167
698,409,100,167
702,412,96,164
707,415,91,162
707,418,91,158
708,421,90,155
711,422,90,155
714,422,90,154
718,423,94,154
721,423,99,153
721,422,103,154
721,422,107,154
721,422,111,154
719,422,117,154
719,422,125,154
719,422,130,154
719,429,141,148
719,433,149,143
