258,185,15,31
256,185,16,32
255,186,15,29
256,184,15,31
254,184,17,33
256,183,16,34
255,185,17,30
253,184,16,33
254,185,14,31
254,185,14,33
253,183,15,34
252,186,16,31
253,184,14,33
253,186,15,30
252,185,15,33
252,185,16,34
251,186,15,33
251,187,14,32
249,186,16,33
249,185,16,34
249,187,14,31
249,186,15,34
248,187,16,32
248,187,16,33
248,187,14,32
246,188,17,31
246,188,17,30
245,188,17,32
244,188,15,31
244,188,15,30
244,188,15,31
243,188,18,32
243,189,17,31
243,188,16,33
243,189,15,32
242,188,14,34
240,189,16,33
240,190,16,31
240,189,17,32
240,189,15,31
240,189,15,31
240,189,15,31
240,190,15,31
239,190,15,32
239,189,15,33
238,190,16,32
238,189,15,33
237,189,16,32
236,189,17,32
235,190,16,34
236,190,15,32
235,189,15,33
235,189,15,32
234,190,15,34
233,190,15,33
232,190,14,31
230,190,15,31
230,190,16,34
229,191,17,32
229,191,16,34
228,192,17,33
228,191,15,33
227,191,15,34
226,192,16,33
225,191,15,33
225,191,15,32
225,190,15,36
225,191,15,33
225,191,14,35
222,192,15,34
222,193,14,33
221,192,16,34
220,193,15,33
220,193,16,34
219,192,17,34
219,192,16,35
219,193,16,32
219,194,16,33
218,193,16,33
218,192,16,33
219,192,15,34
216,193,17,34
215,191,17,34
216,192,17,35
215,192,15,35
214,192,16,35
214,193,17,34
214,193,16,34
213,193,17,35
213,192,17,34
213,193,17,33
212,194,16,34
213,193,16,33
212,193,15,34
210,193,17,34
209,194,18,33
211,194,14,34
210,194,15,33
210,194,16,32
207,194,17,33
206,193,17,35
207,195,16,33
205,193,15,34
203,193,18,35
204,194,15,34
204,194,15,34
204,194,15,35
203,194,16,32
204,194,15,36
202,195,17,34
202,195,16,35
202,194,15,36
200,194,16,34
199,195,17,34
200,195,16,35
199,195,16,35
198,195,19,35
198,194,17,35
198,195,16,37
197,194,17,38
197,195,17,38
196,195,16,36
195,195,17,36
195,195,15,36
194,195,17,35
193,194,17,39
192,196,17,35
192,195,15,34
189,196,17,35
188,196,17,36
188,196,17,35
187,198,17,34
187,197,16,34
184,195,18,40
187,195,15,39
186,195,18,35
184,197,17,35
184,197,16,36
182,198,18,35
181,198,18,36
181,198,15,34
180,199,18,35
181,199,15,34
181,198,16,36
181,200,14,34
180,199,16,36
181,198,14,37
179,199,16,36
176,198,18,35
176,198,17,36
178,198,14,35
175,198,18,37
176,200,15,34
175,198,17,38
175,199,15,37
175,199,15,36
173,200,17,36
172,200,17,37
172,199,16,37
171,198,15,38
171,200,17,38
170,199,17,36
170,199,17,36
171,199,15,36
169,198,17,39
168,199,17,37
167,200,17,36
167,199,16,35
166,199,17,36
166,200,17,35
165,200,17,36
164,200,18,35
163,199,17,37
162,199,17,38
162,201,16,36
161,201,17,38
159,201,17,36
159,202,15,36
157,202,16,37
157,203,16,36
156,202,17,40
156,201,17,37
156,200,16,40
155,200,17,38
153,200,18,40
154,200,15,40
152,199,18,40
153,201,16,39
153,201,17,40
154,203,16,38
153,201,17,40
151,200,19,40
151,201,19,40
151,202,19,40
150,203,19,38
151,202,18,38
151,202,17,38
150,202,19,40
150,203,18,39
149,204,19,38
149,202,19,40
150,203,18,40
148,204,18,37
148,205,18,36
148,203,17,37
148,203,18,40
147,204,17,40
146,204,17,39
146,204,19,38
146,204,20,38
146,203,18,39
145,205,19,40
145,205,19,38
144,205,19,36
143,205,20,40
144,205,19,37
143,205,19,39
144,205,19,41
144,205,20,40
143,205,20,40
144,205,17,39
143,206,19,39
142,205,19,41
142,207,18,38
142,206,17,40
142,206,19,38
140,207,18,38
139,206,20,38
138,206,20,40
138,207,19,40
137,207,18,40
137,208,18,38
135,208,19,38
135,209,18,37
135,208,19,41
133,208,18,40
133,207,19,40
133,208,17,43
131,209,18,40
130,209,19,38
130,210,16,38
129,209,17,40
127,208,19,40
127,209,19,39
126,210,18,40
124,211,18,37
124,210,18,40
124,209,19,40
123,212,18,37
122,211,18,40
121,211,18,38
120,209,17,39
121,211,15,39
120,211,17,40
120,211,17,40
119,210,19,40
118,211,18,38
118,211,18,40
117,212,17,38
116,212,18,40
115,211,18,40
114,211,20,39
113,211,18,41
113,212,18,40
112,212,17,40
110,211,18,41
107,211,20,41
107,213,19,40
105,212,18,39
105,212,16,40
104,212,16,40
101,212,19,42
100,214,18,39
101,212,17,40
98,214,19,40
97,214,17,40
97,214,18,40
95,214,19,40
94,214,19,40
94,214,17,41
93,214,18,40
93,214,18,40
93,214,19,40
92,214,18,40
90,214,19,40
89,215,19,40
89,214,18,41
89,215,17,40
86,214,21,43
88,216,18,40
85,216,21,40
87,215,20,41
87,215,20,41
86,215,20,41
85,215,19,42
84,214,19,44
82,215,20,43
84,217,19,41
82,216,20,41
82,217,22,41
82,217,20,41
81,217,20,41
80,216,22,42
81,216,18,44
80,217,19,41
78,218,21,41
78,216,21,44
76,217,21,42
76,217,21,44
74,219,19,42
74,219,20,42
74,218,20,43
74,219,18,40
73,219,20,42
72,220,19,41
71,219,19,41
70,218,18,45
68,219,18,43
67,219,19,43
66,219,20,44
66,219,19,45
66,219,20,44
63,219,21,45
63,220,19,43
63,219,18,45
62,220,18,44
61,220,19,44
60,221,20,45
60,221,19,45
56,221,23,43
57,220,21,46
57,221,19,45
55,221,19,45
54,221,20,45
53,221,22,45
53,222,19,45
52,220,21,45
50,221,22,47
49,222,23,45
49,222,21,47
50,222,21,49
49,223,20,45
48,222,21,46
45,221,23,48
46,222,21,47
44,222,24,49
44,222,23,46
46,223,22,46
46,223,20,45
46,223,19,45
45,224,21,50
41,224,22,46
43,225,21,45
40,223,23,48
39,225,23,52
37,225,24,44
37,221,24,48
38,225,21,42
38,225,20,45
37,226,20,43
37,226,22,44
34,225,22,45
36,224,19,45
33,226,22,44
35,226,17,43
33,226,19,43
33,226,18,41
31,225,20,43
31,226,21,44
29,227,22,46
27,227,23,48
27,226,22,51
24,226,21,50
24,227,21,47
24,227,19,49
22,227,21,47
18,227,26,50
18,227,24,53
19,228,21,50
17,228,22,52
16,227,22,51
13,227,24,52
15,228,20,51
15,230,19,47
14,230,18,48
14,231,18,46
13,230,17,48
10,232,21,49
9,233,21,45
9,232,19,48
9,232,19,47
6,230,19,48
6,233,18,47
6,233,19,49
6,232,18,50
6,233,18,49
5,234,18,50
5,233,19,50
4,234,17,50
3,235,19,50
3,235,18,50
1,235,19,50
1,235,22,50
2,236,21,50
3,235,19,52
3,236,20,50
3,235,19,53
1,237,22,48
1,235,20,52
1,236,20,50
1,235,19,52
0,237,21,50
0,236,20,50
0,238,21,50
0,236,19,50
0,237,20,50
0,237,20,52
