395,110,23,45
394,104,22,45
389,109,23,44
389,112,23,45
385,111,23,45
379,105,23,45
376,107,23,45
370,104,23,44
367,103,23,46
365,104,22,46
363,106,23,46
359,107,21,46
355,107,21,46
350,107,21,46
348,102,21,46
343,104,21,46
342,107,21,46
341,103,21,46
334,105,21,46
333,106,21,46
330,106,21,46
328,102,21,46
320,102,21,46
320,103,19,42
313,100,21,44
306,99,25,43
303,95,26,43
300,97,22,44
302,97,23,45
291,94,23,46
288,99,23,46
280,96,27,47
280,95,26,50
281,95,22,44
277,94,21,44
272,95,22,44
272,93,23,45
269,94,22,44
259,91,22,44
258,92,23,45
253,91,23,45
247,94,23,45
250,92,25,47
247,90,23,46
240,88,23,48
236,91,25,47
231,89,25,47
229,95,25,47
224,96,25,47
216,93,25,47
246,86,25,47
272,89,25,47
302,88,25,47
334,93,25,47
344,92,25,47
387,87,25,47
411,84,25,47
399,83,25,47
416,85,25,47
411,84,25,47
408,87,25,47
395,89,25,47
391,91,25,47
382,91,25,47
373,94,25,47
364,93,25,47
354,97,25,47
352,96,25,47
344,99,25,47
346,100,25,47
338,102,25,47
335,101,25,47
329,98,25,47
320,98,25,47
317,100,25,47
307,102,25,47
308,102,25,47
299,103,25,47
291,104,25,47
284,103,25,47
276,106,25,47
267,93,31,52
259,100,25,47
258,103,25,47
254,97,25,47
243,101,25,47
243,103,25,47
233,102,22,43
227,105,22,42
227,100,22,43
225,102,22,43
241,101,22,43
227,112,22,43
212,107,22,44
209,103,19,40
199,97,21,40
193,103,19,38
190,97,19,40
188,100,21,44
180,104,21,39
175,100,22,40
176,99,22,41
174,100,22,41
166,98,23,45
167,100,23,45
184,103,23,45
214,101,23,45
241,96,23,45
262,94,23,45
289,97,23,45
326,92,23,45
348,94,23,45
368,94,23,45
357,99,31,49
361,102,23,46
356,97,23,45
347,96,31,54
339,97,25,46
337,97,25,47
332,97,31,48
332,96,25,48
326,94,25,48
328,92,25,47
303,108,25,47
297,112,25,47
277,102,25,47
277,89,23,46
268,98,25,47
259,103,23,46
259,97,23,46
256,101,23,46
253,100,23,46
260,88,23,46
253,95,32,44
256,97,23,45
250,91,32,47
237,95,27,52
240,99,23,46
231,101,25,47
229,97,23,46
219,101,22,45
220,102,23,45
210,95,23,45
209,94,23,45
198,92,23,45
197,93,22,44
186,90,22,44
188,89,23,45
176,88,23,46
180,86,23,46
172,88,23,46
167,90,23,46
164,86,23,46
155,87,23,46
186,85,23,46
214,87,23,46
245,87,23,44
276,83,23,44
308,87,25,40
354,79,23,44
383,78,23,44
411,80,23,44
435,76,23,44
460,74,23,44
457,77,23,44
449,70,23,44
443,73,23,44
439,68,23,44
438,69,23,44
430,62,23,44
434,65,23,44
433,64,23,44
420,60,30,52
420,66,23,44
420,67,23,44
412,62,23,44
408,63,23,44
399,58,23,44
399,57,23,44
395,58,23,44
389,54,23,44
383,52,23,44
379,49,23,44
381,50,23,44
372,51,23,44
368,49,23,44
364,48,23,45
360,46,23,45
354,59,23,45
350,112,23,45
347,154,23,45
343,163,23,45
341,164,23,45
334,162,23,45
330,159,23,45
326,160,23,45
326,162,23,45
320,164,23,45
317,160,23,45
311,162,23,45
311,158,23,45
311,158,23,45
298,156,32,60
289,156,32,56
286,155,36,56
282,158,30,50
277,149,27,55
272,151,38,56
269,152,32,56
264,155,36,54
259,152,34,50
258,150,25,57
253,144,31,52
247,150,28,46
238,151,30,50
236,149,27,50
231,147,35,50
228,146,36,49
221,149,32,47
218,148,27,46
214,145,26,46
207,144,30,47
202,146,25,48
0,0,0,0
192,147,35,47
186,140,31,44
177,145,35,33
174,142,35,45
177,139,30,41
168,133,31,46
158,135,34,46
157,136,27,38
148,136,39,42
152,138,27,39
144,136,36,41
136,134,35,38
136,137,39,41
131,135,27,33
