568,0,36,43
564,0,39,46
562,0,39,47
560,1,39,47
558,1,39,50
555,1,39,50
554,2,38,48
553,3,36,48
550,3,38,50
549,3,37,48
548,3,35,49
546,5,36,48
542,7,37,47
538,5,37,50
536,6,37,50
534,6,37,50
531,7,36,50
528,7,37,50
522,9,37,47
522,9,39,49
517,8,43,51
514,11,44,50
511,11,44,50
508,12,43,50
505,11,41,52
504,12,41,51
500,13,46,51
497,14,47,51
494,13,46,53
492,13,47,53
487,14,47,55
483,13,47,58
480,15,44,56
475,15,46,57
469,16,48,58
466,17,46,58
461,18,46,58
456,19,47,59
453,19,46,58
450,19,46,61
445,20,48,59
444,20,46,61
441,22,46,61
437,24,46,60
435,24,44,60
431,24,46,61
426,23,47,64
424,24,46,64
419,25,48,64
412,26,51,65
408,27,51,66
404,29,51,66
401,28,51,67
399,29,50,68
397,30,50,67
393,31,50,66
393,31,48,70
386,33,51,69
384,34,49,70
379,35,54,70
377,34,51,72
375,37,49,69
371,38,51,71
367,39,53,71
364,40,49,73
363,42,51,73
359,41,51,76
352,44,55,74
350,44,55,73
347,45,56,73
349,46,51,72
345,48,53,71
342,47,55,75
341,49,53,77
337,49,55,71
336,51,54,72
334,53,54,70
332,56,54,65
329,56,57,65
329,57,55,71
326,61,54,74
322,62,59,80
323,65,59,79
321,66,57,81
319,66,57,86
316,70,61,90
318,71,59,93
317,71,62,97
314,71,63,100
315,73,61,98
315,76,61,102
315,77,62,104
315,82,62,102
314,84,63,102
314,86,66,107
312,87,69,106
313,89,67,108
314,90,68,111
314,93,68,111
313,96,71,110
317,97,67,117
317,99,71,114
318,102,71,119
320,104,74,122
322,106,73,125
325,108,74,127
327,113,77,127
331,115,79,130
333,119,81,130
335,120,82,135
339,124,83,136
344,129,86,139
347,130,87,144
351,135,90,144
354,137,95,149
360,142,96,151
367,145,99,156
373,150,100,160
379,156,102,161
388,159,106,167
394,167,111,168
403,171,111,173
414,175,114,178
424,182,120,186
418,189,132,188
418,192,130,195
411,201,134,195
406,204,139,204
427,225,144,206
438,230,149,214
450,236,159,222
467,247,164,225
481,253,150,219
496,268,135,204
512,280,119,194
