2,351,39,91
9,354,39,91
17,356,39,91
24,359,39,91
30,364,41,89
37,370,43,87
46,369,44,87
55,367,44,87
63,366,45,87
72,364,46,87
82,364,44,87
92,364,43,87
99,363,44,88
105,362,45,88
111,361,46,89
117,362,50,89
122,363,54,89
135,362,51,87
148,361,48,85
155,363,45,85
163,364,43,85
172,363,44,85
181,361,46,85
187,360,50,85
193,359,54,85
204,361,46,83
216,363,44,81
228,364,43,80
233,363,43,81
238,362,44,82
243,361,44,83
251,361,44,81
259,361,44,80
266,363,44,80
273,366,44,80
280,368,44,80
286,366,44,80
293,364,44,80
300,363,44,80
307,361,44,80
315,360,41,80
323,359,38,80
331,358,35,80
339,357,39,80
346,358,39,80
352,358,39,80
359,359,39,80
365,358,39,80
372,356,39,80
378,355,39,80
384,358,39,80
390,360,39,80
396,363,39,80
403,363,39,80
409,363,39,80
418,363,38,78
428,363,36,76
437,363,35,74
440,360,36,76
443,356,36,78
446,353,37,80
452,355,37,78
459,357,37,77
465,359,37,76
472,360,37,76
478,361,37,76
485,363,37,76
489,363,37,76
493,363,37,76
496,363,37,76
500,360,37,76
504,358,37,76
507,355,37,76
514,355,37,76
520,354,37,76
526,353,37,76
529,353,37,76
532,353,37,76
535,353,37,76
540,353,37,76
545,353,37,76
550,353,37,76
553,353,37,76
556,353,37,76
560,353,37,76
563,353,37,76
568,355,35,75
574,356,33,73
580,357,31,72
583,356,31,72
586,356,31,72
589,355,31,72
594,356,31,72
599,356,31,72
604,357,31,72
609,357,31,72
614,356,31,72
618,356,31,72
622,355,31,72
627,355,31,72
632,354,31,72
637,354,31,72
643,353,31,72
646,354,31,70
649,352,31,71
652,350,31,72
655,350,31,72
658,351,31,72
662,351,31,72
665,351,31,72
667,351,31,71
670,351,31,70
672,351,31,69
675,351,31,70
678,350,31,71
681,350,31,72
683,350,31,72
685,350,31,72
687,350,31,72
692,350,31,72
697,350,31,72
702,350,31,72
702,350,31,69
