624,257,25,59
620,257,25,56
618,256,25,56
615,259,25,54
607,260,25,59
605,259,25,59
606,255,25,60
601,254,26,30
597,261,27,28
593,259,23,46
592,262,23,41
592,264,25,60
589,261,25,59
585,263,25,56
583,263,25,57
583,263,25,57
582,264,25,57
578,268,25,55
576,266,26,56
574,267,25,55
571,265,25,54
571,267,25,59
569,270,25,59
563,270,25,58
559,272,25,60
556,270,26,56
550,270,26,57
547,268,25,61
541,268,25,66
537,271,25,67
530,270,28,64
528,271,25,61
525,272,25,61
518,273,25,62
515,271,25,62
512,270,25,63
503,272,26,65
496,271,26,66
490,268,28,65
484,271,27,65
478,274,27,64
471,272,26,60
468,274,26,65
462,270,27,62
464,271,26,65
451,273,28,60
446,272,27,58
442,274,26,64
436,270,27,59
433,271,26,65
424,267,26,66
420,269,26,65
414,271,27,67
411,271,27,68
400,271,28,69
395,269,28,68
390,271,27,68
387,272,28,66
383,273,27,68
376,271,28,69
369,269,28,70
364,271,28,70
357,273,30,63
354,272,28,70
347,271,28,69
342,272,28,69
335,273,28,64
334,275,28,69
328,276,28,68
322,272,28,70
319,274,28,69
313,271,27,68
306,270,28,67
300,273,27,68
297,275,27,67
291,276,27,68
286,278,27,68
280,273,28,68
275,275,28,70
269,275,28,71
262,276,30,64
259,275,28,70
256,275,28,71
250,272,28,70
243,276,27,65
241,277,28,61
237,280,25,47
229,278,31,41
225,279,28,35
216,279,31,34
209,283,30,32
203,281,32,34
198,280,32,35
193,286,32,30
186,285,32,29
184,288,28,26
180,287,28,53
170,286,28,57
167,288,28,58
161,290,28,61
155,281,28,61
148,280,26,61
148,278,25,63
140,284,28,61
135,287,30,63
131,284,28,64
130,281,25,63
126,283,21,61
124,289,21,62
123,286,17,66
97,293,22,56
91,282,25,69
87,279,25,69
80,282,31,68
80,286,26,64
74,284,27,70
69,286,28,63
