295,383,56,117
306,383,44,117
312,385,45,117
318,387,45,117
324,389,46,118
330,390,46,118
336,392,46,119
345,394,47,119
354,395,48,119
362,396,49,119
371,398,50,119
382,398,48,119
393,398,47,120
404,399,45,120
414,399,44,121
425,399,42,122
436,400,41,122
438,394,41,124
440,389,42,126
443,384,43,128
445,379,44,130
447,374,44,132
455,370,44,132
463,366,44,132
472,361,44,132
480,357,44,132
488,353,44,132
493,353,48,131
499,353,51,130
504,353,54,129
509,353,57,129
512,353,63,128
520,355,60,126
529,356,57,125
537,357,55,124
545,359,52,122
549,360,56,122
553,361,61,122
558,362,65,122
562,363,70,122
566,364,74,122
575,365,71,122
584,366,68,122
593,367,65,122
602,368,62,122
610,369,59,122
619,370,56,122
629,371,51,122
639,371,47,122
649,372,43,122
651,372,49,122
653,372,54,122
656,372,60,122
658,372,66,122
660,372,72,122
667,371,70,122
674,370,67,122
681,369,65,122
689,368,62,122
696,367,60,122
703,366,57,122
709,367,56,122
715,367,55,122
722,367,54,122
728,368,53,122
734,368,52,122
739,369,52,122
745,370,52,122
750,371,52,122
755,373,52,122
760,374,52,122
759,373,55,122
758,373,58,122
757,373,61,122
756,372,64,122
756,372,67,122
755,372,70,122
763,372,63,122
772,372,56,122
781,372,48,122
782,372,51,122
784,372,55,122
786,372,58,122
788,372,61,122
790,372,65,122
792,372,64,121
794,372,64,120
795,372,63,119
797,372,63,119
806,372,60,119
816,373,57,119
825,374,54,119
832,374,53,120
839,374,52,122
846,374,51,123
853,374,51,124
860,374,50,126
863,374,53,126
865,375,56,126
868,376,59,126
871,377,62,126
873,377,65,126
877,377,63,126
881,377,61,126
884,377,59,126
888,377,57,126
893,376,55,126
897,375,52,126
902,373,49,126
906,372,46,126
907,373,46,126
908,374,46,126
908,375,46,126
909,376,46,126
910,376,46,126
910,377,46,126
911,378,46,126
912,379,46,126
914,380,46,126
915,380,46,126
916,381,46,126
915,381,46,126
915,381,46,126
915,381,46,126
915,381,46,126
914,381,46,126
914,381,46,126
914,381,46,126
914,380,46,126
914,380,46,126
914,380,46,126
914,379,46,126
914,379,46,126
914,379,46,126
914,378,46,126
914,378,46,126
914,378,46,126
914,377,46,126
914,377,46,126
914,377,46,126
914,376,46,126
914,376,46,126
914,376,46,126
914,376,46,126
914,376,46,126
914,376,46,126
914,376,46,126
914,376,46,126
914,376,46,126
914,376,46,126
914,376,46,126
914,376,46,126
914,376,46,126
914,376,46,126
914,376,46,126
914,376,46,126
914,376,46,126
914,376,46,126
914,376,46,126
913,375,47,127
912,374,47,127
911,374,47,128
910,373,48,128
909,372,48,129
908,372,48,130
905,372,53,127
901,372,57,125
897,372,61,123
894,372,66,121
890,372,70,119
888,370,72,120
885,368,73,122
883,366,75,124
881,364,76,126
881,364,74,126
881,364,73,126
881,364,71,126
881,364,70,126
881,364,68,126
881,364,67,126
880,364,66,126
879,364,65,126
878,364,65,126
877,363,64,126
876,363,64,126
875,363,63,126
875,362,61,125
875,362,60,124
875,361,59,124
875,361,57,123
875,361,56,122
875,361,55,122
876,361,55,122
876,362,55,122
876,362,55,122
877,362,55,122
877,363,55,122
877,363,54,122
878,363,54,122
878,364,54,122
878,364,54,122
879,364,54,122
879,364,53,122
879,364,53,122
879,364,52,122
880,364,52,122
880,364,51,122
880,364,51,122
881,364,50,122
881,364,50,122
881,364,50,122
881,364,50,122
881,364,50,122
881,364,50,122
881,364,50,122
881,364,51,122
881,364,51,122
881,364,51,122
881,364,51,122
881,364,51,122
881,364,51,122
881,364,51,122
881,364,51,122
881,364,51,122
881,364,51,122
881,364,51,122
881,364,51,122
881,364,52,122
881,364,52,122
881,364,52,122
881,364,52,122
881,364,52,122
881,364,51,122
881,364,51,122
881,364,51,122
881,363,50,122
881,363,50,122
881,363,49,121
881,362,49,121
881,362,48,121
881,362,48,121
881,362,48,121
881,361,47,121
881,361,47,121
881,361,46,120
881,361,47,120
881,361,47,120
881,361,47,120
881,361,48,120
881,361,48,120
881,361,48,120
880,361,48,120
880,361,49,120
880,361,49,120
879,361,49,120
879,361,50,120
879,361,50,120
877,361,51,120
876,361,53,120
874,361,54,120
874,361,55,120
874,361,55,120
873,361,55,120
873,361,56,120
873,361,55,120
872,361,54,120
872,361,53,120
871,361,53,120
871,361,52,120
870,361,51,120
870,361,51,120
869,361,50,120
869,361,50,120
869,361,51,120
869,361,51,120
869,361,51,120
869,361,51,120
868,361,52,120
868,361,52,120
868,361,52,120
868,361,52,120
868,361,53,120
868,361,53,120
867,361,53,120
867,361,53,120
867,361,54,120
867,361,54,120
867,361,54,120
866,361,55,120
866,361,55,120
866,361,55,120
866,361,55,120
866,361,56,120
866,361,57,120
866,361,58,120
866,361,59,120
866,361,61,120
866,361,62,120
866,361,63,120
864,361,63,121
863,362,64,122
861,363,64,122
860,363,64,123
858,364,65,123
856,364,65,124
849,365,65,125
842,365,64,125
835,365,64,126
828,366,64,127
821,366,63,127
814,366,63,128
813,366,61,128
812,366,60,128
811,365,58,128
810,365,57,128
809,365,55,128
808,364,54,128
806,364,53,128
805,364,52,128
803,364,51,128
801,364,51,128
799,364,50,128
797,364,49,128
795,364,48,128
791,364,50,128
787,364,52,128
782,364,55,128
778,364,57,128
774,364,59,128
769,364,61,128
768,364,60,128
766,364,58,128
765,364,57,128
764,364,55,128
762,364,54,128
759,364,53,128
756,364,52,128
754,364,51,129
751,363,50,129
748,363,49,129
745,363,48,130
744,363,48,130
742,363,47,130
740,363,46,130
738,363,46,130
736,363,45,130
734,363,44,130
731,363,44,130
728,363,44,130
724,364,44,130
721,364,44,130
718,364,44,130
715,366,45,129
713,367,46,129
711,368,46,129
709,369,47,128
707,371,48,128
705,372,48,128
702,373,49,128
700,373,49,129
698,374,49,129
696,375,50,129
693,376,50,130
690,374,50,130
686,372,51,130
682,371,51,130
679,369,51,130
675,368,51,130
671,366,52,130
668,364,52,130
657,364,51,129
646,363,51,128
635,363,50,128
624,362,49,127
614,361,49,127
603,361,48,126
588,361,50,126
574,361,51,126
560,361,52,126
545,361,54,126
541,361,55,126
536,361,56,126
532,362,57,126
528,362,58,126
523,363,59,126
521,363,59,126
519,363,59,126
518,363,58,126
516,363,58,126
514,363,57,126
508,363,57,126
503,363,57,126
497,364,57,126
492,364,57,126
486,364,57,126
479,364,57,126
471,364,57,126
464,364,57,126
456,364,57,126
449,364,57,126
439,365,57,126
430,365,57,126
420,366,57,126
410,366,57,126
402,366,57,126
394,365,57,126
387,365,57,126
379,364,57,126
374,364,57,126
369,364,56,126
364,363,55,126
359,363,54,126
355,363,54,126
346,362,54,126
338,362,55,126
329,361,56,126
323,368,54,126
305,362,61,127
310,370,61,124
292,365,59,121
273,361,57,119
261,363,54,120
255,364,51,121
245,364,53,123
236,363,56,124
224,364,52,117
220,367,53,115
216,370,53,113
217,365,54,117
218,361,55,122
209,369,56,119
206,363,57,125
203,357,57,131
203,359,56,124
205,359,51,127
206,359,46,130
204,357,49,131
201,354,51,133
202,359,52,127
204,365,52,121
200,363,52,122
197,362,52,122
193,361,52,122
190,372,52,124
180,372,55,122
170,371,58,120
155,374,61,115
146,366,61,119
138,366,60,120
130,366,60,121
121,366,59,119
106,368,71,122
109,362,65,128
116,361,61,128
115,357,61,132
115,355,59,132
119,355,58,141
121,359,56,135
112,365,56,125
108,362,67,138
110,366,57,128
112,366,52,130
110,367,51,128
109,367,51,126
107,367,50,124
106,368,49,122
104,368,49,120
103,368,48,119
98,366,50,122
94,363,52,125
94,364,47,125
95,365,42,124
95,363,43,124
95,361,44,123
88,364,46,123
80,367,47,123
64,370,48,122
55,368,50,132
43,376,48,122
36,374,48,126
27,377,48,122
25,374,48,126
23,377,48,122
21,376,46,124
