313,251,46,81
313,251,46,81
313,251,46,81
313,251,45,81
313,251,45,81
313,251,44,81
310,253,44,81
308,254,44,81
305,255,44,81
303,256,44,81
300,257,44,81
288,250,49,86
277,242,53,90
265,244,51,85
254,246,50,80
248,246,50,80
243,247,50,80
237,247,50,80
231,248,50,80
235,248,49,81
238,248,48,82
241,249,47,83
245,249,46,84
248,250,44,85
251,251,44,87
254,253,44,89
258,253,40,89
253,253,45,90
248,253,50,90
244,253,54,90
239,253,59,91
238,255,59,91
237,257,59,91
235,259,59,91
234,261,59,91
233,263,59,91
232,263,58,91
230,263,56,91
229,263,55,91
228,263,54,91
226,263,52,91
225,263,51,91
224,263,50,91
222,263,48,91
216,263,52,91
210,264,57,91
204,264,61,91
204,264,62,91
204,264,62,91
204,264,63,91
205,264,64,91
205,264,65,91
205,264,65,91
205,264,66,92
209,266,57,89
213,268,48,87
203,271,56,89
193,274,64,91
183,277,72,93
175,278,73,96
167,279,74,100
177,279,64,100
187,279,54,100
187,279,52,100
187,279,50,100
187,277,59,102
187,276,69,104
194,275,72,102
202,274,75,101
209,274,78,100
220,275,74,100
231,276,70,100
249,276,60,100
267,276,50,100
272,274,56,100
278,272,61,100
285,276,69,94
293,281,76,89
293,282,75,89
294,283,74,89
295,284,73,89
295,285,73,89
296,286,72,89
297,287,71,89
297,288,70,89
298,289,69,89
299,290,68,89
299,291,68,89
300,292,67,89
307,294,67,89
320,291,67,89
333,289,67,89
333,289,77,89
333,289,87,89
343,290,82,89
353,291,78,89
362,293,73,89
372,294,69,89
384,295,67,93
396,295,66,98
407,296,65,102
414,296,67,102
421,296,70,102
428,296,72,102
438,297,71,100
449,297,70,98
459,298,69,96
468,298,67,96
476,298,65,96
484,298,63,96
493,298,61,96
493,298,67,98
493,298,72,100
493,298,78,102
494,303,70,102
495,308,62,102
496,313,54,102
501,318,49,102
506,324,44,102
509,324,52,102
513,324,61,102
517,324,69,102
525,330,69,102
533,337,69,102
541,335,64,102
549,333,59,102
557,331,54,102
554,331,57,102
550,331,61,102
546,331,65,102
543,331,69,102
539,331,72,102
535,331,76,102
543,331,69,102
550,331,61,102
557,331,54,102
565,331,46,102
565,331,52,102
565,331,59,102
565,331,65,102
568,331,62,102
571,331,59,102
574,331,56,102
581,331,50,102
589,331,44,102
596,331,39,102
588,333,47,102
579,335,55,102
570,337,63,102
565,343,69,95
559,350,74,89
557,347,68,89
556,345,62,89
554,343,56,89
552,340,50,89
544,334,52,90
536,328,55,90
528,322,57,91
533,323,55,91
538,323,53,91
544,324,51,91
549,325,49,91
554,326,47,91
559,327,45,91
565,327,43,91
562,327,46,91
559,327,49,91
556,327,52,91
550,333,55,91
544,339,58,91
539,344,61,91
537,346,59,96
535,348,57,102
541,347,57,102
547,345,57,102
554,344,57,102
560,345,59,99
562,345,58,96
563,346,57,93
559,344,55,93
556,342,53,93
552,340,50,93
548,339,48,93
542,338,50,93
535,337,51,93
529,336,52,93
522,335,54,93
526,335,53,93
530,335,52,93
533,335,51,93
537,335,50,93
537,334,49,93
537,334,47,93
537,333,46,93
537,333,44,93
530,332,46,93
530,332,46,93
530,332,45,93
530,331,44,93
530,331,44,91
530,331,44,89
530,331,44,87
530,331,44,85
531,330,46,85
533,330,47,85
535,329,49,85
537,328,50,85
539,327,52,85
540,327,49,85
541,327,47,85
543,327,44,85
548,326,44,85
554,325,44,85
559,323,44,85
565,322,44,85
566,323,43,84
568,325,42,82
569,326,40,81
570,327,39,80
570,327,40,80
570,326,42,81
570,326,44,81
570,325,45,82
570,324,47,83
570,324,48,83
575,323,48,83
579,322,48,83
583,322,48,83
588,322,44,83
592,322,40,83
596,322,35,83
601,321,35,83
606,321,35,83
610,320,35,83
615,320,35,83
618,321,35,81
621,321,35,80
624,322,35,78
627,321,35,78
631,320,35,78
634,319,35,78
637,318,35,78
640,318,35,78
643,318,35,78
647,318,35,78
650,318,35,78
652,319,35,78
654,321,35,78
656,322,35,78
660,319,35,78
664,317,35,78
668,314,35,78
671,314,35,78
673,314,35,78
675,314,35,78
677,314,35,78
679,314,35,78
681,314,35,78
683,314,35,78
685,314,35,78
688,314,35,78
691,313,35,78
694,313,35,78
696,313,35,78
697,313,35,78
698,313,35,78
699,313,35,78
701,313,35,78
702,313,35,78
702,313,38,76
702,313,40,74
702,313,42,72
702,313,44,70
704,313,42,70
706,313,40,70
709,313,38,70
711,313,35,70
713,311,35,70
715,310,35,70
717,308,35,70
718,307,35,70
720,309,35,70
722,312,35,70
724,314,35,70
725,312,35,70
725,309,35,70
725,306,35,70
726,303,35,70
728,303,35,70
730,303,35,70
731,303,35,70
733,303,35,70
735,303,35,70
737,303,35,70
739,303,35,70
740,303,35,70
741,303,35,70
742,303,35,70
743,303,35,70
744,303,35,70
745,303,35,70
746,303,35,70
748,303,34,70
750,303,33,70
751,303,32,70
753,303,31,70
755,303,30,70
756,303,29,70
758,303,28,70
759,303,27,70
761,303,26,70
762,303,26,70
763,303,26,70
764,302,26,70
766,302,26,70
767,301,26,70
768,301,26,70
769,301,26,70
769,300,26,70
770,300,26,70
771,300,26,70
772,299,26,70
773,299,26,70
774,299,26,70
775,298,26,70
776,298,26,70
776,298,26,70
777,298,26,70
777,297,26,70
778,297,26,70
778,297,26,70
779,297,26,70
779,297,26,70
780,297,26,70
780,297,26,70
781,297,26,70
781,296,26,70
781,296,26,70
782,296,26,70
782,296,26,70
783,296,26,70
783,296,26,70
784,296,26,69
785,297,26,67
785,297,26,66
786,298,26,65
786,298,26,63
787,299,26,62
787,299,26,61
786,300,26,60
786,300,26,59
786,301,26,58
785,301,26,57
785,301,26,56
784,302,26,55
784,302,26,54
784,303,26,53
783,303,26,52
783,303,26,52
784,303,26,52
784,303,26,52
784,303,26,52
784,303,26,53
784,302,26,53
784,302,26,53
784,302,26,53
785,302,26,53
785,302,26,53
785,302,26,53
785,302,26,54
785,301,26,54
