412,336,80,131
433,326,72,128
455,310,70,128
474,298,68,126
489,289,69,119
509,276,69,116
524,267,66,116
538,262,63,115
553,251,60,117
568,244,60,113
568,244,60,113
568,244,60,113
568,244,60,113
568,244,60,113
568,244,60,113
568,244,60,113
568,244,60,113
568,244,60,113
568,244,60,113
568,244,60,113
568,244,60,113
568,244,60,113
568,244,60,113
568,244,60,113
568,244,60,113
568,244,60,113
568,244,60,113
568,195,62,104
557,198,70,104
539,197,72,102
525,200,74,99
510,198,71,104
497,199,70,102
485,200,68,101
466,209,95,81
448,210,93,77
435,213,94,77
425,213,89,80
412,217,87,78
399,219,89,80
391,219,80,79
381,223,80,81
373,222,72,85
367,224,71,87
361,228,66,87
354,230,61,91
349,235,52,92
342,239,59,91
336,242,53,87
330,245,53,98
323,249,51,96
319,251,48,98
317,255,49,102
311,261,52,103
311,262,49,103
303,270,49,109
296,277,51,109
293,279,54,113
283,288,59,114
281,292,57,119
268,298,60,123
260,309,64,125
246,316,70,129
232,325,71,131
214,341,73,128
