140,282,60,120
142,282,61,121
144,282,62,122
146,282,62,122
146,281,62,122
146,280,62,122
146,278,62,122
146,277,62,122
146,276,62,122
147,275,63,121
149,275,64,120
150,274,65,119
156,272,66,121
161,270,66,123
169,265,66,123
174,265,66,125
180,262,66,125
184,256,62,123
187,253,66,122
190,248,66,122
197,244,68,127
204,244,68,127
223,244,56,122
234,242,62,123
251,242,62,123
260,239,62,123
269,239,62,123
280,236,62,123
281,237,62,123
281,238,62,123
282,239,62,123
278,236,62,123
271,236,65,120
265,234,65,120
257,234,65,120
252,230,63,120
245,224,66,123
245,220,66,123
245,217,66,123
248,216,67,124
251,214,68,125
257,214,68,125
263,214,66,123
271,214,66,123
275,205,69,127
280,205,69,127
289,197,63,127
289,197,65,119
291,191,68,123
292,190,68,121
292,190,68,119
292,190,63,119
289,185,66,125
289,185,66,125
288,186,66,125
287,186,66,125
287,186,66,125
286,186,66,125
286,189,66,123
286,192,66,122
286,194,66,120
286,195,66,120
285,196,66,120
285,197,66,120
285,197,66,120
284,198,66,121
284,199,65,122
283,200,64,123
283,200,63,123
284,202,63,123
285,203,63,123
286,204,63,123
287,205,63,123
288,207,63,123
291,208,63,123
294,210,63,123
293,210,63,123
292,211,63,123
291,211,63,123
290,212,63,123
289,212,63,123
288,213,63,123
287,214,63,123
286,214,63,123
285,215,63,123
284,215,63,123
283,216,63,123
284,216,63,123
285,217,63,123
285,217,63,123
286,217,63,123
287,218,63,123
287,218,63,123
287,219,63,123
288,219,63,123
288,219,63,122
288,219,63,120
289,219,62,118
289,219,62,116
285,216,62,116
280,216,66,116
274,216,67,117
268,216,68,117
267,219,62,116
266,222,56,114
261,228,57,111
263,228,57,111
269,234,54,100
271,233,59,105
271,233,59,107
274,233,56,111
274,233,56,111
274,233,56,111
274,233,56,111
274,233,57,111
274,233,57,111
272,232,57,112
270,232,58,113
268,231,58,113
266,230,59,114
264,230,59,115
262,229,59,116
260,229,60,117
258,228,60,117
257,228,60,117
257,227,60,117
256,226,60,117
255,226,60,117
254,225,60,117
256,225,60,118
258,225,60,119
261,225,60,120
263,225,60,120
265,226,60,120
267,227,60,120
269,228,60,120
272,230,59,119
275,233,59,117
277,233,59,117
278,233,59,117
280,233,59,117
282,233,59,117
284,233,59,117
286,233,59,117
290,233,59,117
294,233,59,117
297,230,59,117
299,229,59,117
302,228,59,117
305,228,58,116
308,228,57,114
307,227,57,114
307,227,57,114
306,226,57,114
306,225,57,114
305,224,57,114
305,224,57,114
302,225,57,115
299,227,57,116
295,229,57,117
292,231,57,117
289,233,58,117
286,234,59,117
283,236,60,117
278,237,60,117
274,237,60,117
272,239,60,117
271,241,60,117
270,241,59,117
270,242,58,117
270,243,57,117
270,244,56,117
269,245,56,117
272,242,58,119
275,238,61,120
278,234,63,122
275,232,76,122
271,230,90,122
271,236,92,117
271,242,94,112
271,248,96,107
271,262,103,93
275,262,103,93
280,262,103,93
280,274,100,81
280,285,97,69
282,285,97,69
283,285,97,69
285,285,97,69
286,285,97,69
288,285,97,69
289,285,97,69
291,285,97,69
291,289,100,66
291,292,102,62
291,296,105,59
290,297,105,59
289,297,104,59
288,298,104,59
286,299,103,59
285,299,103,59
284,300,102,59
283,301,102,59
284,300,102,59
285,300,102,59
287,300,102,59
288,299,102,59
289,299,102,59
290,299,102,59
291,298,102,59
293,298,102,59
294,298,102,59
294,298,102,59
294,298,102,59
294,298,102,59
294,298,102,59
295,298,102,59
295,298,102,59
295,298,102,59
295,298,102,59
295,298,102,59
295,298,102,59
296,298,102,59
296,298,102,59
296,298,102,59
296,298,102,59
296,298,102,59
296,298,102,59
296,298,102,59
297,298,102,59
297,298,102,59
297,298,102,59
297,298,102,59
297,298,102,59
297,298,102,59
297,298,102,59
298,298,102,59
298,298,102,59
298,298,102,59
298,298,102,59
298,298,102,59
298,298,102,59
299,298,102,59
300,298,90,65
308,296,79,63
312,301,74,59
317,299,71,61
322,298,68,63
322,298,68,63
322,298,68,63
322,298,68,63
323,298,68,62
323,298,68,62
323,298,68,62
325,299,63,59
326,301,59,56
330,301,59,56
334,301,59,56
336,301,59,56
339,301,59,56
339,301,59,56
340,301,59,56
341,301,59,56
342,301,59,56
343,301,59,56
343,301,59,56
344,301,59,56
345,301,59,56
346,301,59,56
347,301,59,56
348,301,59,56
350,302,59,56
353,303,59,56
356,304,59,56
355,305,59,56
355,307,59,56
354,308,59,56
354,307,60,56
354,305,61,56
354,304,62,56
354,301,62,56
354,299,62,56
360,298,60,56
366,296,59,56
373,295,59,56
379,295,59,56
381,295,59,56
383,295,59,56
386,295,57,56
388,295,56,56
386,294,56,56
384,294,56,56
382,294,56,56
380,294,56,56
378,293,56,56
376,293,56,56
374,293,56,56
372,295,56,56
370,296,56,56
367,298,56,56
365,299,56,56
364,301,56,56
363,302,56,56
364,301,56,56
364,300,56,56
365,299,56,56
365,298,56,56
369,298,56,56
373,298,56,56
374,297,56,56
376,296,56,56
379,295,56,56
383,295,56,56
383,296,56,56
393,296,56,56
393,298,56,57
393,299,56,59
394,300,56,59
396,301,56,59
398,304,56,58
400,307,56,57
402,310,56,56
407,312,56,56
411,313,56,56
415,313,56,56
418,313,56,56
421,313,56,56
425,313,56,56
428,313,56,56
431,313,56,56
433,313,56,56
436,313,56,56
436,312,56,56
437,310,56,56
437,308,56,56
433,307,56,56
430,307,56,56
428,307,56,56
424,304,56,57
417,305,56,57
411,305,56,57
405,302,56,57
394,302,56,57
390,302,56,57
376,299,56,57
373,302,56,57
362,305,56,57
358,307,56,57
354,308,56,57
346,312,56,57
340,322,56,57
334,318,56,57
329,321,56,57
322,318,56,57
322,318,52,59
319,318,52,56
320,319,52,56
321,320,52,56
322,321,52,56
329,321,52,56
332,319,52,56
342,322,52,56
351,321,52,56
360,319,52,56
373,321,52,56
379,321,52,56
394,322,52,56
408,319,52,56
419,319,52,56
427,322,52,56
436,322,52,56
445,321,52,56
454,321,52,56
454,319,52,56
454,317,52,56
453,315,52,56
453,313,52,56
453,312,52,56
448,312,52,56
446,312,53,55
444,312,54,54
444,310,54,54
443,312,52,56
442,313,49,59
441,319,49,54
443,318,54,54
445,316,59,54
446,312,59,54
447,307,59,54
444,302,60,56
436,295,71,58
428,288,82,60
420,278,110,68
416,284,120,62
408,285,122,59
407,285,122,59
403,282,125,59
400,279,128,59
397,276,131,59
396,268,130,63
393,266,130,63
391,264,130,63
390,264,130,63
390,265,130,63
390,265,130,63
391,265,130,63
394,264,125,64
397,262,120,65
400,257,130,60
400,257,134,60
410,254,131,62
413,253,131,62
422,256,128,59
428,257,128,59
428,256,133,62
431,262,133,62
433,262,128,60
431,264,134,59
424,264,140,63
414,264,139,57
405,256,136,56
390,248,137,60
373,239,136,60
359,231,134,62
342,228,134,62
328,222,131,62
309,224,137,57
297,222,136,59
289,217,128,62
286,211,134,66
275,211,139,66
275,211,134,65
275,211,131,63
277,207,131,62
275,200,131,62
278,193,127,59
277,185,127,59
277,182,127,59
274,171,134,66
272,166,128,60
269,164,130,61
266,162,131,62
260,166,137,56
257,166,130,62
252,166,133,62
246,168,134,62
245,170,133,60
241,170,133,60
237,171,134,54
237,171,134,57
238,172,134,58
239,173,134,59
240,174,134,60
245,173,131,62
249,173,128,63
249,173,129,63
249,173,130,62
254,171,130,62
255,174,136,57
259,174,136,57
263,174,136,57
266,174,136,57
269,174,135,57
271,174,134,57
274,174,133,57
274,176,134,57
274,178,135,58
275,180,136,58
275,182,136,58
275,183,137,59
278,186,137,59
280,188,137,59
282,191,137,59
289,190,131,60
289,190,133,59
289,190,135,58
289,190,137,57
291,193,136,57
293,193,136,57
295,194,136,57
295,196,137,60
300,196,137,60
300,196,134,62
306,199,134,62
308,200,134,62
314,202,134,62
317,201,134,62
319,201,134,62
322,200,134,62
321,200,134,62
321,200,134,62
321,200,134,62
320,200,134,62
320,200,134,62
318,199,134,62
316,198,134,62
313,197,134,62
311,196,134,62
308,197,134,62
306,197,134,62
305,197,134,62
304,197,134,62
303,197,134,62
302,196,134,62
301,196,134,62
300,196,134,62
299,195,134,62
297,194,134,62
299,194,134,60
300,193,134,59
302,192,133,57
303,192,133,56
305,191,133,54
305,191,135,56
305,191,137,57
309,191,136,56
314,191,135,55
319,191,134,54
322,191,134,54
325,191,134,54
328,191,134,54
331,191,137,53
334,191,139,52
336,191,139,52
339,191,139,52
339,190,139,54
339,189,139,56
339,188,139,57
338,188,139,57
337,187,139,57
336,186,139,57
332,186,139,57
329,185,139,57
329,185,137,58
329,185,134,59
330,185,134,59
331,186,134,59
332,186,134,59
333,187,134,59
334,187,134,59
335,188,134,59
336,188,134,59
336,188,136,56
332,188,142,56
336,189,142,56
339,190,142,56
340,190,142,56
341,191,142,56
343,192,142,56
344,193,142,56
346,194,142,56
347,195,142,57
348,196,142,57
350,196,142,57
351,197,142,57
354,198,142,57
357,199,142,57
359,200,142,59
360,200,142,60
363,201,140,60
366,202,138,60
370,203,136,60
370,203,137,59
371,203,137,59
371,203,139,60
371,203,140,61
371,203,142,62
371,203,141,62
371,202,140,61
371,201,140,61
371,200,139,61
371,199,138,61
371,198,137,61
371,197,137,61
371,196,136,61
371,195,135,60
371,194,134,60
371,194,136,59
371,194,137,57
371,193,138,56
371,193,139,54
371,193,140,52
371,194,142,53
370,195,144,54
370,196,146,55
370,197,148,56
377,197,146,56
385,197,143,56
393,197,140,56
396,199,142,57
399,200,144,59
402,202,145,60
406,202,145,60
410,202,145,60
412,203,145,60
414,203,145,60
416,204,145,60
418,204,145,60
420,205,145,60
418,204,145,60
416,204,144,59
414,203,144,59
412,203,143,58
410,202,143,58
408,202,142,57
401,200,144,59
395,199,146,60
388,197,148,62
383,198,145,59
378,199,141,56
373,200,137,52
368,200,137,56
363,199,133,52
359,198,132,55
356,197,131,57
349,196,131,57
336,193,142,52
331,195,142,52
326,197,142,52
326,199,142,52
325,200,142,52
324,202,142,52
323,203,142,52
323,204,143,53
323,205,144,53
323,206,145,53
323,207,146,54
323,207,147,54
323,208,148,54
328,208,146,55
333,209,143,55
338,209,141,56
343,209,138,56
348,210,136,57
346,209,138,57
345,208,140,57
343,207,141,57
342,206,143,57
340,205,145,57
340,205,143,59
340,205,141,61
340,205,139,63
338,205,139,63
336,205,139,63
334,205,139,63
334,206,140,62
334,207,142,60
335,208,143,59
336,209,143,58
337,210,144,57
339,210,144,57
340,210,144,57
342,210,144,57
343,210,144,57
345,210,144,57
350,208,144,59
356,207,144,60
356,203,144,60
356,200,144,60
356,197,144,60
354,194,144,61
352,190,144,62
349,186,144,63
349,186,140,62
347,186,140,62
345,186,139,62
345,186,136,60
345,186,134,62
345,186,131,63
345,184,132,62
345,181,132,61
345,178,132,60
345,176,133,59
343,171,133,59
342,166,133,59
340,162,133,59
342,160,133,59
343,159,133,59
345,158,132,59
347,157,131,59
349,156,130,59
351,156,130,59
353,156,130,59
355,156,130,60
356,156,130,61
358,156,130,61
360,156,130,62
362,156,130,63
363,156,130,63
363,158,130,63
363,160,131,63
363,162,131,63
363,164,130,60
362,166,130,57
363,170,129,60
365,173,128,63
362,175,128,63
360,178,128,63
357,180,128,63
356,180,127,60
349,183,127,60
342,185,127,60
340,191,128,63
338,193,128,63
336,196,128,63
332,203,116,63
332,204,116,64
332,204,116,65
332,205,116,66
332,205,117,66
331,205,117,66
328,206,120,67
326,207,122,68
323,208,124,69
320,210,127,69
318,210,123,71
316,210,119,73
309,206,119,73
303,202,119,74
297,200,119,74
291,197,117,83
289,194,114,91
286,196,113,94
286,196,108,93
286,180,108,110
286,180,99,105
286,165,97,114
297,160,86,120
308,165,77,122
316,165,66,122
320,171,65,117
329,173,60,123
340,177,52,119
351,179,56,122
351,179,59,122
363,173,54,120
364,167,54,120
365,162,54,120
365,160,54,120
365,159,54,120
360,154,54,120
359,153,54,120
359,153,54,120
358,152,54,120
357,151,54,120
354,149,54,120
350,147,54,120
346,145,54,120
345,145,54,122
336,140,60,122
334,137,56,122
328,137,56,122
323,137,56,125
320,140,56,120
314,140,56,122
311,143,54,120
303,143,54,120
297,145,57,120
292,148,57,120
291,148,57,120
285,151,57,120
278,153,57,120
277,159,57,120
274,162,57,120
275,166,57,120
275,173,57,120
280,174,57,120
285,176,57,120
289,176,57,120
292,174,57,120
297,171,57,120
302,168,57,120
305,162,57,120
306,160,57,120
314,160,56,122
316,161,56,122
319,162,56,122
323,162,49,123
328,162,54,123
330,160,52,121
332,159,51,119
336,153,51,119
336,148,51,119
339,146,51,119
336,143,51,119
326,143,57,127
311,146,56,122
295,145,57,122
282,148,57,122
269,148,57,122
257,149,57,122
246,149,57,122
238,149,57,122
231,146,57,122
224,146,57,122
220,149,57,122
219,149,57,122
218,149,57,122
217,149,57,122
218,151,57,122
220,153,57,122
222,153,57,122
224,154,57,122
231,153,57,122
238,153,57,122
245,151,57,122
257,149,57,122
261,149,57,122
269,145,57,122
275,145,57,122
280,145,57,122
283,142,57,122
286,142,57,122
288,139,57,122
287,138,57,122
287,138,57,122
286,137,57,122
286,141,57,122
286,145,57,122
284,146,57,122
282,146,57,122
278,147,57,122
274,148,57,122
272,149,57,122
271,151,57,122
272,151,57,122
273,151,57,122
274,151,57,122
276,151,57,122
277,151,57,122
277,146,59,130
285,148,57,120
291,145,57,122
299,145,57,127
306,146,57,127
311,146,57,127
317,145,57,127
320,146,57,127
319,149,57,127
319,149,57,127
314,148,57,127
306,146,57,127
300,148,57,127
292,148,57,127
288,145,57,127
280,146,57,127
275,142,57,127
269,139,57,127
269,139,60,131
272,139,60,131
275,140,60,131
278,140,60,131
286,142,57,133
292,142,57,133
299,146,57,133
308,149,57,133
309,149,62,133
316,154,65,133
322,159,65,131
331,160,54,133
336,160,54,133
336,158,57,130
337,156,60,128
339,153,60,128
339,146,60,128
337,142,63,131
340,136,63,133
340,129,59,134
339,125,59,134
337,126,59,134
336,128,59,134
335,129,59,134
334,129,59,134
332,130,59,134
331,131,59,134
331,129,61,134
331,126,63,134
331,123,63,134
331,119,60,134
331,115,60,134
328,114,60,134
322,114,60,134
321,116,60,134
320,119,60,134
320,120,60,133
320,121,60,131
320,122,60,130
326,124,60,130
331,126,60,130
336,125,60,130
336,125,60,130
337,125,60,130
341,126,60,130
345,128,60,130
345,145,60,120
343,143,60,127
342,146,62,125
332,142,63,128
329,143,63,125
325,149,57,122
314,153,57,122
305,159,57,122
302,160,54,125
301,158,56,126
301,157,58,126
301,155,60,127
300,153,61,127
300,151,63,128
303,145,63,139
303,145,61,138
303,145,59,137
303,145,57,136
303,145,62,131
302,134,62,139
299,126,62,139
299,123,62,133
297,120,60,136
293,122,62,137
289,125,63,139
291,128,59,139
283,132,65,136
280,132,64,137
277,131,63,139
278,131,63,139
274,128,63,137
274,129,63,137
274,131,63,137
272,134,63,137
271,136,63,137
272,136,63,137
273,136,63,137
274,136,63,137
276,136,63,137
277,136,63,137
277,135,63,137
277,133,63,137
277,132,63,137
276,131,63,139
275,130,63,141
274,129,63,144
272,130,64,143
271,131,65,142
267,131,65,144
263,131,65,145
260,132,65,145
252,134,65,145
245,131,66,145
245,131,69,145
245,134,63,145
237,136,68,142
235,133,69,143
233,131,70,143
231,129,71,144
231,129,68,144
228,126,66,150
223,128,66,145
221,126,66,145
220,125,66,145
219,123,67,145
219,122,68,145
219,120,69,145
218,119,69,145
218,114,69,145
221,114,69,148
221,114,65,156
221,114,67,157
221,114,69,157
221,120,69,151
220,120,69,151
219,120,69,151
218,120,69,151
217,120,69,151
215,120,69,151
212,122,66,152
209,125,63,153
209,125,65,159
207,129,66,156
206,132,66,153
204,132,68,152
201,131,69,151
203,131,69,151
204,131,69,151
206,126,69,151
206,131,73,148
207,132,73,148
209,132,73,148
207,132,73,153
206,132,74,157
204,137,71,153
203,136,66,153
197,137,65,150
194,136,65,150
192,132,65,150
190,129,65,150
193,129,65,150
195,129,66,151
197,129,66,151
198,125,73,151
212,119,65,147
221,111,65,147
232,109,65,147
241,106,66,151
254,106,66,151
263,109,68,148
268,112,71,144
278,115,68,144
283,119,68,144
284,120,68,144
285,122,68,144
285,122,69,147
283,136,69,144
283,136,65,144
280,143,62,137
275,142,66,137
270,139,66,137
265,137,66,137
260,137,66,137
260,137,63,140
257,140,63,140
246,146,68,144
240,151,68,144
240,162,63,134
234,162,65,136
235,162,60,140
234,162,63,143
234,162,66,145
234,176,66,133
234,185,65,134
240,188,62,134
238,188,62,134
240,185,62,134
241,182,62,134
242,179,63,136
243,176,65,137
248,174,57,130
254,171,57,130
254,163,57,130
255,163,62,131
255,163,61,130
255,163,61,129
255,163,60,127
255,163,60,126
255,163,59,125
255,163,59,123
256,159,57,127
257,156,56,131
255,154,59,131
252,153,62,131
254,149,59,130
255,146,56,130
257,143,60,130
261,142,60,130
260,141,60,130
258,140,60,130
257,140,60,130
255,139,60,130
254,139,60,130
257,139,60,130
254,140,60,130
248,142,60,130
245,143,60,130
241,145,60,130
235,143,60,130
233,144,60,130
231,145,60,130
228,146,60,130
226,146,60,130
228,146,60,130
229,146,60,130
231,146,60,130
232,146,60,130
233,146,60,127
234,145,60,125
235,143,61,129
237,142,62,133
239,142,59,133
241,142,57,133
248,142,57,133
248,143,58,133
249,145,59,133
252,149,59,127
253,151,59,127
254,153,60,127
255,157,60,127
255,162,60,127
255,162,60,133
253,163,60,133
251,163,60,133
252,166,60,131
252,166,62,130
252,166,59,123
254,166,59,123
255,165,59,123
258,159,59,123
258,159,59,125
258,159,59,126
258,159,59,127
258,159,59,128
258,159,59,130
261,159,59,125
261,156,59,125
261,154,59,125
260,152,59,125
260,149,59,125
258,147,59,125
255,145,59,125
252,145,59,125
249,145,59,125
245,145,60,125
238,143,60,125
234,143,56,123
229,142,56,123
228,142,56,123
226,143,56,123
220,146,56,123
214,149,56,123
214,157,56,123
215,165,56,123
215,167,56,123
214,169,56,123
214,171,56,123
214,173,56,123
215,174,56,123
219,173,56,123
223,171,56,123
227,173,56,123
230,174,56,123
234,176,56,123
238,178,56,123
241,180,56,123
247,180,56,123
252,179,56,123
255,178,56,121
257,177,57,119
265,174,57,119
265,170,57,119
269,171,57,117
274,166,57,117
277,166,57,117
280,163,57,117
283,160,57,117
285,159,57,117
286,157,57,117
286,157,57,117
286,156,57,117
286,156,57,117
285,155,57,117
285,154,57,117
283,154,57,117
281,154,57,117
279,154,57,117
277,154,57,117
273,154,57,117
269,154,57,117
271,155,57,117
273,155,57,117
275,155,57,117
277,156,57,117
279,156,57,117
281,157,57,117
283,157,57,117
283,157,57,117
282,158,57,117
282,158,58,117
282,158,58,116
282,158,58,116
281,159,58,116
281,159,58,116
281,159,58,116
280,159,58,115
280,159,59,115
280,160,59,115
279,160,59,115
279,160,59,114
279,160,59,114
278,161,59,114
278,161,59,114
278,161,60,114
277,161,60,113
275,161,60,113
272,161,60,113
269,160,60,113
265,159,60,113
260,158,60,113
255,157,60,113
253,150,59,110
251,143,59,108
252,142,59,108
252,140,59,110
252,139,59,111
255,147,55,110
257,156,51,108
259,156,52,110
260,159,52,113
269,160,52,113
272,163,52,113
280,170,52,113
284,174,52,113
291,174,52,113
294,176,52,113
304,170,52,113
309,163,52,113
314,157,52,113
322,159,52,113
328,156,52,113
331,151,52,113
331,146,52,113
334,143,51,113
335,145,50,114
330,143,54,116
332,142,52,117
329,143,49,117
328,147,51,110
320,151,57,113
327,151,49,115
326,155,47,117
321,159,50,111
322,159,52,114
324,161,52,113
322,163,51,114
323,166,54,116
320,168,56,115
320,174,50,115
320,173,56,116
314,177,62,112
315,180,59,112
316,180,55,112
318,181,54,118
318,183,54,117
321,185,55,117
321,182,57,118
319,184,55,115
319,180,56,116
314,181,61,115
314,177,54,111
312,170,55,112
310,166,55,113
300,162,57,116
293,162,61,113
288,160,63,116
282,162,62,117
277,159,60,117
270,163,56,111
262,161,55,111
257,159,54,111
254,158,64,111
249,159,66,110
250,158,62,111
247,160,59,111
247,158,66,118
246,157,57,115
241,162,60,113
236,163,65,110
236,166,60,113
240,170,52,116
237,169,55,115
236,172,57,115
236,174,55,114
235,172,53,114
236,170,51,114
234,170,50,113
228,170,59,111
226,168,56,112
222,170,53,112
216,169,55,112
211,168,54,114
200,171,57,113
194,170,56,113
189,166,57,114
185,165,59,118
186,162,56,115
185,163,59,111
197,160,57,117
204,162,52,112
207,160,59,119
218,163,56,116
228,168,56,113
234,166,59,116
246,168,57,117
260,166,46,114
265,163,56,117
275,170,51,114
288,173,56,110
300,179,54,105
312,180,52,105
329,182,57,113
339,182,56,113
353,183,57,113
365,179,59,111
377,174,60,116
393,174,56,114
400,170,57,113
411,168,57,110
420,162,49,117
427,162,48,116
436,157,46,119
442,157,46,120
447,154,48,116
441,146,51,119
439,146,52,120
431,149,52,116
420,153,52,114
411,156,49,115
403,160,52,109
383,160,52,113
371,160,54,108
365,159,51,108
359,153,43,105
345,153,46,103
328,146,51,114
322,145,45,111
311,146,49,102
305,145,52,108
299,143,52,108
289,146,48,107
288,146,46,102
283,145,43,107
277,149,46,107
271,156,46,111
257,171,48,114
254,177,51,116
251,183,43,108
246,188,42,108
238,193,54,107
235,191,48,108
229,190,51,107
221,190,49,110
218,190,48,110
214,188,48,108
201,190,45,111
195,196,51,105
189,196,51,105
183,194,54,108
183,197,45,105
172,194,46,108
167,194,51,107
163,197,51,105
159,197,52,108
157,193,52,111
150,196,52,111
149,199,52,111
143,203,52,111
141,207,52,111
135,211,52,111
132,211,52,111
127,213,46,107
121,211,52,111
118,210,45,111
112,213,49,108
104,214,52,111
101,214,51,108
96,213,52,110
96,217,49,105
98,211,46,111
101,208,45,110
99,202,52,110
103,202,52,109
112,202,51,108
118,200,56,110
138,203,51,108
170,207,51,108
192,213,51,108
226,208,51,108
251,208,57,108
291,207,51,108
332,203,51,108
365,202,54,103
387,180,57,107
410,171,51,108
437,177,57,110
464,177,51,108
488,186,54,111
498,188,60,119
516,194,54,113
518,197,59,105
522,197,57,111
525,196,62,110
530,191,56,91
539,184,53,94
533,179,56,107
538,172,52,108
534,170,54,98
529,170,59,103
516,163,66,114
507,160,68,110
493,159,66,105
485,151,63,108
473,145,66,107
456,145,68,99
442,143,65,105
433,142,59,106
416,145,62,103
402,145,62,111
393,151,60,105
382,157,52,107
371,159,52,107
365,163,49,105
348,168,52,107
342,166,52,107
337,166,52,107
330,166,52,107
325,168,52,107
320,165,52,107
320,168,52,107
316,165,52,107
316,168,52,107
314,166,52,107
312,164,52,107
311,162,52,107
309,160,52,107
309,159,52,107
