342,131,85,72
342,131,84,72
342,131,84,72
342,130,83,72
342,130,83,71
342,130,82,71
343,129,82,71
342,130,82,71
343,129,81,71
344,129,80,70
345,129,79,70
345,130,79,70
345,130,79,69
345,130,79,69
345,131,79,69
345,131,79,69
345,131,79,68
345,132,79,68
345,132,79,68
345,132,79,67
345,133,80,67
345,133,80,67
345,133,80,68
345,133,79,68
346,129,80,68
346,126,79,68
346,125,79,67
346,125,78,67
346,125,78,67
346,124,78,67
346,124,77,66
346,123,77,66
346,123,77,66
346,123,77,66
346,123,77,66
346,123,77,66
346,123,77,66
346,123,77,66
346,123,77,66
346,123,77,66
346,123,77,66
346,122,77,66
346,122,77,65
346,122,77,65
345,122,77,65
345,122,77,65
345,122,77,65
345,122,77,65
345,122,77,64
344,122,78,64
344,122,78,64
343,122,78,64
343,122,79,64
342,122,80,64
340,121,80,64
340,121,80,64
338,122,83,64
335,121,85,63
332,121,88,63
329,121,90,63
325,120,92,63
322,120,94,63
317,118,99,64
312,119,102,64
306,118,106,64
300,120,109,63
293,119,113,62
287,119,117,62
282,119,119,63
277,118,122,63
269,118,128,63
264,118,130,62
259,118,132,62
253,118,134,62
246,119,137,61
241,119,138,61
235,119,140,61
228,119,142,61
222,119,144,61
215,119,146,60
207,119,149,60
201,119,150,60
195,120,151,59
189,120,152,59
183,120,153,58
174,120,155,58
165,120,157,58
157,119,158,58
151,119,158,59
144,118,159,59
137,118,159,59
129,118,160,59
120,117,160,59
115,119,161,58
110,118,160,60
105,118,159,60
98,118,159,61
92,119,160,61
85,118,160,63
79,119,160,63
73,119,160,63
67,119,161,62
64,119,164,63
98,119,157,63
125,119,165,64
148,119,160,64
176,119,155,65
171,119,151,65
168,119,146,67
165,119,144,66
163,122,140,66
164,121,132,66
162,122,130,66
161,123,124,66
162,124,118,67
164,125,112,68
165,125,106,69
166,126,100,69
168,126,94,70
168,126,93,71
168,87,92,71
168,83,88,71
169,82,85,72
170,84,83,72
172,84,82,73
172,85,82,74
173,87,82,75
173,88,83,75
172,88,83,77
172,90,84,78
171,92,85,78
170,93,86,79
169,95,87,80
169,96,88,81
168,98,89,82
167,100,90,83
166,101,91,83
166,103,92,84
165,105,93,85
165,106,94,88
164,109,95,89
163,111,97,90
163,113,98,90
163,116,100,92
164,119,101,93
164,122,103,95
166,125,104,97
167,127,105,98
169,130,107,100
171,134,110,102
173,137,113,105
177,140,114,107
180,143,115,107
184,146,118,110
189,150,121,113
194,155,126,117
199,159,130,121
204,163,136,124
212,169,144,129
221,175,152,134
230,181,159,139
239,187,166,144
245,190,172,149
255,197,181,152
266,204,192,158
281,212,200,163
296,218,211,170
314,227,222,178
332,236,234,185
350,248,250,192
372,259,258,202
397,273,232,200
