129,231,27,52
129,231,26,52
128,231,26,53
128,231,25,53
127,231,25,53
127,232,24,53
126,232,24,52
125,233,24,51
124,234,24,50
123,234,24,49
122,235,23,48
120,235,24,48
118,234,24,49
117,234,25,50
115,234,25,51
114,234,25,51
112,235,25,51
111,235,24,52
110,236,24,52
108,236,23,52
107,236,24,52
106,236,25,52
105,236,25,52
104,236,26,52
103,236,27,52
103,236,25,52
103,237,24,53
103,237,23,53
103,237,21,53
103,237,20,53
101,237,21,53
100,238,22,53
98,238,23,53
96,238,24,52
95,238,24,52
93,239,25,52
91,240,25,52
90,240,26,52
88,241,26,52
86,242,27,52
85,242,26,51
84,243,26,50
83,244,25,49
82,244,25,49
80,245,24,48
79,245,25,49
77,244,25,51
76,244,26,52
74,244,26,54
73,244,27,55
72,244,26,55
71,244,26,55
69,244,26,55
68,244,26,55
67,244,25,55
65,244,26,55
63,245,27,54
61,246,27,53
58,246,28,53
56,247,29,52
55,247,29,53
53,247,28,53
51,247,28,54
50,247,28,55
48,247,28,55
50,248,28,55
50,250,28,55
59,252,28,54
75,252,28,54
92,252,28,53
107,250,27,54
130,250,26,54
144,251,26,55
152,247,25,55
151,245,24,55
149,245,25,56
146,245,25,57
143,245,26,57
141,245,26,58
138,245,27,59
137,246,26,59
136,247,26,58
135,248,25,58
135,248,25,58
134,249,24,58
130,250,26,57
126,250,28,57
122,250,30,56
119,250,31,56
115,250,33,55
114,250,33,55
112,250,32,55
111,250,32,55
110,250,31,55
108,250,31,54
107,251,31,55
105,251,31,56
104,251,30,57
102,251,30,58
100,252,30,59
99,252,30,59
97,252,30,60
96,253,30,60
94,253,30,61
93,254,30,61
91,254,31,60
89,254,33,60
87,254,34,59
86,255,35,58
84,255,37,58
84,255,36,58
84,255,35,59
84,255,34,59
84,255,33,59
84,255,32,60
84,255,32,60
85,256,31,60
85,256,31,61
86,257,30,61
86,257,30,61
86,258,28,61
87,258,26,61
87,258,25,62
88,259,23,62
88,259,21,62
88,260,21,61
88,260,22,60
88,261,22,59
87,261,22,59
87,262,22,58
86,261,23,58
85,260,24,58
84,260,25,58
84,259,26,58
83,258,27,58
83,258,27,58
83,258,27,58
83,258,27,58
83,258,27,58
83,258,27,58
83,260,27,58
84,262,27,58
85,264,27,58
85,265,27,58
86,267,27,58
86,268,26,58
86,269,26,58
86,270,26,58
86,272,26,58
86,273,25,58
85,273,25,58
83,273,25,58
82,273,25,58
81,273,25,58
79,273,25,58
80,273,25,59
80,273,25,59
80,273,24,60
80,273,24,61
80,273,23,62
80,273,24,62
79,273,24,63
78,273,25,63
78,273,25,63
77,273,25,63
78,273,25,63
78,273,25,63
78,273,25,63
79,273,25,63
79,273,25,63
79,273,25,63
78,274,25,62
77,275,25,61
77,275,25,61
76,276,25,60
76,276,25,61
76,277,25,62
76,277,24,63
76,278,24,64
76,278,23,65
75,279,23,65
75,279,23,65
74,280,23,65
73,280,23,65
73,280,23,65
72,281,23,66
72,281,23,67
71,281,23,67
71,281,23,68
71,282,23,69
71,282,23,69
71,282,23,69
71,282,23,69
71,282,23,69
71,282,23,69
69,282,24,69
68,282,25,70
67,282,26,70
65,282,27,71
64,283,28,71
75,283,28,71
86,284,28,70
98,284,28,70
109,284,28,69
120,285,28,69
119,285,28,69
118,286,29,68
116,286,29,68
115,287,29,68
114,287,30,68
114,288,30,68
115,288,30,68
116,289,30,68
116,290,30,68
117,290,30,68
116,291,30,68
116,292,30,68
115,292,30,68
114,293,30,69
114,294,30,69
113,295,30,68
113,296,31,68
112,297,31,67
112,298,32,67
112,299,32,67
109,300,31,67
107,301,30,68
104,301,29,69
102,302,29,70
99,303,28,71
99,303,28,71
99,303,28,71
99,303,28,71
99,303,28,71
99,303,28,71
97,304,28,71
95,305,28,71
93,307,28,71
91,308,28,71
89,309,28,71
89,309,28,71
88,310,28,71
88,310,28,71
88,310,28,71
87,310,28,71
84,311,28,71
81,311,28,71
78,311,28,71
76,311,28,71
73,311,28,71
73,311,28,71
73,311,28,71
73,311,28,71
73,311,28,71
73,311,28,71
70,312,28,73
68,312,28,74
65,312,28,76
63,312,28,78
61,313,28,80
59,313,28,81
58,313,28,82
57,313,28,83
55,313,29,84
54,313,29,85
50,313,31,86
47,313,33,86
43,314,35,86
40,314,38,86
36,315,40,86
36,313,39,86
37,311,38,86
37,309,37,86
37,307,36,86
37,305,35,86
38,303,36,86
38,302,37,86
39,301,38,86
39,299,39,86
39,298,40,86
41,298,39,86
43,298,38,86
44,298,37,86
46,298,35,86
47,298,34,85
55,299,34,85
63,300,34,85
71,301,34,85
79,302,34,85
87,303,34,85
110,300,34,85
125,300,34,85
125,300,34,85
125,300,34,85
125,300,34,85
125,301,34,85
124,301,34,85
124,302,34,85
124,302,34,85
124,303,34,85
124,304,34,87
125,306,34,88
125,307,34,89
126,309,34,91
126,310,34,92
123,310,36,92
120,310,38,93
117,310,40,93
114,310,41,94
112,310,43,94
110,312,43,95
109,314,43,96
108,316,43,98
107,317,43,99
106,319,43,100
104,320,43,100
101,321,43,101
99,321,43,101
96,322,43,102
94,323,43,102
91,324,44,102
88,325,44,102
84,327,45,103
81,328,45,103
78,329,45,103
73,326,46,103
67,322,46,103
62,319,46,102
56,315,46,102
51,311,47,102
51,312,47,103
51,313,47,105
51,314,48,106
51,315,48,107
51,316,49,109
61,316,49,109
71,317,49,109
80,317,49,109
90,318,49,109
100,318,49,109
116,318,49,109
131,318,49,109
146,317,49,109
162,317,49,109
177,317,49,109
180,319,50,108
184,321,51,106
188,324,51,105
191,326,52,104
195,328,53,103
186,328,54,105
178,327,55,108
169,327,56,110
161,326,57,112
153,326,58,114
148,327,57,114
143,327,57,113
138,328,56,113
133,329,56,112
128,329,55,112
136,329,56,110
145,329,56,109
153,329,57,107
161,329,57,106
169,329,58,104
179,329,57,104
189,328,56,104
198,328,55,104
208,327,54,104
218,327,53,104
226,327,53,104
234,326,53,104
242,326,53,104
250,325,53,104
258,325,53,104
268,325,53,104
278,325,52,104
288,325,51,104
298,325,51,104
308,325,50,104
316,322,51,104
325,319,51,104
333,315,52,104
341,312,53,104
350,309,53,104
359,310,53,106
368,311,52,107
378,313,52,109
387,314,51,110
396,315,51,112
392,315,52,111
388,314,53,110
383,314,54,109
379,314,55,108
374,314,55,108
366,311,55,108
358,309,55,109
350,306,55,110
342,304,55,110
334,301,54,111
327,301,55,110
319,301,55,110
311,300,55,110
303,300,55,109
296,299,55,109
290,298,55,109
284,297,55,110
278,296,55,110
272,295,55,110
266,294,55,111
260,293,55,111
254,293,55,111
248,292,55,111
242,292,55,111
236,291,55,111
228,292,55,111
221,292,55,111
214,293,55,111
208,291,55,111
202,290,55,111
197,289,55,111
194,289,55,111
192,287,55,111
189,285,55,111
184,283,55,111
179,279,55,111
171,275,55,111
165,273,55,111
162,271,55,111
165,287,45,95
154,289,49,89
153,287,51,90
150,283,47,92
151,293,41,84
147,289,44,90
149,286,40,93
145,285,40,89
158,288,40,88
151,288,37,82
146,292,38,84
149,292,33,78
144,290,38,80
141,293,37,81
140,292,33,83
138,300,39,79
148,301,42,74
159,295,39,74
168,292,35,75
178,288,34,74
190,287,38,72
206,289,34,65
220,287,29,70
229,275,34,74
243,289,32,65
245,277,30,70
272,271,30,72
272,271,25,67
281,274,27,62
282,270,25,62
284,257,25,69
296,267,25,68
300,264,24,62
314,260,20,64
328,257,23,65
337,255,24,63
346,258,21,62
342,260,21,59
339,252,23,61
332,241,21,61
333,237,25,62
330,235,22,62
336,239,20,58
333,235,20,60
328,238,19,56
309,233,28,65
308,232,29,66
306,230,30,68
304,229,30,69
302,227,31,70
301,226,31,72
299,224,32,73
297,223,33,74
295,222,33,75
294,220,34,77
292,219,35,78
291,219,35,77
290,219,34,77
289,219,34,76
288,219,34,76
287,219,34,75
285,219,34,75
284,220,34,75
282,221,34,74
280,221,33,74
278,222,33,73
277,222,33,73
276,223,33,72
276,223,33,72
275,224,33,71
274,224,33,71
274,224,33,70
274,224,32,70
274,224,32,69
274,224,32,69
274,224,32,68
274,224,32,68
274,224,32,68
274,224,32,68
273,224,33,68
273,224,33,68
273,223,33,68
273,223,33,68
272,223,33,67
272,223,33,67
272,223,33,67
267,222,34,69
262,221,35,70
258,220,35,71
253,219,36,73
248,218,37,74
246,218,37,74
243,218,37,73
241,219,37,73
239,219,37,73
236,219,37,73
235,219,37,72
233,219,37,72
231,219,37,72
230,219,37,72
228,219,37,71
226,220,37,71
222,219,37,71
215,221,37,71
210,222,37,70
205,223,37,70
195,225,37,70
190,225,37,70
184,224,36,69
179,224,36,69
169,222,36,69
158,221,36,69
148,220,36,68
146,224,36,68
143,227,36,68
141,231,36,67
151,231,36,67
162,231,36,67
172,231,36,67
190,231,36,66
208,230,36,66
224,226,36,66
239,222,36,66
254,219,36,65
240,215,36,65
257,209,36,65
273,209,36,65
279,211,36,64
284,213,36,64
278,213,36,64
259,212,36,64
257,205,36,63
261,202,36,63
251,202,35,63
238,197,35,62
228,202,35,62
224,201,35,62
220,199,35,62
216,197,35,61
211,195,35,61
207,194,35,61
205,195,35,61
202,196,35,60
199,197,35,60
196,198,35,60
194,199,35,60
183,193,35,59
175,202,35,59
172,205,35,59
171,208,35,59
172,210,35,58
160,215,35,58
156,213,35,58
152,211,35,57
148,209,35,57
144,208,35,57
139,206,35,57
125,216,34,56
120,216,34,56
113,215,34,56
105,214,34,56
98,214,34,55
91,213,34,55
83,212,34,55
76,211,34,55
69,211,34,54
61,210,34,54
54,209,34,54
47,208,34,54
47,207,34,53
58,206,34,53
70,204,34,53
82,203,34,52
94,202,34,52
106,200,34,52
117,199,34,52
129,198,34,51
141,196,34,51
153,195,34,51
171,195,32,51
190,194,31,51
209,194,30,51
227,194,29,51
231,192,33,50
230,191,33,49
229,190,33,49
228,188,33,49
225,186,32,49
222,184,31,49
219,182,29,49
215,180,28,49
212,177,27,49
209,175,25,49
204,174,25,49
198,173,25,49
192,172,25,49
187,171,25,49
183,168,25,49
178,166,25,49
174,163,25,49
170,161,25,49
166,159,25,49
161,156,25,49
158,155,25,49
156,154,25,49
153,153,25,49
147,153,25,50
142,152,25,51
137,152,25,51
132,152,25,52
127,152,25,53
124,151,28,53
121,150,30,53
118,149,32,53
116,148,34,53
113,147,37,53
126,146,37,54
139,145,37,55
152,143,37,57
165,142,37,58
178,141,37,59
186,139,37,59
194,138,37,59
203,137,37,59
211,135,37,59
219,134,37,59
215,132,37,59
211,130,37,59
206,127,37,59
202,125,37,59
198,123,37,59
196,122,37,59
193,121,37,60
191,120,37,60
188,119,37,61
186,117,37,61
182,117,37,61
179,117,37,61
176,117,37,61
173,117,37,61
169,116,37,61
165,114,37,61
162,111,37,62
158,108,37,62
154,106,37,63
150,103,37,63
147,102,37,63
144,100,37,64
140,99,37,64
137,98,37,64
134,96,37,64
129,95,37,64
124,93,37,64
120,92,37,64
115,90,37,64
110,89,37,64
110,89,33,64
110,89,29,64
110,89,25,64
