330,216,34,90
309,219,49,92
302,219,46,89
298,219,34,91
292,222,37,87
284,217,45,93
279,219,48,93
268,220,37,94
260,221,35,93
245,221,49,93
239,221,49,94
234,225,39,90
223,222,35,94
214,224,44,94
201,222,55,96
188,227,53,92
188,226,46,92
185,230,39,87
160,231,48,93
153,234,51,94
154,231,44,96
144,235,38,92
138,235,34,90
128,234,34,90
116,241,37,90
107,228,36,93
126,243,50,99
151,235,40,96
132,235,57,99
126,239,52,99
115,235,49,95
100,231,43,97
106,235,48,93
92,243,40,93
90,240,46,95
115,242,49,93
132,242,48,93
145,240,46,93
185,236,41,91
157,246,45,93
157,246,50,91
157,246,50,91
185,257,43,89
184,253,45,95
162,240,49,93
157,242,46,93
151,242,49,93
146,244,33,89
130,243,38,90
118,243,50,89
110,242,45,90
112,250,34,90
102,250,33,89
81,253,53,88
73,255,54,88
77,253,43,88
106,252,37,94
129,244,50,90
151,250,54,90
179,250,46,89
212,251,35,84
236,250,39,89
222,252,54,89
218,255,50,89
221,251,34,92
209,252,34,92
189,252,51,91
180,252,53,90
183,251,36,92
173,251,34,91
152,251,49,92
143,252,55,93
140,253,51,91
136,256,37,92
151,250,44,98
172,247,60,101
205,245,49,104
226,250,36,96
254,249,36,96
272,251,56,98
276,255,51,95
270,256,45,93
262,251,35,99
248,253,48,96
237,251,54,97
228,256,51,97
228,254,39,97
214,254,44,94
200,257,57,93
202,258,51,92
197,257,44,94
184,256,37,98
176,259,48,93
166,258,53,93
160,259,49,93
153,258,38,98
142,259,40,93
131,260,52,93
122,261,51,93
142,258,43,95
160,259,43,93
186,258,52,92
210,260,55,92
238,258,44,93
267,259,33,91
299,257,35,93
288,256,50,89
280,256,55,91
279,253,37,94
268,259,34,93
248,257,54,91
245,257,50,91
244,259,38,93
236,256,30,94
232,259,31,90
222,261,39,88
211,259,36,90
202,259,34,83
194,261,34,81
185,262,37,79
180,262,40,80
172,262,33,76
162,262,33,74
156,262,29,74
146,266,26,69
131,267,33,72
149,267,29,72
170,266,28,68
195,267,32,70
217,267,28,66
251,263,27,78
271,262,31,71
295,261,45,88
295,267,46,94
293,266,40,89
285,266,40,89
276,267,44,93
264,267,54,91
259,267,53,91
256,265,39,93
253,266,30,93
234,267,48,92
222,270,57,93
220,267,47,93
218,268,34,90
207,267,39,93
193,269,54,93
189,270,52,91
187,269,41,94
179,266,37,98
168,268,43,94
156,270,53,93
150,270,51,96
155,270,34,95
140,270,39,93
134,273,44,93
128,273,37,87
120,271,33,95
111,268,37,100
90,274,54,93
89,275,54,93
86,274,43,97
107,274,34,93
126,274,43,98
159,274,51,94
184,276,44,94
217,272,39,98
240,275,49,97
275,272,51,96
310,277,45,96
335,274,40,98
333,272,37,97
330,273,40,97
323,274,41,97
320,277,37,98
309,275,43,101
296,276,51,99
289,278,51,99
290,275,46,102
292,275,39,103
286,278,40,103
285,282,37,103
284,281,34,101
270,283,40,103
261,283,47,101
253,288,51,102
251,291,49,101
251,290,47,103
251,292,41,100
242,294,46,102
235,294,45,105
234,292,37,107
223,293,45,104
215,295,47,103
206,296,50,105
206,297,48,104
202,295,44,108
198,296,45,110
188,300,51,107
184,302,43,108
179,300,43,108
168,301,49,109
159,304,53,109
153,306,53,109
151,304,49,110
153,305,40,111
134,309,56,108
133,308,46,111
131,308,38,111
120,302,43,113
124,303,65,114
164,304,57,114
187,304,50,112
220,301,46,112
250,302,43,114
260,300,45,115
253,309,47,114
248,309,40,112
236,309,47,114
227,313,50,111
215,315,57,114
211,314,51,116
215,314,39,118
201,316,48,117
188,317,61,118
189,318,50,118
178,319,44,118
160,319,53,119
150,323,56,118
148,321,44,122
139,322,43,121
128,323,51,121
116,325,57,119
106,324,48,121
133,325,48,119
139,330,57,119
165,331,52,116
193,330,43,121
219,324,60,125
240,325,72,119
261,328,61,121
283,327,56,124
315,327,60,121
317,329,62,119
304,326,51,121
298,325,55,124
284,326,62,124
277,327,61,120
265,325,48,122
252,324,52,123
232,326,69,119
231,327,63,116
225,323,45,122
209,320,57,119
190,324,59,117
190,324,59,117
182,320,46,119
172,320,40,119
157,319,55,119
146,321,63,118
142,322,52,116
130,320,46,117
120,320,50,119
111,321,55,114
102,318,44,114
99,316,39,116
80,317,52,114
76,317,55,114
74,315,48,114
86,312,39,115
98,312,63,114
132,314,56,111
156,311,51,111
198,304,46,113
230,305,47,110
226,305,52,109
219,304,47,107
211,301,47,110
203,303,55,103
196,302,57,98
188,300,51,105
187,297,45,109
176,299,47,104
173,299,47,106
166,297,44,104
159,295,51,101
150,297,57,103
144,295,60,105
144,294,45,103
139,290,47,107
137,291,36,102
129,293,44,103
124,290,40,103
120,288,37,102
111,288,47,101
103,287,50,103
99,284,48,104
90,283,47,102
89,283,39,101
82,285,45,103
80,283,40,101
74,280,38,101
70,279,41,101
69,282,43,98
65,281,39,101
61,279,39,96
57,276,38,100
55,278,35,98
48,278,38,100
46,277,35,98
40,276,36,96
35,274,36,98
32,275,40,99
26,275,44,97
24,272,36,104
15,270,39,92
14,272,35,88
9,272,33,86
0,269,39,88
0,268,40,88
