372,435,55,57
368,414,55,57
360,390,49,51
346,362,49,51
329,355,49,51
291,335,63,61
277,341,55,51
250,341,55,51
226,339,61,61
216,343,57,61
210,343,55,55
200,343,55,55
202,346,55,54
204,349,55,53
218,357,65,51
240,372,65,51
271,378,65,57
299,404,65,57
321,420,65,57
352,445,65,57
376,447,65,57
394,410,65,57
404,398,65,57
413,398,65,53
425,398,65,53
439,392,55,45
434,396,58,46
429,400,61,47
425,414,61,47
398,443,61,47
382,467,61,47
376,467,61,47
350,439,61,47
340,428,61,47
333,404,57,47
327,404,57,47
299,418,47,43
290,421,44,42
293,419,43,44
293,424,36,42
291,431,47,45
289,444,52,55
287,457,57,51
287,473,55,53
287,465,55,53
287,445,49,49
285,437,49,49
277,432,49,49
271,428,49,49
271,430,49,49
271,433,49,49
271,435,49,49
269,439,49,49
269,457,49,51
269,461,49,59
262,461,59,55
265,455,53,55
265,451,47,47
256,443,47,47
240,443,55,47
241,446,53,47
242,449,51,46
244,451,49,45
242,461,57,47
242,475,57,47
238,472,57,47
234,469,57,47
234,459,57,47
226,451,57,47
234,451,57,55
236,453,57,55
248,465,53,55
254,473,53,55
260,465,55,55
264,457,55,57
265,451,55,53
269,447,59,59
280,450,59,59
283,453,59,59
289,455,57,63
279,455,69,65
293,459,55,61
293,459,65,69
299,465,59,63
299,467,59,61
305,471,59,61
308,470,59,61
311,469,59,61
313,479,50,51
315,473,57,57
319,469,55,57
323,469,53,53
327,469,49,53
333,469,51,53
333,467,55,55
336,467,55,55
338,467,55,55
342,467,55,55
342,467,63,55
348,467,57,55
349,467,57,55
350,467,57,55
350,467,57,55
351,467,57,55
352,467,57,55
352,467,57,55
352,467,57,55
352,467,58,55
352,467,58,55
352,467,58,55
352,467,59,55
352,467,59,55
352,467,59,55
348,469,59,55
345,469,61,55
342,469,63,55
338,469,63,55
329,475,63,53
326,474,63,53
323,473,63,53
322,473,62,52
320,472,62,51
319,472,61,50
318,471,60,49
317,471,59,47
319,467,59,51
313,455,59,53
315,443,59,53
314,442,59,53
313,441,59,53
317,432,59,53
317,428,59,53
321,428,59,53
325,416,59,51
331,410,59,51
337,404,57,47
344,402,57,47
348,398,57,47
354,392,57,51
360,392,57,47
364,388,53,47
364,380,53,51
368,380,59,51
370,372,59,49
374,366,57,57
374,366,57,51
374,364,57,51
374,362,57,51
374,351,51,51
372,345,49,47
372,343,47,47
374,333,49,55
372,327,51,57
370,321,55,61
374,319,55,55
374,315,57,59
382,313,49,51
386,311,49,51
386,309,51,51
386,303,51,53
388,299,51,49
390,293,49,55
390,289,49,55
390,280,49,55
392,274,49,55
391,274,49,55
391,275,49,55
391,276,49,55
391,277,49,55
390,278,49,55
390,278,49,55
390,279,49,55
390,280,49,55
389,281,49,55
389,282,49,55
389,282,49,55
389,283,49,55
388,284,49,55
388,285,49,55
388,286,49,55
388,286,49,55
388,287,49,54
388,288,49,53
388,288,49,53
388,289,49,52
388,289,49,51
386,289,51,51
380,291,55,51
372,291,63,51
370,299,59,51
362,299,59,47
357,299,59,48
352,299,59,49
348,299,59,49
344,299,59,49
337,297,59,49
331,299,59,49
325,295,63,53
321,295,61,53
315,295,59,53
309,291,59,49
305,289,59,47
299,284,63,53
295,280,59,55
296,281,59,55
297,283,59,55
298,284,59,55
299,286,59,55
301,299,57,49
295,317,57,49
295,347,57,49
305,374,57,49
304,409,57,49
296,433,57,49
291,319,57,49
291,314,57,49
291,309,57,49
289,307,57,49
288,305,57,49
286,303,57,49
285,301,57,49
283,299,57,49
281,297,57,49
279,297,57,49
278,296,56,49
276,295,56,49
275,293,55,48
274,292,54,48
272,290,53,48
271,289,52,48
269,288,51,47
242,284,57,47
236,280,57,47
228,280,57,51
222,280,57,51
220,284,51,51
220,286,51,49
220,288,51,47
230,305,51,47
244,319,51,47
260,333,51,49
281,353,51,49
309,372,51,49
323,343,51,49
344,342,50,49
366,341,49,49
388,340,48,49
410,339,47,48
432,338,46,48
453,337,45,48
457,330,44,48
465,321,43,47
471,311,43,47
477,302,43,47
482,293,43,47
485,294,43,47
488,295,43,47
482,289,43,47
479,289,43,47
476,296,51,41
465,303,43,47
453,321,43,47
433,337,43,47
398,404,43,47
380,421,43,47
362,437,43,47
340,449,43,47
325,432,43,47
293,408,43,47
275,398,43,47
264,384,43,47
234,366,43,47
224,359,53,47
218,355,53,47
221,356,55,47
224,357,57,47
232,357,57,51
244,372,53,43
271,388,53,43
283,394,53,43
327,428,53,43
348,441,53,43
366,449,53,43
378,435,53,43
396,410,53,49
408,390,53,49
421,380,53,43
429,364,57,47
435,359,57,47
435,351,57,47
441,343,57,47
443,337,53,43
441,335,53,43
427,339,63,43
415,351,63,37
404,361,63,41
384,382,63,41
360,400,63,41
348,418,51,41
327,441,51,41
311,465,49,41
309,463,43,41
275,445,43,41
262,433,43,41
250,430,47,36
246,430,47,36
236,428,47,39
230,426,47,39
230,426,47,45
230,437,47,43
237,454,47,43
243,470,47,43
250,459,47,43
250,450,47,40
251,441,47,37
256,432,43,39
256,432,43,36
258,436,43,36
261,441,43,36
264,445,43,36
277,449,43,36
277,443,43,36
276,436,43,36
275,430,43,36
275,420,43,36
275,410,43,36
272,381,43,36
271,379,43,36
270,376,43,36
268,374,43,36
267,372,43,36
264,369,43,36
261,365,43,36
265,364,43,36
268,363,43,36
272,359,43,36
276,356,43,36
281,358,43,36
286,354,43,36
291,351,43,36
295,349,43,36
313,390,43,36
312,402,43,36
311,413,43,36
311,425,43,36
310,437,43,36
309,448,43,36
303,450,47,41
290,434,47,41
278,418,47,40
266,402,46,40
254,386,46,39
242,370,46,39
229,354,45,38
217,338,45,38
208,330,44,37
199,322,44,37
190,315,44,36
181,307,43,36
174,303,43,36
167,299,43,36
162,295,45,37
157,291,47,39
156,287,45,38
155,282,43,37
154,280,47,38
161,282,43,36
166,282,43,36
170,283,43,36
175,284,43,36
186,286,43,36
196,289,43,36
202,289,43,36
207,290,43,36
212,291,43,36
227,292,43,36
227,293,43,36
227,293,43,36
226,293,43,36
226,294,43,36
226,294,43,36
226,294,43,36
225,295,43,36
225,295,43,36
225,295,43,36
224,295,43,36
224,296,43,36
224,296,43,36
224,296,43,36
223,297,43,36
223,297,43,36
223,297,43,36
223,298,43,36
222,298,43,36
222,298,43,36
225,298,43,36
227,299,43,36
230,299,43,36
231,300,43,36
232,301,43,36
234,301,43,36
235,302,43,36
236,303,43,36
238,307,43,36
241,310,43,36
243,324,43,36
246,339,43,36
252,359,43,36
252,385,43,36
252,412,43,36
252,441,43,36
256,461,45,43
248,439,45,43
244,420,45,43
242,392,45,43
234,376,45,43
234,359,45,43
238,341,45,43
236,327,45,43
239,318,47,43
242,309,48,43
246,299,49,43
247,293,49,42
248,286,48,41
250,280,47,39
250,272,53,39
256,270,51,41
260,270,47,39
271,270,47,47
275,276,45,43
285,276,43,47
291,284,45,51
303,291,45,51
311,313,45,47
319,329,49,47
325,359,45,47
335,384,45,47
340,414,45,47
344,441,45,47
346,445,45,47
338,424,45,47
323,400,45,47
317,382,45,47
313,361,43,43
307,349,43,43
308,350,43,43
309,352,43,43
311,354,43,43
312,355,43,43
313,357,43,43
315,359,43,43
316,361,43,43
317,362,43,43
318,364,43,43
320,366,43,43
321,367,43,43
322,369,43,43
323,371,43,43
325,372,43,43
331,384,43,43
340,408,43,43
350,461,43,43
350,447,43,43
350,433,43,43
346,414,43,43
342,394,43,43
337,376,43,43
333,362,43,43
331,347,43,43
331,339,43,43
331,331,43,43
331,325,43,43
331,325,51,43
336,325,46,43
340,325,41,43
342,335,41,43
348,351,41,43
350,364,43,43
348,384,43,43
346,407,43,43
344,429,43,42
342,451,43,41
338,445,43,41
333,418,43,41
333,400,43,43
331,392,43,43
325,388,43,43
319,388,43,43
319,390,43,43
319,392,43,43
319,393,43,43
319,395,43,43
319,397,43,43
319,398,43,43
319,400,43,43
319,408,43,43
329,433,43,43
329,461,43,43
327,459,43,43
315,422,43,43
301,412,47,39
295,404,47,39
291,388,47,39
285,374,47,45
279,372,47,45
281,375,47,45
282,378,47,45
283,380,47,45
287,386,47,45
293,408,47,45
301,424,47,45
313,459,47,45
314,448,47,45
315,437,47,45
315,418,47,45
315,417,47,45
316,415,47,45
316,414,47,45
317,413,47,45
317,412,47,45
318,411,47,45
318,410,47,45
319,409,47,45
319,408,47,45
320,407,47,45
314,423,47,45
308,440,47,45
303,457,47,45
292,448,47,45
281,439,47,45
275,426,47,45
266,416,47,45
258,406,47,45
253,402,47,45
249,398,47,45
245,394,47,45
240,390,47,45
236,386,47,45
241,392,47,45
247,397,47,45
252,402,47,45
258,408,47,45
273,423,47,45
288,438,47,45
303,453,47,45
313,461,47,45
318,452,46,44
323,442,44,43
329,432,43,42
334,423,41,41
335,421,41,41
336,420,41,41
336,418,40,41
337,416,40,40
338,415,40,40
339,413,39,40
340,411,39,39
341,410,39,39
328,441,39,37
323,459,40,42
322,462,41,43
312,454,42,44
302,445,43,44
292,436,44,44
282,427,45,45
272,419,46,45
262,410,47,45
256,405,47,45
250,404,47,45
245,400,49,49
248,396,49,48
251,399,48,47
254,402,47,45
265,412,47,44
276,422,47,43
287,432,47,41
297,445,45,49
312,458,46,47
317,459,47,41
334,446,41,40
339,429,42,40
339,417,42,40
339,404,42,41
336,400,43,41
333,396,43,41
333,393,43,41
332,391,44,42
332,388,44,42
331,386,44,42
331,383,45,43
339,395,41,37
330,408,42,39
322,422,43,40
314,436,44,41
306,450,45,43
298,464,46,44
289,449,47,45
281,439,47,45
273,430,47,45
260,423,47,45
254,420,47,45
248,418,47,45
244,408,47,45
236,407,45,43
241,410,45,43
245,413,45,43
250,416,45,43
255,419,45,43
266,424,57,49
278,433,55,45
300,445,49,47
314,456,47,43
323,463,47,43
333,448,47,43
342,441,45,40
352,433,43,37
355,431,42,37
358,430,41,37
360,429,40,37
363,427,39,37
366,426,38,37
364,433,38,37
363,440,38,37
361,457,38,41
358,450,38,41
356,444,38,41
351,435,38,41
355,440,38,41
359,446,38,41
362,457,38,41
363,452,38,41
363,447,38,41
359,434,38,41
358,430,38,41
359,433,39,43
359,436,40,45
365,451,40,45
366,447,40,45
368,444,40,45
365,427,40,45
365,422,36,43
367,423,36,43
370,423,37,43
369,448,41,41
369,455,41,41
368,452,41,41
360,432,41,41
353,417,41,41
353,410,41,41
352,402,41,41
354,395,41,41
353,383,41,41
357,374,41,41
356,358,41,41
360,346,37,43
361,338,41,45
361,334,41,45
360,325,41,43
358,323,49,39
351,319,51,39
352,322,51,39
352,325,51,39
353,327,51,39
353,330,51,39
365,348,51,39
370,369,51,39
379,392,47,45
392,435,47,45
402,456,47,45
401,457,47,45
400,442,47,45
393,413,47,44
383,385,47,44
378,361,47,44
377,346,47,44
371,332,47,44
370,318,47,44
367,312,47,44
363,302,47,42
362,300,43,42
367,296,43,42
369,295,43,42
370,294,43,42
375,294,43,42
377,294,43,42
376,292,43,42
375,284,43,42
374,276,43,42
378,274,43,42
376,270,43,42
374,267,43,42
368,265,43,42
363,263,43,42
355,263,43,42
347,263,43,42
339,264,43,42
314,276,43,42
289,288,43,42
292,316,44,42
296,344,44,42
299,372,44,42
303,401,44,42
306,429,44,42
310,457,44,42
293,434,44,42
285,406,40,44
281,389,40,44
267,368,40,44
260,355,40,44
252,341,40,44
245,327,40,44
238,314,40,44
230,300,40,44
230,297,40,43
230,294,40,43
230,291,40,43
229,288,40,43
238,286,40,43
250,284,41,43
262,283,41,43
274,281,41,43
286,279,41,43
298,278,41,43
310,276,41,43
314,276,41,43
317,275,41,43
321,275,41,43
321,275,44,43
320,275,46,43
320,275,49,43
319,275,51,43
319,276,51,44
318,277,51,45
318,279,51,46
317,280,51,47
317,280,52,47
316,280,52,47
316,280,53,46
313,281,54,46
311,283,55,46
308,284,56,46
306,285,57,46
303,286,58,46
302,286,58,46
302,286,58,46
301,286,58,46
300,286,58,46
299,285,58,46
298,285,58,46
297,285,58,46
296,285,57,46
297,285,57,45
299,286,57,45
300,286,57,45
301,287,57,45
306,285,57,45
312,287,57,45
317,287,57,41
320,287,58,41
328,283,58,45
335,281,58,43
342,281,56,43
351,276,56,41
359,274,52,39
366,272,56,41
372,263,56,41
374,263,55,38
376,263,55,36
378,264,55,33
380,264,55,31
382,265,51,35
380,271,51,35
380,281,51,37
380,301,51,35
380,309,51,35
371,324,51,35
368,356,51,35
365,388,51,35
362,420,50,36
359,452,50,36
352,429,39,36
354,408,39,36
331,369,39,36
322,356,39,36
312,344,39,36
312,335,49,36
299,312,51,50
288,304,46,50
284,295,44,44
280,291,48,47
274,287,48,47
269,294,47,46
264,301,46,44
260,307,46,43
254,332,46,43
254,361,46,43
251,392,46,42
245,429,46,42
244,460,46,42
239,461,50,48
234,446,50,48
225,433,50,48
223,395,50,47
218,373,50,47
212,360,42,43
211,348,42,35
211,330,44,37
209,320,44,37
212,311,44,37
220,308,44,37
219,303,45,37
223,303,45,37
229,302,45,41
227,309,45,41
232,336,45,41
234,353,45,41
242,378,45,41
248,402,47,47
257,449,47,46
264,453,47,46
261,449,47,45
259,403,47,45
260,382,47,44
263,362,38,42
262,347,39,41
269,333,40,37
269,320,41,38
269,312,40,38
269,302,42,32
269,298,44,35
269,294,46,37
269,289,47,39
