314,128,34,73
311,127,34,75
308,128,35,74
308,125,31,77
301,128,36,78
296,129,36,77
290,130,35,76
288,129,32,79
286,130,32,79
278,133,33,76
276,130,35,78
273,129,34,83
269,132,36,82
264,132,35,81
260,132,38,82
258,130,36,82
254,133,35,82
250,135,36,82
245,134,36,82
244,134,36,82
242,135,36,81
240,136,37,82
238,138,35,81
235,139,36,82
231,136,36,87
231,136,36,85
228,140,39,83
226,140,39,85
225,140,38,85
225,141,36,84
223,145,35,83
220,143,34,86
218,143,36,85
214,144,38,84
212,145,38,85
212,146,36,84
211,146,37,87
209,145,36,87
207,148,34,87
204,150,37,87
202,150,39,87
199,149,38,88
197,149,43,90
197,153,36,89
216,153,40,88
244,155,37,84
255,154,48,87
252,156,45,90
249,159,48,90
247,160,48,91
247,161,43,90
242,161,44,92
248,166,41,92
246,166,44,93
246,165,43,91
246,167,39,91
244,167,41,93
242,167,49,93
237,167,54,92
236,167,54,93
236,168,53,95
236,171,50,94
234,172,52,93
233,170,47,95
233,169,44,99
232,172,45,97
230,176,45,94
228,176,47,96
228,175,44,98
229,176,40,98
227,177,47,100
227,177,45,100
227,177,51,100
227,178,50,97
226,181,46,98
225,182,44,98
225,182,47,100
223,182,49,100
225,183,47,103
222,185,47,104
222,185,49,101
227,183,39,103
225,185,41,105
225,188,41,103
222,189,46,103
220,188,47,103
221,188,46,103
221,189,48,107
223,191,46,109
225,194,47,106
225,193,44,104
227,193,40,106
226,193,40,106
226,195,41,105
225,195,41,108
226,197,44,110
226,197,46,110
225,199,49,113
228,201,47,112
231,201,43,108
233,204,38,112
231,204,39,115
230,207,37,114
227,206,39,116
225,204,41,119
225,206,39,118
225,209,44,118
226,211,45,119
225,211,41,118
226,211,39,119
220,212,44,122
213,215,46,120
212,217,48,120
207,216,48,119
209,218,38,121
204,220,38,118
201,220,39,121
199,222,39,119
197,224,39,115
189,221,44,122
184,225,45,122
180,226,52,124
172,225,45,117
168,224,46,116
165,227,41,119
156,231,44,121
155,232,40,124
145,232,43,127
137,233,41,122
121,234,53,121
119,236,63,127
106,238,64,122
107,236,47,127
102,236,41,130
89,239,52,126
89,241,50,124
78,239,51,128
70,240,45,124
57,241,53,124
49,242,64,126
43,242,65,124
24,241,60,125
22,241,50,126
52,241,53,124
70,241,60,125
100,238,56,124
122,237,51,129
150,236,57,124
173,239,65,126
162,243,69,122
155,242,71,124
144,242,62,123
142,239,51,129
132,230,59,137
126,234,61,133
120,232,52,124
105,238,56,127
100,242,35,121
74,242,59,124
71,244,57,124
66,243,41,124
50,239,47,126
33,243,56,123
30,249,77,114
47,247,93,118
52,252,97,112
69,246,82,116
83,237,89,118
116,239,61,115
113,236,73,114
101,227,84,123
76,230,57,114
53,230,55,113
43,225,62,116
21,225,66,114
1,224,56,114
0,220,55,117
0,215,60,112
15,216,47,112
38,208,55,115
64,200,52,112
85,201,54,115
112,194,60,111
122,192,62,107
143,193,56,110
162,188,57,109
186,183,56,101
197,184,47,104
175,180,56,108
165,180,57,101
150,182,55,101
137,177,50,105
124,175,54,105
118,174,41,99
106,172,40,93
