375,315,45,44
375,319,45,44
375,322,45,44
371,325,45,44
367,328,45,44
364,330,45,44
368,327,45,44
371,324,45,44
375,321,45,44
372,322,45,44
369,323,45,44
367,323,45,44
370,325,45,44
373,327,45,44
374,357,45,44
375,387,45,44
376,417,45,44
377,447,45,44
378,477,45,44
376,454,45,44
375,430,45,44
373,407,45,44
371,383,45,44
368,366,45,44
366,348,45,44
364,330,45,44
363,327,45,44
363,323,45,44
362,320,45,44
362,316,45,44
361,313,45,44
366,311,45,44
371,309,45,44
376,308,45,44
381,312,45,44
386,316,45,44
391,319,45,44
398,336,45,44
401,368,45,44
404,400,45,44
407,431,45,44
409,463,45,44
412,495,45,44
407,466,45,44
403,437,45,44
398,408,45,44
393,379,45,44
393,355,45,44
392,341,45,44
391,328,45,44
390,315,45,44
390,312,45,44
390,310,45,44
390,308,45,44
388,308,45,44
386,308,45,44
384,308,45,44
382,310,45,44
380,313,45,44
379,315,45,44
377,318,45,44
375,320,45,44
380,320,45,44
384,320,45,44
388,320,45,44
392,319,45,44
398,319,45,44
404,318,45,44
409,317,45,44
415,316,45,44
421,316,45,44
423,313,45,44
424,311,45,44
426,309,45,44
428,307,45,44
426,306,45,44
424,305,45,44
422,304,45,44
420,303,45,44
418,302,45,44
412,302,45,44
406,302,45,44
401,301,45,44
395,301,45,44
382,304,45,44
370,307,45,44
357,309,45,44
344,312,45,44
332,315,45,44
319,318,45,44
319,317,45,44
319,317,45,44
319,317,45,44
319,317,45,44
319,317,45,44
319,316,45,44
319,316,45,44
319,316,45,44
319,316,45,44
319,316,45,44
319,315,45,44
319,315,45,44
319,315,45,44
319,315,45,44
319,315,45,44
319,314,45,44
319,314,45,44
319,314,45,44
319,314,45,44
319,314,45,44
319,313,45,44
319,313,45,44
319,313,45,44
319,313,45,44
319,313,45,44
319,313,45,44
319,312,45,44
319,312,45,44
319,312,45,44
319,312,45,44
319,312,45,44
319,311,45,44
319,311,45,44
319,311,45,44
319,311,45,44
319,312,45,44
319,313,45,44
319,313,45,44
319,314,45,44
319,315,45,44
318,316,45,44
318,317,45,44
318,318,45,44
318,319,45,44
318,320,45,44
318,321,45,44
318,322,45,44
318,322,45,44
317,323,45,44
318,327,45,44
319,331,45,44
320,333,45,44
321,335,45,44
322,336,45,44
323,338,45,44
324,340,45,44
324,341,45,44
325,343,45,44
326,345,45,44
327,347,45,44
327,347,45,44
328,348,45,44
328,348,45,44
328,349,45,44
329,349,45,44
329,350,45,44
329,351,45,44
329,351,45,44
330,352,45,44
330,352,45,44
330,352,45,44
330,352,45,44
331,352,45,44
331,351,45,44
331,351,45,44
331,351,45,44
331,350,45,44
332,350,45,44
332,350,45,44
332,349,45,44
332,349,45,44
332,348,45,44
332,348,45,44
332,347,45,44
332,347,45,44
332,346,45,44
332,346,45,44
332,345,45,44
332,345,45,44
332,344,45,44
332,344,45,44
332,343,45,44
332,343,45,44
332,342,45,44
332,342,45,44
332,341,45,44
332,341,45,44
332,340,45,44
332,340,45,44
332,339,45,44
332,339,45,44
332,338,45,44
332,338,45,44
332,337,45,44
332,337,45,44
332,336,45,44
332,336,45,44
331,335,45,44
331,335,45,44
331,334,45,44
331,334,45,44
331,333,45,44
330,324,45,44
329,315,45,44
328,306,45,44
327,297,45,44
325,287,45,44
324,278,45,44
323,269,45,44
321,264,45,44
319,259,45,44
317,255,45,44
314,250,45,44
315,236,45,44
316,222,45,44
317,208,45,44
337,184,45,44
358,159,45,44
378,135,45,44
398,110,45,44
411,99,44,43
423,89,43,42
436,78,42,41
449,67,41,41
468,60,41,41
486,53,41,41
499,47,41,41
510,50,41,41
520,53,41,41
530,55,41,41
554,63,41,41
564,71,40,40
574,80,39,39
584,88,38,38
594,97,38,37
606,113,38,37
617,128,38,37
629,144,38,37
633,157,38,37
637,170,38,37
633,181,38,37
629,192,38,37
625,203,38,37
620,214,38,37
618,224,38,37
615,238,38,37
612,252,38,37
609,274,38,37
606,296,38,37
603,317,38,37
600,339,38,37
597,360,38,37
594,382,38,37
591,404,38,37
588,425,38,37
585,447,38,37
582,439,38,37
582,422,38,37
583,405,38,37
583,388,38,37
584,372,38,37
584,355,38,37
585,338,38,37
585,322,38,37
586,305,38,37
587,299,38,37
588,293,38,37
590,287,38,37
591,280,38,37
593,274,38,37
601,273,38,37
603,275,38,37
604,276,38,37
606,278,38,37
609,286,38,37
612,293,38,37
614,306,38,37
617,319,38,37
619,332,38,37
625,352,38,37
630,371,38,37
635,391,38,37
640,411,38,37
645,430,38,37
650,450,38,37
655,470,38,37
656,453,38,37
657,436,38,37
657,420,38,37
658,403,38,37
659,387,38,37
659,370,38,37
660,353,38,37
664,347,38,37
662,343,38,37
660,338,38,37
664,337,38,37
668,337,38,37
644,354,38,37
619,372,38,37
595,389,38,37
571,407,38,37
546,424,38,37
515,451,38,37
483,478,38,37
459,465,38,37
435,452,38,37
411,438,38,37
387,425,38,37
363,412,38,37
339,399,38,37
314,385,38,37
288,381,38,37
261,377,38,37
234,373,38,37
216,374,38,37
198,376,38,37
176,385,38,37
153,393,38,37
132,401,38,37
111,409,38,37
100,410,38,37
88,410,38,37
85,417,38,37
81,424,38,37
81,423,38,37
81,421,38,37
81,420,38,37
82,412,38,37
82,404,38,38
83,396,38,38
83,388,39,38
84,380,39,39
87,374,39,39
90,367,39,39
94,361,39,39
97,355,39,39
98,354,39,39
102,356,39,39
105,358,39,39
108,370,39,39
108,390,39,39
108,409,39,39
106,436,39,39
104,462,39,39
102,489,39,39
98,479,39,39
95,457,39,39
91,436,39,39
88,414,39,39
84,396,39,39
80,384,39,39
75,373,39,39
71,361,39,39
68,358,39,39
65,355,39,39
63,352,39,39
60,349,39,39
55,351,39,39
51,353,39,39
46,354,39,39
48,356,39,39
50,357,39,39
52,358,39,39
54,359,39,39
57,360,39,39
60,360,39,39
63,361,39,39
66,361,39,39
70,362,39,39
71,362,39,39
73,363,39,39
75,363,39,39
77,364,39,39
78,364,39,39
80,363,39,39
82,362,39,39
84,361,39,39
85,360,39,39
87,359,39,39
89,358,39,39
90,361,39,39
91,365,39,39
93,368,39,39
96,387,39,39
99,405,39,39
102,424,39,39
99,452,39,39
96,479,39,39
97,474,39,39
98,470,39,39
98,449,39,39
99,429,39,39
99,409,39,39
100,389,39,39
100,380,39,39
100,370,39,39
101,361,39,39
100,359,39,39
100,356,39,39
99,354,39,39
99,351,39,39
99,357,39,39
100,362,39,39
101,368,39,39
102,370,38,38
103,371,38,38
104,373,37,38
105,375,37,38
106,373,37,38
106,372,38,38
106,371,39,39
108,368,38,38
111,366,38,38
113,363,37,37
115,361,36,36
117,358,36,36
116,360,36,36
116,364,36,36
116,368,36,36
114,380,36,36
112,404,36,36
110,429,36,36
108,455,36,36
106,481,36,36
102,480,36,36
98,452,36,36
96,432,36,36
95,411,36,36
92,400,36,36
89,389,36,36
87,380,36,36
86,378,36,36
85,380,36,36
84,382,36,36
83,383,36,36
82,385,36,36
82,387,36,36
81,389,36,36
82,391,36,36
82,392,36,36
83,394,36,36
83,395,36,36
86,392,36,36
89,389,36,36
93,386,36,36
96,383,36,36
100,380,36,36
105,377,36,36
109,374,36,36
114,371,36,36
117,376,36,36
119,382,36,36
122,393,36,36
122,417,36,36
122,440,36,36
123,464,36,36
123,488,36,36
122,466,36,36
120,443,36,36
119,421,36,36
118,399,36,36
116,391,36,36
113,383,36,36
111,375,36,36
111,371,36,36
111,368,36,36
110,365,36,36
108,363,36,36
105,361,36,36
106,360,36,36
106,359,36,36
106,357,36,36
106,356,36,36
106,355,36,36
107,353,36,36
107,352,36,36
107,351,36,36
107,349,36,36
109,351,36,36
111,352,36,36
113,360,36,36
115,368,36,36
120,392,36,36
125,416,36,36
130,440,36,36
135,464,36,36
140,488,36,36
140,483,36,36
137,459,36,36
133,436,36,36
129,415,36,36
126,394,36,36
126,384,36,36
127,373,36,36
124,364,36,36
121,354,36,36
121,352,36,36
122,349,36,36
122,347,36,36
122,344,36,36
123,342,36,36
123,342,36,36
123,342,36,36
123,342,36,36
124,342,36,36
124,342,36,36
124,342,36,36
124,342,36,36
124,342,36,36
124,342,36,36
125,342,36,36
125,342,36,36
125,343,36,36
124,344,36,36
124,345,36,36
124,347,36,36
124,348,36,36
124,349,36,36
124,350,36,36
123,352,36,36
123,354,36,36
122,355,36,36
121,357,36,36
121,358,36,36
120,360,36,36
119,362,36,36
119,363,36,36
118,365,36,36
118,366,36,36
117,368,36,36
117,368,36,36
118,367,36,36
118,367,36,36
119,367,36,36
119,367,36,36
120,367,36,36
120,367,36,36
121,367,36,36
122,365,36,36
122,362,36,36
123,360,36,36
124,358,36,36
125,355,36,36
127,350,36,36
129,344,36,36
132,339,36,36
131,337,36,36
131,336,36,36
131,334,36,36
131,333,36,36
130,332,36,36
130,331,36,36
129,330,36,36
129,328,36,36
129,327,36,36
128,330,36,36
127,332,36,36
127,334,36,36
126,337,36,36
125,339,36,36
125,342,36,36
124,342,36,36
124,342,36,36
123,342,36,36
123,342,36,36
122,342,36,36
122,342,36,36
121,342,36,36
120,342,36,36
120,342,36,36
120,343,36,36
120,345,36,36
120,346,36,36
120,348,36,36
120,349,36,36
120,350,36,36
120,350,36,36
120,349,36,36
120,350,36,36
119,351,36,36
119,352,36,36
118,359,36,36
119,358,36,36
119,357,36,36
120,356,36,36
121,359,36,36
122,362,36,36
122,366,36,36
122,366,36,36
121,366,36,36
121,366,36,36
122,365,36,36
123,364,36,36
124,363,36,36
125,359,36,36
125,355,36,36
126,350,36,36
126,343,36,36
126,336,36,36
123,326,36,36
120,316,36,36
113,307,36,36
107,302,36,36
101,298,36,36
97,293,36,36
94,288,36,36
90,284,36,36
90,279,36,36
90,275,36,36
90,271,36,36
111,247,36,36
131,223,36,36
152,198,36,36
175,182,36,36
198,166,36,36
221,149,36,36
243,133,36,36
266,116,36,36
289,100,36,36
311,91,36,36
332,83,36,36
373,77,36,36
393,74,36,36
413,71,36,36
433,68,36,36
447,65,36,36
487,70,36,36
506,75,36,36
526,79,36,36
545,84,36,36
560,94,36,36
585,106,36,36
609,118,36,36
620,130,36,36
632,142,36,36
638,168,36,36
632,173,36,36
627,181,35,35
622,189,34,34
617,197,34,33
612,204,33,32
605,214,33,32
598,224,33,32
592,240,33,32
586,257,33,32
580,273,33,32
574,289,33,32
568,305,33,32
563,328,33,32
557,351,33,32
552,375,33,32
546,398,33,32
541,421,33,32
528,465,33,32
529,436,33,32
530,408,33,32
529,389,33,32
528,371,33,32
526,353,33,32
525,334,33,32
523,324,33,32
520,314,33,32
518,304,33,32
516,294,33,32
516,289,33,32
515,284,33,32
515,279,33,32
515,274,33,32
515,269,33,32
514,270,33,32
513,271,33,32
513,271,33,32
512,272,33,32
513,286,33,32
514,299,33,32
515,313,33,32
516,326,33,32
516,345,33,32
516,364,33,32
516,383,33,32
517,401,33,32
517,420,33,32
517,450,33,32
518,479,33,32
516,445,33,32
514,425,33,32
512,406,33,32
511,391,33,32
509,376,33,32
507,361,33,32
508,355,33,31
509,349,33,30
510,344,33,29
511,342,33,32
511,342,33,32
512,351,33,32
515,372,33,32
519,392,33,32
522,413,33,32
526,433,33,32
529,454,33,32
532,474,33,32
536,471,33,32
529,431,33,32
526,419,33,32
522,407,33,32
518,395,33,32
515,384,33,32
511,372,33,32
507,360,33,32
508,357,33,32
508,354,33,32
509,350,33,32
494,352,33,32
501,347,33,32
488,365,33,32
474,383,33,32
460,401,33,32
446,420,33,32
433,438,33,32
419,456,33,32
412,446,33,32
406,436,33,32
399,427,33,32
391,411,33,32
382,396,33,32
373,389,33,32
364,382,33,32
355,375,33,32
348,373,33,32
342,372,33,32
333,377,33,32
324,381,33,32
316,386,33,32
307,391,33,32
299,396,33,32
290,401,33,32
283,415,33,32
275,429,33,32
267,444,33,32
259,458,33,32
252,472,33,32
244,462,33,32
237,452,33,32
229,441,33,32
222,431,33,32
214,421,33,32
207,410,33,32
200,409,33,32
194,407,33,32
187,405,33,32
178,405,33,32
169,406,33,32
162,414,33,32
154,423,33,32
147,432,33,32
139,440,33,32
130,453,33,32
121,465,33,32
121,468,33,32
114,458,33,32
108,449,33,32
101,440,33,32
95,431,33,32
89,428,33,32
83,426,33,32
77,426,33,32
71,427,33,32
66,427,33,32
57,434,33,32
49,440,33,32
45,450,33,32
41,460,33,32
34,470,33,32
27,479,33,32
24,470,33,32
21,460,33,32
13,458,33,32
