256,243,68,74
248,245,70,75
235,245,73,73
228,244,73,74
222,242,72,75
222,242,72,75
214,242,65,75
213,242,59,75
213,242,59,75
211,241,48,75
207,240,47,75
207,240,45,75
204,239,44,75
200,239,45,75
194,239,48,75
186,239,53,74
179,239,57,74
172,239,63,74
166,239,65,72
161,239,65,72
152,239,69,73
147,239,70,72
139,239,72,72
135,239,72,73
130,240,70,71
125,239,69,73
122,241,63,73
120,240,59,76
120,241,52,76
120,242,48,77
119,242,44,77
121,243,39,77
122,243,38,77
127,244,34,78
128,244,31,78
130,244,30,78
132,244,30,79
134,244,31,79
136,245,32,79
137,246,33,79
139,247,33,77
140,247,36,78
144,248,33,79
146,248,35,79
148,248,40,80
149,248,45,80
152,250,49,79
155,249,53,81
158,250,57,79
162,250,60,79
166,252,61,78
173,253,61,77
177,252,62,79
183,253,63,79
190,252,66,80
193,252,68,81
198,252,71,81
206,253,71,80
210,253,77,80
218,253,76,80
224,254,79,79
232,254,79,79
239,254,80,78
247,254,78,79
258,255,73,79
266,256,71,80
271,256,68,79
280,256,65,81
288,256,61,82
298,256,57,83
304,257,54,83
311,258,52,83
317,258,50,83
322,259,49,85
328,260,48,83
333,262,48,83
336,262,47,83
341,263,45,84
341,264,46,85
345,264,43,85
348,264,41,86
347,265,41,87
349,266,37,87
350,268,37,87
349,268,37,89
350,269,34,89
349,270,35,89
346,271,36,89
345,272,37,89
340,273,40,90
336,274,41,91
333,275,41,90
327,276,42,91
322,276,45,91
317,277,46,92
309,279,50,91
301,279,53,92
294,279,57,91
285,280,61,92
272,281,67,93
262,282,70,92
252,282,75,92
241,283,78,92
231,283,81,92
219,283,85,93
210,283,87,93
200,284,87,92
194,283,89,93
185,284,89,92
175,285,90,92
165,285,91,91
156,285,92,93
148,285,91,93
137,286,92,92
129,286,92,92
117,288,91,91
108,288,93,91
102,289,92,91
96,290,90,90
89,291,88,89
82,292,85,90
77,293,81,91
72,294,78,92
69,295,73,93
65,296,68,93
63,297,60,95
63,299,53,94
62,300,49,94
62,301,46,94
62,303,45,95
64,302,41,96
65,304,41,96
65,305,41,96
68,306,39,95
71,307,40,96
74,307,39,98
75,306,41,98
77,306,42,100
82,307,41,99
85,308,43,101
89,308,44,102
91,309,48,102
95,311,51,102
97,312,57,101
101,313,63,101
105,313,70,102
112,315,79,100
116,315,85,100
121,315,93,99
129,313,96,100
137,313,98,99
142,312,100,99
150,312,102,99
159,312,101,99
168,311,98,99
178,311,96,99
186,311,95,100
194,309,92,100
202,309,87,100
210,308,81,100
219,307,75,100
227,306,69,101
234,304,62,102
238,305,57,101
246,303,49,102
248,301,48,101
252,300,47,101
254,301,47,98
256,299,47,98
258,299,46,97
258,299,47,98
260,299,46,96
261,297,46,97
261,297,45,96
260,294,45,96
262,293,42,96
261,293,41,96
261,292,40,96
262,291,39,95
261,290,39,94
258,290,39,93
258,288,37,95
255,289,37,92
254,287,37,92
252,286,39,93
252,285,39,94
250,284,40,93
251,283,39,93
250,283,38,93
250,282,38,92
250,281,40,92
252,281,37,91
253,281,37,90
254,281,40,89
256,279,37,90
258,279,38,89
258,278,40,89
259,276,41,89
258,275,42,89
259,274,41,89
260,274,40,89
262,274,37,89
262,272,37,87
262,272,37,87
261,272,34,85
259,270,34,86
257,270,34,87
254,269,33,85
250,268,35,87
246,266,37,87
241,266,41,85
233,266,48,84
224,265,53,83
216,266,57,84
211,265,60,83
204,264,61,82
199,264,61,83
195,264,61,83
195,263,57,83
191,262,55,83
189,262,52,83
187,260,51,84
183,260,49,83
175,261,53,82
164,260,61,83
156,259,62,83
152,260,62,81
144,259,65,82
138,258,65,82
132,258,66,82
124,258,69,81
115,257,71,82
110,257,72,82
103,257,73,81
96,258,74,81
91,257,73,81
86,257,72,81
82,258,70,80
77,256,68,81
69,256,69,80
61,256,69,81
53,257,71,78
42,256,77,79
