310,75,13,26
308,75,15,29
306,76,14,27
304,75,16,28
302,76,15,26
302,75,13,26
298,77,13,26
294,77,16,28
290,77,18,29
287,77,17,28
283,77,19,27
280,77,22,28
277,78,22,30
274,79,21,29
269,79,23,30
268,79,20,28
266,83,25,29
262,81,21,30
262,77,15,30
255,78,22,28
255,77,17,28
254,78,15,28
252,80,16,30
246,81,17,30
248,81,14,32
246,81,14,33
243,83,14,31
241,84,16,30
240,82,16,30
236,81,16,33
233,80,17,32
233,83,16,30
234,84,14,30
231,84,17,29
232,87,16,28
232,85,14,31
233,89,12,29
229,87,15,30
230,88,14,28
230,89,13,28
227,89,14,28
227,89,14,29
228,91,14,28
229,91,14,28
229,91,14,28
230,93,14,27
230,91,14,28
229,92,15,28
232,93,13,28
231,92,14,28
232,91,14,29
232,90,14,29
233,94,14,28
234,94,14,28
237,89,14,33
235,89,14,30
235,90,16,28
236,89,17,28
238,89,18,32
242,89,14,32
243,89,13,31
243,86,15,34
244,86,15,32
246,89,14,30
248,88,13,26
247,86,13,31
248,85,13,32
252,89,14,28
253,88,18,29
254,89,17,33
255,87,16,35
257,88,15,33
257,89,15,32
258,90,14,31
258,92,15,31
259,90,14,32
261,89,15,31
262,91,15,31
262,91,15,31
263,91,15,32
263,91,15,32
265,93,15,28
266,92,16,30
267,94,15,29
269,96,15,30
270,94,15,30
273,94,15,30
274,93,17,30
277,93,18,30
278,93,16,30
282,94,14,30
283,94,16,29
285,94,15,27
285,93,18,28
287,93,16,28
289,95,18,28
290,94,18,28
293,94,18,30
297,95,18,30
298,95,18,31
301,96,18,31
302,96,18,32
304,96,18,33
305,96,21,31
309,98,18,32
310,98,19,32
312,97,21,30
314,97,21,30
317,97,21,32
318,98,20,32
319,98,21,32
321,98,21,33
322,98,20,32
325,97,17,32
323,98,20,33
326,99,18,33
326,99,20,32
327,99,19,36
329,99,17,36
329,100,18,36
329,100,20,35
329,100,21,36
329,100,21,36
330,101,20,36
329,102,23,36
331,103,22,37
332,102,23,36
333,103,22,37
335,104,22,36
336,105,22,36
338,106,22,34
339,106,21,36
341,106,21,34
341,106,21,36
342,107,22,35
344,106,21,38
345,107,21,38
346,108,22,40
349,108,21,37
349,108,23,42
351,108,22,42
352,108,22,42
353,109,22,40
355,110,21,43
357,109,20,44
358,110,20,42
359,110,20,44
361,110,21,44
361,112,22,42
361,112,22,43
363,112,20,44
362,113,22,42
364,113,21,43
364,114,21,42
365,114,20,42
367,114,20,44
366,114,20,45
367,116,22,45
368,116,22,44
369,115,20,47
369,115,21,48
371,116,19,47
373,117,18,44
373,118,18,44
374,118,18,46
375,118,20,46
376,118,22,48
377,119,21,48
378,120,22,48
379,120,21,48
380,120,22,49
381,121,21,49
381,121,22,48
383,122,19,49
383,122,22,48
384,123,22,51
385,123,22,50
385,124,21,50
386,125,22,50
387,125,21,50
385,126,23,50
388,126,21,50
388,127,22,50
388,128,22,51
388,128,22,51
388,129,22,51
389,130,22,52
388,131,22,52
389,131,22,51
390,132,21,52
388,133,22,53
389,134,21,54
390,135,20,54
388,137,23,55
390,137,22,56
388,139,23,55
385,141,25,56
381,141,28,58
378,144,27,58
376,146,26,59
372,147,27,59
371,149,26,60
368,150,27,61
364,152,27,61
361,154,28,61
355,155,28,63
349,157,29,63
344,159,30,65
344,159,30,65
335,163,29,66
329,166,30,65
326,167,29,69
322,170,30,68
319,172,30,69
315,174,30,69
313,177,30,71
308,180,32,71
304,179,32,74
300,182,30,73
293,186,32,73
287,187,34,75
281,190,34,76
275,192,34,76
272,193,34,79
270,195,36,78
266,196,34,79
263,199,34,79
261,199,34,80
257,201,34,80
257,201,34,80
250,204,36,82
244,206,37,82
241,207,37,84
238,209,37,83
235,211,37,85
231,213,38,83
227,215,37,85
223,216,37,85
221,217,37,86
219,219,37,86
215,221,37,86
211,222,40,88
208,224,39,91
204,225,39,89
200,227,41,91
198,229,39,92
193,231,41,91
189,233,41,94
184,235,41,95
179,237,41,95
175,239,44,96
170,241,44,98
164,243,45,98
160,245,43,99
155,247,44,100
148,249,45,101
144,251,45,103
136,254,45,103
131,256,45,104
124,258,47,106
116,261,49,106
105,264,49,108
98,266,51,109
92,269,49,110
83,272,50,110
77,274,54,110
70,276,56,112
62,279,53,114
53,283,56,114
46,286,53,116
36,288,56,117
27,291,57,118
18,294,56,120
10,298,56,122
2,301,55,122
