47,286,65,82
47,286,74,84
50,285,79,83
50,283,81,83
57,285,86,85
57,284,86,87
62,284,83,84
76,285,83,79
83,286,76,81
81,284,79,82
84,278,79,92
79,284,87,87
105,284,68,83
112,285,68,84
115,284,68,79
120,285,68,80
125,285,66,77
133,286,66,78
131,285,70,78
139,284,70,80
149,286,66,78
146,285,70,81
149,285,71,82
154,283,71,82
159,283,73,80
164,286,73,81
157,284,74,82
168,284,74,84
170,283,74,83
176,283,74,83
178,283,74,83
185,284,74,82
185,283,73,82
202,283,74,84
212,283,74,83
214,284,74,83
219,285,74,81
225,285,74,81
228,282,74,81
238,282,74,81
236,283,76,80
243,280,74,81
254,283,74,79
259,283,76,82
267,282,74,83
269,281,74,82
272,282,74,82
277,282,74,82
283,282,74,80
290,279,74,81
295,281,74,80
298,281,74,80
303,281,74,80
312,280,74,79
316,281,74,80
325,282,74,81
325,283,74,81
330,283,74,82
342,280,74,81
345,281,74,81
353,281,74,80
353,280,74,80
363,283,74,81
371,284,74,81
379,280,74,80
372,281,74,80
379,279,74,80
389,283,74,79
397,282,74,80
395,281,74,82
403,280,76,81
401,281,76,81
410,280,76,81
419,280,76,82
416,281,74,81
429,279,74,79
427,283,74,81
439,280,74,80
439,281,74,79
452,278,74,79
450,283,74,79
455,279,74,80
474,281,74,81
469,279,74,81
476,278,74,81
478,279,74,81
478,279,74,80
482,279,74,79
492,280,74,81
497,280,74,81
502,281,74,80
505,281,74,81
510,281,74,82
518,283,71,80
525,281,68,81
526,278,74,86
529,278,74,87
534,279,74,89
544,278,74,92
550,278,74,91
557,279,73,89
559,279,74,91
565,280,73,90
568,279,73,88
578,279,71,87
583,281,71,91
583,280,71,93
586,279,70,88
593,279,66,89
599,278,66,88
602,278,66,87
602,278,71,84
604,279,73,87
615,280,73,87
615,280,74,83
625,279,71,82
630,278,70,82
636,278,63,87
636,279,76,82
638,279,78,88
641,276,76,87
654,278,76,86
651,276,76,86
664,276,76,86
665,279,76,86
670,276,76,85
669,275,78,86
677,276,76,85
683,278,76,85
688,278,76,85
691,277,78,86
696,277,78,85
696,278,76,86
704,278,78,86
711,276,73,86
712,279,74,86
719,278,73,84
717,277,71,78
717,277,71,78
727,277,71,81
733,278,70,82
732,276,71,83
740,275,68,80
746,277,76,82
751,278,70,81
750,277,74,85
753,278,70,83
759,276,68,82
764,278,73,81
769,276,71,80
771,276,76,83
772,275,79,82
775,275,73,81
772,275,87,83
784,276,79,85
784,274,79,84
790,274,87,84
790,274,96,81
792,273,97,81
796,274,91,83
805,275,86,78
813,274,79,79
813,275,83,77
818,274,87,78
821,275,97,75
822,276,97,77
826,273,94,77
834,269,96,84
837,277,87,75
837,274,86,70
839,271,99,76
840,271,104,77
845,270,100,76
845,274,102,68
858,277,91,63
850,273,104,67
856,275,94,63
845,273,115,69
858,275,102,63
861,274,99,68
866,274,91,69
