219,100,17,40
220,101,16,39
220,102,15,38
221,103,15,37
222,103,14,38
222,103,14,38
222,102,13,38
223,102,13,38
224,102,13,35
225,102,13,34
226,102,13,34
227,102,12,32
227,102,12,31
228,102,12,31
229,102,12,30
230,103,11,30
230,103,11,30
231,103,11,30
231,104,11,30
231,104,11,30
231,104,12,30
231,104,13,30
232,104,13,30
232,104,13,30
232,104,13,30
232,105,13,30
232,106,13,30
232,106,12,29
232,106,12,29
232,106,12,29
231,105,12,29
231,105,12,29
230,105,12,29
229,106,12,29
229,106,11,27
228,106,11,26
227,107,11,25
227,107,11,25
226,107,11,25
225,107,11,25
224,107,11,25
223,107,11,25
222,108,11,25
220,108,11,25
219,108,11,25
216,108,11,25
216,107,11,25
215,107,11,25
215,107,11,25
214,106,11,25
212,106,11,25
211,106,11,25
210,106,11,25
210,106,11,25
209,106,11,25
209,106,11,25
209,106,11,25
209,106,11,25
209,106,11,25
208,106,11,25
208,106,11,25
207,106,11,25
205,106,11,25
204,106,11,25
204,106,11,25
203,106,11,25
203,106,11,25
202,107,11,25
201,108,11,25
200,108,11,25
198,108,11,25
204,108,11,25
210,108,11,25
215,109,11,25
221,109,11,25
222,112,11,24
223,115,11,23
224,111,14,26
228,112,15,27
230,112,16,28
232,112,19,29
236,112,19,29
239,112,19,29
243,113,19,29
245,113,18,29
247,113,18,29
250,113,18,29
252,113,18,29
257,113,18,29
260,113,19,30
262,113,19,30
265,113,19,30
266,113,19,30
268,113,19,30
271,113,19,30
274,113,19,30
276,113,19,30
277,113,19,30
280,113,16,31
285,115,16,31
284,115,18,33
285,115,19,37
286,114,20,39
288,114,17,40
291,113,15,42
292,114,17,42
295,116,17,42
295,116,18,42
296,116,18,42
297,115,18,42
297,115,18,42
297,116,19,42
298,116,19,42
298,117,19,42
299,117,19,42
299,118,19,42
299,118,19,42
300,119,19,42
300,119,19,42
300,120,19,42
300,120,19,42
301,120,19,42
301,120,19,42
301,120,19,42
301,120,19,42
301,121,19,42
301,121,19,42
301,121,19,42
301,121,19,42
301,121,19,42
301,122,19,42
302,122,19,42
303,122,19,42
304,123,19,42
305,123,19,42
307,124,19,42
308,124,19,42
309,124,18,42
310,124,17,42
311,124,20,42
312,125,23,42
314,125,22,42
314,125,23,42
316,125,23,42
317,126,23,42
321,127,21,45
323,127,21,45
323,127,24,45
325,127,24,45
327,127,25,46
329,128,25,46
331,128,25,46
331,129,25,46
334,129,23,47
336,129,23,48
338,129,22,48
339,129,21,50
341,130,21,50
342,130,21,50
342,131,21,50
343,131,21,50
342,132,23,50
342,132,24,50
342,133,24,50
342,133,24,50
343,134,24,50
343,134,24,50
343,135,24,50
344,136,24,50
344,136,25,50
344,136,26,50
344,136,25,51
344,136,25,52
344,136,24,53
344,137,24,53
344,139,24,53
345,139,24,53
344,139,24,53
344,140,24,53
344,140,24,53
342,140,24,53
341,141,24,53
340,141,24,53
338,143,24,53
339,143,25,54
337,144,25,54
336,146,26,53
335,146,26,53
333,148,25,52
332,149,23,51
331,149,23,51
331,149,23,51
331,149,23,52
331,149,23,52
331,149,23,53
329,150,23,53
328,150,24,53
327,150,25,53
327,150,26,55
327,150,26,56
328,151,26,56
329,152,26,56
329,153,26,56
330,153,26,56
331,154,26,56
331,154,28,56
331,154,30,56
331,154,32,56
331,155,32,56
331,155,32,56
331,155,32,60
331,155,32,64
333,157,32,64
333,157,32,68
333,158,32,68
333,158,32,69
333,158,32,70
335,162,29,68
335,162,30,68
335,162,31,68
335,162,31,68
336,162,31,68
336,164,31,69
336,165,31,70
336,167,31,70
336,168,31,70
336,168,32,73
336,168,33,76
337,171,33,76
337,171,33,76
337,171,34,76
337,172,35,76
337,173,34,75
337,173,34,74
337,174,33,73
333,175,33,73
330,176,35,73
327,178,36,73
326,178,37,78
324,179,37,83
324,180,35,83
323,181,33,83
321,182,36,83
319,183,38,83
319,183,37,84
319,183,36,86
313,186,40,85
313,186,41,85
313,186,42,85
312,189,41,77
312,191,41,77
312,192,41,77
308,193,41,83
307,194,41,83
307,195,41,83
304,196,41,83
304,197,41,83
303,197,41,83
301,199,43,84
299,201,44,85
299,202,42,88
296,202,44,89
293,206,44,89
289,206,42,93
288,209,46,95
286,211,46,95
286,211,47,93
286,211,45,91
288,214,45,91
284,215,45,91
284,217,45,91
284,217,48,96
281,219,48,96
284,221,48,96
284,222,47,97
284,224,46,98
284,226,46,98
282,228,49,101
281,229,51,104
280,230,53,105
278,230,54,106
276,232,56,104
273,234,59,102
268,237,59,102
268,237,54,111
265,242,54,114
261,243,56,115
258,244,56,115
249,246,56,115
245,249,56,115
240,249,60,119
232,253,63,119
223,257,63,119
223,257,60,118
215,259,60,118
206,263,61,119
202,265,61,119
186,269,72,119
180,269,67,121
176,273,63,119
167,276,63,119
157,280,64,132
154,283,64,132
143,288,64,132
136,295,64,132
130,296,64,132
118,298,64,132
108,300,64,132
93,308,64,132
83,309,64,132
71,313,64,132
60,319,64,132
48,325,72,134
35,331,72,134
