73,248,85,118
89,252,85,114
111,250,84,114
139,256,83,115
157,252,83,115
181,253,85,116
201,255,83,115
227,249,80,81
253,254,83,70
276,255,82,71
300,257,87,75
330,255,82,94
356,257,102,127
352,262,118,128
329,265,132,123
335,262,120,124
315,257,132,130
322,252,123,139
346,257,136,132
370,255,135,127
408,256,118,124
448,244,119,136
468,255,126,129
480,250,119,128
469,245,115,131
461,244,107,129
452,243,105,128
433,241,98,126
425,236,93,130
411,237,89,123
429,232,91,127
447,225,85,123
464,225,84,117
477,223,84,117
491,218,85,120
512,215,65,118
523,212,62,117
535,205,58,116
545,203,54,119
550,202,57,115
563,198,56,116
570,194,53,119
574,193,60,117
562,190,53,111
527,186,56,112
493,185,54,108
469,184,67,106
433,183,63,102
404,180,58,103
409,179,53,104
411,175,49,102
409,175,60,99
417,171,45,97
418,171,44,91
413,170,54,94
417,168,44,95
418,167,51,91
425,163,45,91
424,162,45,92
426,159,44,97
426,157,48,94
429,159,48,89
429,151,49,94
434,154,47,87
435,150,43,85
431,146,53,84
431,149,49,86
433,148,51,81
431,142,51,79
429,141,52,84
431,139,56,84
435,135,48,89
438,138,47,82
443,131,40,88
440,128,48,89
448,128,39,85
448,127,39,88
447,125,44,87
446,143,48,87
449,162,45,90
453,156,44,97
453,169,40,81
449,165,47,84
449,161,43,82
453,167,43,73
455,163,35,83
455,156,41,84
453,159,38,79
455,155,39,71
457,159,32,75
452,155,40,78
456,154,35,77
453,155,36,74
453,150,35,73
458,151,30,78
457,151,34,73
453,148,32,70
455,149,32,74
455,149,35,66
452,148,32,70
452,146,35,66
449,144,34,71
451,143,32,75
449,144,36,74
444,142,36,69
446,138,35,65
444,139,35,61
442,137,35,68
439,136,40,75
440,138,34,65
439,134,38,64
440,134,34,63
438,135,36,62
438,131,34,74
433,126,43,67
436,130,34,63
438,128,31,67
435,129,31,67
436,126,31,70
435,126,35,69
436,130,31,61
438,124,32,68
439,125,34,60
440,124,28,61
442,125,31,60
440,124,32,57
442,121,30,52
444,122,32,52
444,122,27,50
444,121,34,53
444,120,30,58
444,118,28,61
444,117,31,62
446,116,31,51
448,119,26,51
448,113,28,51
452,115,26,47
453,116,30,40
457,116,25,41
457,115,28,40
460,112,34,41
460,111,34,39
464,114,25,39
465,114,27,47
466,113,26,44
469,110,26,49
469,108,25,49
471,112,25,46
473,110,25,48
473,110,30,50
473,107,27,56
473,109,31,46
473,105,32,55
478,107,31,46
479,108,30,46
482,106,28,49
482,106,26,50
483,107,30,47
480,102,30,48
482,101,30,47
483,102,31,48
487,103,27,47
487,101,27,44
484,100,30,52
487,99,27,52
487,99,28,44
491,98,26,46
488,97,27,50
492,99,25,44
491,99,31,49
493,97,30,52
496,99,28,45
495,101,36,44
499,103,31,41
499,96,28,45
501,97,27,43
504,99,25,42
506,98,21,44
508,99,19,40
508,98,19,41
510,97,22,43
512,97,22,46
515,96,22,47
517,96,23,36
515,98,27,36
522,98,19,33
523,94,23,37
523,94,21,37
526,97,22,32
527,97,21,38
528,92,23,42
526,90,25,43
530,98,27,36
532,98,28,36
