607,372,75,151
597,361,66,160
582,357,67,159
567,363,73,155
552,366,73,151
536,344,76,171
519,353,74,158
508,355,71,155
495,359,73,147
480,351,66,154
458,350,74,149
449,349,74,150
439,361,74,149
427,353,73,146
416,346,71,144
405,347,70,142
392,352,69,138
376,349,67,135
361,340,67,135
357,341,66,134
344,342,65,132
333,340,63,129
325,338,63,127
313,334,61,130
299,331,62,126
285,332,61,123
273,328,61,123
263,329,60,121
264,327,60,121
271,326,69,120
304,322,60,119
326,324,57,116
347,320,67,116
377,324,67,117
404,320,67,116
438,318,66,117
462,320,69,116
469,322,57,115
458,314,58,121
449,308,56,122
440,311,56,121
433,309,54,119
426,311,56,113
417,311,56,114
408,312,57,115
399,310,56,119
390,303,57,115
385,301,57,116
374,303,57,116
365,302,58,117
355,304,57,115
344,299,56,114
337,302,56,114
330,300,56,113
320,295,57,114
310,292,58,117
306,291,57,116
320,292,57,114
335,290,56,114
355,287,75,122
373,282,76,127
398,291,76,120
436,288,56,114
468,279,53,96
478,271,52,103
478,271,54,110
474,275,54,107
469,273,45,87
455,269,52,86
449,270,51,85
449,269,51,78
443,270,51,81
436,264,52,83
436,265,47,84
424,264,51,83
418,260,53,87
408,259,51,87
407,259,48,82
407,261,51,87
403,259,48,84
401,257,51,89
394,255,51,91
392,252,48,94
390,255,45,92
383,252,48,93
378,250,48,95
376,248,44,100
370,249,44,93
389,247,44,97
418,244,54,105
460,242,51,103
488,240,52,100
531,239,52,104
561,235,53,103
562,234,54,111
561,232,52,107
558,232,51,107
558,229,41,105
553,229,47,107
554,231,43,104
552,226,40,108
543,223,47,108
541,225,45,104
540,224,40,96
537,225,45,101
528,222,41,99
530,222,48,100
526,221,43,101
521,221,48,105
519,225,49,100
517,218,43,102
513,215,44,102
517,217,38,99
509,218,44,97
509,217,36,97
505,211,43,105
500,217,44,98
499,215,48,97
497,210,40,100
497,211,41,100
492,211,47,97
492,210,45,94
491,206,45,96
493,206,41,96
490,207,41,97
488,207,41,97
491,207,38,95
484,202,40,97
487,200,39,97
483,203,43,93
484,203,43,92
475,197,47,96
477,199,40,92
477,202,43,92
474,200,43,91
470,198,41,93
468,196,47,97
466,200,41,89
465,200,41,87
460,200,44,88
460,195,40,89
453,200,41,85
451,201,40,83
446,197,35,87
444,190,38,91
438,192,40,90
434,194,44,87
431,193,40,86
427,192,38,86
429,194,36,85
422,196,40,85
416,192,43,90
412,192,38,86
411,190,39,87
408,194,38,77
404,193,40,82
403,190,39,86
400,190,35,82
396,193,36,76
394,192,36,78
390,189,40,84
389,186,35,84
383,188,39,78
385,190,35,69
385,189,30,77
381,184,32,73
378,184,34,77
374,187,36,69
370,185,35,74
367,182,41,75
367,182,36,77
368,179,35,75
367,180,34,74
364,176,36,78
365,179,32,78
363,179,34,77
364,179,31,77
359,178,32,76
359,177,34,77
360,178,30,75
357,177,35,80
355,173,34,74
356,173,35,77
351,174,36,76
348,173,41,79
350,170,32,84
347,171,38,77
344,172,39,81
346,174,35,75
343,171,31,78
341,171,39,78
342,169,31,80
338,170,36,70
338,172,31,73
335,168,32,77
335,169,32,75
334,168,34,75
335,167,34,71
333,163,35,81
332,163,38,75
333,165,34,74
334,166,30,71
332,159,38,80
337,161,30,75
335,165,35,73
341,162,32,70
342,162,31,74
346,160,31,66
346,160,31,68
348,161,31,70
352,162,31,66
363,158,28,69
360,159,34,66
365,159,32,67
367,163,30,62
373,159,31,53
381,160,25,42
382,157,31,50
391,156,28,36
398,161,26,26
407,158,22,27
413,158,26,27
418,157,27,24
425,156,26,25
430,153,25,28
436,153,25,26
442,159,30,22
446,155,27,26
449,155,32,25
458,152,26,29
464,153,26,28
470,155,26,34
475,155,27,37
484,153,21,42
490,153,30,39
500,153,28,41
504,150,32,50
509,151,30,49
477,156,31,47
444,155,35,60
417,159,31,54
391,155,34,60
379,155,34,54
391,158,27,43
398,155,22,49
403,154,25,47
411,154,28,51
413,154,36,61
421,155,34,55
429,149,32,65
435,150,31,59
436,158,32,52
455,160,19,52
460,165,26,54
470,165,26,46
461,167,31,46
462,164,26,41
488,167,21,41
492,168,23,37
