746,214,80,159
725,216,82,163
704,218,85,167
693,221,81,162
681,224,78,157
661,226,78,157
641,229,78,157
630,229,82,159
618,229,87,161
610,231,87,161
601,233,87,161
593,235,87,161
593,235,84,161
593,235,81,161
593,235,78,161
593,235,71,161
593,235,65,161
586,234,65,161
579,234,65,161
572,233,65,161
565,233,65,161
557,234,71,160
550,235,77,159
543,236,83,158
535,237,89,157
529,237,86,157
523,238,82,157
517,238,79,157
511,238,76,157
511,238,73,157
511,238,69,157
511,238,66,157
511,238,63,157
511,238,63,156
511,238,63,155
511,238,63,153
511,238,63,152
516,237,64,152
520,236,66,152
524,234,67,152
529,233,69,152
533,231,70,152
531,232,70,152
528,234,70,152
525,235,70,152
522,236,70,152
519,237,70,152
517,238,70,152
516,238,70,152
515,238,70,151
514,238,70,151
514,238,69,151
513,238,69,151
512,238,69,150
512,238,68,150
511,238,68,150
510,237,68,150
509,237,68,151
509,236,67,151
508,235,67,152
507,235,67,152
500,236,68,152
493,238,70,152
485,239,71,152
478,241,73,152
470,242,74,152
470,242,76,152
470,242,78,152
470,242,80,152
470,242,81,152
475,241,78,151
479,239,75,150
484,238,71,150
488,236,68,149
493,235,65,148
494,238,72,148
496,240,80,148
498,243,87,148
500,246,94,148
506,247,94,146
511,248,93,144
517,249,92,141
522,250,91,139
527,249,88,139
532,248,84,140
537,247,81,140
543,246,78,141
546,245,75,141
550,245,73,141
554,244,70,141
558,244,70,141
562,244,70,141
566,244,70,141
570,244,70,141
574,244,70,141
575,243,70,141
576,242,70,141
577,241,70,141
578,240,70,141
579,239,70,141
580,238,70,141
581,238,70,141
581,237,70,141
583,237,70,141
584,237,70,141
586,238,70,141
587,238,70,141
589,238,70,141
589,238,70,141
590,238,70,141
590,238,70,141
591,238,70,141
593,238,68,141
595,238,66,141
598,238,63,141
600,238,61,141
601,237,61,141
603,236,61,141
604,234,61,141
606,233,61,141
606,233,61,139
606,233,61,137
606,233,61,135
606,233,61,133
606,233,61,132
603,234,61,132
601,234,61,132
598,235,61,132
594,236,65,131
590,237,69,131
586,238,72,130
582,239,76,130
578,240,80,130
575,241,80,130
573,241,80,130
571,242,80,130
568,242,80,130
570,242,75,130
571,242,69,130
573,242,64,130
574,242,59,130
573,242,59,129
573,242,59,128
572,241,59,127
572,241,59,126
571,241,59,125
570,240,59,124
567,240,60,127
564,240,61,130
561,240,61,133
562,240,61,133
562,240,61,133
563,240,61,133
563,240,61,133
564,240,61,133
564,240,61,133
565,240,61,133
566,240,61,133
566,240,61,133
567,240,61,133
567,240,61,133
568,240,61,133
568,240,61,133
569,241,61,133
569,242,61,132
569,243,61,131
569,243,61,130
569,244,61,130
570,245,61,129
570,246,61,128
570,246,61,127
570,247,61,127
570,248,61,126
568,248,61,125
566,249,61,124
563,249,61,123
561,250,61,122
559,250,61,121
556,251,61,120
554,251,61,119
552,251,61,119
554,253,60,118
557,254,59,117
559,256,58,116
562,258,57,115
564,259,56,114
567,261,55,113
569,262,54,113
572,264,53,112
575,265,52,111
577,267,51,110
580,268,50,109
581,269,50,109
582,271,50,109
583,272,50,109
584,273,50,109
585,275,50,109
586,276,50,109
587,277,50,109
588,279,50,109
589,280,50,109
590,281,50,109
591,282,50,109
592,284,50,109
593,285,50,109
594,286,50,109
595,288,50,109
596,289,50,109
597,290,50,109
598,292,50,109
599,293,50,109
600,294,50,109
601,296,50,109
602,297,50,109
603,298,50,109
604,299,50,109
605,301,50,109
606,302,50,109
607,303,50,109
609,303,50,109
610,303,50,109
612,302,50,109
613,302,50,109
615,301,50,109
615,301,50,109
616,301,50,109
616,300,50,109
617,300,50,109
617,301,50,108
617,303,50,106
617,304,50,105
617,306,50,103
617,307,50,102
617,309,50,100
620,310,50,100
623,311,50,100
626,313,50,100
624,311,50,100
621,310,50,100
619,308,50,100
617,307,50,100
618,307,48,100
619,307,47,100
620,307,45,100
621,307,44,100
622,307,42,100
623,307,41,100
620,307,44,100
616,307,47,100
613,307,50,100
613,307,48,100
613,307,46,100
610,305,46,100
607,303,46,100
601,305,46,100
595,306,46,100
589,307,46,100
585,308,46,100
581,309,46,100
578,310,46,100
574,311,46,100
571,312,46,100
568,313,46,100
565,313,46,100
561,313,46,100
557,313,46,100
552,313,46,100
547,313,46,100
542,313,46,100
537,313,46,100
531,314,46,100
526,314,46,100
520,315,46,100
515,316,46,100
509,317,46,100
504,318,46,100
513,316,46,100
522,314,46,100
531,313,46,100
541,311,46,100
543,311,46,100
545,311,46,100
548,311,46,100
550,311,46,100
552,311,46,100
555,311,46,100
557,311,46,100
555,310,46,100
552,309,46,100
550,310,46,100
547,310,46,100
545,311,46,100
543,312,46,100
541,313,46,100
540,313,46,100
539,313,46,100
538,313,46,100
538,313,46,100
537,313,46,100
536,313,46,100
535,313,46,100
535,311,46,100
534,309,46,100
533,307,46,100
533,307,46,100
532,306,46,100
532,306,46,100
531,306,46,101
531,305,46,101
531,305,45,101
530,305,45,101
530,305,45,101
529,304,45,101
529,304,45,102
528,304,45,102
528,303,44,102
