593,316,31,86
585,311,30,85
582,312,30,85
576,308,31,85
570,309,32,100
566,312,36,92
563,308,32,100
556,304,38,103
553,304,35,102
553,303,38,104
543,307,35,99
539,308,35,96
534,305,38,96
531,307,31,87
527,305,35,85
521,303,36,91
515,301,44,91
508,302,45,90
503,301,43,88
497,299,43,89
492,298,43,89
488,298,45,83
484,297,44,82
487,296,40,84
483,292,32,84
474,292,41,84
475,292,39,84
473,291,32,84
471,288,32,84
469,290,32,79
462,284,31,84
464,287,30,78
456,285,44,74
457,291,34,69
460,289,30,63
451,290,34,63
444,289,38,63
448,293,38,64
439,285,34,64
439,280,34,60
439,278,35,59
436,276,35,62
433,282,34,52
435,281,31,56
433,283,31,56
429,280,34,61
418,274,35,66
424,278,28,61
421,279,30,57
416,280,35,62
416,277,32,63
409,278,32,54
405,276,31,56
398,276,39,62
398,273,30,64
400,271,28,53
394,276,34,58
383,273,34,55
385,276,31,55
382,274,32,53
372,269,31,61
369,276,28,56
367,271,35,53
361,274,28,56
357,272,35,57
352,275,31,55
348,275,34,54
347,275,32,58
338,271,34,61
334,276,35,62
334,266,28,54
332,270,34,57
322,269,26,65
313,272,34,69
312,272,31,71
311,274,35,77
311,269,26,73
302,265,32,80
297,268,38,78
294,264,35,76
291,267,38,75
291,264,34,68
282,259,35,75
285,265,32,77
271,264,40,74
280,272,34,68
268,266,39,66
273,264,28,66
269,260,35,67
264,259,35,68
259,266,36,67
259,266,31,67
253,260,38,74
253,260,36,69
246,258,38,70
246,262,30,71
241,258,38,76
241,259,27,77
234,262,36,70
227,256,38,71
223,258,35,75
220,262,30,77
210,258,32,68
209,253,31,87
203,258,32,76
203,256,40,71
198,244,35,83
193,241,35,85
188,248,31,78
188,255,35,68
175,255,35,64
168,259,43,66
170,256,30,66
155,252,35,56
154,254,35,69
150,254,35,65
136,252,39,75
132,255,36,66
127,256,35,62
122,257,35,59
119,254,34,58
119,249,39,66
149,251,30,53
181,249,38,61
203,250,44,64
214,246,36,69
202,247,30,70
197,241,38,71
192,247,44,76
185,246,35,57
179,246,32,61
170,246,38,65
171,245,40,63
167,241,30,68
154,247,32,58
149,239,35,64
142,246,36,61
136,240,35,55
132,237,30,62
131,240,31,60
120,239,38,65
119,240,28,61
111,244,35,66
110,242,34,69
98,241,36,62
97,244,34,65
87,246,36,60
83,244,34,61
78,246,35,64
79,240,34,60
74,240,34,64
73,240,32,58
61,246,34,60
