433,290,23,29
431,278,22,28
427,274,27,32
427,282,27,32
426,288,23,29
430,299,23,29
433,300,23,29
427,291,23,29
427,289,23,29
427,289,27,26
425,294,25,33
409,301,27,38
403,309,23,28
396,292,23,28
394,282,21,26
392,264,25,34
386,269,26,30
385,282,22,27
376,291,23,28
379,291,23,28
381,284,25,27
373,286,28,31
370,293,25,27
364,295,25,27
369,292,23,27
373,284,23,26
376,283,22,26
369,285,23,25
364,316,23,25
372,336,27,26
374,334,25,28
370,331,21,25
374,322,19,26
364,319,28,28
355,329,31,28
360,340,19,27
348,339,27,29
344,326,27,32
341,320,25,34
343,324,27,34
355,346,26,31
348,345,27,38
347,342,31,39
346,338,26,34
344,339,26,34
343,347,23,31
333,335,23,29
320,314,28,32
328,296,30,40
320,293,34,37
310,299,36,34
317,324,28,45
312,345,34,44
315,352,38,38
320,338,32,43
317,339,36,37
328,338,27,38
320,351,30,35
307,342,36,50
303,351,39,34
300,358,41,33
308,358,35,48
317,373,35,38
319,373,32,36
311,368,39,44
313,370,32,43
312,371,30,36
311,379,31,43
306,386,35,39
310,386,36,28
303,384,40,29
302,379,36,35
298,381,43,43
293,391,43,49
288,394,44,33
288,387,39,34
280,379,52,39
276,381,48,39
295,355,39,41
300,320,39,39
300,299,39,37
304,294,35,32
303,301,25,28
303,303,19,35
299,314,31,28
300,317,26,45
297,315,26,37
293,303,41,31
298,298,51,28
307,294,40,29
304,298,52,32
306,309,35,41
306,317,35,38
295,336,41,43
288,332,36,42
282,323,41,47
280,322,40,47
282,329,34,38
282,333,41,35
290,332,43,27
298,336,38,31
307,334,36,40
303,341,43,43
310,348,27,45
294,354,41,38
290,355,44,41
280,362,35,36
281,353,30,45
284,364,36,29
289,366,47,38
297,369,34,42
289,355,40,37
281,320,36,32
260,290,53,35
259,255,45,40
264,217,40,45
267,203,41,43
263,187,38,46
254,202,45,41
255,219,43,43
258,240,45,48
264,240,56,47
272,220,47,36
262,198,57,57
249,210,53,43
242,238,56,42
243,250,43,48
263,235,34,38
250,193,40,47
237,187,49,56
227,207,45,44
223,248,44,37
241,269,43,53
265,257,28,50
269,257,34,41
263,263,38,41
259,273,39,42
245,291,41,48
242,286,30,55
242,258,47,51
242,238,40,35
238,226,57,53
234,242,62,52
256,268,38,39
241,288,53,42
255,285,43,38
263,276,38,48
267,272,48,45
267,281,54,44
268,297,51,42
268,284,41,59
267,249,38,47
258,187,35,56
258,189,41,42
267,203,47,34
284,206,34,49
280,203,62,51
289,211,74,40
280,203,62,48
293,217,71,57
286,215,47,56
260,210,44,53
240,201,52,47
236,199,53,34
268,238,38,49
285,245,39,45
275,256,48,50
272,260,40,39
267,249,52,56
264,258,34,54
260,260,47,47
262,261,27,53
242,264,53,29
259,265,53,40
267,290,38,44
269,304,44,58
262,304,40,68
256,299,54,46
256,297,47,48
264,304,41,54
249,297,58,73
243,266,56,71
251,232,35,57
236,201,44,46
258,218,38,64
262,232,43,71
262,251,31,68
259,258,47,48
245,252,54,55
242,261,57,58
220,248,79,82
203,253,58,59
202,274,58,40
207,284,71,46
207,293,71,46
229,313,56,60
242,323,54,70
233,329,58,65
228,332,69,67
218,342,71,66
227,341,51,64
223,353,56,54
212,350,62,69
214,356,60,57
214,361,52,59
223,377,41,66
218,381,41,75
209,375,52,78
216,385,54,69
215,387,49,74
