420,20,18,45
421,21,18,46
422,21,18,47
424,21,18,48
425,22,18,49
426,22,19,50
428,22,19,51
429,23,19,52
430,23,19,53
431,23,19,54
433,24,19,54
434,24,19,54
436,24,19,54
437,24,19,54
434,28,19,54
433,75,22,52
434,125,20,50
434,145,20,50
433,144,21,53
432,143,21,56
430,141,21,60
429,142,21,60
428,143,21,60
427,145,21,60
426,146,21,60
425,147,21,60
424,148,21,60
423,149,21,60
422,150,21,60
420,150,21,60
419,151,21,60
417,152,21,60
416,153,21,61
414,154,21,61
413,155,21,61
412,156,21,62
410,157,21,62
409,159,21,62
408,160,21,63
406,161,21,63
407,162,21,63
407,163,21,63
407,164,21,63
407,165,21,63
408,167,21,63
408,168,21,63
410,169,22,65
412,170,24,67
415,170,25,70
417,171,26,72
419,172,27,74
422,174,27,74
424,175,28,74
426,177,28,74
428,178,28,74
430,180,29,74
433,182,29,74
435,183,30,74
437,185,30,74
436,187,30,75
435,188,31,76
434,190,31,77
433,192,31,78
432,193,32,79
432,195,32,80
431,197,32,81
428,198,33,82
424,200,33,83
421,202,34,84
418,203,34,85
415,205,34,86
412,207,35,87
410,208,35,89
407,210,35,90
405,212,36,91
403,213,36,93
401,215,37,94
397,217,37,96
393,219,38,97
389,220,38,98
382,223,38,100
376,226,38,101
370,228,39,102
364,231,39,103
358,234,39,104
352,236,39,105
346,239,40,106
340,242,40,107
334,244,40,109
328,247,40,110
320,250,41,111
312,253,42,112
303,256,43,113
295,259,43,115
287,261,44,116
279,264,45,117
270,267,45,118
262,270,46,119
254,273,47,121
246,276,48,122
234,280,49,124
223,284,51,125
211,288,53,127
199,292,54,129
188,296,56,131
176,300,58,132
165,304,59,134
150,308,61,136
135,312,63,138
121,316,64,139
108,320,66,141
94,324,68,143
