344,95,17,31
345,93,17,34
347,93,15,32
347,93,16,33
348,93,16,34
351,94,14,33
352,94,15,34
353,96,15,31
355,96,14,31
356,95,14,34
358,94,15,35
360,95,15,34
360,95,15,35
361,96,16,31
363,96,15,34
363,96,17,33
364,97,16,34
365,96,16,37
367,96,17,37
367,96,17,37
369,97,16,35
371,98,16,35
372,97,16,37
375,98,15,38
375,98,17,36
377,98,15,38
373,102,13,30
378,97,18,38
378,97,18,38
378,98,17,34
379,98,19,36
380,99,19,36
380,98,19,35
380,99,18,34
381,98,18,36
380,99,18,35
381,99,18,33
381,99,18,34
382,99,18,37
382,99,18,37
382,99,18,36
383,100,17,34
383,100,18,35
382,100,18,34
382,100,18,33
382,100,18,34
383,100,17,35
384,100,17,38
383,102,18,37
382,103,19,36
383,102,18,36
382,103,20,37
384,102,16,37
383,102,17,38
384,103,16,34
384,103,15,35
385,103,16,36
385,105,17,36
384,105,18,36
384,105,18,34
385,106,15,34
383,105,17,36
383,106,16,35
382,106,18,35
383,107,16,34
381,108,18,36
381,105,18,43
380,107,18,40
379,107,19,37
381,108,17,39
380,108,17,40
380,108,17,40
381,108,16,35
382,108,16,40
381,108,19,42
382,108,17,42
382,109,18,40
383,110,17,42
384,110,18,43
384,109,18,41
387,110,18,41
386,110,20,42
387,111,18,40
388,110,18,40
389,111,18,39
391,111,17,39
391,112,20,40
392,113,18,39
394,113,16,39
394,114,17,38
394,114,19,34
394,114,17,37
394,114,18,37
395,115,17,39
394,114,18,38
396,115,16,35
397,115,17,37
397,114,19,40
399,115,18,39
399,115,18,38
400,115,19,36
403,116,16,37
402,115,22,42
406,116,17,38
408,115,18,34
408,115,19,35
411,115,17,38
415,117,16,38
415,117,18,38
416,117,19,40
418,117,17,36
418,117,17,36
422,119,17,34
425,119,16,34
428,120,21,40
428,119,23,44
432,119,19,43
434,119,20,46
436,120,20,47
439,118,20,49
442,122,22,42
445,121,21,43
445,121,23,45
450,122,22,47
452,123,23,45
455,121,23,45
456,122,26,47
462,124,22,45
462,122,26,45
466,124,24,46
469,123,21,50
471,124,21,50
475,124,20,49
478,125,19,47
479,124,20,48
482,124,22,50
482,126,23,51
485,126,22,48
485,125,22,48
486,127,22,45
488,127,20,50
489,127,22,50
489,130,18,45
492,130,19,47
492,128,21,51
491,129,23,50
493,131,22,50
494,130,21,48
496,132,18,48
494,130,20,50
496,132,18,50
497,133,20,50
499,133,19,50
502,132,20,50
501,135,21,48
502,135,21,49
503,135,23,50
502,136,23,51
503,136,24,51
503,135,26,55
505,138,23,53
505,137,24,55
505,140,26,50
504,142,24,52
504,141,27,51
505,142,23,50
509,142,18,51
507,141,23,56
507,142,24,54
503,145,27,56
503,145,24,53
502,145,24,57
500,145,23,55
498,148,24,53
498,149,21,55
497,150,24,51
493,149,28,57
491,150,28,60
489,150,26,61
489,153,21,59
487,152,22,60
483,154,27,61
481,156,26,60
479,157,27,59
477,158,27,61
474,158,29,61
474,159,29,61
471,159,26,61
468,160,28,62
469,161,24,61
466,163,26,61
465,165,28,63
461,165,28,63
458,164,31,69
456,166,31,69
452,167,29,69
451,167,27,71
451,167,26,70
446,171,29,69
445,172,27,74
439,171,29,73
439,173,28,75
434,177,29,71
432,176,28,73
430,180,26,69
426,181,28,69
421,179,33,79
419,181,33,76
417,182,31,78
414,183,28,73
409,185,27,75
404,188,28,74
403,188,28,77
398,191,31,73
396,192,32,76
392,193,32,80
392,194,28,77
386,195,34,80
386,198,31,78
384,198,30,81
380,201,31,80
375,204,35,80
370,204,32,84
364,206,39,82
364,206,35,84
360,209,36,87
359,212,33,87
348,214,39,83
344,216,39,87
342,216,34,86
334,224,39,84
331,225,36,87
325,226,38,89
318,229,39,92
309,229,39,93
305,231,41,91
299,232,40,95
293,234,41,98
285,236,39,96
280,241,39,94
272,246,41,93
264,246,41,97
253,250,44,96
247,252,47,98
239,255,44,103
232,257,47,100
225,259,50,98
216,264,48,103
212,264,48,108
202,269,45,105
190,271,50,109
178,278,56,106
173,281,53,107
162,282,55,112
154,287,49,114
145,289,53,115
136,293,53,116
131,297,49,118
119,302,55,116
110,306,56,117
100,310,56,119
88,310,60,128
74,319,63,124
70,323,63,128
60,329,54,126
46,331,62,130
31,336,65,133
18,341,66,140
10,348,64,133
2,350,61,129
