353,48,34,28
355,49,34,28
356,49,34,28
357,49,34,28
357,49,34,28
360,50,34,28
361,50,35,28
361,51,35,28
361,51,37,28
363,51,37,28
365,51,37,28
367,52,37,28
368,52,37,28
369,52,37,28
370,53,37,28
372,54,37,28
373,54,37,28
373,53,37,28
375,53,39,28
377,54,39,28
379,54,39,28
381,54,39,28
382,55,39,28
384,56,39,28
384,56,39,28
385,56,39,28
387,56,39,28
390,56,39,28
390,56,40,29
390,57,41,30
391,57,41,30
393,57,41,30
395,57,41,31
396,57,41,31
397,58,41,31
399,58,41,31
402,58,41,31
403,59,41,31
405,60,41,31
406,60,41,31
407,60,41,31
409,60,41,31
411,61,42,32
411,61,43,32
413,62,43,32
414,62,43,32
415,62,43,32
416,63,43,32
417,63,43,32
419,63,43,32
420,64,43,32
422,64,43,32
424,65,43,32
425,65,43,32
427,65,43,32
428,65,43,33
429,65,43,33
429,65,43,33
432,67,44,34
433,67,44,34
434,67,44,34
435,67,44,34
438,67,45,35
439,68,45,35
441,69,45,35
441,69,49,37
442,69,49,37
444,69,49,37
447,70,49,37
447,70,51,39
448,70,51,39
450,70,51,39
453,70,51,39
455,72,51,39
457,73,51,39
460,73,51,39
461,74,51,39
463,74,54,42
465,75,54,42
467,75,54,42
470,76,54,42
472,77,54,42
473,77,54,42
474,77,54,42
475,78,55,44
478,79,55,44
480,80,55,44
482,80,56,47
484,82,56,46
487,83,55,45
487,83,58,48
488,84,58,48
491,85,58,48
493,86,58,48
495,88,58,48
498,90,60,50
499,91,60,50
501,92,60,50
503,94,60,50
505,96,60,50
506,98,62,51
506,99,63,53
508,100,63,53
510,103,63,53
510,103,64,56
513,106,64,56
513,108,66,57
513,110,68,59
514,112,70,60
516,114,70,60
517,117,70,60
517,121,71,63
517,122,71,63
518,125,72,63
516,127,76,63
516,129,77,66
517,131,79,68
518,133,79,68
520,135,79,68
520,138,79,71
520,141,79,68
521,143,79,68
517,146,86,73
516,148,86,73
516,152,87,75
515,155,88,77
514,157,89,78
512,161,92,80
510,164,94,81
506,168,95,83
504,172,98,85
502,175,101,87
497,179,101,87
495,182,101,87
489,187,105,90
488,192,105,90
478,197,108,92
468,197,115,98
460,202,118,100
451,207,123,103
442,212,129,106
430,217,134,108
420,221,134,108
407,226,145,111
392,235,150,111
381,241,150,111
368,245,161,119
352,250,168,121
337,255,170,126
317,263,180,134
288,271,188,136
266,280,203,136
245,289,203,136
216,299,223,144
195,306,223,144
