155,179,29,85
156,182,31,89
155,185,35,87
156,184,33,85
157,183,32,87
155,185,36,85
155,189,38,90
156,188,36,85
157,188,31,88
154,189,33,88
154,193,31,87
152,197,32,86
149,197,32,88
149,196,27,89
142,198,29,81
138,200,29,84
129,202,35,87
122,199,32,89
119,207,32,86
112,209,36,88
112,205,37,95
107,209,39,97
111,208,35,88
107,209,35,93
109,211,36,100
106,215,41,93
105,212,45,104
105,214,41,105
105,219,45,97
105,219,45,97
153,221,39,104
188,209,38,103
227,216,36,102
242,212,38,109
233,218,39,108
235,220,41,107
242,218,40,109
244,220,40,113
249,226,36,108
248,225,46,109
255,228,49,111
259,230,52,110
265,227,46,114
267,232,47,111
269,236,53,109
277,235,48,114
280,226,45,119
281,238,47,116
283,244,56,114
285,250,70,116
305,255,71,114
315,250,81,114
325,246,80,124
334,246,71,135
318,244,62,134
285,249,71,142
259,256,73,144
239,262,69,129
215,265,70,144
183,265,72,146
185,271,73,140
194,268,73,138
197,262,64,146
202,267,69,142
205,283,80,135
213,283,70,134
217,280,47,136
221,288,45,135
200,289,49,137
176,308,39,139
142,300,46,141
107,309,68,135
83,311,68,135
62,306,55,142
68,305,61,141
77,310,67,140
82,314,70,141
86,316,72,145
89,315,66,145
94,314,59,147
103,319,51,151
104,320,64,150
109,319,60,151
113,322,55,150
115,327,60,148
121,330,63,151
129,332,56,149
132,333,57,148
134,340,60,141
140,344,54,137
145,344,53,137
147,342,56,139
145,346,62,135
147,352,63,129
152,353,65,127
161,319,60,146
166,272,56,171
170,237,50,170
169,193,54,156
176,147,49,162
182,108,46,176
185,113,50,170
185,112,68,172
185,108,73,175
188,106,73,181
194,92,66,193
198,83,66,207
200,88,64,203
204,116,64,178
206,123,65,177
210,127,69,177
214,126,71,177
218,129,69,177
220,132,69,172
221,137,84,170
222,139,88,177
236,140,79,175
259,136,54,186
270,138,52,184
273,140,60,184
278,145,55,183
287,145,54,185
292,140,61,188
299,124,78,189
300,88,72,190
301,87,65,189
312,88,59,188
320,88,59,197
316,98,79,193
329,106,67,196
337,108,57,191
344,110,62,192
345,85,77,202
354,78,62,199
356,81,68,198
358,82,74,200
354,88,94,205
359,94,97,214
375,98,81,210
381,98,64,211
379,93,85,215
368,93,102,219
376,91,90,219
386,91,64,224
394,91,59,235
388,93,62,234
383,95,68,231
388,93,81,233
378,93,101,235
379,86,89,233
394,87,76,233
273,111,68,232
272,112,68,234
271,113,71,232
272,111,66,233
270,113,70,231
271,111,70,235
272,111,71,234
272,112,78,234
268,100,84,246
259,100,98,245
255,106,99,241
253,101,99,245
254,111,98,237
255,114,97,234
259,110,98,238
262,112,89,233
265,113,83,235
258,111,88,235
259,113,90,232
266,112,82,232
271,112,74,235
280,114,64,234
284,115,64,240
286,119,69,235
289,124,72,234
301,130,68,227
304,130,79,228
304,134,94,225
306,136,106,227
313,139,103,229
332,139,79,230
352,135,62,244
363,138,59,242
367,140,61,247
371,145,63,245
377,147,83,241
376,124,95,241
375,90,109,240
379,51,98,243
395,39,86,244
404,39,83,244
413,40,98,256
420,50,105,256
439,55,95,258
449,66,86,256
460,70,71,251
468,76,73,253
474,93,93,255
441,99,92,262
432,104,82,262
389,106,114,267
335,118,148,274
313,130,151,275
316,140,138,276
334,140,117,277
346,149,102,282
355,166,93,293
370,177,92,293
372,182,107,285
375,188,116,283
378,204,123,267
386,221,134,246
400,228,124,243
419,235,105,235
435,246,94,224
446,267,101,203
450,279,112,193
456,282,120,187
