567,88,21,27
564,89,21,27
563,93,21,28
562,94,22,28
561,97,22,29
559,98,23,30
557,101,26,31
554,98,26,29
553,95,27,32
550,93,28,31
548,94,27,29
547,93,27,32
545,94,28,32
543,93,28,33
539,94,28,34
537,94,28,34
536,95,26,34
533,94,28,34
531,94,28,36
528,94,29,35
525,96,30,33
524,96,27,35
521,94,27,34
517,96,30,35
516,95,27,38
515,94,29,38
510,96,30,37
507,95,30,38
504,97,31,39
501,97,32,38
499,97,31,38
496,98,31,38
493,98,33,38
489,98,31,40
488,99,30,40
484,101,32,39
482,113,31,40
479,114,33,37
478,114,30,36
470,114,34,35
470,114,30,36
462,114,27,36
456,114,31,43
453,115,33,40
452,115,28,39
446,116,37,39
443,116,34,39
436,118,34,37
432,116,33,40
429,119,34,38
425,119,35,41
424,119,34,45
419,120,36,42
413,121,44,39
410,123,39,38
404,124,39,33
400,124,38,35
394,126,44,40
391,126,40,42
386,126,41,47
383,130,33,45
378,128,35,45
373,129,40,49
369,130,40,49
366,131,40,48
362,134,43,46
360,132,40,47
356,131,35,47
352,132,37,45
349,135,39,45
345,135,40,49
342,134,41,50
341,133,39,49
337,133,38,48
335,133,38,52
333,136,37,48
331,137,39,49
330,138,36,49
327,139,38,50
323,140,38,52
323,143,37,52
323,144,36,52
320,145,36,50
319,147,36,56
318,149,36,53
317,151,37,55
316,152,38,55
316,154,35,53
315,155,36,55
314,154,37,60
315,155,34,60
314,157,37,56
316,157,37,57
316,159,38,57
316,160,38,58
316,160,40,62
318,161,39,61
319,162,40,62
318,164,40,64
320,167,40,66
321,168,41,65
319,170,44,67
319,172,47,66
320,173,48,66
322,177,45,66
325,177,48,69
325,180,50,71
330,181,47,71
330,183,50,71
333,187,49,71
333,189,51,73
337,191,52,74
337,194,54,77
342,197,52,78
343,199,54,80
343,201,57,82
348,203,55,82
350,208,56,79
350,210,62,86
354,214,62,85
358,217,63,91
360,219,65,93
364,224,67,91
366,226,70,94
369,230,71,96
377,234,70,98
378,236,74,102
382,240,77,103
385,244,81,105
393,249,80,105
397,254,83,109
403,261,84,110
408,267,87,111
414,271,89,114
421,278,90,115
428,283,95,121
434,290,98,119
445,294,101,130
454,303,106,130
462,307,110,133
477,315,111,136
485,322,119,140
