636,174,104,148
630,173,102,146
623,172,100,144
615,170,105,134
610,167,99,143
605,169,105,138
601,171,104,136
588,171,108,136
578,174,105,133
562,172,112,139
555,173,105,134
554,175,99,130
546,173,96,139
537,170,97,140
533,171,97,140
529,170,97,136
521,173,97,136
520,173,96,137
513,172,94,135
505,174,92,133
503,172,94,135
495,176,97,132
491,176,97,129
474,178,100,132
465,180,99,129
460,178,94,132
453,177,92,134
452,175,91,136
444,174,92,138
437,176,94,139
427,178,97,134
424,179,94,132
418,178,96,135
401,176,105,144
389,179,110,133
385,179,110,133
379,181,108,132
376,180,107,136
366,180,105,130
361,175,110,133
356,177,105,128
351,171,102,136
346,179,97,124
345,176,96,128
338,176,94,133
333,173,92,130
325,175,94,134
324,182,89,127
322,183,87,125
312,171,91,129
283,163,86,122
264,166,87,121
262,168,84,114
262,159,83,116
270,169,83,112
253,172,87,115
248,172,87,114
246,173,86,125
238,172,97,124
233,175,100,122
227,176,105,127
217,174,110,129
209,176,112,130
207,179,108,127
198,177,110,131
189,174,115,125
181,171,118,129
178,175,107,131
172,177,113,125
159,171,118,135
160,175,107,129
155,176,115,128
146,177,120,134
144,174,113,138
139,176,112,132
139,177,105,129
139,177,99,133
134,182,100,122
126,175,96,133
117,173,104,134
113,176,102,133
105,178,110,129
105,181,108,128
102,181,112,129
94,179,113,130
87,179,118,133
84,177,113,135
81,181,115,126
79,180,115,129
73,178,125,134
70,179,123,131
66,180,123,131
66,181,123,126
65,181,123,131
66,183,118,132
63,183,130,133
66,178,121,135
62,180,125,132
60,182,126,124
63,180,126,132
62,180,125,130
60,182,126,126
58,181,125,128
58,179,126,132
57,180,128,130
58,182,125,127
55,181,126,126
57,178,131,131
60,180,123,136
57,183,125,126
50,181,133,127
57,181,128,133
57,182,130,133
53,180,130,125
57,182,130,135
52,181,134,129
57,181,128,127
53,182,131,132
58,182,125,127
57,181,130,127
60,181,121,131
57,178,126,130
57,182,126,129
58,184,128,126
60,182,123,130
58,181,125,132
60,182,120,128
58,180,118,132
58,180,121,134
62,180,118,134
60,179,123,133
58,182,125,125
65,180,117,129
65,182,120,129
66,182,120,126
65,182,120,137
65,179,120,134
62,179,126,130
66,182,123,128
65,181,123,124
62,182,125,130
68,180,121,132
65,181,123,129
68,180,118,129
65,178,120,133
65,179,121,134
68,182,117,131
70,181,121,133
66,178,123,134
68,178,117,133
66,183,121,120
66,182,120,129
65,179,121,130
66,180,123,129
66,179,123,134
66,178,125,133
68,179,121,130
66,178,123,133
66,180,120,126
68,181,123,127
68,179,120,136
66,178,123,133
68,181,123,131
66,181,120,132
70,181,118,140
68,180,121,139
68,179,120,140
66,179,125,131
66,180,123,137
70,181,121,132
70,178,117,135
68,179,120,132
71,179,113,135
71,181,118,133
65,180,125,133
66,178,121,131
66,179,121,122
68,180,123,122
66,179,120,128
65,178,125,128
68,178,120,132
66,180,125,122
68,180,120,122
71,177,123,126
68,183,117,113
66,181,120,125
70,178,117,122
70,179,120,126
70,180,123,128
62,181,126,123
70,178,121,128
68,180,121,132
68,181,123,121
71,179,121,121
65,180,131,122
68,180,123,126
68,180,123,129
68,180,123,129
71,181,118,120
71,179,115,125
65,182,120,120
71,178,110,130
70,181,108,123
70,179,108,124
68,181,115,123
70,180,112,126
71,180,112,126
63,180,118,129
73,179,108,128
70,181,110,127
70,180,108,130
70,179,105,124
70,180,104,117
70,179,113,125
71,179,110,113
71,178,113,118
70,181,117,131
71,182,115,136
70,182,123,120
73,181,112,122
73,183,107,119
74,180,117,127
71,180,118,126
70,181,120,122
73,180,112,119
73,180,121,122
70,181,118,118
73,180,125,122
71,182,120,112
73,182,115,117
73,180,120,118
71,181,113,125
74,181,112,123
74,182,110,124
76,180,110,124
74,180,97,131
71,181,117,126
76,180,105,121
76,180,108,127
71,180,113,125
73,181,117,120
73,178,108,128
83,180,97,122
81,176,102,121
87,176,96,117
84,176,97,111
86,176,97,117
91,176,99,125
89,177,107,121
87,176,113,113
86,174,117,127
87,175,120,114
97,175,112,115
107,177,110,114
113,173,108,133
118,176,104,124
121,173,100,134
130,178,100,122
136,177,94,129
138,176,91,132
141,177,94,130
149,177,91,131
149,174,97,135
155,178,96,124
149,177,100,133
155,177,99,133
162,176,99,134
168,177,96,129
167,178,99,128
175,178,97,128
178,176,94,130
181,177,97,135
173,180,110,124
176,177,108,136
180,176,115,132
189,176,108,129
191,175,115,135
199,174,107,133
202,175,105,128
207,175,113,131
215,175,112,123
217,174,112,124
222,171,115,128
227,173,120,124
238,170,112,135
243,172,113,133
251,175,107,126
254,172,112,126
262,172,112,126
264,174,115,126
265,172,128,134
285,174,110,130
293,173,107,130
298,172,107,134
303,171,104,131
311,170,104,130
311,170,110,131
321,170,107,129
325,170,113,127
329,169,113,135
335,169,113,136
346,172,107,130
350,170,115,132
350,170,115,132
363,171,108,131
369,169,115,132
376,169,113,132
382,169,120,134
389,167,115,138
395,168,115,137
398,167,118,135
403,168,123,141
414,166,117,143
419,167,118,139
426,167,120,137
432,166,115,142
439,172,125,136
445,172,115,138
453,172,107,141
463,175,113,134
471,172,115,135
474,168,125,136
479,167,121,133
500,167,104,137
510,165,91,136
502,168,115,132
513,166,105,134
523,165,107,134
528,168,113,131
541,165,113,136
