136,303,48,129
134,303,48,129
131,303,48,129
129,303,48,129
126,303,48,129
127,303,48,129
127,303,48,129
128,303,48,129
128,303,48,129
129,303,48,129
129,303,48,129
130,303,48,129
130,303,48,129
131,303,48,128
131,303,48,127
132,303,49,127
132,303,49,126
131,303,49,125
129,303,50,124
128,303,50,123
130,302,49,123
132,301,47,123
134,299,46,123
136,298,44,123
138,297,43,123
139,295,41,123
141,296,43,122
143,296,45,120
145,296,48,118
149,295,50,118
151,295,49,118
153,294,49,117
155,293,48,117
157,292,48,117
158,291,47,117
160,291,46,116
164,290,44,116
168,289,42,116
171,288,39,116
175,287,37,115
176,288,39,115
177,288,41,115
178,288,43,115
183,288,41,115
188,289,39,115
193,289,37,115
198,289,37,115
204,289,37,115
209,289,37,115
214,290,37,115
215,291,40,116
216,291,42,116
214,292,45,116
212,293,48,116
206,294,48,116
206,296,46,116
206,297,45,116
206,299,44,116
206,301,43,116
206,303,42,115
206,303,42,116
205,303,42,117
204,304,43,118
204,304,43,119
203,305,43,120
203,305,43,121
202,305,44,122
202,306,44,122
201,306,44,123
201,307,44,124
200,307,44,124
199,307,44,124
199,307,44,124
198,307,44,124
197,307,44,124
197,307,44,124
196,307,44,124
195,307,44,124
194,307,44,124
194,307,44,124
193,307,44,124
192,307,44,124
192,307,44,124
192,307,44,125
192,307,44,125
192,307,44,125
192,307,44,125
192,306,44,125
192,306,44,126
192,306,44,126
192,306,44,126
192,306,44,126
192,305,44,126
192,305,44,126
192,305,44,127
192,305,44,127
192,305,44,127
192,305,44,127
192,304,44,127
192,304,44,128
192,304,44,128
192,304,44,128
192,304,44,128
192,303,44,128
192,304,44,128
192,304,44,128
192,304,44,128
192,304,44,128
192,304,44,128
192,304,44,128
192,304,44,128
189,267,44,128
188,254,44,128
188,251,44,128
188,251,44,128
188,251,44,128
188,251,44,128
188,251,44,128
188,250,44,128
188,250,44,128
188,250,44,128
188,250,44,128
188,250,44,128
188,250,44,128
188,250,44,128
188,250,44,128
188,249,44,128
188,249,44,128
188,249,44,128
188,249,44,128
188,249,44,128
188,249,44,128
188,249,44,128
188,249,44,128
188,249,44,128
188,249,44,128
188,249,45,128
188,249,45,128
188,249,45,128
188,249,45,128
188,249,45,128
188,249,45,128
188,249,45,128
188,249,45,128
188,249,45,128
188,249,45,128
188,249,45,128
188,249,45,128
188,249,45,128
188,249,46,128
189,249,46,128
189,249,46,128
189,249,46,127
189,249,46,127
189,249,46,127
189,249,46,127
189,250,46,127
189,250,46,127
189,250,46,127
189,250,46,127
189,250,46,127
189,250,46,127
189,250,47,127
189,250,47,127
189,250,47,127
189,250,47,127
189,250,47,127
189,250,47,127
189,250,47,127
190,250,47,127
190,250,47,127
190,250,47,127
190,250,47,127
190,250,47,127
190,250,47,127
190,250,47,126
190,250,48,126
190,250,48,126
190,250,48,126
190,251,48,126
190,251,48,126
190,251,48,126
190,251,48,126
190,251,48,126
190,251,48,126
190,251,48,126
190,251,48,126
191,251,48,126
191,251,48,126
191,251,49,126
191,251,49,126
191,251,49,126
191,251,49,126
191,251,49,126
191,251,49,126
191,251,49,126
191,251,49,126
191,251,49,126
191,251,49,125
191,251,49,125
191,251,49,125
191,251,49,125
191,252,50,125
191,252,50,125
191,252,50,125
192,252,50,125
192,252,50,125
192,252,50,125
192,252,50,125
190,251,50,125
188,250,50,125
185,251,51,125
182,252,51,124
179,253,52,124
176,253,53,123
176,254,53,123
175,254,54,122
174,255,55,122
174,255,55,121
173,256,56,121
172,256,57,120
171,257,58,120
170,258,58,119
169,258,59,119
171,257,59,119
173,256,60,119
175,254,60,119
180,253,59,119
184,251,57,119
188,250,56,119
192,249,54,119
196,247,53,119
200,246,51,119
204,245,50,119
208,243,48,119
212,242,46,119
216,241,45,119
221,239,43,119
225,238,42,119
229,236,40,119
230,236,40,119
232,235,40,119
233,234,40,119
235,233,40,119
236,232,40,119
238,232,40,119
240,231,40,119
241,230,40,119
243,229,40,119
244,228,40,119
248,229,41,119
251,230,43,120
255,230,44,120
258,231,45,121
261,232,46,121
264,232,45,121
266,232,44,122
269,233,43,122
271,233,41,123
274,233,40,123
276,233,40,123
277,232,40,123
279,231,40,123
282,231,40,123
286,231,40,123
289,231,40,123
292,231,40,123
296,231,40,123
299,232,40,123
302,232,40,123
304,232,41,123
307,232,42,123
309,232,43,123
311,233,44,123
313,233,45,123
315,233,46,122
317,233,47,122
320,234,47,122
322,234,48,122
324,234,49,122
328,235,49,122
331,235,49,122
335,236,49,122
338,237,49,122
342,237,49,122
346,238,49,122
330,241,49,122
297,243,49,122
263,246,49,118
234,249,49,118
194,253,60,111
194,257,64,107
195,256,64,107
196,256,64,106
197,256,64,106
197,255,65,105
198,255,65,105
199,255,65,104
200,255,65,104
201,254,65,103
204,253,65,105
207,252,65,106
211,251,64,108
214,251,64,109
217,250,63,111
221,249,63,112
224,248,63,113
228,247,62,115
235,247,62,116
242,246,61,118
249,245,61,118
255,245,61,118
261,244,61,118
243,245,61,118
206,247,61,118
180,247,61,118
161,246,61,118
139,248,61,118
126,247,61,118
138,245,61,117
159,245,61,117
180,245,62,117
200,245,62,116
221,245,62,116
242,245,62,116
263,245,62,115
284,245,62,115
308,247,62,114
332,248,62,114
364,245,62,114
379,245,62,114
369,245,62,114
346,249,62,114
330,251,62,114
313,257,62,114
308,257,62,114
311,257,62,114
301,257,72,114
282,264,72,114
271,270,72,114
259,272,72,114
247,274,72,114
261,279,61,108
284,282,61,108
301,286,61,108
318,292,61,108
323,292,61,108
344,296,61,108
359,296,61,121
370,300,61,134
384,307,61,127
396,315,61,127
406,320,61,127
418,328,61,127
428,333,61,127
