314,420,63,22
314,419,63,22
315,419,62,22
315,419,62,22
315,419,61,23
315,419,61,23
316,418,60,23
316,418,60,24
316,418,59,24
317,418,59,24
317,418,58,25
317,417,58,25
317,417,57,25
318,417,57,25
318,417,57,26
318,417,56,26
319,416,56,26
319,407,57,37
316,404,63,40
306,399,68,46
299,393,68,49
294,393,68,46
294,393,62,42
289,378,60,51
285,361,66,60
283,347,66,63
286,324,60,65
286,307,60,65
295,290,54,62
302,256,48,73
297,228,56,85
295,211,56,85
295,200,54,76
294,194,52,69
289,193,52,65
289,193,57,65
283,196,65,65
282,197,68,79
282,210,74,63
289,213,65,66
311,231,35,52
311,247,40,54
311,250,51,57
312,254,57,60
322,256,49,60
322,256,52,60
317,247,57,69
317,247,59,66
312,239,65,62
309,231,62,68
308,222,62,65
306,213,62,69
306,208,62,68
306,202,62,71
306,202,62,68
306,202,66,63
306,202,68,63
306,202,69,63
306,202,73,66
306,203,73,66
306,203,73,66
306,204,72,66
306,204,72,66
306,204,71,66
306,204,71,65
306,205,70,65
306,205,70,65
306,205,69,65
308,211,66,57
308,211,67,62
309,211,68,66
309,211,69,71
314,211,65,74
319,222,52,74
317,230,54,73
305,241,65,74
286,247,76,74
275,256,74,66
257,268,82,51
245,262,77,62
232,250,83,65
231,237,76,66
229,225,66,65
235,217,56,65
235,213,56,65
235,210,56,65
237,199,46,66
234,199,49,67
231,199,52,68
228,199,56,69
223,200,56,69
223,200,56,74
221,207,56,74
221,207,55,73
221,207,54,71
226,211,46,71
221,216,57,73
212,228,71,65
215,239,74,56
215,245,76,51
223,247,71,51
228,251,71,51
229,254,71,51
231,261,68,59
234,267,60,59
229,276,59,54
224,273,63,63
218,267,63,71
215,267,65,71
204,274,68,59
194,278,57,56
180,271,62,56
172,271,62,56
161,254,60,68
150,248,65,71
143,241,73,77
143,241,63,77
141,241,65,74
141,234,66,79
143,235,66,77
144,235,65,76
146,236,65,74
147,234,73,77
160,241,71,76
170,247,66,68
187,248,63,66
201,250,65,60
228,230,63,60
241,211,63,62
254,183,54,68
254,166,54,79
255,157,62,79
261,156,60,66
261,162,62,62
260,162,65,68
269,165,66,77
275,177,62,73
277,196,62,74
277,217,68,80
300,227,65,79
332,228,62,68
354,210,59,73
368,197,59,73
379,182,59,73
379,165,66,71
380,160,66,71
383,159,65,60
390,160,57,62
396,160,52,66
400,163,43,69
400,168,43,69
400,174,43,69
396,177,43,69
380,179,52,71
374,182,56,73
363,185,57,74
348,190,63,80
334,202,49,73
316,208,51,71
297,219,59,73
280,225,62,68
271,228,65,74
257,228,66,74
243,228,73,73
240,234,69,68
231,231,74,69
231,233,74,69
232,244,71,68
232,244,74,66
240,244,79,66
257,236,79,76
274,222,79,76
292,196,79,76
300,156,79,94
294,129,73,96
294,100,62,108
277,102,74,105
274,114,62,80
266,122,66,74
258,128,71,71
257,137,66,69
251,149,79,77
249,159,71,82
240,173,103,77
232,182,114,85
232,186,99,93
228,205,94,102
235,210,94,102
258,207,83,108
258,210,99,116
257,202,100,133
260,196,103,151
275,191,79,159
283,202,59,153
292,217,48,140
292,224,49,134
290,222,56,134
288,220,62,133
288,220,59,116
286,213,52,116
289,207,52,116
277,210,60,114
274,207,61,117
271,205,62,120
271,205,63,119
271,205,64,118
271,205,65,117
272,194,68,122
272,193,68,122
275,186,68,122
277,186,68,122
285,186,60,119
285,180,60,119
291,182,51,116
291,182,52,116
291,182,53,116
291,182,54,116
291,182,56,116
289,185,60,111
289,186,63,111
288,190,57,114
288,190,57,116
288,190,57,117
288,182,51,130
289,179,52,131
292,173,52,131
294,168,52,128
294,171,57,119
294,171,62,114
294,171,68,110
298,168,68,110
302,165,68,110
302,165,69,107
308,162,69,107
311,159,69,107
315,160,68,104
319,162,66,102
320,162,64,100
321,162,62,99
322,162,60,97
322,162,59,96
322,162,57,94
318,162,59,96
314,162,60,99
308,162,74,100
300,162,80,107
299,176,85,99
299,180,86,93
299,186,90,83
299,193,93,79
295,207,97,63
291,208,108,60
291,214,108,54
285,214,114,68
295,219,114,68
301,220,114,76
306,220,114,85
306,227,114,85
311,230,114,85
319,230,107,85
323,227,105,86
331,228,97,88
340,228,90,88
345,227,85,88
351,234,73,91
356,231,71,91
346,231,73,107
349,233,73,107
349,233,73,109
349,233,73,111
349,233,73,117
351,233,71,123
353,236,71,123
357,236,71,123
362,236,71,123
362,236,71,120
362,236,71,116
362,236,73,111
362,236,74,105
362,236,74,102
356,224,82,111
351,224,91,116
343,224,99,113
339,224,103,113
334,224,108,113
328,224,110,114
322,224,116,114
320,224,116,114
312,224,123,114
312,227,123,111
312,227,123,111
322,227,114,117
332,227,103,120
332,236,105,111
332,236,105,125
332,245,102,125
336,245,99,119
338,245,96,119
341,245,94,120
343,245,91,120
343,248,90,123
343,250,90,126
343,253,89,129
343,250,73,132
343,248,73,134
343,245,73,136
343,245,73,137
343,245,83,139
340,246,80,137
337,247,83,136
337,247,82,137
338,247,82,132
339,247,82,127
339,248,85,125
319,247,107,148
316,247,113,151
316,246,113,152
314,245,117,148
315,244,119,150
316,242,120,156
320,242,116,154
331,242,105,153
332,242,104,151
341,242,95,153
342,242,94,151
341,242,95,151
341,242,95,151
340,242,95,151
342,242,94,152
344,242,92,153
343,242,93,152
342,242,94,152
341,242,95,152
339,242,96,152
338,242,98,151
337,242,99,151
331,242,105,152
324,242,112,154
323,242,113,158
327,242,109,158
324,242,112,157
332,242,103,150
331,242,107,153
337,242,103,154
336,242,107,170
339,242,103,173
353,243,90,159
354,243,89,155
354,243,89,151
355,243,88,147
356,244,88,144
356,244,88,144
356,244,88,144
356,244,88,145
356,244,88,145
356,244,88,146
357,245,88,148
357,245,88,150
357,245,88,153
357,247,88,155
357,245,88,151
363,247,80,151
362,247,81,156
360,247,83,161
359,247,83,160
359,247,84,159
358,247,84,158
358,247,85,157
357,247,85,156
356,247,85,155
356,247,86,154
355,247,86,153
354,247,87,151
360,247,81,154
356,247,84,155
353,247,88,153
353,247,86,153
353,247,83,154
352,247,83,166
351,247,83,148
349,246,83,147
348,245,83,145
346,245,86,147
343,245,88,133
343,245,88,151
343,245,87,147
343,245,87,148
343,245,86,144
343,245,87,149
343,245,88,144
343,242,88,147
343,242,88,150
343,242,88,150
343,242,88,139
341,240,89,141
339,237,90,123
342,239,87,120
345,241,85,116
345,241,85,117
346,241,86,118
347,241,86,119
349,241,85,116
342,241,93,131
334,241,102,147
336,241,101,151
340,241,97,154
343,241,95,156
345,241,93,158
348,241,91,160
349,241,90,160
353,241,86,127
353,241,87,122
353,242,88,117
353,242,88,117
354,243,88,117
355,243,88,117
356,243,88,117
356,243,88,117
357,244,88,117
359,244,88,118
360,244,88,119
362,244,88,120
355,244,96,138
348,245,103,156
352,245,100,156
344,245,109,166
354,245,99,171
360,245,94,164
360,245,93,164
360,245,93,164
361,245,91,154
363,245,89,145
364,245,87,136
365,245,85,127
362,242,85,147
362,242,86,143
362,242,86,151
361,242,86,147
359,243,86,144
358,243,86,146
357,244,86,142
356,242,86,147
354,239,86,147
353,237,86,148
353,239,82,147
353,241,77,145
353,243,73,138
349,230,80,147
345,240,84,138
343,231,82,151
341,241,77,135
338,241,83,134
337,241,79,133
334,244,83,128
329,239,65,134
324,250,69,122
314,250,71,122
315,251,68,117
305,244,69,123
298,239,71,120
293,234,63,122
283,230,72,119
268,222,78,118
268,220,77,105
256,213,88,111
249,208,94,129
246,203,89,112
238,194,99,114
238,197,94,103
236,196,96,102
221,196,115,147
217,195,118,149
212,193,121,143
206,196,128,140
200,195,141,129
203,194,145,131
206,198,145,125
208,206,150,114
215,208,149,120
220,204,152,125
234,210,142,125
242,209,144,128
251,209,135,135
271,201,126,148
276,189,121,166
289,168,106,178
311,151,94,181
309,149,101,163
303,140,101,153
294,136,110,123
289,134,110,115
282,142,117,100
285,146,117,88
280,151,103,90
283,159,122,93
289,169,108,90
291,176,102,97
299,178,83,109
297,182,77,108
300,188,68,96
295,188,68,102
299,188,69,96
299,190,68,97
300,186,63,161
292,189,73,156
277,186,86,157
266,183,99,146
266,183,97,140
266,177,103,138
277,168,91,139
287,164,87,148
295,166,81,150
298,166,79,147
297,171,82,115
294,170,83,123
299,169,76,129
297,162,74,150
300,156,83,156
297,159,87,156
296,158,78,151
295,165,78,155
293,163,78,162
292,171,76,159
293,176,75,154
294,183,74,148
289,190,77,144
295,193,69,142
292,197,76,140
289,200,80,140
289,203,83,134
290,202,79,131
292,204,77,135
292,201,78,107
290,200,82,113
289,205,82,109
289,213,81,94
292,222,82,91
293,224,86,95
300,227,80,96
304,225,73,93
302,225,74,91
289,220,78,93
291,222,73,97
290,228,72,96
288,235,72,94
289,231,71,93
292,236,57,93
279,238,59,94
278,241,51,91
273,247,47,82
262,249,46,79
265,245,38,86
256,248,55,90
246,248,63,88
249,253,63,93
249,255,71,88
259,257,64,87
260,254,66,88
269,248,65,69
276,242,63,70
272,236,77,86
283,220,72,92
288,208,72,110
287,202,77,80
286,191,83,80
284,191,87,79
285,191,85,73
282,191,85,69
278,186,79,74
278,185,71,82
276,209,70,60
279,198,71,80
280,204,73,76
288,212,67,71
293,218,63,66
294,231,68,60
304,233,59,69
305,237,60,72
310,242,56,69
309,250,60,69
309,258,55,67
310,269,49,61
312,273,49,59
307,271,53,66
304,272,56,66
307,274,53,68
302,272,58,67
307,272,60,63
306,261,60,70
308,236,54,82
306,212,63,91
304,185,69,93
298,169,76,87
302,149,76,83
297,142,93,78
288,130,123,87
284,126,135,95
282,132,144,85
277,136,147,82
273,132,150,102
269,128,140,136
264,139,127,143
278,139,98,159
278,154,80,161
258,173,83,158
245,254,77,142
271,312,76,113
249,338,85,125
262,370,83,97
271,401,71,67
271,398,70,72
275,402,77,72
277,407,88,72
283,409,86,69
289,412,93,68
293,410,88,72
295,410,85,71
296,414,108,69
295,411,116,71
289,409,116,73
292,406,113,74
292,408,118,75
297,412,110,71
291,407,119,76
294,409,111,73
293,415,117,64
297,409,110,71
296,406,116,76
294,408,113,72
294,411,115,68
295,407,110,71
295,411,114,68
299,407,108,74
292,411,119,73
294,413,114,65
292,412,111,71
297,410,110,74
