542,433,74,22
542,433,74,22
542,433,74,22
542,433,74,22
542,433,74,22
542,433,74,22
542,433,74,22
542,433,74,22
542,433,74,22
542,433,74,22
542,433,74,22
542,433,74,22
542,433,74,22
542,433,74,22
542,433,74,22
542,433,74,22
542,433,74,22
542,433,74,22
542,433,74,22
542,433,74,22
553,427,74,22
568,427,74,22
577,424,74,22
600,413,74,31
623,401,74,39
624,400,74,40
625,398,74,41
642,401,58,36
658,405,43,31
652,403,56,30
645,401,69,28
642,399,69,28
638,396,69,28
637,400,69,28
636,403,69,28
653,400,52,30
669,396,35,31
669,393,45,34
669,390,56,37
682,409,56,30
681,408,60,27
681,407,65,24
681,407,65,24
681,407,65,24
685,407,65,24
690,407,65,24
690,407,65,24
690,407,65,24
692,408,65,24
693,408,65,24
695,409,65,24
695,409,65,24
695,409,65,24
695,409,65,24
695,409,65,24
695,409,65,24
695,409,65,24
695,409,65,24
695,409,65,24
695,409,65,24
695,409,65,24
695,409,65,24
695,409,65,24
695,409,65,24
697,409,65,24
698,409,65,24
699,409,65,24
699,409,65,24
699,409,65,24
699,409,65,24
699,409,65,24
699,409,65,24
699,409,65,24
699,409,65,24
699,409,65,24
699,409,65,24
699,409,65,24
699,409,65,24
699,409,65,24
699,409,65,24
699,409,65,24
699,409,65,24
699,409,65,24
699,409,65,24
699,409,65,24
699,409,65,24
699,409,65,24
695,410,65,24
690,411,65,24
686,413,65,24
686,413,65,24
686,413,65,24
686,413,65,24
688,413,65,24
710,409,65,24
710,409,65,24
718,407,64,24
726,405,63,25
734,403,62,25
742,400,61,25
750,398,60,25
758,396,58,26
766,394,57,26
766,394,57,26
766,394,57,26
766,394,57,26
766,394,57,26
766,394,57,26
766,394,57,26
766,394,57,26
766,394,57,26
766,394,57,26
766,394,57,26
766,394,57,26
766,394,57,26
766,394,57,26
766,394,57,26
766,394,57,26
766,394,57,26
766,394,57,26
766,394,57,26
766,394,57,26
766,394,57,26
766,394,57,26
766,394,57,26
766,394,57,26
766,394,57,26
766,394,57,26
766,394,57,26
766,394,57,26
764,398,57,26
769,392,57,26
764,400,57,26
749,403,57,26
756,401,57,26
756,403,57,26
752,401,57,26
748,403,57,26
738,403,57,26
737,406,57,26
731,411,57,26
729,409,57,26
715,410,57,26
725,407,57,26
731,405,57,26
737,402,57,26
744,400,57,26
751,389,56,34
758,377,54,43
779,380,51,34
799,383,48,26
810,377,48,26
821,372,48,26
825,373,48,25
829,374,48,24
829,372,48,24
829,370,48,24
829,370,48,24
829,370,48,24
839,366,48,24
849,363,48,24
861,362,48,24
873,361,48,24
865,361,48,24
856,361,48,24
860,359,48,24
864,357,48,24
869,358,48,24
875,359,48,24
875,359,48,24
875,359,48,24
878,360,48,24
881,361,48,24
881,361,48,24
881,361,48,24
878,359,49,24
875,357,50,24
877,357,50,24
879,357,50,24
829,360,51,24
779,363,52,24
755,368,52,24
723,374,52,24
699,372,52,24
675,370,52,24
676,371,52,24
677,371,52,24
678,372,52,24
679,372,52,24
680,373,52,24
681,373,52,24
682,374,52,24
690,375,52,24
697,376,52,24
708,376,52,24
719,376,52,24
721,376,52,24
723,376,52,24
725,376,52,24
727,377,52,24
730,377,52,24
734,377,52,24
737,376,52,24
740,376,52,24
744,376,52,24
747,375,52,24
750,375,52,24
754,374,52,24
757,374,52,24
760,374,52,24
763,374,52,24
766,374,52,24
769,374,52,24
771,374,52,24
775,374,52,24
778,375,52,24
781,375,52,24
784,376,52,24
790,376,52,24
795,377,52,24
796,377,52,24
797,377,52,24
798,377,52,24
799,377,52,24
806,377,52,24
813,377,52,24
820,377,52,24
827,377,52,24
826,377,52,24
832,381,52,24
842,379,52,24
839,380,52,24
845,379,52,24
860,379,52,24
862,378,52,24
853,388,52,24
866,386,52,24
854,390,52,24
852,389,52,24
849,389,52,24
821,389,52,24
804,383,52,24
787,378,52,24
770,373,52,24
753,368,52,24
736,363,52,24
726,363,52,25
717,363,53,27
707,363,53,28
697,363,54,30
685,360,49,34
673,358,45,39
661,356,40,44
648,354,36,49
636,351,31,54
625,351,31,49
614,351,31,44
603,351,31,40
592,351,31,35
588,360,31,31
584,368,31,28
581,376,31,24
571,375,38,26
562,374,44,28
553,374,51,31
543,373,57,33
534,372,64,35
525,372,70,37
527,371,69,36
529,370,67,35
531,368,65,34
533,367,63,33
535,366,62,32
534,366,60,32
533,365,58,31
532,365,56,30
532,364,54,29
531,364,53,28
530,364,51,27
536,365,50,27
542,366,49,26
548,367,47,26
555,368,46,26
559,368,46,26
563,368,46,26
567,368,46,26
571,368,46,26
575,368,46,26
579,367,46,26
583,367,46,26
587,366,46,26
591,366,46,26
595,365,46,26
599,365,46,26
603,364,46,26
607,364,46,26
612,363,46,26
616,363,46,26
621,362,46,26
625,362,46,26
630,361,46,26
634,361,46,26
636,361,46,26
637,361,46,26
639,362,46,26
640,362,46,26
642,362,46,26
643,363,46,26
633,364,46,26
623,365,46,26
613,366,46,26
602,367,46,26
592,368,46,26
582,369,46,26
571,370,46,26
557,371,46,26
542,372,46,26
527,373,46,26
513,374,46,26
498,375,46,26
483,376,46,26
469,377,46,26
454,378,46,26
439,379,46,26
425,380,46,26
410,381,46,26
401,382,46,26
391,383,46,26
381,384,46,26
372,385,46,26
362,386,46,26
353,387,46,26
343,387,46,26
332,388,46,26
322,389,46,26
312,389,46,26
302,390,46,26
292,390,46,26
281,391,46,26
271,392,46,26
261,392,46,26
251,393,46,26
241,393,46,26
230,394,46,26
226,394,46,26
221,394,46,26
205,394,44,26
190,394,41,26
181,395,41,26
173,396,41,26
164,396,41,26
156,397,41,26
147,398,41,26
139,399,41,26
130,399,41,26
122,400,41,26
113,401,41,26
105,401,41,26
105,401,41,26
105,401,41,26
105,401,41,26
105,401,41,26
105,401,41,26
105,401,41,26
105,401,41,26
105,401,41,26
105,401,41,26
105,401,41,26
105,401,41,26
105,401,41,26
105,401,41,26
105,401,41,26
105,401,41,26
105,401,41,26
105,401,41,26
105,401,41,26
105,401,41,26
105,401,41,26
105,401,41,26
105,401,41,26
105,401,41,26
105,401,41,26
105,401,41,26
105,401,41,26
105,401,41,26
105,401,41,26
105,401,41,26
105,401,41,26
105,401,41,26
105,401,41,26
105,401,41,26
105,401,41,26
105,401,41,26
105,401,41,26
105,401,41,26
105,401,41,26
105,401,41,26
105,401,41,26
105,401,41,26
105,401,41,26
105,401,41,26
105,401,41,26
105,401,41,26
105,401,41,26
105,401,41,26
105,401,41,26
105,401,41,26
105,401,41,26
105,401,41,26
105,401,41,26
105,401,41,26
105,401,41,26
105,401,41,26
105,401,41,26
105,401,41,26
105,401,41,26
105,401,41,26
105,401,41,26
105,401,41,26
105,401,41,26
105,401,41,26
105,401,41,26
105,401,41,26
105,401,41,26
105,401,41,26
105,401,41,26
105,401,41,26
105,401,41,26
105,401,41,26
105,401,41,26
105,401,41,26
105,401,41,26
105,401,41,26
105,401,41,26
105,401,41,26
105,401,41,26
105,401,41,26
105,401,41,26
105,401,41,26
105,401,41,26
105,401,41,26
105,401,41,26
105,401,41,26
105,401,41,26
105,401,41,26
105,401,41,26
105,401,41,26
105,401,41,26
105,401,41,26
105,401,41,26
105,401,41,26
109,405,41,26
114,409,41,26
124,407,41,26
133,404,41,26
143,402,41,26
153,400,41,26
155,397,41,26
158,395,41,26
160,393,41,26
163,391,41,26
166,389,41,26
175,390,44,29
184,391,46,31
193,392,49,34
201,393,52,37
210,395,55,40
219,396,57,43
234,398,57,41
249,400,57,39
264,401,57,37
295,402,57,34
327,403,56,31
358,404,56,27
390,405,56,24
407,406,57,25
424,407,59,25
442,408,61,26
459,409,63,27
476,410,65,27
493,411,67,28
504,408,67,28
515,406,67,28
525,404,67,28
536,401,67,28
542,401,67,28
548,401,67,28
554,401,67,28
560,401,67,28
566,401,67,28
570,401,67,28
574,400,67,28
578,400,67,28
583,399,67,28
587,399,67,28
591,398,67,28
595,398,67,28
597,398,67,28
598,397,67,28
599,397,67,28
601,397,67,28
602,396,67,28
603,396,67,28
605,396,67,28
605,396,67,28
605,396,67,28
