594,251,48,68
594,252,48,67
594,253,48,66
593,254,48,65
592,255,48,65
592,254,48,65
592,253,48,65
592,252,48,65
593,252,44,67
594,252,41,66
594,252,37,65
595,252,33,65
595,252,33,65
594,251,33,65
593,251,32,65
592,251,31,66
591,253,30,64
590,254,30,63
585,255,29,63
582,255,30,64
581,255,31,65
581,255,32,66
584,255,33,67
582,255,38,68
581,255,42,68
579,255,47,69
578,255,46,67
576,254,46,66
575,254,45,66
576,255,45,65
577,255,45,65
578,255,46,65
579,257,46,66
579,259,47,68
579,258,46,68
578,257,45,69
577,255,45,69
576,254,44,69
579,253,41,68
581,251,37,67
580,251,36,67
580,251,35,67
579,251,34,67
578,250,33,68
578,250,32,68
577,250,31,68
576,250,30,69
576,250,29,69
575,250,28,69
573,250,31,69
571,250,33,69
569,250,36,69
568,251,39,69
566,251,41,69
564,251,44,68
562,251,46,68
560,252,49,68
559,252,51,68
557,252,53,68
555,252,56,68
556,253,56,68
556,254,56,68
556,254,53,69
556,255,50,69
556,255,48,70
556,256,45,70
557,257,42,70
558,257,38,71
559,258,35,71
559,258,35,71
559,258,34,72
559,258,34,72
558,259,34,72
558,259,34,73
558,259,34,73
558,259,33,73
558,260,33,73
558,260,33,74
556,257,33,74
552,257,35,74
549,257,37,74
545,257,40,74
545,257,42,74
544,258,45,74
544,258,47,74
543,258,49,75
544,258,49,78
543,256,49,78
538,257,49,78
537,257,48,77
537,258,47,76
536,259,46,75
538,260,44,75
542,261,43,74
543,262,42,73
544,262,41,73
543,261,39,72
543,261,37,72
543,261,35,71
543,262,33,70
542,262,34,71
541,263,34,71
540,264,35,71
539,264,36,72
538,265,36,72
538,265,37,72
538,265,38,73
539,265,38,74
539,265,39,74
539,264,39,73
540,266,40,73
540,268,40,73
540,270,41,73
540,272,42,73
542,273,41,73
543,273,41,73
544,273,41,73
545,274,41,73
546,274,41,73
546,273,40,73
547,273,40,73
548,273,40,73
548,272,39,72
549,272,39,72
549,271,38,72
552,274,38,72
552,277,38,72
553,280,37,72
554,283,37,71
556,283,37,71
557,281,39,73
560,281,40,73
565,279,40,75
569,277,41,74
576,277,39,76
579,277,40,77
582,279,44,76
588,283,47,77
612,295,51,75
621,300,50,74
630,302,50,77
634,306,50,76
637,311,49,74
638,313,50,77
639,317,49,77
639,317,48,77
639,315,51,79
642,310,49,79
643,307,50,80
639,297,46,79
631,296,48,78
621,296,48,80
614,301,46,79
613,305,45,81
610,319,41,78
610,323,40,77
611,328,38,76
611,329,37,76
612,330,36,75
612,331,35,74
609,326,37,79
608,327,38,78
607,328,40,78
606,327,41,78
605,320,42,79
605,317,44,80
606,313,46,81
610,310,47,81
615,307,48,80
620,310,47,80
620,311,46,80
620,314,46,80
621,318,45,80
623,319,45,80
629,317,44,81
628,319,43,81
628,321,43,81
628,325,42,82
628,329,41,81
623,329,39,82
623,327,40,82
622,327,38,80
619,325,39,81
619,325,40,81
615,328,37,78
612,328,38,78
608,328,39,78
605,327,40,78
602,327,41,78
599,327,41,78
597,327,42,78
595,328,43,78
594,329,44,78
592,330,44,79
590,331,45,79
588,331,47,79
586,331,50,80
586,331,49,81
585,332,48,82
585,332,49,82
585,331,49,82
585,331,49,83
585,330,49,83
586,330,49,83
586,330,48,83
586,329,47,84
586,329,47,84
587,329,45,85
587,329,44,86
588,328,43,87
587,329,43,87
587,330,43,87
586,331,43,86
586,332,43,86
586,333,43,85
585,334,43,85
582,334,44,86
580,333,46,87
578,333,48,87
576,332,49,88
574,331,51,88
571,330,52,89
569,329,54,89
566,328,55,89
563,327,57,89
563,327,56,89
563,328,55,90
562,328,54,90
562,328,52,91
561,329,51,91
561,329,50,91
562,330,49,92
562,331,48,92
562,331,47,93
554,330,45,92
548,329,44,92
541,329,43,91
534,329,42,91
525,330,44,92
501,327,44,92
486,326,44,92
466,323,44,92
448,320,44,92
430,320,44,92
404,321,44,92
393,320,44,92
381,318,46,92
369,316,47,92
354,318,49,92
339,320,51,92
331,320,52,92
329,323,53,93
327,325,54,93
325,327,54,93
324,328,55,93
323,327,55,94
322,326,54,94
322,325,54,94
321,324,53,94
320,324,53,95
320,322,52,96
321,320,52,97
321,319,51,99
322,317,51,100
322,316,50,100
322,315,50,100
323,315,49,100
323,315,49,99
323,314,48,99
324,314,48,99
324,314,47,99
324,314,47,99
325,314,46,99
322,315,50,99
322,312,53,99
328,310,50,100
329,309,51,100
330,307,53,101
331,306,53,101
337,308,54,100
343,310,55,100
350,313,56,100
355,315,54,100
354,316,54,101
356,314,53,102
357,312,53,103
365,309,56,102
372,306,59,102
389,307,58,105
416,310,57,107
416,312,55,106
413,313,53,103
416,310,49,104
421,309,48,105
431,310,49,103
439,310,48,102
445,310,49,104
448,312,50,109
451,313,48,108
453,313,49,109
455,312,50,109
456,312,51,110
460,312,54,109
463,311,57,109
466,311,61,109
468,314,58,106
468,315,59,107
468,316,60,108
467,317,60,109
469,317,60,109
470,318,60,110
472,318,60,110
473,319,60,110
475,319,59,111
477,320,58,111
479,321,58,111
481,321,57,111
483,322,56,111
488,323,55,111
492,325,54,111
497,327,53,111
501,328,52,111
506,330,51,111
510,330,50,112
514,330,49,112
517,330,48,112
521,331,47,112
529,329,46,112
535,329,49,113
542,328,51,113
547,327,57,115
549,326,60,115
551,325,62,115
557,324,62,114
565,323,63,113
573,321,64,112
580,319,61,112
585,322,63,112
587,325,65,113
586,327,66,116
586,332,65,116
587,333,64,115
587,332,62,117
588,331,61,116
589,330,60,115
590,330,57,114
592,330,54,113
593,330,51,112
592,330,52,114
591,330,53,116
591,329,53,117
590,329,53,118
589,328,53,118
588,327,53,119
587,327,53,120
586,326,53,121
586,325,53,122
584,325,56,122
583,326,59,121
582,326,61,121
581,326,64,121
579,327,66,121
578,327,67,120
577,328,68,120
575,329,72,120
574,330,72,119
573,330,70,119
569,330,72,120
568,330,70,120
567,330,68,121
566,330,66,122
565,330,64,123
564,329,62,124
563,329,61,125
563,328,59,126
561,329,58,125
559,330,57,125
557,330,56,125
555,331,55,124
554,332,54,124
552,333,54,124
550,333,53,123
548,334,52,123
546,335,51,123
543,335,54,123
540,335,57,123
537,335,60,124
534,335,63,124
531,335,66,125
528,335,69,125
525,335,72,126
522,335,75,126
520,337,75,124
519,338,74,124
519,338,74,124
519,339,73,124
518,339,72,124
518,340,72,124
517,340,71,124
517,340,71,124
516,342,69,124
516,343,67,124
515,344,65,124
515,345,63,124
514,346,61,124
514,347,59,124
513,349,57,124
513,350,55,124
511,351,54,126
509,352,54,127
507,353,54,129
505,353,56,128
503,353,58,128
501,353,60,127
499,353,61,126
497,353,63,126
495,352,65,125
493,352,67,124
490,353,74,127
484,354,81,129
481,355,87,132
479,356,89,134
478,356,89,133
478,357,90,131
477,357,88,130
476,357,84,129
475,357,81,127
474,357,78,126
474,358,74,124
474,358,72,125
473,359,71,126
473,360,69,126
473,360,67,127
473,361,66,127
473,362,64,128
473,362,62,128
473,363,60,129
469,363,60,130
466,363,60,130
463,362,60,131
459,362,60,132
456,362,60,133
453,362,60,134
447,362,65,136
442,363,69,138
436,363,74,141
435,361,76,143
432,362,77,145
429,364,79,148
427,364,79,148
425,365,79,149
423,366,79,150
421,367,79,151
419,367,79,152
419,368,77,153
419,368,75,154
419,368,73,155
419,368,71,153
418,369,71,154
418,370,70,154
417,371,69,154
416,372,68,154
415,372,67,154
415,373,67,154
412,374,67,154
410,374,67,154
407,374,67,154
405,374,67,154
402,374,67,153
397,375,72,155
393,375,76,157
388,375,81,158
384,376,86,160
379,376,91,161
375,377,96,163
370,377,101,164
365,378,106,166
361,378,111,167
361,380,109,167
359,382,108,167
358,382,106,168
358,384,103,171
358,384,98,170
359,384,94,170
361,384,88,169
364,384,83,168
366,384,77,168
369,384,72,167
366,385,72,167
363,386,72,167
360,386,72,167
357,387,72,167
354,388,72,167
352,389,72,167
349,389,72,167
346,390,72,167
343,391,72,167
340,392,72,167
337,392,74,168
333,393,77,169
329,393,80,170
326,394,83,171
322,394,85,172
318,395,88,173
314,395,91,173
311,396,94,174
307,396,97,175
303,397,99,176
300,397,102,177
296,398,105,178
296,398,102,178
296,399,98,177
296,399,95,177
296,399,92,176
296,400,89,176
296,400,86,175
296,401,82,175
292,401,83,175
289,402,83,174
285,402,84,173
281,403,84,173
278,403,85,172
274,404,85,172
270,404,86,171
267,405,86,171
263,405,86,170
259,406,87,170
255,406,87,169
252,407,88,169
248,407,88,168
237,408,97,167
226,409,106,167
220,410,109,166
216,410,111,165
211,411,114,165
206,412,116,164
203,412,117,163
202,413,116,163
204,414,111,162
206,414,107,161
207,415,103,160
209,416,100,160
210,417,97,159
211,417,93,158
213,418,90,157
214,419,86,156
215,419,83,155
217,420,79,154
213,420,81,154
209,421,82,154
205,421,83,154
201,421,85,154
197,421,86,153
193,421,87,153
189,422,88,153
184,422,90,153
180,422,91,153
176,422,92,152
174,422,92,153
172,421,91,153
170,421,91,153
167,421,90,154
165,420,90,154
163,420,89,154
160,419,89,154
158,419,88,155
156,418,88,155
153,418,87,155
151,418,87,156
149,417,86,156
146,417,86,156
144,416,85,156
141,417,85,156
139,417,85,156
136,418,85,155
133,418,85,155
130,418,85,154
127,419,84,154
125,419,84,153
122,420,84,153
119,420,84,152
116,421,84,152
114,421,84,152
111,422,83,151
108,422,83,151
105,422,83,150
102,423,83,150
100,423,83,149
97,424,83,149
94,424,82,149
93,424,82,149
92,424,82,149
91,423,83,149
90,423,83,150
89,423,83,150
87,422,83,150
86,422,83,151
85,422,83,151
84,422,83,151
83,421,83,151
82,421,83,152
81,421,83,152
80,420,83,152
79,420,83,153
78,420,83,153
76,420,83,153
75,419,83,153
74,419,83,154
73,419,83,154
72,418,83,154
71,418,83,155
70,418,83,155
69,418,83,155
68,417,83,155
68,417,83,156
68,417,83,156
68,417,83,156
68,417,83,156
69,416,82,156
69,416,82,156
69,416,82,157
69,416,82,157
69,416,81,157
69,416,81,157
70,415,81,157
70,415,81,157
70,415,81,158
70,415,80,158
70,415,80,158
71,415,80,158
