565,193,24,83
557,193,33,82
549,193,39,85
551,193,34,83
549,193,28,83
545,190,26,86
534,193,36,83
534,194,34,82
532,191,32,84
527,192,30,83
520,193,33,83
513,193,35,84
504,193,38,80
503,193,31,82
502,192,30,83
495,194,32,79
492,193,30,81
491,193,24,81
483,191,31,85
481,193,24,81
470,191,35,82
470,191,35,82
466,188,33,85
463,192,28,81
461,192,28,82
459,192,24,80
454,191,26,82
451,191,29,80
449,189,24,82
442,191,27,78
436,191,31,81
435,190,31,79
431,189,31,80
428,188,30,82
427,190,26,81
425,192,27,78
421,188,28,81
421,188,23,77
417,188,26,80
413,186,29,82
412,188,29,81
409,189,28,78
406,188,27,80
405,187,27,80
402,187,27,81
400,184,29,82
399,185,29,77
397,183,29,82
395,183,28,81
394,183,29,81
391,184,29,81
388,183,29,76
386,183,24,72
384,182,24,73
382,183,24,71
381,182,26,75
381,179,22,75
378,179,26,73
376,180,22,65
373,182,22,63
370,182,21,57
366,179,23,59
359,181,29,61
358,182,30,60
354,180,30,68
352,178,28,68
355,177,26,57
350,178,26,63
346,178,28,63
343,179,24,63
338,179,26,61
334,179,24,56
331,180,22,56
330,180,22,60
327,178,21,56
323,179,20,55
316,180,22,54
313,177,28,58
311,179,23,57
308,176,26,62
303,176,27,77
298,172,28,72
295,173,28,63
293,172,29,66
289,170,22,73
288,170,22,71
282,172,31,72
281,174,29,71
281,173,26,71
277,172,28,71
271,172,29,74
267,173,32,71
266,175,29,67
265,174,26,67
263,173,30,66
261,173,27,65
261,175,28,66
262,173,23,71
260,175,23,61
254,172,26,69
254,174,26,62
252,175,27,64
251,174,28,63
248,174,30,61
249,173,29,58
247,173,30,58
247,173,28,50
244,173,28,56
244,172,27,61
244,172,27,61
240,172,26,52
237,172,29,50
239,171,24,55
236,169,27,60
237,170,26,56
235,169,27,57
234,171,26,60
234,169,23,65
231,170,26,60
230,167,28,59
228,167,30,72
227,168,31,70
227,167,30,67
226,168,31,62
223,167,32,65
226,167,30,78
226,168,27,63
222,167,28,66
222,165,29,67
219,165,28,65
218,167,31,65
216,165,30,63
216,165,29,66
217,161,26,66
216,160,27,67
216,163,24,62
216,164,28,75
215,165,28,73
212,162,29,63
214,163,26,63
211,161,29,63
213,162,27,65
211,161,30,62
212,161,29,62
212,162,30,71
213,162,26,72
212,161,28,61
211,159,24,60
189,159,26,62
171,157,28,63
131,152,21,58
90,154,27,55
80,155,23,56
76,154,24,56
73,153,27,54
73,156,22,59
72,157,26,59
72,156,26,52
76,154,19,56
71,153,20,48
70,155,22,48
70,153,21,50
66,155,28,52
67,152,26,57
68,152,22,61
66,151,22,60
63,155,23,65
63,154,26,61
62,153,22,59
60,153,26,56
62,155,26,61
63,154,20,56
62,154,23,50
61,155,21,56
59,156,22,60
59,154,22,66
57,153,23,61
57,153,20,55
56,153,20,53
56,152,16,57
49,156,22,55
52,153,21,48
51,154,19,50
49,153,22,47
47,153,21,54
46,151,20,56
44,155,19,54
40,153,19,54
41,153,15,57
39,152,21,48
38,151,23,61
38,151,27,61
36,151,28,61
36,153,28,59
36,152,21,59
37,151,19,55
34,151,21,61
36,153,22,58
33,151,26,60
34,149,23,62
31,145,22,68
32,145,23,66
33,149,22,58
30,148,22,61
31,146,20,65
29,145,19,66
27,149,19,56
24,146,20,60
24,146,19,59
23,145,19,59
20,145,18,58
19,148,20,58
18,145,22,59
17,146,22,58
18,145,17,60
16,146,22,57
52,145,20,57
93,142,19,60
131,142,26,57
162,140,26,57
163,140,21,59
160,140,19,59
160,139,21,58
160,139,20,56
157,139,22,57
159,139,20,60
157,140,22,56
159,138,20,58
160,137,21,58
157,141,24,55
159,140,22,56
159,138,19,58
156,140,20,54
156,139,24,56
156,138,23,56
159,138,22,56
160,135,20,58
159,139,21,53
159,137,22,54
159,137,19,58
160,137,20,54
157,135,22,57
159,136,23,45
160,136,19,52
157,137,23,51
162,135,18,39
161,135,16,38
157,130,20,42
159,132,18,40
162,132,15,40
159,130,19,35
160,131,19,40
157,130,19,43
159,131,22,55
162,135,19,46
162,135,20,40
162,135,20,43
162,135,23,42
163,135,21,41
165,136,21,42
164,135,19,43
163,135,22,47
164,135,20,45
165,135,20,46
166,134,20,48
166,133,19,46
167,132,21,45
167,134,22,43
168,132,18,45
165,132,20,46
163,134,23,47
165,134,22,45
163,133,21,46
165,132,19,46
164,134,21,46
163,131,22,45
164,132,24,46
166,130,23,44
169,132,22,45
168,130,22,47
170,130,20,44
170,131,19,45
168,130,23,46
172,129,23,45
171,130,21,45
171,129,23,45
170,129,22,46
175,129,19,50
175,130,21,45
178,130,21,46
175,130,21,45
173,130,22,44
170,129,20,45
172,128,19,46
176,128,21,45
177,127,20,45
178,129,20,42
182,127,21,44
180,125,22,47
184,128,20,44
183,127,21,46
182,125,21,44
186,127,19,45
186,127,20,42
188,127,19,45
186,127,21,45
192,128,19,45
192,124,22,43
151,128,20,44
190,124,20,48
190,125,18,45
190,126,20,46
192,124,17,44
190,126,18,45
192,124,18,45
197,125,18,45
196,124,20,45
199,124,19,43
