295,218,37,81
295,218,38,81
294,218,39,81
295,218,38,81
295,219,37,81
293,219,40,81
293,220,41,80
293,219,42,81
295,220,39,79
294,220,45,81
292,220,47,81
294,220,44,81
293,220,44,82
287,221,46,82
284,222,47,81
282,223,47,81
279,223,49,84
266,223,57,82
257,224,64,84
254,224,64,83
257,224,58,84
243,221,68,85
243,226,66,80
240,226,67,83
223,227,78,81
212,227,83,81
208,229,85,81
210,227,81,84
205,226,78,87
212,227,72,87
219,229,65,85
212,229,64,84
211,231,66,84
219,231,54,85
215,230,57,87
214,231,53,89
216,231,49,85
214,231,53,87
216,233,55,87
212,234,57,87
216,231,49,91
215,234,50,87
214,231,55,92
208,233,59,89
211,234,56,89
209,236,56,86
207,233,58,89
217,237,44,83
217,237,47,86
219,232,45,91
215,234,50,88
211,227,53,95
213,228,49,94
206,223,57,98
210,229,54,90
204,228,58,93
212,230,51,92
207,224,59,97
208,224,55,97
210,224,54,97
212,225,50,93
218,226,48,93
209,224,52,94
202,222,55,94
202,224,51,89
203,217,50,95
200,217,49,97
205,222,50,94
212,222,41,92
209,223,39,90
214,221,36,92
216,224,34,89
216,227,36,89
213,219,32,97
211,227,35,87
212,224,32,92
211,229,33,85
210,226,32,91
210,221,35,94
211,221,31,93
214,225,31,89
207,224,35,90
211,222,30,91
212,221,31,89
213,226,34,88
212,226,36,89
215,231,35,84
216,229,32,84
216,231,41,84
224,231,52,89
222,237,55,81
218,236,60,81
214,188,68,81
216,136,61,74
211,89,67,76
213,94,59,83
215,92,60,84
450,171,0,0
216,94,60,84
213,95,64,83
215,95,62,83
219,87,59,89
212,89,68,87
212,99,67,79
214,96,60,84
216,97,61,81
210,96,65,82
213,92,66,87
213,89,62,89
216,92,57,87
215,90,60,92
217,98,56,80
215,92,58,87
214,85,56,92
213,94,62,83
214,84,57,93
213,85,61,89
212,85,64,92
211,87,64,92
210,89,63,89
213,89,58,89
213,87,59,92
210,88,62,91
213,94,58,84
213,94,61,84
216,89,59,88
211,92,65,83
209,82,59,98
213,87,60,90
214,87,63,92
217,88,59,91
206,89,68,89
213,89,59,89
211,90,63,86
212,88,64,89
210,86,69,93
211,89,63,89
212,95,66,82
208,90,68,87
208,84,68,94
210,89,63,88
215,92,63,84
208,88,67,92
208,91,68,91
212,91,64,86
209,92,69,84
217,92,57,88
208,89,68,88
207,97,67,81
203,89,72,92
212,92,63,87
209,110,68,94
210,167,68,84
217,200,61,91
208,216,73,89
205,216,76,85
211,216,69,91
213,216,66,90
217,217,61,87
218,215,62,90
213,221,65,87
216,216,64,89
214,220,63,85
214,216,65,90
216,221,67,87
222,222,61,84
218,212,62,92
220,223,65,87
221,221,69,87
214,219,77,91
222,221,68,91
218,221,73,89
214,223,81,87
208,222,92,91
220,226,88,89
232,225,84,88
238,226,89,89
252,227,84,87
264,227,81,88
283,229,71,86
290,229,72,87
290,229,72,87
301,232,68,88
309,230,63,92
313,230,59,93
317,231,52,94
320,234,54,92
320,235,56,94
321,237,56,95
322,237,54,97
325,242,50,94
325,239,48,98
326,242,48,99
333,245,47,100
336,247,44,98
337,250,45,99
342,252,44,100
342,250,48,107
347,255,49,98
322,255,55,99
287,261,53,100
291,262,50,102
300,265,50,105
305,270,52,100
306,269,51,106
312,272,50,105
316,270,51,107
322,271,47,108
324,270,50,107
329,270,52,108
336,232,47,119
339,191,52,112
345,149,52,115
347,120,52,120
352,117,54,112
355,120,58,112
365,125,55,112
367,128,58,115
374,132,61,112
381,136,62,115
393,142,61,115
398,145,62,118
409,152,63,116
420,154,58,120
423,161,63,119
433,167,62,119
440,169,62,120
451,170,66,126
460,178,69,124
470,177,67,132
479,185,69,129
491,190,72,131
503,195,72,133
512,198,77,136
522,202,77,139
513,206,72,141
488,209,77,143
467,214,81,145
445,221,77,146
423,226,76,148
402,231,73,151
372,236,81,154
346,245,76,156
351,248,81,163
362,253,79,164
370,261,88,166
384,270,88,169
407,281,85,172
424,291,88,175
439,298,93,172
456,257,91,183
464,230,90,199
479,198,91,200
490,164,98,203
505,133,99,203
522,144,101,209
545,161,86,215
561,167,69,200
