441,266,65,82
455,270,65,75
469,268,65,77
483,268,62,77
478,271,59,76
468,269,59,76
468,271,59,76
456,267,62,78
450,267,63,74
442,271,64,77
442,270,64,77
431,269,68,78
429,267,68,80
428,270,67,81
426,272,56,82
421,268,55,95
419,271,49,82
419,271,45,100
416,274,49,95
411,276,51,92
409,269,45,93
403,272,44,94
400,273,45,91
379,273,60,98
376,272,59,95
373,272,53,101
362,271,63,100
365,271,59,95
363,273,57,98
361,278,48,87
346,282,53,90
345,267,55,97
335,276,52,91
330,275,50,93
320,277,51,93
318,272,48,99
315,278,45,96
306,278,55,94
310,277,46,100
304,279,50,95
282,274,56,91
287,281,45,90
275,278,52,99
270,268,52,108
265,276,53,108
266,272,41,103
263,275,44,99
256,284,43,87
239,278,56,96
239,286,55,84
231,280,60,89
228,288,53,92
221,285,56,90
223,278,53,86
220,287,48,85
212,276,57,101
210,287,51,87
209,293,49,87
211,288,49,90
195,287,53,91
181,282,60,97
170,289,59,94
172,288,53,91
164,283,61,92
160,284,57,91
157,284,55,93
156,287,49,95
140,290,55,90
135,290,53,87
136,293,53,94
130,296,50,83
122,295,53,87
117,295,53,97
106,293,52,96
99,293,57,102
109,293,50,101
123,293,49,102
126,292,59,100
135,295,55,99
145,299,53,91
159,300,50,93
163,295,48,98
178,296,53,103
185,299,47,95
562,270,67,80
197,295,51,95
200,299,62,95
211,302,54,95
225,300,53,97
225,296,57,98
236,296,54,97
249,294,55,98
255,291,60,98
273,293,57,95
289,292,51,96
296,290,62,97
308,299,65,86
321,290,67,92
339,294,52,87
354,293,51,86
371,289,48,87
372,291,51,89
389,293,46,87
408,288,43,92
420,279,43,100
426,282,43,91
433,288,44,78
424,283,51,100
413,285,46,92
409,286,48,93
400,283,51,95
385,285,55,98
383,288,52,97
368,287,51,92
364,285,48,96
356,288,47,90
343,290,53,93
335,286,51,94
322,288,50,94
319,291,47,93
310,289,50,93
301,290,50,88
287,289,51,87
277,291,51,88
269,292,46,95
259,291,45,93
245,290,49,93
234,293,49,92
223,292,46,93
211,293,48,93
194,294,56,92
188,296,53,86
179,294,50,91
172,296,47,88
157,299,52,82
156,296,46,85
150,295,44,86
146,298,46,84
135,298,50,82
128,298,53,84
124,299,47,83
119,299,48,90
110,298,51,90
103,298,49,93
98,299,52,89
93,299,51,90
87,298,51,91
82,300,49,92
77,296,47,91
68,299,49,90
62,298,52,87
79,295,55,92
96,298,51,87
107,293,57,87
132,298,51,83
146,296,47,85
156,293,52,89
173,289,51,87
190,288,45,88
205,289,48,87
231,288,43,88
248,283,38,82
260,287,38,80
275,283,48,85
296,285,39,85
308,282,44,84
328,283,45,83
349,278,40,85
360,277,48,83
362,278,48,77
369,275,38,78
376,278,38,82
371,276,44,79
378,276,37,77
375,272,43,79
379,272,44,82
378,268,43,80
379,272,43,86
373,270,51,82
381,267,47,83
386,267,46,82
388,269,52,81
393,269,53,83
398,269,48,85
399,267,56,82
409,266,47,88
406,267,54,80
415,264,49,80
420,267,48,80
424,265,45,84
426,265,48,81
429,266,45,80
432,266,47,81
435,264,46,80
437,271,48,79
436,266,50,84
443,270,41,73
443,269,48,82
447,268,41,86
446,271,45,80
456,269,40,82
454,265,43,88
461,273,39,81
463,271,40,83
463,269,39,87
467,268,35,86
459,273,49,82
467,270,41,86
469,271,48,79
475,270,44,82
474,272,44,77
476,273,50,83
484,273,46,87
488,275,43,77
495,272,39,84
498,273,39,80
503,272,37,80
505,272,37,84
508,270,45,88
507,271,50,88
512,271,50,87
519,273,47,78
522,273,48,86
529,274,46,87
532,276,52,89
533,273,50,86
530,269,49,87
522,274,45,87
508,276,45,87
502,275,44,92
483,278,53,78
474,278,48,84
458,277,48,87
442,278,47,85
424,279,49,89
415,281,49,82
402,278,46,82
389,276,49,93
378,277,46,89
359,278,53,89
351,278,40,90
335,277,46,90
323,280,46,90
308,280,47,91
289,279,51,90
281,284,46,83
264,282,50,88
252,287,52,93
242,285,46,93
216,283,50,93
204,283,54,93
194,289,53,83
177,286,53,88
162,288,56,85
149,284,52,93
156,284,53,95
165,289,46,82
168,288,50,87
170,288,51,81
178,291,48,78
178,293,53,78
183,293,48,87
189,294,44,82
197,291,44,82
198,293,48,72
203,288,43,81
207,288,45,84
213,285,43,83
219,289,44,82
228,284,44,86
233,287,41,82
233,288,49,81
239,286,45,85
240,285,41,87
247,284,46,88
252,282,43,91
259,277,48,90
264,283,44,90
271,279,45,90
276,282,46,90
280,290,51,88
285,290,53,76
296,289,49,82
300,288,50,82
380,375,0,0
317,278,45,91
314,278,51,92
321,281,43,87
328,282,49,87
337,282,49,84
342,282,45,85
349,283,40,89
352,295,43,76
359,282,44,84
358,284,53,83
365,282,56,83
375,283,50,83
377,288,54,78
382,287,53,82
387,287,48,81
389,287,56,84
402,291,41,71
402,292,50,74
404,283,54,83
414,284,50,78
416,284,48,75
428,283,41,78
429,285,52,80
433,282,49,98
444,285,43,84
434,285,44,86
420,278,50,92
408,275,48,93
393,279,47,91
380,278,49,88
368,278,50,89
359,280,48,88
351,280,47,77
339,283,49,77
328,283,43,82
318,280,51,81
305,276,48,89
290,282,53,84
279,281,54,85
269,279,45,90
255,278,53,92
245,275,49,87
239,277,44,90
227,280,52,81
221,279,48,86
202,272,43,89
192,289,46,80
194,279,44,87
173,279,49,87
175,280,56,86
189,278,45,89
187,297,57,69
190,283,50,82
197,285,51,82
207,280,51,84
220,272,39,92
218,275,52,93
218,278,54,89
232,277,53,91
234,270,45,94
232,273,59,85
249,269,53,87
252,272,55,92
248,264,56,92
256,268,49,92
259,275,47,87
273,278,40,89
270,270,57,105
278,270,57,107
288,270,47,93
309,267,37,97
311,270,46,96
312,277,52,94
320,267,54,97
335,267,45,89
341,267,46,96
345,268,49,97
358,266,41,98
354,265,54,94
365,263,48,98
363,268,52,88
370,269,50,92
387,267,47,97
394,267,51,92
400,266,54,93
410,264,49,97
414,266,50,91
421,262,52,93
426,266,49,86
438,266,40,91
444,263,41,98
449,261,45,95
447,267,50,91
459,267,46,87
460,261,50,96
464,261,53,95
479,255,43,99
475,260,59,97
491,263,48,88
489,254,59,98
484,256,50,99
472,258,50,102
462,255,44,101
445,254,52,96
442,256,41,98
433,259,41,96
421,255,39,103
405,256,54,87
394,259,47,93
398,256,41,80
361,256,50,83
354,262,51,91
337,262,49,86
341,256,52,87
319,267,48,77
330,256,52,82
300,257,45,81
271,267,60,83
266,275,49,77
293,262,54,82
259,248,50,89
263,262,56,80
247,256,43,85
213,256,53,79
204,256,52,85
187,256,55,84
181,251,44,93
162,248,49,103
146,255,50,90
142,256,45,101
124,259,48,114
123,257,43,80
133,252,50,89
127,256,49,82
152,256,70,78
180,247,52,87
175,244,57,86
170,243,62,87
169,248,59,79
169,248,54,87
215,266,64,85
225,254,63,84
239,252,51,89
233,267,55,86
269,254,62,93
271,257,66,87
264,257,63,92
271,251,56,94
267,267,63,71
262,258,65,80
267,258,59,86
260,256,70,82
266,262,60,84
256,256,64,82
250,251,65,88
258,257,67,84
268,256,61,93
259,262,64,74
285,259,49,80
280,259,51,86
277,262,51,86
277,259,53,83
272,266,61,77
273,263,56,81
284,266,52,86
251,267,61,72
255,272,46,73
236,267,55,76
220,271,54,71
199,270,57,81
184,269,57,77
170,275,56,71
155,277,55,69
137,277,70,77
120,278,55,68
101,273,53,68
89,276,53,68
67,277,60,71
38,274,63,75
29,278,54,74
5,281,61,58
0,283,49,61
3,277,92,101
0,296,92,101
114,351,92,114
140,357,87,108
178,354,88,118
199,352,86,116
211,350,84,118
207,357,81,113
219,244,57,81
232,246,60,77
243,244,53,80
255,246,79,72
285,239,63,82
277,241,62,70
299,246,61,82
316,261,71,73
312,266,74,71
327,268,59,74
331,269,67,72
371,280,72,69
353,264,70,66
375,270,68,65
368,263,71,69
384,251,73,71
394,241,48,82
391,242,63,70
406,240,53,80
408,243,65,71
418,242,51,70
414,246,57,77
424,247,56,79
427,248,57,64
450,246,46,79
427,257,73,65
441,249,69,74
452,251,64,69
449,267,62,61
418,262,65,75
403,267,71,68
382,267,74,63
442,233,59,74
435,233,54,77
429,230,48,80
419,231,49,79
405,230,60,81
396,230,54,79
393,229,53,81
383,227,52,89
373,229,49,84
363,230,53,84
355,235,52,75
351,229,46,83
341,232,52,80
331,228,45,84
323,229,43,82
316,230,51,79
301,230,49,81
297,230,43,78
290,234,52,75
275,228,55,80
269,232,48,84
262,230,43,85
251,228,46,81
236,228,50,77
243,230,51,92
253,234,50,87
250,229,47,77
259,227,46,87
262,227,66,67
268,224,59,70
258,230,60,69
260,225,61,78
305,234,51,76
308,224,46,71
310,229,50,74
313,230,56,74
315,223,55,80
317,230,63,77
329,229,60,74
327,234,62,76
329,225,61,82
339,228,62,74
344,224,61,87
351,220,56,94
353,216,49,101
360,222,50,88
366,217,46,91
368,224,48,82
366,217,54,87
363,215,63,87
369,214,60,88
380,220,52,84
384,217,51,93
391,223,50,71
397,217,41,72
401,215,46,82
402,219,40,84
403,219,45,82
404,213,46,86
411,216,49,93
421,215,40,86
421,214,47,83
424,218,61,76
433,222,46,77
442,216,46,77
448,214,40,82
444,212,49,80
454,216,46,82
461,220,48,78
459,213,47,84
458,205,56,88
462,217,51,80
461,215,51,81
453,210,46,87
443,198,49,98
431,203,51,90
421,209,49,86
409,209,45,84
395,209,51,78
388,210,50,86
369,209,55,87
354,209,56,82
347,209,51,85
338,219,46,79
326,212,48,84
306,216,54,77
297,223,46,75
286,216,44,82
275,219,49,83
255,217,52,78
252,220,51,80
238,225,46,78
215,221,57,72
205,220,53,79
187,215,53,77
182,216,51,74
183,219,49,73
192,220,54,71
207,206,43,72
211,207,37,78
216,209,39,77
219,202,48,75
238,224,47,68
236,220,57,70
252,221,51,72
266,224,48,62
264,220,51,69
267,230,54,60
267,203,45,76
261,219,64,63
280,217,49,66
305,219,48,68
285,217,56,63
328,221,63,66
330,209,52,66
335,215,48,67
343,209,67,72
365,209,66,64
353,213,59,68
335,209,62,66
341,201,71,67
347,215,61,68
373,214,62,63
341,211,56,69
341,217,67,72
346,207,69,68
348,219,61,69
338,223,69,61
351,220,74,68
376,208,54,76
368,219,59,66
375,213,54,70
380,211,52,64
384,209,72,62
353,209,86,65
373,212,84,58
373,206,92,73
369,209,85,60
378,212,85,63
387,204,85,65
365,206,89,66
396,208,80,66
388,207,87,66
405,214,79,60
399,201,93,58
389,199,89,66
397,206,82,71
388,211,78,64
384,202,97,67
406,210,83,65
402,206,87,72
419,207,98,60
461,204,71,61
474,207,54,66
465,188,64,76
475,186,68,76
454,184,59,78
436,186,82,80
430,187,50,75
417,187,50,74
409,182,49,72
384,183,54,79
379,183,44,71
365,188,47,72
353,186,45,77
336,191,50,74
313,188,60,61
308,185,47,71
289,185,45,77
286,182,43,71
276,184,35,67
294,159,55,69
232,193,52,79
221,189,46,77
204,172,53,76
221,182,41,81
225,187,46,68
215,181,50,72
236,183,40,79
229,185,43,73
236,185,30,62
236,187,35,66
234,190,37,65
245,184,40,66
245,182,36,70
255,188,37,61
265,184,28,67
260,185,34,66
272,154,46,65
270,151,41,62
272,151,45,69
271,151,49,68
286,151,35,65
285,159,37,57
286,146,40,71
292,145,34,61
288,145,40,66
295,146,38,66
294,178,41,66
298,175,38,68
304,181,45,55
310,175,38,70
314,177,37,60
312,180,36,50
314,180,37,54
318,174,37,56
322,177,40,48
316,181,27,51
318,184,50,55
342,194,29,52
312,191,44,58
322,188,46,50
302,186,52,56
343,177,43,53
358,183,48,41
