295,14,50,32
247,6,50,32
207,29,50,32
219,28,50,32
192,55,50,32
209,50,50,32
238,43,50,32
286,16,72,48
329,9,63,40
353,14,66,32
411,13,50,32
430,15,49,31
444,34,49,31
461,29,49,31
465,25,49,31
458,30,60,35
456,25,51,31
450,23,51,31
446,23,51,32
429,27,51,32
404,36,51,32
400,42,51,32
373,53,51,32
372,61,51,32
375,70,51,32
381,77,51,32
428,64,51,32
476,43,51,32
499,46,51,33
516,51,51,33
542,51,51,33
559,63,52,33
565,58,52,33
560,52,51,32
545,46,52,33
562,29,52,32
545,33,52,33
449,55,52,33
475,45,52,33
388,79,52,33
378,92,52,33
364,95,53,34
375,99,52,33
371,90,51,33
385,88,51,33
422,61,51,33
509,59,51,33
542,65,52,33
561,71,51,32
580,84,51,32
585,93,46,32
584,95,47,33
576,87,52,33
567,78,52,33
563,77,52,33
570,90,52,33
567,101,53,34
567,114,53,34
580,123,51,34
575,132,53,33
572,145,52,33
570,150,53,34
570,154,53,34
567,178,53,34
569,202,53,34
567,230,54,34
568,270,54,35
568,293,56,36
571,304,56,36
566,301,55,35
558,293,55,35
566,277,57,36
557,271,59,37
563,240,60,36
554,204,60,36
559,176,60,36
566,159,60,36
572,133,59,36
574,121,57,36
577,122,54,36
569,129,57,36
575,131,56,36
571,134,54,34
572,139,53,33
577,136,52,31
562,135,52,28
567,145,50,27
561,150,50,27
578,157,50,27
568,151,53,45
571,153,56,52
565,173,66,53
563,169,59,54
564,177,56,66
552,177,68,70
559,179,57,61
554,176,68,63
549,161,64,59
559,130,60,79
554,114,66,67
559,92,59,65
559,68,61,65
568,48,57,60
561,45,64,62
565,42,61,56
570,49,61,54
568,55,62,56
569,55,56,52
566,72,59,46
560,70,63,54
563,83,53,47
554,82,60,52
557,81,59,54
554,88,61,55
562,96,60,57
552,98,62,53
562,103,65,66
566,118,59,52
569,121,62,59
576,114,53,57
571,107,60,66
578,111,53,70
572,113,59,59
566,121,64,56
571,108,60,58
560,106,61,61
564,99,67,61
550,87,65,56
549,77,64,59
555,82,60,63
554,96,62,57
555,106,57,56
551,108,65,61
558,103,59,61
562,118,60,61
560,121,65,72
553,130,68,71
555,129,70,82
535,151,71,59
538,149,54,71
524,167,57,66
508,172,69,63
494,180,59,60
472,177,64,86
450,184,56,87
437,193,67,90
437,204,68,90
436,203,66,99
434,221,69,98
431,224,80,97
429,228,71,101
435,240,73,88
426,238,72,89
419,239,80,81
417,248,74,75
400,250,76,81
376,249,74,82
353,256,72,77
328,260,76,82
316,262,85,70
299,266,97,67
288,269,84,71
269,262,89,77
259,272,71,81
245,270,78,62
239,263,72,67
246,260,71,67
258,264,76,65
256,267,93,68
262,269,81,65
256,267,79,72
242,267,79,69
219,262,80,66
184,259,92,75
175,253,85,79
166,267,97,77
170,272,83,63
157,256,80,70
147,252,86,63
147,251,78,65
146,248,79,66
152,251,87,68
172,246,77,65
173,250,78,64
184,251,82,69
178,246,82,71
183,240,82,78
197,238,85,71
206,232,87,77
229,243,78,66
240,237,73,60
246,239,79,58
250,229,69,62
249,230,68,64
247,233,80,62
251,237,80,61
265,235,76,74
267,236,78,71
269,241,79,62
279,237,71,76
275,230,82,72
279,223,72,77
280,229,82,69
284,221,81,66
302,218,72,77
315,220,78,66
314,218,90,78
323,217,95,70
334,219,82,69
332,214,80,77
335,218,81,69
328,214,84,66
323,210,83,69
330,211,78,72
330,208,78,71
322,209,69,66
318,203,78,66
306,199,76,67
294,195,78,74
287,194,73,71
282,191,74,67
282,188,71,69
273,193,78,61
278,196,69,64
265,203,72,65
261,210,66,67
250,217,76,63
245,226,82,71
238,232,77,72
226,241,80,66
219,234,72,66
211,239,70,61
199,236,82,61
197,234,78,67
187,230,85,68
184,230,77,63
183,227,76,64
175,226,79,69
156,222,84,73
160,235,78,66
139,235,66,52
112,219,66,62
96,215,76,73
72,212,80,67
61,202,71,76
60,191,68,74
63,184,65,72
70,176,63,71
76,167,72,66
97,164,71,61
114,158,69,71
138,154,72,77
160,148,68,75
168,148,65,75
187,141,63,73
197,143,61,64
201,156,57,46
229,127,57,60
260,118,53,73
264,124,52,79
269,145,54,80
264,160,61,70
264,166,60,78
258,173,63,90
263,184,60,73
259,189,64,76
260,198,53,67
269,194,65,68
263,200,61,69
271,198,54,71
280,198,59,74
287,195,64,70
287,192,68,76
287,194,70,69
293,199,69,62
296,198,74,61
300,198,70,63
302,196,77,70
302,198,70,69
302,198,65,66
308,198,66,67
302,198,65,64
306,194,63,68
302,196,67,69
308,198,68,66
306,198,68,72
314,204,66,62
309,209,70,57
306,202,73,66
309,203,71,63
316,201,69,66
312,206,72,65
309,203,67,61
309,204,70,64
304,207,73,57
304,205,69,61
306,206,69,64
296,202,76,68
300,206,77,61
302,206,63,61
302,208,65,57
302,205,67,65
300,206,69,57
305,208,63,57
302,205,62,61
305,206,59,61
305,210,64,59
305,207,61,61
302,207,62,58
304,206,62,61
303,204,71,60
301,206,65,60
302,206,66,62
304,208,63,56
303,208,63,56
300,206,68,59
300,210,69,57
304,207,63,58
302,206,70,59
304,207,69,59
306,204,61,61
305,204,69,61
303,201,71,65
309,207,56,59
304,206,64,62
302,207,69,61
301,209,66,56
303,205,72,60
303,207,68,59
308,204,67,63
303,202,67,66
300,208,71,60
299,205,71,58
304,206,69,57
301,206,77,55
300,201,69,60
306,199,74,64
302,194,71,62
303,197,77,62
306,198,73,56
308,198,66,58
305,203,70,54
309,199,73,56
317,198,61,56
314,195,66,62
316,196,63,63
320,198,61,55
310,198,63,59
312,196,65,55
308,194,68,61
310,198,66,52
312,197,64,60
313,195,67,61
309,198,69,54
310,196,72,63
308,194,68,58
312,197,65,59
311,196,68,57
310,198,71,54
313,195,66,58
314,198,76,59
315,198,68,59
314,197,64,55
317,199,67,57
317,200,70,63
318,201,66,62
322,201,69,69
320,204,68,70
318,209,66,64
313,214,67,66
315,219,72,73
315,219,70,71
322,218,71,83
326,227,68,75
333,230,71,78
348,231,68,80
347,225,76,86
348,237,65,86
347,245,68,78
348,246,66,87
355,256,59,79
353,259,64,75
367,261,57,72
370,262,57,66
384,265,62,68
400,261,49,67
405,266,50,66
411,269,54,66
432,276,45,65
449,280,39,63
459,282,53,70
476,283,53,72
491,288,56,70
501,287,64,75
520,291,54,71
518,303,60,73
541,306,50,76
549,297,54,82
546,294,51,80
537,289,54,83
521,274,59,97
518,288,55,79
516,290,63,75
513,293,65,79
511,288,61,82
499,296,63,87
489,297,56,88
483,294,66,83
476,293,67,86
470,309,61,87
460,304,60,82
449,309,55,88
443,304,62,80
406,303,72,70
392,305,76,71
393,300,68,67
380,286,80,79
389,291,71,74
377,284,78,74
376,290,76,64
378,284,67,71
368,285,80,59
376,280,64,67
369,288,72,59
361,285,76,46
358,284,86,60
354,293,83,50
343,301,105,50
337,298,94,56
334,299,93,63
326,305,88,56
321,305,84,63
306,315,76,62
286,315,81,59
268,317,93,61
258,305,88,77
258,307,83,64
277,304,82,67
286,301,84,73
287,304,92,71
289,297,107,82
