158,308,25,75
162,315,21,68
163,313,22,70
167,315,21,70
170,315,22,73
174,314,21,75
177,317,22,73
181,317,22,75
184,320,21,73
186,318,23,77
190,317,23,76
196,320,25,78
199,321,23,80
203,322,21,80
207,325,21,80
212,325,22,79
212,326,25,78
219,328,22,79
221,330,19,77
227,333,21,76
232,331,22,80
238,332,21,80
240,335,23,78
243,332,21,83
251,334,31,84
255,334,34,86
262,336,35,85
265,340,32,85
272,340,30,85
276,346,39,91
284,343,40,94
294,346,34,92
302,350,32,96
307,345,31,89
312,348,34,87
328,349,28,90
330,351,31,87
338,353,32,87
343,357,32,83
352,361,28,82
363,363,26,81
368,364,27,78
376,362,31,81
381,361,35,84
394,366,30,78
404,366,31,80
409,365,39,83
421,296,30,74
424,220,34,81
433,222,35,83
447,226,34,82
457,230,36,88
458,231,38,89
474,232,28,87
482,232,34,108
493,238,41,109
497,234,38,114
506,237,36,116
519,237,39,119
525,236,39,123
540,244,41,117
550,240,32,118
513,246,38,115
460,251,43,115
400,257,40,111
354,255,38,116
303,262,36,108
256,268,31,108
254,267,39,110
264,266,36,113
276,270,41,115
290,270,35,117
298,276,44,108
313,283,44,100
332,282,38,102
346,284,39,99
356,286,43,104
368,289,44,95
377,289,47,92
399,287,45,100
417,294,40,96
434,298,47,102
447,297,41,104
462,301,43,110
477,298,43,118
491,301,43,114
508,304,44,128
504,303,44,132
449,308,51,141
404,312,47,137
365,315,52,146
322,322,52,144
272,323,47,138
224,329,54,140
237,331,53,157
259,329,47,160
282,333,52,152
294,330,56,156
321,334,53,160
338,336,56,156
369,338,56,161
387,343,54,151
405,344,60,157
427,334,53,151
451,264,51,153
470,197,49,152
500,132,53,151
519,134,51,161
541,135,45,158
563,141,54,160
539,141,51,164
501,144,62,172
465,155,67,164
433,148,47,180
392,160,73,167
367,152,44,177
326,156,80,177
361,156,65,178
387,150,52,185
408,159,76,176
436,158,54,179
461,158,62,185
426,165,75,187
405,160,56,178
367,170,66,184
342,170,51,185
310,166,52,193
280,180,70,169
272,174,58,181
300,179,62,188
335,182,57,173
367,177,53,182
396,182,76,183
431,175,56,183
455,176,71,188
486,182,74,191
514,180,62,196
509,180,83,198
483,180,52,193
448,181,76,200
414,184,83,192
386,183,62,202
368,186,79,197
409,183,52,197
436,182,74,198
470,182,76,192
503,178,49,201
513,180,69,185
484,178,58,189
451,172,54,189
427,178,57,181
396,171,45,173
370,175,66,146
332,173,66,138
367,172,44,133
404,171,48,114
429,168,45,125
453,158,66,125
490,159,63,128
522,154,45,147
499,159,49,148
468,158,49,164
431,158,51,154
385,159,57,164
365,146,48,181
329,149,80,179
303,154,61,180
321,149,96,170
354,145,92,168
383,135,49,184
411,140,76,174
443,131,43,176
453,129,49,176
493,126,45,170
492,120,45,173
453,122,48,166
420,119,53,161
387,113,51,164
337,113,57,164
303,111,53,155
265,112,52,155
233,112,52,143
193,106,51,134
223,107,48,151
237,95,44,145
265,101,51,151
281,93,48,153
306,93,40,141
324,93,41,142
348,89,38,141
372,126,35,130
394,188,36,128
408,201,32,126
434,194,31,120
444,184,40,129
457,188,40,145
487,180,39,149
491,177,40,145
500,177,35,136
464,172,30,135
409,174,41,129
370,169,36,131
320,170,41,129
273,163,39,130
293,158,36,142
310,159,38,148
325,159,34,136
337,155,39,138
350,153,43,145
363,143,38,146
374,146,34,143
390,147,28,131
401,141,43,133
413,136,40,137
429,132,34,130
433,132,35,124
383,135,34,116
333,128,34,115
284,134,38,113
228,128,30,114
241,127,30,119
256,129,27,110
263,126,30,117
275,125,30,120
288,121,26,102
293,117,23,112
302,115,31,117
312,113,31,114
319,112,39,126
329,112,34,119
341,198,34,122
354,261,30,118
365,257,31,114
372,255,35,122
381,252,32,114
391,250,32,113
396,250,31,117
407,246,36,115
414,245,35,114
425,243,30,102
431,238,30,109
443,238,32,108
452,237,26,103
458,232,25,103
465,234,23,99
468,229,30,93
478,232,30,93
487,229,30,93
495,227,31,82
499,226,28,83
505,221,30,79
513,225,28,77
523,217,28,78
528,215,30,79
532,215,30,77
540,214,30,73
544,212,30,77
517,212,26,76
465,214,28,74
424,214,28,76
431,211,26,75
435,210,23,80
439,207,30,81
446,204,28,81
448,205,26,80
451,204,30,82
458,201,27,82
462,201,28,87
466,197,30,91
475,198,30,93
477,195,31,84
480,194,30,93
490,197,27,84
492,190,26,80
496,191,30,79
501,192,26,73
503,189,28,61
513,189,25,65
518,187,23,64
521,185,27,57
521,181,26,64
525,179,30,61
525,181,31,60
534,177,30,63
536,176,31,65
545,177,27,65
550,174,27,69
553,174,26,58
556,176,30,58
562,171,27,60
562,172,27,67
563,171,27,63
567,172,25,61
575,171,25,61
574,170,28,56
580,171,25,63
584,169,23,59
588,169,18,65
585,168,26,66
591,165,19,65
587,164,30,76
597,162,25,71
597,160,26,79
601,162,26,75
605,159,26,70
604,162,26,63
605,161,25,68
605,158,26,67
610,157,23,66
607,156,26,63
604,156,30,67
606,154,26,69
604,152,30,79
610,155,27,69
610,155,26,68
610,152,28,77
609,153,26,75
611,151,26,71
613,150,22,71
616,148,22,78
614,147,26,75
615,149,27,75
615,147,30,75
619,148,23,68
618,146,30,64
619,144,27,73
620,145,27,60
622,142,26,66
624,141,23,64
623,140,25,63
624,143,23,68
627,140,25,71
629,139,22,67
627,141,27,62
631,140,26,68
636,141,22,66
636,139,25,68
636,139,26,66
637,137,26,68
637,139,26,65
638,135,26,69
637,131,26,70
641,136,22,67
637,132,28,69
641,134,25,57
642,132,26,69
642,132,23,62
642,130,21,65
645,131,21,60
644,130,22,63
645,128,25,59
646,130,25,60
648,127,21,60
646,127,25,57
646,125,23,58
650,127,17,60
649,129,21,56
649,125,18,58
648,126,21,59
649,125,18,55
649,125,17,56
648,124,17,55
649,125,17,52
644,119,18,57
649,123,16,59
649,125,17,60
648,129,17,50
644,119,17,57
642,115,22,55
644,116,22,51
645,117,19,50
642,116,23,53
648,114,21,51
649,114,19,54
648,117,23,50
