421,271,52,42
418,278,45,41
420,286,43,36
413,297,47,38
421,299,47,38
425,296,41,41
430,304,49,39
424,310,52,41
433,319,52,41
434,325,51,41
421,321,51,41
410,332,53,39
409,342,47,37
413,352,44,35
419,353,45,34
420,353,50,37
425,356,50,40
426,352,52,39
421,350,49,39
406,337,52,42
386,323,53,43
381,317,56,39
372,308,52,42
372,313,52,42
376,304,52,42
386,306,52,43
384,297,53,43
383,293,55,44
377,294,57,46
372,289,59,47
359,288,60,46
344,278,60,48
341,274,60,48
343,273,59,47
339,267,60,47
347,271,60,46
361,272,66,50
365,267,76,53
360,260,74,66
346,269,81,57
339,263,65,52
329,255,66,44
313,247,59,46
320,251,52,44
329,256,53,42
334,263,63,44
345,251,76,61
350,232,71,76
349,196,66,54
353,140,64,49
347,98,80,64
332,89,88,61
320,76,96,63
325,59,95,68
332,50,85,78
330,40,78,91
321,38,71,91
304,13,76,100
300,8,70,73
295,3,71,63
295,3,73,68
301,3,72,71
290,0,67,80
297,0,69,72
290,33,76,85
300,31,77,94
284,29,77,86
295,28,81,90
295,26,95,97
341,74,79,81
354,124,70,108
337,190,82,82
315,214,87,82
275,226,72,55
253,202,81,77
251,204,78,82
266,223,79,68
267,214,85,80
268,218,88,77
280,225,100,67
311,219,82,76
314,210,86,84
312,213,92,78
314,214,77,81
303,215,83,77
313,218,68,80
302,216,84,77
299,222,85,73
303,221,78,73
297,222,86,77
295,221,86,73
299,221,84,73
297,219,85,73
300,223,88,75
303,222,87,71
317,215,86,79
318,216,95,77
323,194,88,79
325,184,89,83
315,142,87,98
312,135,86,94
294,135,89,111
285,140,83,108
289,153,70,100
280,162,90,89
275,161,88,92
279,158,83,96
266,146,101,95
273,146,79,98
267,141,96,93
265,139,101,105
271,156,98,96
279,177,83,86
259,178,90,82
251,180,97,84
256,209,90,81
272,219,87,75
290,225,83,63
287,223,99,69
289,220,93,71
287,219,97,75
277,222,103,70
280,219,92,76
270,220,97,74
267,221,99,72
270,222,100,71
277,222,96,71
278,221,99,68
280,221,101,68
277,225,103,68
281,223,99,71
270,226,104,66
271,220,85,66
266,224,92,71
273,220,87,74
273,222,94,70
276,226,95,68
275,220,98,71
281,219,88,77
281,223,95,78
279,218,96,80
279,220,106,74
303,213,79,73
295,213,90,76
275,213,94,77
273,210,86,73
266,212,93,81
273,211,87,87
276,209,80,79
276,218,80,65
282,213,81,78
283,217,82,71
281,217,85,73
282,222,83,70
278,222,93,68
278,218,84,73
282,218,83,74
281,219,87,77
282,220,85,71
284,221,84,71
277,220,94,71
282,219,87,75
277,219,92,69
281,217,84,71
277,219,86,72
276,217,85,75
275,225,98,66
271,225,90,66
278,230,80,59
262,233,82,61
242,233,89,57
240,228,81,76
226,213,78,86
231,221,73,77
242,219,77,76
261,214,89,77
285,215,81,75
298,212,90,79
308,216,83,66
320,219,83,63
322,219,87,73
327,222,82,73
325,224,78,66
321,223,81,67
319,225,79,69
318,225,79,68
321,224,77,68
315,223,87,71
305,217,83,72
292,218,84,73
261,214,88,66
239,214,78,63
231,201,85,76
227,206,94,79
231,203,92,74
230,205,79,63
244,214,78,64
248,217,79,65
256,216,79,65
272,217,81,65
312,217,81,61
337,208,80,61
349,198,77,61
359,191,73,62
353,185,70,61
333,179,77,70
314,173,76,64
308,202,78,72
279,189,70,66
270,209,83,75
263,196,81,89
264,212,83,86
264,219,82,96
264,231,87,84
271,244,88,79
278,244,87,81
280,249,85,72
273,242,80,72
252,236,82,67
234,237,82,64
218,235,81,60
218,235,79,63
199,239,78,67
184,246,79,64
161,249,84,68
139,266,80,62
142,274,79,64
97,273,84,64
94,266,84,66
77,264,88,66
76,264,81,69
86,260,84,76
105,261,92,71
154,262,92,68
188,262,76,66
215,275,85,67
233,269,77,62
270,272,77,63
303,294,80,64
311,295,79,72
316,303,74,59
319,296,78,60
311,294,80,60
303,295,80,61
303,293,80,61
309,286,77,60
317,277,81,61
337,266,82,59
355,240,81,67
363,206,81,68
350,150,86,71
354,124,83,70
350,98,81,68
353,71,77,73
350,52,78,71
339,32,79,68
320,46,85,63
303,44,80,68
281,42,80,66
279,46,81,69
256,39,100,74
273,48,80,71
275,50,74,67
279,40,74,67
284,40,72,63
281,34,77,66
280,46,97,64
295,43,95,57
308,42,93,54
289,30,98,56
273,26,122,57
279,24,121,66
280,25,102,60
277,22,106,60
283,23,104,55
293,16,94,61
293,18,96,52
296,22,95,55
295,22,102,52
302,22,99,52
302,28,97,44
312,18,95,51
323,10,77,52
331,19,82,46
336,26,84,57
361,37,82,62
364,35,83,63
368,50,84,61
367,58,85,61
370,72,85,61
383,89,82,61
417,118,83,64
432,191,82,65
436,248,76,63
408,272,77,65
397,282,74,53
395,281,72,50
389,275,69,52
388,267,73,56
393,272,72,56
394,288,72,54
396,293,71,55
385,311,67,55
391,313,68,53
388,330,71,54
392,339,66,52
389,341,70,52
399,344,71,51
391,346,70,52
394,348,69,53
397,348,67,54
397,365,71,54
389,372,71,52
385,369,71,51
386,378,70,50
377,383,71,53
379,387,71,56
371,401,68,53
377,407,72,55
372,410,74,56
388,398,73,54
399,383,72,56
449,362,76,56
459,317,76,65
468,287,78,63
460,214,79,63
437,181,79,63
422,161,81,58
387,142,74,61
331,156,74,60
304,162,79,63
245,153,78,63
195,151,82,59
199,160,81,58
156,156,81,58
173,170,84,60
161,162,76,78
163,145,76,93
164,130,81,80
199,114,77,76
227,93,103,82
313,64,96,83
321,73,102,69
398,45,90,88
413,29,94,82
418,13,93,77
411,0,88,78
404,0,95,75
378,0,111,71
363,0,115,68
347,0,90,63
320,0,93,68
273,0,103,74
218,0,111,66
230,0,78,66
199,0,78,66
183,0,84,68
176,0,74,67
177,0,73,66
161,0,84,67
157,0,92,64
172,0,94,56
167,0,94,61
183,0,101,56
220,0,89,61
240,0,95,62
261,0,92,56
285,0,84,61
282,0,98,82
279,0,96,70
285,0,93,78
281,0,102,91
279,0,104,67
300,0,71,67
297,24,71,68
306,24,79,70
295,18,97,79
306,35,98,61
296,33,111,68
280,35,107,81
273,42,100,87
260,49,107,85
251,64,103,74
253,64,114,82
258,65,110,77
278,74,93,71
295,83,92,70
327,81,88,68
350,87,76,73
352,104,67,67
359,103,67,67
359,125,66,72
358,133,67,70
366,135,78,70
358,147,65,68
351,148,73,70
351,150,74,71
348,144,81,71
344,145,83,68
343,154,84,63
330,150,96,66
325,150,105,68
343,152,79,55
341,156,98,53
384,148,104,69
400,151,86,54
409,152,85,54
417,149,87,58
431,146,82,60
455,143,77,62
445,140,77,62
436,140,88,58
436,140,90,57
422,134,77,62
419,130,78,63
439,138,78,59
441,138,80,59
425,142,84,62
445,145,83,61
446,139,80,62
446,135,78,60
420,129,82,62
410,132,86,64
398,130,87,62
380,135,87,69
366,130,88,68
361,124,88,71
345,133,92,71
341,131,92,69
332,137,92,66
321,140,93,62
314,140,90,64
312,137,90,64
308,133,86,64
306,131,87,61
319,130,89,61
332,133,88,62
335,133,87,62
351,140,86,64
361,140,89,64
373,137,88,65
384,135,88,64
397,135,84,64
411,138,83,64
426,143,82,63
445,146,82,63
434,150,83,64
439,149,82,66
436,148,81,65
444,151,83,69
448,168,81,65
446,185,74,92
443,211,69,101
427,244,77,91
406,260,96,91
381,283,70,62
369,283,85,57
368,289,76,57
368,294,77,52
375,302,68,58
381,304,69,61
373,309,73,58
366,314,73,50
372,315,64,48
362,320,73,53
366,320,68,53
367,325,71,55
362,330,67,53
366,340,69,53
365,336,65,53
366,340,68,51
377,335,68,51
376,346,69,52
383,341,76,53
379,336,72,56
387,336,72,56
401,340,70,56
398,336,70,54
405,336,68,54
416,343,67,52
415,346,68,52
416,357,68,49
409,346,66,51
416,346,66,53
405,350,68,54
417,346,64,51
393,362,66,51
450,358,65,51
458,314,65,52
501,325,63,53
503,336,63,52
511,353,64,52
475,352,61,53
454,352,74,69
437,358,92,70
422,355,88,74
414,360,82,68
404,356,82,77
391,350,71,71
378,333,71,74
365,315,81,77
349,305,83,82
351,312,71,77
342,310,69,77
348,300,60,65
347,299,77,70
369,295,61,55
383,291,74,60
432,280,69,66
449,276,65,74
448,278,74,70
447,283,65,86
447,316,56,67
436,290,67,52
431,254,67,52
426,241,65,52
412,251,82,66
413,288,82,61
399,316,84,58
400,309,67,49
392,292,66,53
392,293,66,53
397,296,67,54
394,295,67,54
393,306,66,53
382,295,63,61
363,303,67,49
346,289,65,53
334,285,61,52
337,276,79,67
341,265,69,67
352,267,64,72
360,270,68,61
354,226,60,63
345,188,64,58
346,184,65,63
350,185,69,56
361,198,73,61
358,238,61,49
336,246,66,57
332,234,71,58
322,220,78,66
319,219,71,62
323,228,74,56
346,218,60,67
349,232,57,46
359,225,62,58
376,218,61,57
380,208,61,56
372,204,63,61
378,205,65,59
377,207,74,51
386,207,66,62
389,202,66,52
395,199,65,58
389,208,65,61
397,222,57,67
391,225,57,66
389,238,63,72
401,253,65,58
395,254,81,61
393,271,80,59
394,260,73,67
382,262,79,68
385,262,71,61
384,264,71,63
412,260,61,54
422,260,56,57
421,251,65,60
426,242,65,64
435,235,56,61
429,235,63,61
414,230,57,57
413,232,60,56
405,230,69,65
409,230,55,56
409,228,59,55
405,228,62,66
394,230,65,61
370,228,66,58
352,230,57,46
339,251,49,39
