268,121,20,50
268,122,20,49
269,122,17,49
269,122,18,49
269,123,19,46
269,122,19,47
270,122,18,50
270,122,21,47
271,123,20,46
270,123,21,46
271,122,16,46
271,124,16,44
271,123,18,45
271,123,19,49
271,123,19,48
271,123,19,50
272,123,20,50
272,123,18,49
272,124,18,49
273,127,18,47
272,124,19,50
273,125,18,49
273,125,18,48
272,124,19,49
273,125,19,50
273,126,20,46
273,121,21,53
275,122,23,54
276,125,22,50
275,125,20,51
276,126,19,49
276,125,21,50
278,130,20,46
277,130,20,46
277,129,20,47
277,129,24,47
279,128,22,50
280,128,20,50
278,125,26,53
278,130,24,48
277,130,24,50
279,130,23,51
280,130,21,50
280,128,23,51
280,129,23,50
279,132,26,50
280,132,24,50
280,132,23,50
280,131,24,51
280,132,23,48
281,132,24,51
281,133,23,51
279,134,26,50
281,134,23,51
278,135,26,49
279,134,26,50
278,135,26,50
278,134,26,50
278,134,23,50
279,134,24,52
277,134,28,54
276,135,28,53
275,138,28,50
278,137,24,51
275,136,27,51
278,140,23,50
275,135,26,54
276,135,24,55
276,135,26,59
277,135,23,53
275,138,23,55
273,137,24,53
272,137,26,54
272,138,24,52
272,138,28,56
271,139,27,55
271,140,26,52
270,140,29,54
268,140,29,56
269,140,27,55
270,140,28,56
268,140,27,56
267,139,29,56
268,140,29,57
269,143,26,54
270,140,27,56
269,140,28,59
270,141,21,56
271,144,22,55
270,143,21,56
270,143,23,57
270,143,21,56
270,145,20,55
269,146,23,56
269,145,21,56
267,145,23,57
264,146,26,59
265,148,24,56
265,147,22,57
261,146,24,58
259,147,28,58
259,149,22,55
258,148,19,57
252,149,22,56
249,148,23,58
237,151,36,58
237,151,34,59
234,151,33,57
232,148,27,61
229,149,24,59
225,151,28,61
222,151,26,58
217,150,26,61
211,147,26,61
200,151,36,62
199,152,34,59
195,151,28,59
194,151,20,62
182,151,30,65
177,151,28,62
173,152,30,61
170,151,24,62
160,149,29,63
150,152,38,64
147,155,39,63
144,150,26,66
137,152,27,63
130,152,35,66
162,151,40,59
185,152,38,58
217,159,32,49
245,155,34,45
276,151,33,52
284,142,33,54
285,146,23,56
276,152,27,52
267,155,27,50
261,150,33,55
258,143,33,61
249,150,36,54
250,140,24,62
238,144,34,56
236,144,32,58
229,144,31,54
225,140,28,54
236,136,29,56
262,136,36,58
292,135,29,63
312,139,44,64
344,141,35,61
354,133,29,66
353,135,28,65
345,133,33,66
337,136,34,54
331,135,29,54
321,131,27,57
316,134,24,62
310,136,24,62
310,131,26,59
308,130,24,58
305,130,24,62
285,134,26,58
288,132,27,57
282,129,24,62
276,130,27,59
270,134,26,58
270,140,22,50
272,130,27,55
266,131,24,45
267,128,23,48
255,128,22,47
255,130,23,40
271,127,26,43
271,129,22,45
264,128,23,38
206,139,23,50
204,139,22,48
199,132,27,53
222,129,24,56
251,130,29,50
283,127,27,53
305,130,28,50
335,117,27,51
344,114,26,52
343,115,29,51
336,114,30,52
327,121,27,48
320,114,32,53
318,112,26,55
314,111,29,56
312,117,30,49
303,115,26,50
301,119,27,50
298,118,24,52
289,120,23,50
290,120,24,52
275,112,33,55
265,111,28,45
263,119,26,45
259,119,22,46
253,105,24,62
251,106,30,56
248,114,26,51
233,111,26,53
230,109,29,54
229,109,24,59
220,109,28,56
196,113,26,54
198,119,27,50
190,115,29,47
199,115,28,45
235,116,24,45
239,115,24,45
276,103,24,45
268,103,22,42
259,102,23,43
258,104,26,48
247,105,26,47
237,104,26,51
231,108,24,46
225,108,26,47
238,106,26,57
236,107,24,56
229,109,26,58
222,95,24,62
215,95,24,62
214,101,24,62
211,105,24,62
201,100,24,62
201,97,24,62
223,97,24,62
244,96,24,62
243,92,24,62
287,102,24,62
320,96,24,62
329,90,24,62
300,88,24,62
298,87,24,62
276,95,24,62
281,90,24,62
284,88,24,62
279,96,24,62
271,98,24,62
268,97,24,62
267,95,24,62
261,99,24,62
272,93,24,62
254,101,24,62
234,92,24,62
252,93,24,62
245,97,24,62
229,92,24,62
220,115,24,62
214,112,24,62
219,116,24,62
209,118,24,62
215,118,24,62
230,119,24,62
235,116,24,62
245,115,24,62
284,114,24,62
318,105,24,62
312,104,24,62
313,103,24,62
305,98,24,62
300,98,24,62
289,104,24,62
287,100,24,62
286,103,24,62
281,100,24,62
280,96,24,62
266,93,24,62
270,93,24,62
261,94,24,62
261,98,24,62
240,100,24,62
236,100,24,62
235,83,24,62
232,85,24,62
228,87,24,62
222,86,24,62
220,88,24,62
240,85,24,62
263,94,24,62
278,94,24,62
314,82,24,62
311,84,24,62
290,88,24,62
292,85,24,62
288,84,24,62
281,83,24,62
298,82,24,62
294,83,24,62
289,81,24,62
284,83,24,62
281,85,24,62
278,89,24,62
272,89,24,62
271,81,24,62
269,82,24,62
269,85,24,62
266,85,24,62
271,85,24,62
281,87,24,62
286,89,24,62
298,82,24,62
294,87,24,62
309,86,24,62
317,87,24,62
319,87,24,62
341,89,24,62
316,85,24,62
312,84,24,62
309,85,24,62
317,82,24,62
321,85,24,62
322,87,24,62
332,82,24,62
333,82,24,62
321,89,24,62
312,90,24,62
287,99,24,62
292,99,24,62
302,98,24,62
301,98,24,62
312,98,24,62
320,97,24,62
335,93,24,62
345,96,24,62
347,89,24,62
349,98,24,62
350,90,24,62
365,87,24,62
356,95,24,62
369,93,24,62
368,91,24,62
373,87,24,62
378,93,24,62
387,87,24,62
388,85,24,62
394,85,24,62
395,88,24,62
398,82,24,62
404,86,24,62
410,82,24,62
363,100,24,62
361,99,24,62
366,95,24,62
368,96,24,62
368,95,24,62
364,94,24,62
362,96,24,62
339,94,24,62
352,90,24,62
360,88,24,62
359,91,24,62
369,94,24,62
358,88,24,62
376,93,24,62
372,97,24,62
371,95,24,62
371,96,24,62
387,98,24,62
402,96,24,62
394,90,24,62
392,100,24,62
389,97,24,62
376,103,24,62
375,108,24,62
376,110,24,62
365,109,24,62
343,102,24,62
331,107,24,62
346,108,24,62
328,103,24,62
319,109,24,62
308,114,24,62
305,112,24,62
327,108,24,62
325,113,24,62
337,108,24,62
336,110,24,62
346,98,24,62
344,107,24,62
367,109,24,62
343,115,24,62
325,108,24,62
322,114,24,62
308,108,24,62
305,103,24,62
350,111,24,62
336,110,24,62
326,109,24,62
322,114,24,62
344,115,24,62
367,115,24,62
386,110,24,62
410,104,24,62
522,96,24,62
524,98,24,62
521,99,24,62
517,96,24,62
513,97,24,62
509,97,24,62
501,98,24,62
499,97,24,62
494,101,24,62
496,99,24,62
482,98,24,62
478,99,24,62
474,77,24,62
472,81,24,62
468,92,24,50
462,102,24,56
459,104,24,56
453,106,26,54
449,105,26,51
447,105,24,52
442,105,31,53
435,107,37,56
432,108,33,55
429,107,26,55
430,100,24,62
420,104,27,57
419,103,24,62
416,108,24,57
412,114,27,53
405,112,29,57
403,108,24,62
402,107,23,60
396,106,24,60
393,108,24,57
385,110,28,56
382,114,29,57
378,108,24,62
376,107,24,62
372,110,26,60
372,115,24,57
370,113,23,60
368,111,24,61
361,111,24,62
351,108,31,64
348,105,24,61
350,104,24,62
345,105,28,65
343,103,29,70
337,111,29,63
336,120,26,59
332,119,28,56
328,112,29,65
326,122,29,50
322,121,26,54
321,122,23,52
317,119,24,58
311,120,27,66
336,125,24,62
375,120,24,62
393,124,24,62
380,116,24,62
378,116,24,62
375,110,24,62
378,118,24,62
331,124,24,62
331,126,24,62
332,129,24,62
317,126,24,62
306,114,24,62
312,124,24,62
310,120,24,62
305,121,24,62
300,117,24,62
305,126,24,62
304,125,24,62
304,128,24,62
298,124,24,62
300,125,24,62
280,124,24,62
251,124,24,62
260,119,24,62
253,127,24,62
260,132,24,62
259,131,24,62
270,119,24,62
235,127,24,62
199,130,24,62
200,130,24,62
200,129,24,62
201,130,24,62
207,133,24,62
199,133,24,62
202,135,24,62
201,132,24,62
198,128,24,62
199,130,24,62
200,133,24,62
187,132,24,62
193,131,24,62
195,137,24,62
193,140,24,62
222,130,24,62
225,132,24,62
209,132,24,62
194,143,24,62
262,132,24,62
253,142,24,62
258,135,24,62
248,142,24,62
253,140,24,62
230,142,24,62
247,135,24,62
236,130,24,62
249,131,24,62
242,128,26,66
218,127,24,65
248,124,26,66
230,122,23,61
230,123,24,64
211,122,24,62
221,123,24,62
214,114,24,65
219,119,24,65
227,119,24,65
225,107,24,66
220,108,26,66
179,110,28,70
176,114,27,66
176,102,27,66
189,106,27,66
209,102,27,66
227,95,27,66
249,102,27,66
244,102,27,66
250,108,27,66
245,107,27,66
247,111,27,66
250,119,27,66
250,112,27,66
246,111,27,66
240,116,27,66
238,118,27,66
231,119,27,66
232,120,27,66
225,120,27,66
223,119,27,66
218,121,27,66
216,120,27,66
211,120,27,66
204,123,27,66
202,123,27,66
203,121,27,66
198,120,27,66
194,119,27,66
190,119,27,66
176,119,27,66
181,119,27,66
173,123,27,66
168,117,27,66
170,116,27,66
166,122,30,60
163,120,28,61
161,121,28,60
154,123,28,52
152,119,26,60
147,120,29,56
142,121,27,51
149,123,23,48
139,127,24,51
139,114,24,66
132,123,24,66
137,114,24,66
153,112,24,66
153,109,24,66
178,106,24,66
205,108,24,66
221,107,24,66
206,94,24,66
198,100,24,66
201,101,24,66
202,97,24,66
205,98,24,66
238,113,24,66
231,115,24,66
230,110,24,66
232,116,24,66
218,114,24,66
209,103,24,66
211,102,24,66
206,106,24,66
200,95,24,64
200,95,24,64
190,105,23,65
186,103,24,62
183,102,26,62
176,103,26,59
173,108,24,59
170,112,22,49
167,119,23,45
162,119,27,49
157,117,23,50
152,118,23,51
149,117,20,55
145,117,20,57
137,116,24,56
127,117,31,61
128,115,26,57
122,119,23,54
119,122,24,52
115,117,23,55
134,117,30,56
166,113,26,54
192,117,29,51
223,120,22,50
216,121,22,48
211,119,24,50
206,120,21,53
203,121,22,53
200,121,20,53
196,119,22,54
189,120,26,50
183,121,22,48
180,123,21,50
178,123,20,49
172,122,23,50
169,120,22,51
165,122,18,46
160,122,22,47
154,124,23,48
151,122,21,50
147,124,22,49
143,124,22,47
155,124,26,46
182,124,28,50
214,124,27,45
239,124,26,45
270,124,22,42
283,119,20,54
280,119,24,55
252,119,21,50
245,114,23,45
207,114,19,44
229,112,24,49
226,114,24,41
222,114,23,49
210,112,27,45
206,114,24,45
197,117,20,38
234,121,20,45
228,120,26,49
226,120,23,49
222,124,21,47
225,121,23,50
213,119,24,50
204,118,26,47
204,116,23,45
201,122,23,39
175,123,27,44
177,118,28,44
216,115,27,40
246,112,24,40
262,114,22,44
301,109,22,44
314,106,24,46
360,106,24,47
375,109,26,46
395,108,26,49
412,112,26,46
418,105,28,46
430,113,24,45
385,116,28,46
361,114,27,47
371,112,26,47
359,114,27,46
354,119,28,46
350,114,26,40
349,115,24,40
350,110,23,42
365,116,23,36
361,110,28,40
362,112,21,40
349,118,24,41
338,117,23,45
358,107,24,45
334,115,28,47
341,124,27,45
310,115,27,42
316,110,26,46
317,116,26,46
296,124,24,43
327,124,26,44
270,138,23,45
248,134,27,45
261,130,22,40
243,138,24,40
262,130,27,47
281,130,26,43
252,125,24,47
262,120,28,46
256,127,23,38
234,125,26,36
234,122,29,50
214,116,28,47
192,124,22,38
201,124,24,37
187,124,29,38
200,129,23,38
184,134,23,34
194,136,22,37
198,131,23,39
194,131,23,34
212,131,23,39
205,130,24,42
194,123,24,38
194,124,24,40
204,124,26,37
196,123,29,37
192,126,27,38
186,130,23,34
202,130,20,34
194,126,26,35
187,131,27,40
187,129,23,38
184,127,23,36
182,124,23,38
188,125,23,40
197,120,21,42
205,123,21,37
171,128,24,36
184,126,21,35
202,124,24,34
220,126,26,38
254,126,24,38
285,122,30,40
252,124,22,36
262,123,27,36
256,122,21,46
254,121,26,43
244,119,23,45
242,117,27,48
238,116,27,49
237,114,24,45
311,140,26,51
312,139,26,50
310,136,27,51
308,132,29,51
315,123,30,54
302,134,29,46
258,113,24,51
253,114,24,40
244,115,26,45
268,115,26,51
270,118,24,44
265,116,23,48
259,119,22,45
255,119,22,43
255,119,23,45
254,118,23,53
251,116,27,52
251,115,24,49
247,112,27,55
247,109,26,59
246,113,28,62
240,114,33,62
240,112,31,64
242,108,27,65
237,108,24,64
237,106,24,64
236,102,24,64
233,101,24,64
235,100,24,64
233,94,24,64
231,96,24,64
231,95,24,64
229,95,24,64
230,93,24,60
231,89,26,59
230,92,26,56
229,88,28,58
230,87,24,59
228,88,26,60
227,87,26,55
226,83,27,58
226,81,28,60
227,82,27,57
226,86,27,57
226,84,29,55
226,82,28,55
222,82,27,58
223,82,27,59
225,84,26,56
223,85,26,57
221,82,26,57
221,81,24,58
222,83,23,58
221,84,27,55
219,82,28,58
219,82,26,55
219,80,23,58
219,81,24,57
218,81,22,56
217,82,24,56
218,81,24,57
218,84,21,51
218,81,24,57
219,79,23,56
219,81,22,54
219,81,23,54
218,81,24,54
218,79,24,56
218,80,26,55
