686,270,83,170
678,267,92,178
669,272,105,169
664,272,110,170
657,272,115,168
649,275,118,165
651,274,113,167
646,275,110,165
646,275,110,165
649,275,84,166
646,277,81,166
638,273,84,168
633,274,76,166
625,278,76,163
610,275,86,166
597,278,96,162
583,276,107,164
576,277,117,163
570,279,121,164
565,277,126,166
560,277,120,165
565,277,105,165
563,275,105,166
565,276,96,166
567,276,78,164
557,275,70,168
546,274,76,166
544,274,73,169
547,277,70,163
547,279,71,163
547,282,71,159
542,280,74,163
536,283,81,158
537,284,81,158
534,282,79,155
516,280,66,175
505,280,68,165
503,281,65,168
505,282,66,171
500,281,65,168
502,280,63,173
491,281,70,173
491,282,65,172
479,283,84,169
468,282,96,173
460,279,92,173
439,282,113,162
439,278,110,166
435,280,110,162
437,280,102,162
439,283,96,159
437,279,71,162
432,280,81,161
432,279,71,162
429,279,71,163
424,283,71,157
401,278,92,167
390,283,102,157
382,282,107,159
387,282,105,160
376,283,121,157
371,281,123,159
369,284,112,155
364,284,115,157
369,282,110,161
369,282,79,161
330,281,104,160
338,280,92,159
346,281,92,161
340,283,84,157
338,285,92,156
327,286,74,152
314,281,104,161
304,284,112,157
303,285,104,156
304,285,108,156
291,281,108,162
293,281,102,161
288,279,97,163
287,281,87,160
290,280,76,163
290,279,70,165
280,277,70,165
274,277,76,165
282,278,62,163
259,278,84,164
243,278,94,163
249,274,89,168
249,275,89,165
249,274,86,167
248,277,94,163
230,281,78,164
233,278,73,163
220,281,78,161
220,282,73,159
227,280,68,160
217,284,81,159
222,279,81,161
215,282,76,159
214,279,76,164
207,280,83,159
207,274,81,162
209,275,79,162
209,274,78,168
194,275,89,164
210,275,71,170
204,281,74,165
206,275,74,167
206,277,73,164
202,271,84,172
202,275,78,165
207,271,70,169
207,271,73,169
207,265,70,173
223,268,50,169
198,273,78,168
194,271,89,169
209,271,78,172
201,270,81,168
207,271,70,168
196,274,68,168
209,270,68,168
206,272,70,167
206,273,70,168
214,274,68,167
214,276,73,168
160,273,115,165
160,258,105,181
162,268,96,173
167,268,99,175
170,268,110,171
223,275,68,168
217,281,68,168
217,271,70,169
209,268,70,171
220,269,70,171
233,268,70,168
228,272,70,169
236,264,70,169
228,264,70,168
235,269,66,168
236,278,68,167
222,278,71,168
227,282,66,167
220,290,70,154
233,295,81,148
209,293,73,150
202,302,86,141
201,302,79,141
201,304,79,137
198,305,81,138
206,302,73,143
196,303,83,142
199,303,83,140
194,300,86,144
201,294,91,152
198,277,94,162
201,276,94,166
202,271,92,171
206,272,87,168
210,269,81,173
212,272,84,165
222,276,76,161
227,280,79,161
235,303,71,137
238,305,71,134
232,303,74,136
238,301,70,137
240,300,66,140
230,301,78,135
232,303,78,137
235,302,71,137
236,301,71,139
240,298,66,145
236,296,65,147
228,299,73,139
227,299,74,140
232,299,68,139
228,303,73,140
233,303,58,133
225,300,76,135
228,303,73,142
235,296,68,146
232,298,76,143
223,306,81,132
235,302,74,139
223,297,79,144
236,291,66,143
238,301,65,140
235,300,68,141
236,299,66,143
236,299,68,146
236,302,71,140
235,301,68,144
241,301,63,138
238,302,66,138
240,304,63,137
240,302,65,138
241,302,63,134
240,301,65,138
243,303,63,136
243,300,63,137
248,300,62,137
248,298,66,138
254,301,60,136
253,303,62,131
249,303,74,136
246,305,84,130
249,305,87,132
236,309,105,129
236,309,112,128
248,310,105,126
256,308,107,130
251,307,117,135
249,308,112,137
253,304,115,138
283,303,89,137
309,301,73,143
311,299,71,141
314,300,65,145
314,296,66,146
314,294,73,147
325,294,70,147
338,294,65,146
330,296,65,145
327,298,70,144
324,301,71,139
356,305,62,137
306,305,71,139
301,277,66,161
301,290,66,163
377,291,68,163
392,303,62,141
389,308,70,128
400,305,65,131
410,307,57,130
406,311,76,127
405,313,91,125
406,314,102,124
403,315,108,120
411,318,104,122
408,317,107,121
423,312,84,125
423,313,89,126
429,314,86,122
431,312,83,122
431,314,84,123
434,315,76,122
435,313,79,124
434,312,79,126
431,315,84,125
431,312,81,127
439,312,78,124
440,314,71,126
444,308,68,131
448,311,68,129
440,312,73,125
445,309,68,130
447,310,65,129
445,312,70,124
448,312,68,130
448,309,63,133
447,313,70,127
450,312,62,131
448,312,63,130
448,314,65,126
447,310,68,128
452,311,65,134
447,313,68,129
448,314,60,126
452,311,62,129
447,310,66,130
450,311,62,129
452,305,60,135
447,311,65,129
447,311,60,133
447,310,65,132
450,309,60,133
447,310,65,133
448,308,63,133
447,308,62,132
452,309,55,129
450,309,62,132
447,312,65,126
450,313,63,126
457,311,53,128
450,311,62,129
450,311,62,130
450,308,63,131
453,311,63,128
452,307,58,130
457,309,66,133
457,312,57,129
457,318,62,120
452,309,66,132
452,310,68,132
455,316,62,125
452,312,74,131
450,307,73,139
455,303,70,143
447,303,83,140
452,301,73,144
453,290,73,154
447,307,79,135
452,304,68,135
452,309,81,128
450,306,74,132
445,308,70,129
447,307,68,132
447,307,66,134
444,305,66,133
445,308,65,134
440,307,66,130
440,307,66,130
439,310,65,130
434,307,70,132
434,306,71,131
434,306,70,134
435,304,66,138
431,303,73,141
431,301,63,141
432,304,68,135
429,304,73,144
427,305,71,137
431,306,73,132
427,308,74,137
427,304,71,140
429,303,73,141
429,303,68,141
431,303,63,136
429,302,70,142
431,303,66,138
426,302,68,140
424,304,66,140
424,304,70,139
427,299,65,147
426,303,62,141
416,304,68,138
414,302,74,144
414,304,70,139
414,303,66,139
411,304,68,136
408,300,68,143
403,302,71,138
400,299,76,148
403,296,73,143
403,300,66,145
397,299,73,143
397,298,78,144
393,300,74,141
389,299,76,143
389,298,73,148
385,299,79,144
379,299,86,142
379,299,83,142
374,298,86,145
369,296,84,145
367,297,86,142
371,292,84,141
371,293,83,147
364,292,74,143
361,294,78,138
361,293,70,147
351,295,84,138
348,296,84,142
348,295,86,149
348,293,83,148
342,292,83,144
337,294,89,147
338,292,79,145
338,292,73,148
327,291,78,147
312,288,84,152
309,287,84,155
301,290,87,150
301,289,83,154
290,291,94,151
283,293,99,145
283,288,97,150
274,288,100,153
272,287,97,156
264,290,99,153
256,294,94,147
254,296,96,143
253,297,100,143
248,299,97,144
215,293,139,147
209,293,136,146
199,292,147,145
199,295,99,145
199,291,92,147
189,295,99,150
186,296,89,148
176,288,86,157
170,284,79,161
175,287,68,154
154,285,89,160
136,287,105,154
151,292,91,147
121,292,112,147
125,294,104,147
121,291,115,151
121,294,104,148
121,292,81,148
123,288,78,151
121,283,81,158
120,281,84,158
128,280,78,162
134,282,71,157
136,280,73,161
134,278,78,163
142,280,73,160
142,278,74,163
144,277,76,164
144,278,76,165
147,280,71,161
144,280,71,163
146,277,79,163
147,282,84,157
142,281,91,161
151,281,89,159
157,276,86,166
164,279,87,167
165,278,87,166
164,282,96,161
167,281,87,166
164,282,104,164
170,282,96,166
168,282,99,163
172,279,92,167
170,281,96,162
172,273,94,171
172,272,91,171
160,267,94,177
168,268,87,174
165,270,91,170
170,272,87,169
165,275,96,167
175,285,87,156
170,285,92,159
173,277,91,169
178,286,91,157
178,279,84,161
180,279,89,170
180,276,92,167
188,279,86,165
194,277,78,167
199,275,70,167
206,273,70,168
196,275,70,166
204,273,70,168
232,277,68,167
238,274,70,170
240,276,70,168
238,270,68,167
217,268,68,168
232,277,68,167
222,269,81,169
222,262,81,176
225,267,74,173
232,268,68,169
227,263,68,168
232,271,66,168
230,267,66,169
240,266,66,170
244,270,66,168
240,276,68,170
243,281,66,170
240,278,66,169
246,275,66,169
256,278,66,168
246,280,60,161
244,273,70,171
248,271,68,170
248,274,66,170
249,278,70,171
254,280,71,170
256,278,71,172
262,278,70,171
257,276,68,170
264,273,70,172
264,280,70,170
261,279,70,171
272,277,68,170
265,277,74,170
269,283,68,169
272,278,68,171
270,277,71,174
267,283,76,162
275,276,68,169
275,273,71,171
277,276,68,166
267,271,66,166
277,270,76,175
288,274,70,165
285,273,84,170
290,269,92,176
296,270,91,172
285,268,100,178
291,267,97,177
288,265,104,183
295,263,97,182
293,264,102,183
304,263,89,184
308,264,86,183
311,265,84,181
312,266,84,179
316,260,76,185
312,260,78,189
312,261,83,185
317,258,79,187
316,261,83,187
256,268,74,182
251,276,68,165
249,275,73,168
254,275,65,169
254,275,70,170
251,276,76,166
259,276,71,165
264,277,68,163
264,277,68,162
264,278,70,164
265,277,70,163
267,280,79,163
262,277,104,164
264,282,94,160
265,282,92,161
262,280,94,163
267,279,97,163
283,271,92,170
280,277,104,165
288,269,97,172
293,278,87,165
301,269,87,175
316,278,81,167
321,272,84,166
321,276,81,165
333,273,76,165
335,271,70,166
350,278,66,164
346,277,68,165
350,278,70,165
356,281,68,164
363,279,70,166
358,280,70,165
361,277,70,166
363,276,70,164
361,277,70,164
369,278,70,165
369,277,70,165
353,285,70,163
363,278,70,163
359,278,70,163
359,290,71,163
380,280,70,163
377,278,70,163
369,281,68,162
372,284,70,164
379,280,70,166
419,267,73,169
416,266,84,174
414,264,91,175
419,252,84,189
423,250,91,189
452,251,73,192
455,253,79,185
471,255,71,187
466,249,78,192
474,251,73,189
487,254,73,186
491,259,87,185
503,260,71,187
505,263,73,182
510,264,68,183
526,261,89,188
520,264,87,185
523,266,87,179
525,267,94,179
533,267,105,174
555,273,84,169
552,271,89,172
557,273,83,171
565,273,79,167
563,274,86,167
576,276,87,167
576,281,92,159
584,280,87,162
588,279,120,163
591,282,126,159
605,282,110,162
605,288,117,150
610,289,113,153
612,285,117,155
617,287,110,153
627,284,104,154
631,280,100,157
635,283,105,155
638,277,104,165
649,283,102,156
664,258,99,180
672,267,94,170
678,265,94,174
682,271,86,171
680,265,86,176
678,261,91,176
690,275,87,161
688,287,107,152
690,289,117,147
712,284,100,157
719,283,91,158
722,278,87,163
732,276,84,163
740,275,74,163
