186,369,53,73
188,369,53,73
191,372,55,74
201,373,50,74
199,373,50,69
206,376,57,70
206,375,55,71
210,372,57,76
212,372,58,70
214,369,60,76
217,369,60,76
222,370,57,77
222,370,55,76
220,369,63,76
222,367,70,75
222,371,71,73
230,369,68,77
230,371,68,76
240,373,62,73
244,372,52,76
244,371,58,77
246,372,62,76
251,372,53,76
254,370,52,79
259,371,47,78
261,376,50,75
265,378,52,77
269,379,47,80
277,382,49,80
280,381,53,78
287,380,49,78
293,380,45,83
293,381,50,82
303,386,50,83
304,388,50,82
306,388,50,82
308,388,50,84
309,390,50,86
314,393,52,84
314,393,49,84
314,394,52,82
309,397,60,77
312,398,57,77
316,398,58,76
317,397,57,77
322,395,53,79
321,396,57,76
322,396,58,78
324,397,57,77
325,395,57,81
325,394,57,82
327,394,57,80
327,393,57,80
329,394,53,79
329,393,52,80
325,392,52,81
324,390,52,83
324,389,53,82
325,389,55,78
324,389,57,78
324,390,57,77
317,387,60,83
312,387,58,85
304,387,53,82
306,383,50,86
299,383,52,85
299,381,49,88
296,381,52,87
290,382,53,87
287,382,55,85
283,382,57,83
282,383,55,82
282,384,53,84
282,384,53,84
293,383,53,84
291,382,53,84
295,382,53,84
290,381,53,84
288,383,53,84
288,379,53,84
288,378,53,84
282,377,53,84
282,376,53,84
296,376,53,84
301,377,53,84
296,378,53,84
298,381,53,84
306,382,53,84
299,382,53,84
311,384,53,84
309,381,53,84
312,381,53,84
309,379,53,84
304,383,53,84
316,380,53,84
317,379,53,84
327,384,53,84
319,382,53,84
316,378,53,84
324,380,53,84
317,382,53,84
324,381,53,84
316,381,53,84
324,382,53,84
319,380,53,84
316,382,53,84
312,379,53,84
314,383,53,84
312,385,53,84
314,382,53,84
309,380,53,84
319,380,53,84
319,378,53,84
317,382,53,84
309,381,53,84
312,382,53,84
316,382,53,84
309,380,53,84
309,379,53,84
304,383,53,84
301,380,53,84
291,381,53,84
298,380,53,84
295,380,53,84
301,378,53,84
303,382,53,84
301,380,53,84
304,381,53,84
298,379,53,84
295,382,53,84
293,381,53,84
298,379,53,84
282,384,53,84
282,384,53,84
282,384,53,84
282,384,53,84
282,384,53,84
282,384,53,84
282,384,53,84
282,384,53,84
288,374,53,84
288,372,53,84
272,369,70,89
278,361,62,91
264,356,78,96
264,358,79,93
267,351,71,99
259,354,89,97
277,353,70,94
270,350,81,94
283,350,70,92
282,348,70,95
277,347,73,99
288,349,63,97
275,344,74,101
270,343,74,102
269,340,73,101
256,340,83,101
254,341,84,102
256,341,81,101
249,343,89,99
253,341,86,102
253,340,87,104
254,340,87,101
251,335,92,98
254,331,92,104
254,332,91,102
256,332,92,102
253,334,96,103
257,333,97,102
257,333,100,105
259,333,102,104
259,333,107,105
264,334,105,104
269,334,105,104
270,334,107,104
272,335,110,102
277,336,105,103
282,334,102,104
287,335,110,104
295,335,100,102
291,332,107,104
296,333,107,106
303,332,99,107
311,334,99,106
316,335,99,109
321,339,99,104
324,338,105,108
330,341,105,107
338,342,97,107
343,343,92,108
348,342,104,110
353,342,104,110
356,341,104,108
361,342,105,110
363,340,105,110
366,340,102,110
369,343,104,110
367,342,107,113
371,343,102,113
371,342,104,115
372,344,102,112
372,348,99,112
374,349,97,111
372,350,97,107
367,350,97,108
374,351,94,108
369,349,94,109
369,351,91,109
367,351,74,109
359,350,73,107
353,348,62,110
340,348,68,111
330,346,68,111
312,348,68,111
304,348,73,111
293,349,86,110
295,351,73,108
291,352,73,109
290,354,76,109
288,355,74,108
295,354,70,107
293,353,68,108
298,355,63,107
301,355,65,108
304,354,65,110
304,353,66,111
306,354,66,110
312,354,65,108
322,356,60,110
321,361,63,108
325,364,66,106
327,365,66,107
333,367,63,105
340,366,65,108
343,368,63,105
346,367,58,106
346,366,60,106
350,368,58,105
353,369,57,106
351,370,58,106
353,370,57,106
353,369,57,106
350,368,57,107
346,366,58,110
343,367,57,107
340,367,58,109
338,368,55,108
333,367,58,108
333,366,55,107
330,365,55,108
332,366,53,106
330,362,55,106
332,362,52,105
329,361,57,105
327,359,60,104
324,361,60,106
322,359,62,105
317,361,68,107
312,357,65,105
306,356,68,103
301,357,73,102
301,355,70,102
299,355,65,101
303,358,63,100
304,355,62,103
309,351,58,104
311,354,58,96
314,351,55,102
316,349,53,102
319,347,55,104
324,344,58,105
325,339,58,109
330,336,63,115
335,339,70,113
342,342,71,109
343,339,73,114
348,335,70,114
353,342,66,106
356,341,70,109
366,339,65,111
372,346,66,102
376,345,66,103
376,345,66,103
385,344,66,104
395,345,66,101
401,345,63,103
400,346,63,104
400,347,68,103
403,345,70,104
410,346,66,104
411,347,68,102
418,349,62,102
413,350,70,101
423,351,62,97
429,352,57,99
429,351,58,97
432,351,55,99
432,350,53,98
434,349,62,97
434,347,65,99
440,349,63,98
437,348,65,100
442,348,66,101
444,348,68,98
445,347,70,98
447,349,71,95
445,348,71,96
444,348,74,99
445,348,73,97
452,346,68,95
457,346,63,96
460,344,62,99
458,345,68,96
461,343,70,99
465,342,71,95
468,342,71,97
468,343,73,97
468,343,73,93
469,342,74,95
474,340,73,92
476,343,68,91
476,342,70,93
478,342,70,91
478,341,68,93
479,341,71,90
478,339,70,91
481,340,66,90
479,339,65,91
478,341,66,92
478,341,60,93
478,340,62,92
478,339,60,92
478,340,62,92
478,341,62,90
484,342,58,91
486,343,60,91
486,343,58,91
491,342,58,91
492,343,58,90
494,343,62,90
494,343,62,88
495,344,63,87
500,345,60,91
502,345,60,91
508,348,58,90
510,348,55,93
510,350,57,89
508,351,57,87
512,351,57,90
515,354,57,86
513,355,57,82
516,353,58,88
513,354,62,88
518,357,55,84
526,354,52,87
525,355,58,86
525,354,60,92
526,353,58,89
528,354,57,91
537,355,53,87
536,354,53,90
537,355,52,88
542,358,47,86
542,357,58,89
547,357,60,87
549,358,62,87
550,356,60,85
546,358,68,83
550,356,62,84
557,355,62,85
557,355,66,87
562,356,60,81
