262,148,23,49
263,148,24,50
263,148,24,51
263,148,24,52
263,148,24,53
264,148,24,53
265,148,24,53
265,148,24,53
266,148,24,53
267,148,23,53
267,149,24,52
268,149,25,51
268,150,25,51
269,150,26,50
269,151,27,49
269,151,26,50
270,151,26,51
270,151,26,51
271,152,26,52
271,152,25,53
272,152,25,54
272,152,25,54
272,152,25,55
273,153,25,55
273,153,24,55
273,153,25,55
272,154,25,55
271,154,26,54
271,155,26,54
270,155,27,53
270,155,27,53
270,155,27,54
270,155,27,54
270,155,27,54
270,155,27,54
270,155,27,55
270,155,27,55
270,155,27,55
270,155,27,55
270,155,27,55
269,156,27,55
269,156,27,55
268,156,28,55
267,157,28,55
267,157,29,55
267,158,29,57
267,158,29,58
267,159,29,59
267,159,29,60
267,160,29,61
267,160,29,60
266,160,28,59
266,161,28,58
266,161,28,57
266,162,28,55
265,162,27,57
264,162,27,58
263,162,27,59
262,163,27,60
261,163,27,61
261,163,27,61
260,163,27,61
260,164,28,60
259,164,28,60
259,164,29,60
258,164,29,60
257,164,29,60
256,165,29,61
255,165,29,61
255,165,29,61
253,166,29,61
252,166,30,61
251,166,31,60
250,167,31,60
249,167,32,60
249,167,32,60
248,167,32,60
248,167,31,61
247,167,31,61
247,167,31,61
247,168,30,61
246,169,30,60
246,170,29,60
246,171,28,59
246,172,28,59
244,172,28,59
243,173,29,60
242,173,30,61
240,174,30,61
239,174,31,62
238,174,31,62
237,174,31,62
236,175,30,61
235,175,30,61
233,175,30,61
232,175,31,62
231,176,31,63
229,176,32,64
228,176,33,65
227,176,33,65
227,177,33,65
226,177,33,64
226,178,33,63
226,178,32,63
226,178,32,62
226,180,32,63
226,181,31,64
226,182,31,65
226,183,30,67
226,184,30,68
225,184,31,67
225,184,32,67
224,185,33,67
224,185,33,67
223,185,34,67
223,186,34,67
223,186,34,67
223,186,34,67
223,187,33,67
222,187,33,67
222,188,33,67
222,188,34,67
222,189,34,67
222,189,34,67
222,190,34,67
222,190,34,68
222,191,34,69
222,192,34,70
222,192,33,71
222,193,33,72
224,193,33,72
225,194,33,71
226,194,33,71
228,195,33,70
229,195,33,70
229,196,33,71
230,197,33,71
230,198,33,72
231,199,33,72
231,199,33,73
230,200,33,73
229,200,34,73
227,200,34,72
226,200,34,72
225,201,34,72
223,202,35,71
221,203,35,70
219,205,36,69
217,206,36,69
215,207,37,68
212,208,35,68
210,208,34,68
208,209,33,68
206,209,31,69
204,209,30,69
201,209,31,70
199,208,32,72
197,207,33,73
195,206,34,75
192,205,35,76
191,205,35,77
190,206,35,78
188,206,34,78
187,207,34,79
186,207,33,80
183,208,35,81
180,209,36,82
178,209,37,82
175,210,39,83
173,211,40,84
170,211,41,84
168,212,43,85
166,213,44,85
164,213,45,85
161,214,47,85
159,215,45,85
157,217,43,85
154,218,41,85
152,219,39,84
149,221,37,84
147,221,37,85
145,221,37,86
143,221,38,86
140,221,38,87
138,221,39,88
136,221,39,88
135,222,40,89
133,223,40,90
131,223,41,90
129,224,41,91
127,226,41,90
124,227,41,89
121,229,41,88
119,231,41,86
116,233,41,85
113,233,42,87
110,234,43,89
107,234,44,91
104,235,45,93
102,235,45,95
98,235,45,96
94,236,45,96
91,236,45,97
87,237,45,97
84,237,45,98
80,239,45,99
76,240,45,100
73,241,44,101
69,243,44,102
65,244,43,103
60,245,43,102
55,246,42,102
50,248,42,101
45,249,41,100
39,250,41,100
36,255,48,98
34,251,45,100
53,252,42,101
101,252,39,103
143,253,37,104
167,253,38,104
202,254,37,103
236,255,36,102
271,257,35,102
306,258,43,101
329,260,44,100
361,260,45,99
354,263,46,98
347,266,47,97
340,269,48,96
334,270,48,98
329,270,49,100
323,271,50,101
318,271,50,103
312,272,51,104
309,272,50,104
305,273,48,104
302,274,47,104
298,274,46,104
294,275,44,104
291,274,44,104
288,278,44,104
285,275,44,104
282,263,44,104
279,226,44,104
272,227,44,106
264,228,44,107
257,229,44,108
250,231,44,110
242,232,44,111
238,233,44,111
233,233,44,112
228,234,44,112
224,235,44,113
219,236,44,113
216,238,45,114
212,240,45,114
208,242,46,115
205,244,46,116
201,246,47,116
200,247,48,117
198,247,50,118
196,248,52,118
194,249,54,119
192,249,55,120
222,252,55,121
252,255,55,122
282,258,55,123
312,261,55,124
342,264,55,125
365,265,55,129
404,267,55,125
398,268,55,123
392,269,55,122
386,269,55,120
375,270,57,123
364,270,59,126
353,271,61,130
342,271,63,133
331,272,64,136
322,271,63,137
313,271,62,138
304,271,61,138
295,271,60,139
286,270,59,140
275,231,59,134
264,184,60,136
259,157,60,143
248,156,61,142
237,155,61,141
225,159,68,140
213,163,75,139
201,166,75,138
189,170,70,137
177,174,65,136
163,174,77,144
150,175,79,147
136,175,81,149
123,176,83,152
109,176,85,154
131,178,82,152
153,180,79,150
174,182,76,149
196,184,73,149
218,186,70,149
240,186,73,150
261,187,76,152
283,187,80,154
305,187,83,156
327,187,70,157
350,189,70,159
374,191,69,161
397,193,69,162
421,195,65,161
444,197,61,160
454,198,80,160
474,202,87,164
506,201,65,164
500,201,63,163
495,201,61,163
474,204,69,158
452,207,76,153
431,210,84,158
409,213,92,163
388,216,100,169
382,218,75,169
366,219,75,167
350,221,79,168
335,222,83,170
319,224,76,172
297,226,85,173
276,228,94,174
254,231,110,174
233,233,103,175
211,235,95,176
195,236,101,177
177,238,108,184
170,232,97,190
189,237,103,186
208,242,109,182
226,243,116,183
244,244,105,185
263,245,92,186
281,246,95,188
299,247,99,190
322,248,102,191
339,249,88,192
356,250,94,193
343,252,113,194
330,253,109,195
313,254,95,196
296,256,98,194
279,258,100,193
262,260,114,196
245,262,92,198
223,219,92,199
210,200,98,194
195,157,110,195
166,156,102,196
137,155,94,197
124,156,108,197
90,164,128,197
71,160,129,197
62,158,130,197
78,160,123,197
92,162,129,197
105,164,129,197
119,167,128,197
132,169,127,197
146,172,126,197
161,173,127,197
176,175,128,196
192,176,130,196
207,178,131,196
222,180,122,195
239,180,120,198
255,180,118,202
272,180,116,205
288,180,114,208
304,180,108,212
318,181,123,211
331,185,131,208
344,186,127,208
358,187,117,208
371,188,108,208
384,190,127,209
397,192,127,210
410,193,126,210
423,195,125,211
436,196,124,212
450,196,133,211
462,197,120,210
452,198,119,209
443,199,118,208
422,199,129,207
395,197,131,208
373,195,126,210
351,193,120,211
329,191,131,212
308,188,141,213
287,189,114,212
271,190,115,212
255,190,116,212
230,198,138,204
205,192,135,211
185,191,135,210
165,190,135,209
145,189,135,209
126,188,127,208
106,187,119,207
87,192,126,204
110,192,135,205
123,188,142,206
136,183,129,206
149,178,115,207
162,182,122,203
175,185,130,198
187,183,121,200
198,181,113,201
210,178,121,202
226,178,132,201
242,177,134,200
258,176,117,199
274,175,119,198
290,174,122,197
307,172,117,197
323,171,113,196
340,169,108,196
357,168,117,196
373,166,126,195
389,165,115,195
405,163,104,195
420,162,110,194
436,160,116,194
452,158,122,194
473,158,103,193
500,158,104,193
514,157,114,192
502,157,122,191
486,156,101,191
472,154,106,193
457,151,110,195
442,149,115,197
428,147,104,193
413,144,93,188
395,142,100,190
377,141,106,191
359,147,112,185
340,141,105,190
322,135,99,195
306,136,106,192
289,136,113,188
273,137,108,178
257,137,103,178
240,137,99,178
222,136,118,180
204,134,122,181
186,133,104,182
168,131,91,183
150,130,100,184
145,127,99,182
153,125,93,181
155,123,96,177
181,121,99,178
207,119,102,178
232,116,93,178
257,114,84,178
281,112,83,178
306,110,82,178
331,107,81,177
357,105,82,176
382,103,83,175
408,102,79,173
434,101,82,171
460,101,85,169
480,98,71,167
526,98,70,161
516,94,74,161
507,90,78,162
497,85,82,163
491,82,81,164
485,80,80,164
479,77,79,165
473,74,78,166
467,71,78,166
461,70,76,163
455,68,75,160
449,67,74,157
443,66,72,154
437,64,71,151
434,61,71,157
427,97,71,155
420,134,72,153
413,171,72,152
405,207,72,150
400,246,72,156
395,265,72,156
388,263,72,148
381,260,72,153
374,258,72,157
365,258,73,155
356,257,75,153
346,256,76,150
337,256,77,148
328,255,79,145
325,254,74,144
323,254,70,143
321,253,66,143
319,252,62,142
317,252,58,141
309,249,58,140
301,247,58,139
293,245,58,139
285,243,59,138
277,241,59,137
274,241,51,136
263,238,52,135
252,238,59,133
273,238,58,132
303,236,57,131
327,235,56,131
351,234,55,132
382,233,54,132
415,233,53,133
456,231,52,133
448,230,54,131
440,229,57,129
432,229,59,126
424,228,61,124
416,227,63,122
412,227,62,122
407,226,61,121
402,225,60,121
397,225,59,120
392,224,58,120
385,225,57,119
378,222,56,118
365,219,62,116
396,219,57,116
427,218,53,115
459,210,69,113
491,211,62,113
523,211,55,114
555,211,49,114
587,212,42,114
582,211,45,115
577,209,47,116
572,208,49,116
568,207,52,117
563,206,54,118
559,205,54,117
556,204,53,117
553,203,52,116
549,202,52,116
546,201,51,115
541,199,51,115
536,197,50,114
531,196,50,113
526,194,49,113
521,193,49,112
514,192,50,111
508,191,51,110
502,190,51,109
496,189,52,108
490,188,53,108
485,187,53,108
480,186,54,108
476,185,54,109
471,184,54,109
466,183,54,110
462,182,54,110
457,180,53,110
452,179,53,110
448,178,53,110
443,176,52,110
438,175,52,110
433,174,52,110
428,174,52,110
423,173,52,110
419,172,52,110
416,171,51,108
413,170,50,107
411,169,49,105
408,168,49,104
405,167,48,102
404,167,47,102
402,166,47,102
400,165,46,102
398,165,46,102
396,164,45,102
393,163,46,102
390,162,46,102
387,161,47,101
384,160,47,101
381,160,48,101
379,160,48,100
376,160,48,98
374,160,48,97
372,160,48,96
370,160,48,94
367,158,48,95
364,156,48,96
361,154,48,98
357,152,48,99
354,151,48,100
351,150,48,100
347,149,48,100
344,148,48,100
340,147,48,101
337,146,48,101
334,146,47,99
331,146,46,98
328,146,45,96
325,145,44,95
322,145,43,93
318,145,43,93
315,146,43,92
311,146,43,92
307,146,43,91
303,146,43,91
301,146,43,91
298,146,43,91
296,146,43,91
294,145,43,91
291,145,43,91
290,145,42,90
288,144,41,89
286,143,41,88
285,143,40,87
283,142,39,86
282,141,39,86
281,139,38,86
279,138,38,86
276,137,38,86
298,135,38,85
332,136,38,85
366,136,38,85
401,137,38,85
429,138,38,85
451,134,38,85
449,133,38,85
447,133,38,85
445,132,38,85
444,131,38,85
442,131,38,85
441,131,37,84
440,131,37,83
439,131,36,81
437,132,36,80
436,132,35,79
435,131,35,79
434,131,35,79
432,131,35,79
431,130,35,79
430,130,35,79
428,129,35,78
427,129,35,78
426,128,35,78
424,128,35,78
423,127,35,78
424,125,35,78
423,124,35,78
421,120,35,78
421,162,35,78
421,204,35,78
420,236,35,78
419,236,35,78
419,236,34,78
418,236,34,78
417,236,33,78
417,236,32,76
416,236,31,74
415,236,29,73
414,236,28,71
413,236,27,70
413,236,26,70
413,236,25,70
412,236,25,70
412,236,24,70
412,236,23,70
410,235,25,70
408,233,26,70
407,232,27,70
405,231,29,70
403,229,30,70
403,229,30,70
403,229,30,70
403,228,30,70
403,228,30,70
403,227,30,70
402,227,29,70
402,226,29,71
401,226,28,71
400,225,27,72
400,225,27,72
400,225,27,72
400,224,27,72
400,224,27,72
399,189,27,72
399,185,28,72
398,185,28,72
396,185,28,72
395,185,28,72
394,185,28,72
393,185,28,72
393,185,28,71
393,185,28,69
393,185,28,67
393,185,28,66
393,185,28,64
391,184,28,64
390,184,29,64
388,183,30,64
386,182,30,64
384,182,31,64
383,182,31,64
382,182,31,64
382,182,31,64
381,182,31,64
380,182,31,64
379,182,31,64
378,181,31,64
378,181,31,64
377,181,31,64
376,181,31,64
376,180,31,63
375,180,31,62
374,180,29,63
373,180,29,64
372,180,31,64
372,179,31,64
371,178,30,64
371,178,30,64
370,177,29,63
370,176,29,63
369,176,29,63
368,176,29,63
366,176,29,63
365,176,29,63
364,176,29,63
364,176,29,63
364,176,29,63
364,176,29,63
364,176,29,63
364,176,29,63
364,176,29,63
364,175,28,63
364,175,28,63
363,174,28,63
363,174,28,63
363,174,28,63
362,174,28,63
361,173,28,63
361,173,28,63
360,173,28,63
359,173,28,63
359,173,28,63
359,173,28,63
358,173,28,63
358,173,28,63
357,172,28,63
356,171,28,63
356,170,28,63
355,169,28,63
354,168,28,63
354,168,28,63
354,168,28,63
354,168,28,63
354,168,28,63
354,168,28,63
354,168,28,63
354,168,28,63
354,168,28,63
354,168,28,63
354,168,28,63
352,168,30,63
355,168,27,63
355,167,27,63
355,167,28,63
376,166,28,63
416,167,25,63
416,166,26,63
415,165,27,63
415,164,27,63
414,163,28,63
415,162,28,63
415,162,28,62
415,161,28,61
416,160,28,61
416,160,28,60
416,160,28,59
416,160,28,59
416,160,28,58
416,160,28,57
416,160,28,57
417,159,28,56
417,158,29,56
418,158,29,55
418,157,29,55
419,156,30,54
419,156,29,54
420,157,29,54
421,157,28,54
421,157,27,54
422,157,27,54
422,157,27,54
422,157,27,53
422,157,27,53
422,157,27,53
422,157,27,52
422,157,27,52
422,156,27,52
423,155,27,52
423,155,27,52
423,154,27,52
423,154,26,52
424,154,26,52
424,154,26,52
425,154,26,52
425,154,25,52
426,154,25,52
426,154,25,52
427,153,25,52
427,153,25,52
427,153,25,52
427,153,25,52
427,153,25,52
427,153,25,52
427,153,25,52
427,153,25,52
428,153,25,51
428,153,25,51
429,153,24,50
429,153,24,49
430,153,23,49
430,152,23,49
430,151,23,49
430,150,23,49
430,149,23,50
430,148,23,50
430,148,23,50
430,148,23,50
430,148,23,51
430,148,23,51
430,148,23,51
430,148,23,51
430,148,23,51
430,148,23,50
430,148,23,50
430,148,23,50
430,147,23,51
430,146,22,51
430,145,21,52
431,144,21,53
431,143,20,53
431,143,20,53
431,143,20,52
431,143,20,52
431,143,20,51
431,143,20,51
431,143,20,51
431,143,20,51
431,143,20,50
431,143,20,50
431,143,20,50
431,143,20,50
432,143,20,51
433,142,19,51
433,142,19,52
434,142,19,52
435,142,19,51
435,142,19,50
435,142,19,49
436,142,19,49
436,142,19,48
437,142,18,48
439,142,18,48
440,142,18,48
441,142,17,48
442,142,17,48
443,142,17,47
443,142,17,47
444,142,17,46
445,142,18,46
445,142,18,45
447,142,18,45
448,141,18,45
449,141,18,45
451,141,19,45
452,141,19,44
453,140,19,44
454,140,19,44
455,139,19,44
455,139,19,44
456,139,19,44
457,138,19,44
458,138,19,44
458,137,19,44
459,137,19,44
460,136,19,44
460,136,19,44
461,135,19,44
461,135,19,44
461,135,19,44
462,134,19,44
462,135,19,44
463,136,19,44
463,137,19,44
464,137,19,44
