257,305,232,161
289,284,222,159
316,276,211,150
346,259,202,150
374,251,188,142
394,242,179,139
403,237,177,133
424,230,173,125
437,220,167,125
448,211,161,123
462,210,144,119
473,200,140,117
481,196,140,114
490,188,133,113
501,188,127,111
508,177,119,110
515,177,113,103
515,177,113,94
518,171,110,94
521,165,108,94
523,159,105,96
525,154,102,97
528,154,99,86
530,146,99,86
530,144,99,86
530,142,99,86
535,140,93,83
535,136,93,83
535,132,93,83
535,130,92,82
535,128,91,81
535,126,90,80
534,126,90,77
533,126,90,74
535,123,90,74
528,120,90,69
528,118,90,70
527,116,90,72
527,114,90,73
524,109,90,73
522,109,88,70
521,108,86,68
519,108,85,66
519,106,83,66
519,105,82,65
518,103,82,65
518,102,82,65
515,102,82,62
513,102,82,59
512,98,83,62
510,94,83,65
505,91,83,65
505,90,83,65
505,89,83,65
504,90,80,64
503,90,76,63
502,91,73,62
500,90,73,62
498,89,73,62
496,87,73,62
495,85,73,62
485,85,82,62
483,85,80,59
481,85,79,57
474,85,79,57
471,84,79,57
468,84,79,57
465,83,79,57
462,82,79,57
459,82,79,57
455,82,79,57
451,82,79,57
451,81,79,56
450,80,79,54
444,80,79,54
437,80,79,54
436,78,79,54
434,75,79,54
429,75,79,54
424,75,79,54
421,75,79,54
419,75,79,54
414,75,79,54
410,75,79,54
406,75,79,54
402,75,79,54
400,75,79,53
399,74,79,52
390,71,79,52
386,71,79,52
382,71,79,52
380,71,78,52
379,71,77,52
376,71,77,52
374,71,77,52
374,71,68,51
374,71,66,51
374,71,65,51
373,69,64,51
371,68,63,51
371,67,63,51
370,67,63,51
370,66,63,51
370,66,63,51
369,65,63,51
368,65,63,51
368,65,61,51
368,65,59,51
368,65,56,51
368,65,52,51
367,62,52,51
366,60,52,51
366,60,52,51
365,60,52,51
364,60,52,51
363,60,52,51
362,60,52,51
361,61,52,51
359,61,52,51
358,62,52,51
357,62,52,51
356,63,52,51
356,63,52,51
357,62,52,51
358,62,52,51
359,61,52,51
359,60,52,50
359,58,52,49
359,57,52,48
359,58,52,47
359,59,52,45
359,61,52,44
359,62,52,43
359,63,52,42
359,63,52,42
359,63,51,42
359,63,50,42
359,63,50,42
359,63,49,42
359,63,48,42
359,63,47,42
359,63,47,42
359,63,46,42
359,63,45,42
359,63,45,42
359,63,44,42
359,63,43,42
359,63,43,42
359,63,43,42
359,63,43,42
359,63,43,42
359,63,43,42
359,63,43,42
359,63,43,42
359,63,43,42
359,63,43,42
359,63,43,42
359,63,43,42
359,63,43,42
359,63,43,42
359,63,43,42
359,63,43,42
359,63,43,42
359,63,43,42
359,63,43,42
359,63,43,42
359,63,43,42
359,63,43,42
359,63,43,42
359,63,43,42
359,63,43,42
359,63,43,42
359,63,43,42
359,63,43,42
359,63,43,42
359,63,43,42
359,63,43,42
359,63,43,42
359,63,43,42
359,63,43,42
359,63,43,42
359,63,43,42
359,63,43,42
359,63,43,42
359,63,43,42
359,63,43,42
359,63,43,42
359,63,43,42
359,63,43,42
359,63,43,42
359,63,43,42
359,63,43,42
359,63,43,42
359,63,43,42
359,63,43,42
359,63,43,42
359,63,43,42
359,63,43,42
359,63,43,42
359,63,43,42
359,63,43,42
359,63,43,42
