204,335,223,135
238,323,205,130
265,312,196,126
289,302,187,122
314,294,176,118
335,286,167,113
355,278,157,111
372,270,152,106
380,266,150,103
400,257,138,101
414,251,132,101
428,245,124,95
439,239,118,93
449,233,113,90
458,225,109,90
462,223,107,84
468,214,102,87
471,214,101,80
474,207,101,78
482,204,94,76
483,200,93,72
486,196,87,72
486,192,87,70
488,186,84,72
487,183,82,69
486,181,83,66
485,177,81,66
485,174,81,64
485,171,78,66
482,169,79,61
480,167,78,60
480,164,79,58
478,161,77,59
477,159,73,58
474,153,73,60
469,154,76,54
468,152,71,55
463,149,72,54
461,145,72,55
459,144,68,54
453,144,70,50
451,140,67,53
446,140,69,51
442,136,69,51
439,137,64,50
436,135,64,48
430,133,67,49
428,130,66,50
424,130,64,46
420,129,63,45
418,128,61,44
411,124,65,45
409,124,61,45
403,123,63,45
402,121,61,43
397,119,60,44
396,119,61,43
391,117,61,42
387,116,57,41
383,116,59,40
382,113,59,42
378,113,61,40
377,114,53,39
373,113,56,37
370,111,57,37
368,110,55,38
366,109,52,35
362,108,54,38
362,109,49,34
356,108,53,36
354,107,51,35
352,108,50,34
351,105,49,35
349,104,50,34
346,103,49,34
343,102,51,36
341,103,51,34
338,102,50,36
338,101,46,35
336,98,50,37
334,99,49,35
332,97,49,35
331,96,47,36
330,97,44,34
328,97,46,33
326,97,47,32
327,96,45,34
323,97,46,32
325,96,44,32
322,97,44,31
319,93,46,33
319,93,44,32
317,93,47,33
316,93,47,34
316,91,43,31
316,89,41,34
313,89,44,34
313,89,41,32
311,87,41,36
311,90,40,30
311,89,39,32
308,88,40,34
308,88,38,31
305,88,39,32
303,88,39,30
301,88,39,30
301,86,38,34
299,88,40,29
297,87,40,29
297,86,37,29
295,85,39,30
293,86,40,29
294,85,39,31
292,83,40,30
290,84,38,28
289,84,39,27
287,82,40,29
287,85,40,26
284,83,41,26
282,83,45,26
281,83,37,25
281,82,37,27
278,83,39,24
278,82,36,26
275,82,36,24
276,82,35,26
271,81,38,26
272,81,34,26
269,79,34,29
271,80,33,24
269,77,31,27
266,79,33,27
265,77,29,25
265,78,30,24
263,77,35,26
262,77,34,27
258,77,34,27
258,76,35,27
256,75,35,25
254,74,32,28
