673,217,37,30
673,213,37,30
677,210,36,30
678,206,34,32
675,205,40,31
682,203,37,31
682,201,36,32
673,204,44,27
673,201,42,29
667,200,49,34
667,201,44,37
661,199,49,34
661,198,47,37
657,197,47,36
659,197,47,37
648,196,53,38
648,197,52,36
644,196,52,42
644,196,50,44
648,200,47,41
631,197,57,40
638,202,50,36
635,204,52,37
643,209,45,30
641,202,50,42
638,196,52,37
641,198,47,37
648,202,42,32
649,202,47,39
646,207,49,38
648,213,49,36
644,213,52,37
643,217,52,34
641,215,52,35
636,214,53,37
633,215,60,35
631,215,63,37
630,214,65,40
630,213,58,42
625,214,57,39
630,212,53,40
628,214,60,38
636,213,47,38
638,217,47,37
635,221,52,34
639,221,49,34
641,222,47,34
643,223,45,35
635,223,52,35
641,222,52,35
644,222,49,35
646,221,47,36
643,220,45,36
646,220,44,36
649,219,42,36
654,221,40,35
627,219,49,38
628,221,52,39
628,221,55,34
628,222,53,40
627,222,50,40
615,222,60,40
612,222,58,35
607,222,58,36
602,223,57,36
597,221,62,39
589,223,65,39
591,221,62,45
586,221,65,43
584,221,65,45
581,221,62,45
576,219,73,46
570,221,78,44
565,220,83,45
563,223,81,44
563,224,81,45
559,230,76,44
552,233,66,47
549,235,68,47
542,239,71,46
539,243,73,47
531,249,71,51
526,253,73,50
521,259,76,47
516,260,68,49
512,261,73,49
487,260,78,52
474,258,78,52
460,259,81,51
445,254,81,55
435,253,81,53
418,254,83,52
416,252,78,53
408,254,83,53
401,251,83,58
397,255,79,54
377,259,87,55
371,261,87,55
366,259,84,56
364,261,79,55
358,262,84,56
343,261,89,55
340,260,83,58
332,260,87,57
330,260,87,58
322,259,91,58
329,255,83,61
330,254,78,62
330,253,81,66
332,251,76,68
332,255,78,62
304,257,104,65
298,260,107,60
298,264,110,61
293,264,115,62
290,265,108,65
280,267,108,68
275,267,104,65
270,269,112,67
265,269,120,67
259,269,125,67
253,270,131,68
251,270,120,68
246,270,117,68
240,271,130,70
235,271,131,69
232,271,125,71
230,271,125,71
222,273,133,73
225,273,120,75
215,271,128,74
188,271,149,77
186,273,149,76
178,272,154,76
172,271,154,77
165,271,142,78
146,264,152,83
142,262,175,88
128,261,170,87
120,263,176,81
108,260,181,86
87,258,185,88
79,257,183,89
63,258,191,88
49,260,198,91
45,259,194,90
11,256,214,93
2,253,209,95
2,256,202,95
2,254,191,101
0,254,183,102
0,257,168,101
0,254,155,105
2,257,146,102
2,255,133,102
