344,117,44,31
341,118,38,31
336,117,37,34
331,118,40,32
326,117,43,37
326,118,39,35
322,119,39,35
316,119,44,39
312,122,45,38
309,122,45,39
303,124,44,40
300,123,45,40
296,125,45,39
290,125,46,40
286,126,45,40
283,127,46,41
278,128,47,41
277,130,46,40
270,130,45,40
264,134,49,40
263,132,48,44
256,132,50,44
253,134,48,44
247,134,49,45
245,137,57,45
240,137,54,45
239,138,49,44
234,139,54,44
228,140,53,46
225,140,52,49
216,140,61,50
211,142,63,50
210,145,59,49
203,145,60,50
198,146,59,48
195,150,61,47
190,149,62,49
184,150,64,50
183,151,61,50
180,151,59,50
173,153,67,52
168,156,65,51
163,157,64,53
163,160,62,50
156,160,61,53
152,161,66,54
148,162,67,54
144,163,64,56
137,165,68,57
137,165,70,57
132,167,73,58
131,169,66,58
126,169,71,62
122,172,68,57
121,173,69,61
114,175,68,60
111,177,71,55
107,179,72,56
106,181,72,58
104,183,67,56
100,183,71,60
98,186,74,60
96,188,76,61
94,189,78,61
95,192,73,61
90,193,79,63
89,197,78,63
88,198,81,66
89,201,79,66
88,203,80,66
86,204,84,67
85,207,85,70
87,209,85,71
86,213,87,72
87,216,86,73
87,219,93,73
109,220,92,77
126,224,95,77
146,225,94,80
154,227,99,81
163,232,98,81
167,234,99,84
168,239,102,83
173,240,102,89
179,246,101,87
180,248,106,93
186,253,106,93
190,256,112,97
193,261,120,101
200,268,123,103
207,273,129,106
207,276,137,108
218,281,140,113
231,288,144,111
235,295,154,115
249,299,156,125
265,309,167,126
280,315,176,130
288,322,181,139
309,331,190,141
320,339,205,141
