379,355,278,173
376,361,276,170
376,355,282,173
376,354,284,172
374,353,285,174
374,351,285,176
374,354,285,174
373,354,288,171
374,354,285,171
372,355,288,171
373,354,285,171
370,353,289,172
372,352,291,173
372,351,293,176
374,350,290,175
376,351,289,175
376,351,290,175
370,353,290,174
374,353,288,174
373,356,289,175
370,361,290,176
370,352,294,177
367,353,297,180
368,353,295,179
368,353,289,177
368,363,284,174
368,358,280,172
369,358,285,173
370,361,282,173
372,357,284,175
367,363,286,177
369,351,285,176
373,355,284,175
372,353,286,173
376,355,281,173
376,354,289,172
368,357,288,176
376,354,288,175
374,356,289,176
370,361,286,175
376,361,284,172
367,363,284,174
370,361,278,171
376,353,285,174
372,355,286,175
372,356,285,173
373,359,289,175
376,359,284,176
376,364,278,172
373,359,284,173
373,358,282,171
374,358,288,170
376,356,291,173
378,356,289,172
379,357,286,170
379,356,284,169
378,356,285,169
378,353,288,174
378,355,288,171
377,357,288,173
376,357,286,172
377,356,290,175
374,364,282,173
376,355,284,174
376,361,284,175
374,361,282,172
377,355,288,174
374,351,291,178
376,357,288,174
374,354,291,174
370,355,289,175
374,356,289,175
374,356,288,177
372,353,293,179
372,353,291,175
370,353,295,176
372,357,288,171
370,352,294,177
370,353,290,176
368,356,297,173
369,355,295,175
367,353,297,176
368,355,293,174
367,352,298,178
368,353,297,176
370,353,297,176
370,352,297,176
370,352,297,177
367,352,298,176
368,354,299,174
367,355,297,173
367,355,299,173
367,349,302,180
367,355,297,175
367,351,300,176
367,352,303,176
367,353,299,174
367,352,300,175
368,353,298,172
367,353,300,173
364,352,304,174
367,354,297,171
365,354,298,173
365,353,298,174
365,354,297,175
367,351,299,181
370,349,298,183
365,351,300,183
367,347,304,188
367,347,303,186
365,347,306,185
365,348,306,183
367,349,302,180
365,350,304,176
364,351,306,175
364,352,304,175
365,353,303,175
363,357,308,172
365,356,306,174
368,353,302,177
368,350,297,178
370,352,295,176
370,353,297,175
369,351,299,178
369,350,300,179
368,352,300,177
365,353,304,176
363,352,307,175
363,353,308,175
363,351,310,176
363,351,310,178
364,352,307,176
364,352,306,175
365,353,304,176
367,351,303,176
364,351,307,177
364,353,304,174
363,353,307,174
360,353,307,175
361,355,304,174
363,354,302,176
367,354,297,175
363,354,304,175
363,353,306,175
363,353,304,176
363,353,302,176
363,353,303,176
364,351,304,179
364,351,306,177
364,354,300,175
359,355,302,176
356,354,307,176
357,355,306,174
360,354,302,175
361,354,300,174
360,353,300,176
360,354,300,174
360,354,302,176
363,354,298,173
363,354,299,174
359,355,302,175
360,353,300,174
359,353,303,176
357,354,306,178
357,352,306,176
361,352,300,176
361,354,302,175
367,353,295,174
363,354,297,176
363,355,297,175
367,354,297,175
365,356,294,175
363,355,299,175
364,355,297,177
364,355,297,176
365,355,295,175
367,354,293,177
367,355,293,177
367,354,297,178
364,354,298,177
363,353,300,179
364,353,299,178
361,353,303,180
364,353,299,177
363,352,300,178
361,352,303,180
363,353,300,177
361,355,304,175
357,356,307,176
360,356,306,174
365,356,300,175
367,356,295,176
368,353,297,177
367,353,299,178
367,353,297,177
365,353,299,177
364,354,300,177
365,355,297,177
364,352,300,177
363,353,302,178
363,353,302,177
359,352,306,180
360,352,303,180
363,353,300,178
361,353,304,177
361,353,303,179
363,352,300,177
359,353,302,180
363,353,297,176
363,353,297,177
361,355,297,177
364,353,294,177
365,352,291,176
361,354,298,178
364,355,294,175
363,354,297,177
365,355,297,176
363,355,297,175
363,354,299,176
359,354,303,175
359,353,304,174
363,353,300,175
361,354,297,174
361,352,300,174
364,352,298,175
363,354,294,175
363,354,297,173
363,355,297,173
365,355,293,172
364,353,298,173
361,354,298,173
367,353,291,171
363,353,299,173
364,354,294,172
361,355,297,173
363,354,297,172
363,355,295,174
363,355,297,175
370,354,300,174
370,354,297,173
369,353,303,176
368,352,306,176
369,353,303,177
369,353,300,177
368,353,306,176
367,354,303,176
368,354,303,174
367,354,303,174
367,353,304,176
367,353,307,177
368,351,304,177
373,349,299,177
378,349,294,177
378,349,293,178
376,346,298,188
382,344,294,187
365,341,317,183
378,333,308,187
398,336,289,181
430,321,264,181
435,316,260,180
447,312,245,168
446,314,245,169
464,308,241,167
470,300,231,161
477,293,220,159
488,283,209,152
504,275,193,148
499,269,205,147
513,256,180,145
517,254,179,139
527,243,172,132
535,234,161,137
543,222,157,127
547,215,159,127
549,209,153,121
558,201,141,119
558,188,140,121
553,179,148,121
561,171,140,123
566,162,135,119
571,157,132,116
567,149,133,112
567,146,135,115
572,141,127,111
575,135,124,100
572,132,123,99
574,127,124,100
574,132,126,105
574,221,122,97
571,214,130,98
574,210,113,99
571,210,113,85
570,205,113,91
561,200,115,85
563,195,110,91
554,192,114,84
553,188,107,83
545,184,110,84
543,184,106,79
539,178,104,83
534,174,100,80
528,172,98,79
525,170,104,75
525,170,87,70
517,168,95,69
512,164,100,73
505,162,95,68
505,160,84,68
500,156,91,67
490,158,100,65
483,154,96,66
479,151,87,63
487,150,78,64
471,150,89,62
466,150,87,56
465,143,84,63
466,143,83,58
456,143,82,56
457,140,75,62
449,140,76,56
446,138,79,59
439,137,82,56
442,135,75,53
440,137,69,48
426,132,80,57
427,130,78,61
421,133,75,48
424,131,63,48
418,128,73,52
420,127,66,54
413,123,71,53
412,123,65,54
411,122,65,54
413,125,53,47
413,121,56,50
405,120,60,48
407,121,52,44
403,119,56,50
399,117,56,49
395,111,57,53
399,114,47,47
392,111,54,53
394,108,51,59
387,113,56,51
389,112,56,46
387,114,56,43
386,115,48,43
381,113,53,45
378,114,48,42
377,115,47,38
372,113,52,44
373,108,45,42
372,107,47,46
369,108,41,42
365,105,49,48
365,109,45,41
360,111,49,42
361,108,43,42
357,109,48,36
357,108,44,37
356,104,48,41
352,107,44,34
352,107,44,37
354,105,36,35
350,105,41,33
350,102,39,35
347,104,40,34
341,103,40,36
343,101,41,37
342,102,39,37
338,100,41,36
339,102,38,34
334,101,47,35
333,102,43,32
333,98,40,36
333,97,39,36
329,98,38,37
332,97,36,35
328,96,41,39
328,98,39,31
322,97,45,36
321,93,40,39
317,94,39,37
320,96,35,32
319,94,34,30
319,93,31,31
319,93,31,31
317,90,31,31
319,92,25,28
313,91,32,31
312,91,30,30
308,89,31,26
307,92,32,24
307,93,27,26
307,89,28,29
299,92,36,23
293,87,39,31
295,86,36,31
293,87,36,30
295,87,32,31
289,89,34,31
291,88,31,28
