146,46,81,45
146,46,86,44
146,46,86,45
145,47,87,45
145,46,87,47
147,44,88,48
144,46,88,47
144,46,89,46
145,46,81,45
143,47,81,44
143,46,83,44
142,45,87,46
143,46,84,45
143,45,82,45
142,45,83,45
145,44,83,46
145,45,82,45
142,45,83,45
142,46,80,45
143,45,81,45
135,45,88,42
135,45,89,47
134,46,86,47
139,46,82,46
136,47,83,46
132,47,90,45
133,47,87,48
132,47,87,48
131,47,92,51
131,48,88,48
131,49,88,46
130,47,88,50
130,48,87,49
130,48,88,48
129,49,86,48
127,48,88,50
124,49,90,50
123,48,88,50
126,48,84,48
123,47,84,50
122,49,83,49
123,49,78,49
119,49,86,50
119,49,81,49
119,50,81,49
117,49,80,50
117,50,79,51
115,48,77,51
115,51,72,48
113,51,74,50
115,50,72,48
112,51,71,47
112,52,70,47
109,53,71,48
107,53,72,48
106,54,72,50
103,53,76,51
102,54,79,50
99,54,81,50
98,55,82,50
97,55,85,51
93,55,88,51
94,54,89,52
93,56,92,49
90,56,95,50
88,56,101,50
88,56,100,52
88,56,101,50
88,55,102,53
89,56,103,52
88,55,104,51
88,56,110,51
88,54,107,54
85,56,115,53
85,56,117,52
88,58,113,50
89,58,114,49
92,56,115,50
89,58,120,51
92,56,118,56
92,58,122,53
92,57,126,53
93,56,126,55
93,57,126,51
92,57,129,51
94,58,127,51
94,57,128,53
95,57,126,52
92,57,130,51
92,59,130,50
93,58,130,48
93,56,129,54
94,57,129,51
92,57,131,50
92,58,129,51
94,56,130,50
94,58,127,50
90,58,132,53
92,57,131,51
93,58,127,52
94,57,124,52
92,59,129,50
93,56,129,54
93,58,128,53
89,59,130,50
89,56,130,52
87,59,132,51
86,58,133,50
85,58,131,52
85,57,130,52
81,58,135,53
82,80,130,53
86,104,128,53
80,107,135,50
78,107,129,50
74,108,132,52
64,107,137,47
61,104,136,54
52,104,142,53
44,104,143,53
39,103,137,55
31,107,144,52
23,105,139,55
18,105,142,56
43,106,147,53
62,105,146,52
87,104,146,56
106,104,143,53
126,103,146,53
144,102,151,55
164,104,146,51
163,100,144,54
157,100,139,55
149,103,142,51
142,103,144,53
136,102,140,55
133,101,139,54
129,103,134,51
126,103,131,58
119,105,131,56
118,107,123,52
116,107,123,55
113,106,119,60
111,106,117,58
111,108,114,56
109,108,111,55
107,109,103,55
104,109,104,60
105,111,98,57
104,111,93,61
102,112,98,64
102,114,96,61
102,113,89,64
101,115,90,61
101,115,88,60
100,116,88,62
100,116,88,62
100,117,85,64
98,119,85,65
99,119,84,65
97,121,88,64
99,121,82,65
97,121,86,66
94,123,88,69
93,124,87,68
93,125,87,65
90,127,87,65
88,126,88,68
87,128,92,68
85,128,89,69
86,130,87,70
80,134,95,68
80,132,92,71
78,134,92,72
79,135,93,71
73,138,96,71
70,137,97,74
70,140,95,71
68,143,99,71
68,140,95,77
68,142,95,77
64,146,99,77
77,144,96,75
104,149,95,73
129,151,94,74
129,153,99,81
130,156,98,77
128,159,103,80
128,159,103,80
127,161,104,82
127,161,104,82
129,162,104,86
127,168,114,82
129,168,107,86
129,170,107,87
130,170,109,90
130,174,110,89
132,174,111,93
133,174,112,97
134,180,107,96
136,186,112,97
133,185,119,96
133,188,120,97
134,189,121,98
135,194,123,100
137,196,123,103
139,196,122,104
142,202,124,105
144,205,127,106
146,206,129,110
144,209,134,109
147,214,136,108
151,217,136,113
153,220,142,112
154,224,144,114
157,227,147,115
163,233,150,117
165,235,151,119
167,236,153,121
169,241,162,121
176,243,165,123
179,247,172,128
184,251,176,126
188,257,178,130
202,261,176,136
204,267,188,137
206,270,197,142
215,278,205,140
222,278,210,146
232,283,215,147
240,290,220,150
249,296,230,150
253,298,232,160
264,303,239,160
277,310,249,161
286,313,259,162
299,321,264,156
321,329,271,150
332,333,280,147
348,342,278,137
366,350,263,129
377,350,252,130
397,360,232,117
413,369,217,108
434,376,195,101
