576,374,163,105
579,375,164,106
570,376,166,107
572,370,168,108
569,370,170,107
563,366,174,108
559,366,176,108
561,368,174,109
559,365,177,107
556,366,176,107
554,364,180,107
553,364,183,105
547,365,184,107
547,366,177,110
541,363,179,110
540,363,180,111
545,361,176,108
526,359,180,107
515,359,185,105
517,361,183,104
509,363,185,105
518,358,179,108
504,355,176,107
499,359,211,99
480,359,227,102
471,358,233,101
465,358,233,105
457,357,233,105
449,357,243,102
448,356,241,104
442,347,237,114
433,356,247,102
422,355,250,109
408,353,247,108
391,351,265,111
390,354,259,108
383,357,262,107
369,359,255,101
363,353,262,102
361,356,259,101
378,358,259,95
404,355,254,106
426,353,268,109
458,351,245,109
461,347,249,116
460,349,245,111
452,353,259,105
442,353,263,113
440,355,262,107
430,355,269,104
427,361,265,97
416,355,267,112
401,357,277,110
399,347,265,110
396,356,272,105
391,351,265,112
376,349,269,111
372,352,267,111
367,349,256,109
363,349,255,114
352,350,262,113
346,350,256,113
326,347,269,119
319,349,259,118
312,354,247,113
315,356,259,111
303,355,262,109
306,356,247,110
286,354,256,117
272,357,258,108
271,354,251,117
265,359,240,114
268,361,228,111
256,359,224,103
231,302,246,105
225,252,238,119
224,209,227,121
205,170,233,126
198,136,231,124
190,146,232,118
158,148,249,115
130,149,267,118
128,147,260,128
135,152,246,130
119,153,250,127
113,157,237,122
85,157,262,123
79,162,240,123
63,162,254,133
47,161,262,134
47,164,240,125
30,166,242,123
63,166,225,129
58,165,238,132
87,161,242,132
70,167,258,135
101,158,275,143
109,166,278,136
120,160,288,139
139,161,297,143
130,162,319,143
189,164,271,135
163,164,313,144
190,169,304,123
193,169,319,127
189,172,347,126
246,179,298,117
242,175,299,115
236,179,310,114
212,170,313,119
201,170,304,124
170,184,319,114
130,185,352,113
133,178,341,118
149,185,312,115
157,172,303,110
150,181,310,113
130,172,338,122
145,178,302,120
128,168,321,128
117,170,316,124
120,173,313,117
141,168,306,118
159,160,324,124
181,160,310,124
205,160,295,113
214,150,307,124
228,157,319,112
271,159,280,108
289,159,288,112
308,154,286,115
335,158,276,108
342,146,282,120
367,146,249,107
321,147,267,110
322,142,265,117
325,145,251,113
304,140,265,116
300,139,269,119
280,137,262,110
276,127,251,115
281,130,251,109
272,136,231,94
272,127,231,109
255,126,232,104
251,128,218,100
238,121,231,107
234,119,211,105
224,118,221,108
214,120,220,104
207,116,210,105
201,119,206,101
193,116,214,106
181,112,206,108
163,108,206,106
163,106,205,99
163,103,201,97
136,100,201,100
137,95,194,100
127,100,193,100
120,97,183,93
114,88,184,98
98,81,189,102
71,95,199,106
85,85,181,113
63,88,176,99
40,90,192,93