719,213,40,28
727,211,26,26
727,210,31,28
730,209,32,27
730,209,34,27
733,209,32,27
737,209,32,26
738,211,31,28
740,212,32,28
741,212,32,26
741,210,34,29
743,210,34,28
745,209,34,28
748,208,32,30
750,207,34,27
751,204,34,30
746,204,44,28
753,201,39,34
756,203,36,31
753,204,39,30
754,204,39,30
756,204,40,32
761,205,40,30
764,205,39,30
764,204,37,31
766,203,40,31
764,202,44,31
764,200,42,33
764,199,42,33
766,199,42,32
767,199,39,32
766,199,42,31
762,200,47,33
761,199,45,36
762,199,42,35
758,200,45,35
754,200,47,36
756,200,45,33
754,198,45,33
753,195,44,34
751,193,40,33
751,192,40,34
748,192,42,31
750,192,40,34
750,193,37,36
746,193,40,36
746,196,39,33
745,195,39,35
745,192,40,39
743,192,40,34
743,191,39,38
740,189,39,38
737,188,40,36
733,186,40,39
730,185,40,42
730,186,39,36
725,187,39,38
722,189,40,37
719,190,36,37
712,189,39,38
711,189,37,40
704,190,39,40
699,187,44,39
698,187,40,39
696,184,37,41
691,183,40,38
688,181,40,41
686,179,39,45
680,180,42,38
675,180,45,37
673,180,40,37
673,182,40,37
670,183,42,36
667,183,45,37
662,181,44,35
662,179,44,37
659,176,42,37
654,174,42,38
649,174,44,39
646,172,47,36
643,173,45,33
639,172,42,36
633,173,53,35
631,175,52,37
630,175,45,37
625,175,42,37
622,176,42,33
617,175,40,33
615,175,40,32
610,176,42,31
609,175,44,31
607,170,44,34
607,169,45,34
605,167,44,33
605,167,42,35
604,167,47,36
607,167,44,40
605,167,47,43
605,168,45,42
609,167,44,46
614,165,44,49
610,166,47,44
614,164,44,47
612,162,45,49
610,162,49,48
612,161,44,49
612,161,47,50
612,163,45,50
607,163,47,49
607,164,45,50
607,164,44,50
604,165,47,47
602,163,49,48
602,161,47,49
604,159,44,51
602,159,44,49
602,159,45,49
602,159,45,51
607,159,44,51
609,161,44,50
612,161,45,50
617,163,47,48
627,165,50,46
631,165,47,46
641,165,49,44
651,162,45,50
656,164,49,48
664,159,49,57
672,156,49,52
675,155,53,51
680,151,50,53
682,149,55,51
683,146,60,53
690,146,55,52
691,147,55,51
696,146,53,51
698,147,52,51
703,147,53,52
704,149,57,51
711,149,53,52
717,148,55,53
727,144,50,54
732,143,57,53
743,140,52,55
748,139,55,56
754,140,55,54
761,142,55,54
767,142,57,53
771,141,55,51
774,138,58,54
782,136,57,57
784,135,57,53
787,135,58,54
792,135,53,56
795,132,57,58
795,134,58,56
796,136,58,50
801,137,57,54
801,137,57,54
808,134,60,55
806,133,62,46
806,132,63,48
813,129,62,49
818,128,58,48
818,125,62,48
822,126,68,47
826,130,65,44
829,130,66,43
832,131,66,43
835,133,70,43
839,131,68,44
840,131,70,43
847,130,68,44
848,133,68,46
856,137,68,45
861,137,63,45
863,137,60,50
866,135,50,54
864,133,57,49
864,130,57,54
863,123,63,56
863,118,63,53
860,115,71,57
856,115,73,55
850,118,76,57
848,119,70,54
842,120,71,53
835,120,66,61
827,121,73,59
819,122,73,58
814,121,71,58
805,116,73,62
803,111,70,64
796,108,73,59
790,103,71,59
787,103,71,61
784,100,70,62
774,102,71,65
771,107,73,58
759,108,74,57
754,104,71,66
745,101,78,68
737,95,73,67
727,95,79,61
717,95,76,62
703,89,76,62
690,82,79,67
678,80,83,71
669,78,76,71
664,77,73,73
649,79,73,71
635,81,74,68
618,81,66,76
609,82,62,74
596,84,63,68
573,85,73,70
560,84,71,78
539,83,76,78
528,78,76,76
513,75,76,79
499,75,74,71
489,73,76,75
471,77,74,71
458,77,71,70
442,79,79,67
429,80,83,69
405,81,84,63
387,80,91,67
377,83,84,65
356,80,86,63
340,77,92,63
327,82,94,59
312,79,94,59
296,77,94,59
282,74,94,59
262,48,92,80
246,50,96,81
233,49,89,89
210,53,99,81
207,61,79,74
183,60,89,75
162,64,84,76
141,58,92,78
125,65,94,68
115,56,89,74
96,39,91,87
87,32,87,89
76,27,91,91
73,26,92,85
66,25,94,83
65,23,94,82
57,24,97,82
57,25,94,79
52,24,100,82
55,25,97,83
57,24,94,86