624,201,84,146
640,178,72,154
651,171,66,146
664,171,58,146
667,171,58,146
676,173,66,143
699,189,70,151
715,203,71,153
716,210,79,150
717,214,80,145
718,218,82,141
716,211,74,141
714,203,67,142
712,195,59,142
707,188,59,142
696,180,64,142
681,173,72,142
677,173,72,142
677,181,75,139
677,190,78,135
680,197,86,137
707,202,80,141
706,205,80,141
704,207,79,141
703,210,78,141
702,213,77,141
700,216,76,141
706,215,70,141
711,214,63,141
711,214,62,139
705,214,60,137
680,216,63,135
671,218,63,135
663,221,63,135
655,223,62,135
647,225,62,134
647,228,62,134
647,232,62,134
647,236,62,134
646,232,61,134
646,228,61,134
645,225,60,134
643,208,64,134
643,197,68,134
642,184,71,134
641,177,75,134
641,167,75,127
641,150,75,129
641,140,75,134
635,142,74,131
629,145,73,129
619,151,72,126
602,165,71,123
607,167,65,124
612,170,58,124
617,173,52,125
620,182,50,121
623,192,49,117
621,195,52,121
618,200,52,120
616,204,51,119
613,209,51,118
606,216,48,115
606,217,48,113
611,210,49,114
615,207,50,116
616,205,51,118
596,195,59,119
585,189,59,118
572,183,58,119
558,178,58,119
533,175,70,119
509,173,68,118
493,174,70,119
478,175,71,119
476,175,68,119
474,174,66,119
480,174,60,119
485,174,54,119
491,173,48,119
485,182,47,119
474,199,50,121
455,228,54,123
452,241,53,123
448,254,52,123
442,269,51,122
431,286,52,123
421,305,53,119
421,300,53,125
416,285,54,126
405,270,58,119
392,255,60,126
378,239,58,119
376,238,59,118
384,236,62,122
407,240,61,119
428,241,62,119
483,262,57,119
503,274,59,119
516,285,60,121
529,296,54,119
527,295,54,119
515,315,52,118
502,335,50,117
494,341,48,115
497,343,48,115
501,344,48,115
519,339,48,115
537,335,48,115
547,322,52,114
557,310,56,113
568,297,60,113
583,303,60,113
598,308,60,113
593,308,60,113
589,308,60,113
584,308,60,113
559,312,59,102
552,317,59,105
545,321,59,107
538,325,59,110
527,315,62,110
515,304,66,110
506,302,66,110
497,300,66,110
495,300,59,102
499,295,58,106
517,300,58,110
527,301,58,110
537,301,58,110
545,304,54,106
553,307,51,103
562,311,46,103
566,315,45,103
570,319,44,103
577,323,46,107
584,328,47,111
602,343,47,108
613,344,47,104
626,343,46,104
639,343,44,104
641,344,46,106
644,345,47,107
639,345,48,109
633,345,48,109
628,345,48,109
622,345,52,105
617,345,55,102
617,346,55,102
617,347,55,102
617,348,55,102
619,347,55,102
627,346,55,101
635,345,55,100
643,345,55,101
651,345,55,101
659,345,55,102
673,343,51,101
688,340,47,100
688,340,48,100
688,340,50,100
685,340,47,102
681,340,44,103
676,340,44,103
672,340,44,103
668,340,44,103
668,338,44,102
668,337,44,100
668,335,44,99
664,336,44,99
661,338,44,99
657,340,44,99
630,341,44,99
602,343,44,99
576,360,45,99
550,378,46,99
523,395,47,99
523,397,47,99
522,399,47,99
522,392,47,99
522,384,47,99
511,375,47,99
501,366,47,99
490,356,47,99
480,353,47,99
470,349,47,99
461,355,47,99
452,360,47,99
438,360,47,99
424,359,47,99
410,358,47,99
396,357,47,99
382,357,47,99
368,356,47,99
354,355,47,99
340,355,47,99
323,367,47,99
306,380,47,99
290,392,47,99
273,404,47,99
286,403,47,99
300,402,47,99
313,401,47,99
326,400,47,99
340,399,47,99
358,392,47,99
376,386,47,99
395,379,47,99
401,360,47,99
408,340,47,99
429,347,47,99
449,354,47,99
469,361,47,99
490,368,47,99
515,360,47,99
539,352,47,99
556,344,47,99
572,335,47,99
588,327,47,99
588,327,47,99
589,328,47,99
589,328,47,99
602,331,47,99
615,333,47,99
628,336,47,99
641,339,47,99
642,348,47,99
643,357,47,99
644,367,47,99
644,363,47,99
644,359,47,99
644,355,47,99
644,351,47,99
644,347,47,99
652,344,47,99
660,341,47,99
668,338,47,99
683,355,47,99
699,337,47,99
707,339,47,99
715,340,47,99
719,338,46,91
722,335,46,83
728,337,45,84
734,339,44,84
741,338,36,81
744,331,36,75
747,324,36,70
749,311,33,66
750,297,31,62
747,293,29,63
743,289,27,64
733,293,35,54
736,288,27,62
750,280,31,62
764,273,35,62
786,266,34,59
802,260,42,56
827,266,37,58
837,265,32,61
846,265,27,63
845,269,27,63
844,273,27,63
835,270,26,62
826,268,25,60
824,262,27,58
822,257,29,56
831,242,29,56
841,226,29,56
848,223,29,56
854,220,29,56
863,216,29,56
872,212,29,56
880,208,29,56
889,205,29,56
898,207,29,56
906,209,29,56
906,210,29,56
906,211,29,56
906,213,29,56
900,211,30,58
893,209,31,60
886,207,31,62
879,206,32,64
872,204,33,66
866,202,33,68
859,200,34,70
852,198,34,72
845,196,35,74
838,195,36,76
831,193,36,78
823,198,36,78
814,203,36,78
806,209,36,78
797,211,36,78
789,213,36,78
782,210,36,78
775,207,36,78
777,200,36,77
778,193,36,77
779,186,36,76
781,187,36,76
783,189,36,76
785,190,36,76
783,203,36,76
782,217,36,76
781,225,36,76
779,233,36,76
789,238,36,76
799,244,36,76
801,248,36,76
803,252,36,76
803,252,35,75
803,252,35,74
799,245,34,72
794,239,34,70
790,233,33,68
793,228,33,67
796,224,33,67
799,220,33,66
798,220,33,66
798,220,33,66
797,221,33,66
795,222,33,70
794,224,33,75
793,225,33,79
791,227,33,79
789,229,33,79
787,232,33,79
784,237,33,79
780,243,33,79
777,249,33,79
769,251,33,77
760,253,33,75
752,254,33,74
744,253,33,74
735,253,33,74
726,252,33,74
717,252,33,74
709,253,33,74
700,253,33,74
695,251,33,73
690,249,33,73
685,248,32,72
686,244,32,72
687,241,32,72
688,238,32,72
689,234,32,72
690,231,32,72
691,228,32,72
693,226,34,71
695,224,35,70
699,222,38,68
704,220,41,67
721,218,40,66
733,219,38,64
751,226,36,63
781,232,35,66
811,238,33,69
825,242,32,72
832,244,32,72
840,245,32,72
848,246,32,72
848,249,32,72
848,252,32,72
845,252,32,72
842,252,32,72
840,252,32,72
838,250,32,71
837,249,32,69
835,248,32,67
835,248,32,67
840,252,32,67
844,256,32,67
850,256,32,67
843,256,31,66
837,256,31,66
830,256,31,66
794,261,33,63
779,266,36,60
765,269,36,60
751,272,36,60
744,273,36,60
738,274,36,60
740,275,36,60
742,275,36,60
744,276,36,60
738,279,36,60
716,282,36,60
661,272,36,60
630,262,36,60
598,252,36,60
582,242,35,58
566,232,33,56
564,226,34,64
571,232,35,61
577,238,36,59
590,246,35,62
604,254,35,64
629,258,36,59
645,256,36,61
661,254,36,63
679,258,36,63
710,262,36,63
740,266,36,63
771,269,36,63
802,261,36,63
833,253,36,63
864,245,36,63
874,228,34,70
860,228,32,60
840,228,32,60
828,228,32,60
817,228,32,60
819,232,32,65
822,236,32,70
821,240,31,67
820,244,30,63
819,248,29,60
815,256,29,63
810,265,29,66
800,269,30,65
791,274,31,65
781,278,32,65
760,282,33,64
756,287,33,64
752,292,33,64
748,297,33,64
745,297,33,64
742,296,33,64
739,296,33,64
730,293,33,64
721,290,33,64
712,286,33,64
691,287,33,64
685,282,33,64
683,282,32,64
680,282,31,63
677,282,29,63
671,287,30,61
664,292,30,58
657,297,31,56
655,297,31,56
652,297,31,56
650,296,31,56
651,296,31,56
651,295,31,56
652,293,31,56
653,292,31,56
653,291,31,56
657,291,31,57
660,292,31,58
663,293,31,58
667,293,31,59
677,293,31,59
688,292,31,59
699,292,31,59
708,290,33,59
717,288,34,60
730,282,36,60
739,283,35,60
748,284,33,60
756,285,32,60
771,290,32,60
798,295,32,60
809,300,32,60
819,306,31,60
830,312,31,60
835,313,31,60
840,314,31,60
845,315,31,60
842,315,31,59
840,315,31,58
837,315,31,58
831,313,31,58
826,312,31,58
827,312,31,58
828,311,31,58
829,311,31,58
830,310,31,58
831,310,31,58
831,309,31,58
828,308,31,58
825,307,31,58
822,306,31,58
819,305,31,58
819,304,31,58
819,303,31,58
819,301,31,58
821,301,31,58
823,300,31,58
825,300,31,58
828,303,31,58
831,307,31,58
834,311,31,58
840,311,31,58
846,312,31,58
852,312,31,58
862,310,31,58
873,308,31,58
874,305,31,58
876,301,31,58
876,300,31,58
