458,360,16,30
457,360,16,29
456,360,16,29
455,359,16,29
455,359,16,28
454,359,16,28
453,358,16,28
453,357,16,27
450,355,16,27
447,351,16,31
448,352,15,31
448,352,15,31
447,354,16,30
446,356,17,30
447,354,16,30
446,353,16,31
445,353,16,31
445,352,16,31
444,352,16,32
445,348,15,32
444,349,15,31
443,350,14,31
442,351,14,30
440,350,15,31
438,350,15,32
438,356,14,29
438,352,15,29
437,349,16,30
436,350,17,28
434,352,16,29
434,352,16,31
431,356,15,29
431,356,15,32
430,359,15,30
428,364,15,30
427,364,15,31
426,363,15,31
424,363,16,32
424,363,16,29
424,363,17,32
423,363,16,33
423,364,15,34
419,369,16,34
426,369,15,32
424,368,15,32
421,367,15,32
419,366,16,32
417,365,16,32
415,365,16,35
414,366,16,34
413,368,16,34
412,368,15,31
411,366,15,30
409,364,15,29
407,362,16,29
405,365,16,34
408,362,16,27
409,361,15,30
410,359,15,32
406,356,15,32
406,356,15,32
407,356,15,32
404,357,15,32
404,356,15,32
403,355,15,32
404,356,15,32
400,360,15,32
401,359,15,32
402,359,15,32
402,358,16,32
401,358,16,32
400,357,16,32
399,357,16,32
398,355,15,32
397,354,15,32
397,354,15,32
398,354,15,32
403,359,15,32
411,363,15,32
418,362,15,32
443,375,15,32
444,370,16,32
444,364,16,32
445,359,16,32
446,354,16,32
445,353,16,32
447,358,15,27
443,360,14,26
443,360,15,28
441,372,16,22
443,371,14,25
442,372,14,26
441,374,14,28
439,371,16,30
439,370,17,30
438,369,17,30
437,368,17,30
436,367,17,29
435,366,17,29
434,365,17,29
434,365,17,29
434,365,17,29
433,365,17,29
433,364,17,29
433,364,16,30
433,364,16,30
432,364,16,30
431,368,19,28
430,369,19,30
430,371,19,32
430,371,20,32
429,371,20,32
429,371,20,31
429,371,20,31
429,371,21,31
429,371,21,31
429,371,20,31
430,371,20,31
430,372,19,31
430,372,18,31
430,372,18,30
430,372,17,30
431,372,17,30
438,377,17,30
452,375,17,31
458,376,17,31
465,377,17,31
466,378,17,31
467,380,17,31
468,381,17,31
465,379,17,31
461,376,16,32
458,374,15,32
456,369,16,33
454,364,17,33
452,360,17,34
450,355,18,34
450,356,19,35
449,356,18,34
448,356,17,34
447,354,18,34
447,352,18,34
446,350,19,35
445,349,19,35
444,347,19,35
443,347,19,35
443,347,19,35
442,348,19,35
442,348,19,35
441,348,19,35
441,349,19,35
440,349,19,35
440,349,19,35
440,349,19,35
439,350,19,35
439,350,19,35
438,350,19,35
438,351,19,35
437,351,19,35
437,351,19,35
436,351,19,35
436,352,19,35
435,351,18,32
435,351,18,32
434,351,18,31
433,351,18,31
433,351,18,31
432,350,18,31
432,350,18,31
431,350,18,31
430,350,18,30
430,349,18,30
429,349,17,30
428,352,17,30
428,355,17,30
428,357,17,29
428,360,17,29
426,363,17,30
426,363,17,32
425,362,16,31
424,360,15,30
423,358,16,33
421,357,17,32
419,356,19,32
419,357,18,32
419,358,18,32
418,359,17,32
418,360,17,31
418,361,17,31
417,362,16,31
417,362,16,31
416,363,16,31
415,363,16,31
414,364,16,32
413,364,17,32
413,365,17,32
412,365,17,32
411,365,17,32
409,365,17,31
408,364,17,30
408,366,17,31
407,368,17,32
407,370,17,33
406,371,17,33
405,371,17,33
404,370,17,33
403,370,17,32
401,369,17,32
401,366,17,32
400,367,17,31
399,371,17,30
398,375,17,30
398,379,17,29
397,383,16,29
396,385,16,30
395,387,16,31
395,388,16,31
394,390,16,32
392,391,16,32
391,392,17,32
390,393,17,32
389,394,17,31
387,395,17,31
386,396,17,31
385,394,17,31
385,393,17,31
384,392,17,31
383,392,17,31
382,392,18,31
381,391,18,31
379,391,18,31
378,391,19,31
379,395,15,28
376,397,17,29
375,397,17,29
374,398,17,30
374,398,17,30
373,396,17,31
373,395,17,31
372,393,16,32
373,390,16,32
372,390,16,32
372,389,16,32
369,390,19,32
368,390,18,32
368,391,18,32
368,391,18,32
367,392,18,32
369,390,18,32
370,388,18,31
372,386,18,31
375,380,17,32
379,381,17,31
378,381,17,31
378,381,16,30
377,383,16,32
379,385,16,32
379,387,16,32
379,390,16,32
378,390,17,32
378,390,19,31
378,390,20,31
382,390,18,32
386,391,16,32
387,392,20,31
388,395,19,30
389,399,17,28
388,399,17,30
386,398,18,30
385,397,18,30
384,396,18,30
382,395,18,31
381,396,18,31
381,397,18,31
380,398,17,31
379,399,17,31
378,400,17,32
377,401,17,32
376,403,16,32
375,404,16,32
374,403,17,32
372,401,17,32
370,400,18,31
369,399,19,31
367,397,19,31
366,395,19,31
365,393,19,31
364,393,19,30
362,392,20,29
361,392,20,28
360,391,20,28
360,390,19,28
360,389,19,29
359,388,20,29
359,387,20,30
363,386,20,30
367,385,20,30
371,385,19,31
375,385,19,31
375,384,18,31
375,382,17,30
374,381,17,30
374,379,17,30
372,375,20,31
371,374,19,31
371,372,18,32
371,371,17,32
370,370,16,32
369,369,16,32
368,367,16,32
367,366,16,32
366,364,16,32
365,363,16,32
364,361,16,32
363,359,16,32
362,358,16,32
361,357,16,32
360,356,16,32
359,355,16,32
358,354,16,32
358,353,16,32
357,353,16,32
356,352,16,32
354,350,16,31
353,349,16,31
353,347,16,31
351,345,17,31
350,343,17,31
349,343,18,31
348,343,18,31
347,342,18,30
346,342,18,30
345,342,19,30
345,341,18,30
344,340,18,30
344,340,18,31
343,339,17,31
342,338,17,31
342,339,17,31
341,339,17,31
339,339,17,31
338,339,17,31
337,339,17,31
336,339,17,32
335,339,16,32
335,340,16,32
334,341,16,32
334,338,16,31
332,338,15,29
331,337,15,30
331,336,16,31
331,336,16,32
329,335,17,32
327,335,18,32
325,335,19,32
325,335,18,32
325,335,17,32
325,335,17,32
324,334,16,32
323,334,16,32
322,334,16,32
321,336,17,32
320,337,17,31
319,339,17,31
318,340,17,31
317,342,17,31
316,341,17,31
315,341,17,31
314,340,17,31
313,340,17,31
312,339,17,31
310,339,17,31
309,339,17,31
308,338,17,31
308,338,17,31
307,338,17,31
307,339,17,31
306,339,17,31
306,339,17,31
305,339,17,31
305,339,17,31
305,340,17,31
306,341,17,31
306,341,17,31
306,342,17,31
307,343,17,31
308,342,17,31
310,341,17,31
310,338,17,31
310,336,17,31
315,335,17,30
309,335,17,28
310,334,17,29
314,334,17,29
319,337,17,29
323,341,17,29
328,344,17,29
330,346,17,29
333,348,17,29
335,349,17,29
335,346,17,29
335,343,17,29
335,339,17,29
336,336,17,29
335,337,17,29
335,337,17,29
335,337,17,29
335,338,17,29
334,338,17,30
334,338,17,30
334,339,17,30
334,339,17,30
333,340,17,30
333,340,17,30
333,340,17,30
333,341,17,30
334,344,17,30
335,347,17,30
336,350,17,30
334,350,17,30
332,350,17,30
330,350,17,30
329,350,17,30
327,349,17,30
325,349,17,31
324,350,17,31
324,351,17,31
323,351,17,31
323,352,17,31
322,353,17,31
321,353,17,31
321,354,17,31
320,353,17,31
319,352,17,31
319,350,17,31
318,349,17,31
317,348,17,31
316,347,17,31
316,345,17,31
315,345,17,31
315,345,17,31
314,345,17,31
313,345,17,31
313,345,17,31
312,345,17,31
311,344,17,31
311,344,17,31
311,345,17,31
311,345,17,31
310,346,17,31
309,347,17,31
309,347,17,31
307,345,17,31
306,343,17,31
305,344,17,31
305,345,17,31
304,345,17,31
303,345,17,31
303,344,17,31
302,344,17,31
302,343,17,31
301,343,17,31
300,342,18,30
298,341,19,30
297,340,19,29
297,340,18,31
297,340,18,33
297,340,17,34
297,339,16,36
295,339,18,36
295,339,18,36
294,339,18,36
294,339,18,36
293,339,18,36
293,339,18,36
292,339,19,36
294,339,19,36
296,339,19,36
298,339,19,36
299,339,19,36
300,338,19,36
300,337,19,36
301,337,19,36
301,337,19,36
301,338,19,36
300,338,19,36
300,339,19,36
300,339,19,36
300,340,19,36
300,340,19,36
300,338,19,36
300,338,19,36
299,339,19,36
299,339,19,36
299,340,19,36
299,340,19,36
300,340,19,36
300,340,19,36
300,339,19,36
301,339,19,36
303,339,19,36
305,339,19,36
305,339,19,36
305,338,19,36
306,338,19,36
306,338,19,36
312,337,19,36
318,337,19,36
324,336,19,36
330,335,19,36
339,334,19,36
340,333,19,36
340,331,19,36
341,329,19,36
342,327,19,36
341,326,19,35
340,325,19,33
343,329,18,32
346,332,18,33
349,336,19,33
361,339,19,34
372,342,19,34
384,344,19,35
390,345,19,35
387,345,19,34
385,342,20,33
383,339,20,33
380,335,21,32
381,333,20,34
381,331,19,36
381,330,19,33
381,330,19,30
380,331,19,30
380,332,19,31
379,333,19,32
379,333,19,32
379,334,19,33
380,334,19,33
380,332,19,34
380,330,19,34
380,328,19,34
380,329,19,30
380,323,17,33
380,322,18,33
380,320,18,32
380,319,18,33
380,318,19,33
379,319,19,36
380,321,18,34
381,323,18,32
380,323,18,31
380,324,18,31
380,325,17,30
380,323,18,30
380,322,18,30
379,321,18,30
379,319,18,31
379,323,19,31
379,320,19,32
379,321,19,33
379,322,19,33
379,323,19,34
379,324,19,35
379,324,19,36
380,325,19,36
382,325,19,36
383,325,19,36
385,325,19,36
386,325,19,36
388,326,19,36
388,325,19,36
388,325,19,36
389,324,19,36
389,324,19,36
389,323,19,36
390,322,19,36
390,322,19,36
394,322,19,36
398,323,19,36
401,323,19,36
405,324,19,36
409,324,19,36
412,324,19,36
418,324,19,36
423,324,19,36
428,323,19,36
433,323,19,36
438,322,19,36
443,322,19,36
447,322,19,36
452,322,19,36
456,322,19,36
460,322,19,36
460,322,19,36
461,322,19,36
461,322,19,36
462,323,19,36
463,323,19,36
464,323,19,36
465,323,19,36
465,324,19,36
466,324,19,36
467,324,19,36
467,325,18,36
467,325,18,35
467,325,18,35
468,325,18,35
468,325,18,34
468,325,17,34
468,325,17,34
468,325,17,33
469,325,17,33
469,326,17,33
469,326,16,32
469,326,16,32
469,326,16,31
469,326,16,31
470,326,16,31
469,326,16,31
469,326,16,31
469,326,16,31
469,327,16,32
469,327,16,32
468,327,17,32
468,327,17,32
468,327,17,33
468,327,17,33
468,327,17,33
467,327,17,33
467,328,18,33
467,327,17,34
467,327,17,34
467,326,17,34
467,326,17,34
467,325,17,34
467,325,17,34
467,325,17,34
467,325,18,34
467,325,18,34
467,325,18,34
467,325,18,34
467,325,18,34
467,325,18,34
467,325,18,34
467,325,18,34
466,325,18,34
466,325,18,34
466,325,18,34
466,326,18,34
466,326,18,34
466,326,18,34
466,326,18,34
466,326,18,34
466,326,18,34
466,326,19,33
466,326,19,33
465,325,19,34
465,325,19,34
465,325,19,34
465,324,19,34
465,324,19,34
464,324,19,35
464,323,19,35
464,323,19,35
464,323,19,35
464,323,19,36
463,322,19,36
463,322,19,36
463,323,19,33
463,325,19,30
463,324,19,31
462,324,19,32
462,323,19,33
462,323,19,33
462,323,19,33
462,323,19,33
462,323,19,33
461,323,19,33
461,323,19,33
461,323,19,33
461,322,19,33
461,321,19,33
462,319,17,33
461,322,18,27
461,320,18,31
461,323,18,30
460,326,19,28
461,327,19,28
462,331,19,31
460,331,19,32
459,331,19,33
460,330,17,28
459,330,18,29
458,330,18,30
457,330,19,33
458,332,19,33
458,331,17,32
458,330,18,32
458,329,18,32
458,329,18,32
458,328,19,33
457,328,19,34
457,327,19,34
457,327,19,35
457,327,19,36
457,328,19,35
457,328,19,35
456,329,19,34
456,329,19,33
456,330,19,33
456,331,19,32
456,331,19,32
456,331,19,31
456,332,19,31
456,332,19,31
456,332,19,31
456,332,19,31
456,332,19,31
456,332,19,31
456,332,19,31
456,332,19,31
457,332,19,31
457,332,19,31
457,332,19,31
457,332,19,31
457,332,19,31
457,333,19,31
458,332,17,31
457,332,19,32
457,332,19,32
457,333,19,33
456,333,19,33
456,333,19,33
456,332,19,34
456,332,19,34
456,331,19,35
456,330,19,35
456,329,19,36
455,330,19,35
455,331,19,34
455,331,19,33
455,332,19,32
454,332,19,31
456,332,19,32
456,332,19,32
456,332,19,32
456,333,19,32
456,333,19,32
454,333,20,32
