262,172,52,23
258,173,51,23
255,174,50,23
251,175,49,23
248,176,48,23
237,177,54,24
236,178,51,26
233,179,50,23
230,180,49,24
230,181,44,23
229,181,41,23
228,181,39,23
227,182,36,23
223,182,38,24
225,182,36,24
227,182,33,23
227,183,32,23
219,183,37,24
218,183,36,25
218,183,35,25
216,184,38,26
220,182,32,28
220,185,35,25
220,185,35,25
220,186,36,24
228,186,30,22
228,187,30,22
228,187,30,22
229,188,30,22
229,188,31,22
229,188,31,22
230,189,32,23
225,187,38,25
231,189,33,24
232,190,34,25
227,187,45,31
233,190,35,26
233,191,36,26
234,191,36,27
234,191,37,27
236,192,38,27
237,192,38,27
239,193,38,27
240,193,39,27
240,193,39,27
243,194,40,27
244,194,40,27
245,195,40,27
247,195,41,27
248,195,41,27
250,196,41,27
252,197,41,28
253,197,41,28
255,198,41,29
258,199,41,29
259,199,41,30
261,200,41,31
262,200,40,31
264,201,40,32
266,202,40,32
267,203,41,32
269,203,41,33
270,204,41,33
272,205,43,33
273,206,44,33
275,207,44,33
277,207,45,33
278,208,45,34
280,209,46,34
281,210,47,34
284,211,47,34
287,212,48,35
290,213,49,35
293,214,49,36
295,215,50,36
298,217,51,37
301,218,51,37
304,219,52,38
308,220,53,38
309,221,53,39
313,223,54,39
316,225,56,40
320,227,57,41
323,229,59,41
326,231,59,42
330,233,61,43
333,235,62,43
336,237,63,44
338,239,64,45
341,241,65,45
343,243,66,45
345,245,67,45
347,248,68,46
349,250,69,46
351,252,70,46
351,255,71,48
351,257,72,51
351,259,73,53
351,262,74,56
351,264,76,58
348,269,79,60
345,274,82,62
342,279,85,65
338,284,88,67
332,290,92,69
326,296,96,71
320,301,100,73
312,307,104,76
303,313,107,78
295,319,111,80
281,326,117,84
266,333,123,89
252,341,129,93
238,348,135,98
216,356,143,102
195,365,152,106
