873,200,83,132
866,201,83,132
859,202,83,132
852,203,83,132
845,204,83,132
838,205,83,132
828,206,83,132
818,207,83,132
808,207,83,132
798,208,83,132
788,209,83,132
776,209,83,132
764,209,83,132
752,209,83,132
741,209,83,132
729,209,83,132
719,207,83,132
710,206,83,132
701,204,83,132
692,203,83,132
682,201,83,132
677,201,85,132
671,201,86,132
666,200,88,132
660,200,89,132
655,200,91,132
647,199,93,134
640,199,95,137
632,198,97,140
625,198,100,143
618,198,102,146
614,196,102,148
610,193,102,149
606,191,102,151
603,189,102,152
599,187,102,154
595,187,103,154
592,188,104,155
588,189,105,156
584,190,106,157
581,190,107,157
576,191,110,159
572,191,112,160
567,191,114,162
563,192,116,163
558,192,119,165
555,193,119,165
552,194,119,165
548,196,119,165
545,197,119,165
542,198,119,165
542,200,120,167
542,202,122,169
542,205,124,172
542,207,126,174
544,210,127,174
546,212,129,174
548,215,130,174
551,217,132,174
553,220,133,174
556,221,135,177
559,222,137,181
563,223,139,184
566,224,141,187
569,226,143,191
565,224,142,192
560,222,142,194
555,220,142,195
550,218,141,197
545,216,141,198
535,210,145,201
524,203,150,203
513,196,154,206
502,190,159,209
492,183,163,211
489,184,164,215
487,186,164,219
485,187,165,222
483,189,166,226
481,190,167,230
478,193,170,230
476,196,174,230
474,198,178,231
472,201,182,231
469,203,185,232
466,201,189,234
462,200,192,237
458,198,195,240
455,196,199,243
451,194,202,246
455,194,205,250
458,194,209,254
462,194,212,257
466,194,215,261
469,194,219,265
465,195,224,266
460,196,230,267
455,196,235,268
450,197,241,269
445,198,246,270
443,195,252,275
440,193,257,279
438,190,263,284
435,187,269,288
432,185,274,293
435,182,277,293
437,180,279,294
439,177,282,295
441,174,284,296
443,172,287,296
439,170,293,299
434,168,298,301
429,166,304,303
424,164,309,305
419,163,315,307
415,164,315,307
410,166,315,307
406,168,315,307
402,170,315,307
397,172,315,307
388,174,315,307
379,176,315,307
370,177,315,307
362,179,315,307
353,181,315,307
353,182,317,307
354,183,320,306
355,184,323,305
356,186,325,304
356,187,328,304
357,191,328,304
357,196,328,304
358,200,328,304
358,204,328,304
358,209,328,304
354,216,328,302
349,222,328,301
345,229,328,299
340,236,328,298
336,242,328,296
329,246,324,294
323,250,321,292
316,254,318,290
309,259,314,287
303,263,311,285
302,260,310,282
301,258,310,279
300,256,309,276
300,254,308,273
299,251,307,270
303,256,304,267
307,260,302,264
311,265,299,260
315,269,296,257
319,274,293,254
327,272,289,254
334,270,284,254
342,268,280,254
349,266,276,254
356,264,272,254
362,262,270,250
368,260,268,247
374,258,266,244
380,256,263,240
386,253,261,237
392,254,259,236
398,254,257,236
404,254,256,235
410,255,254,234
416,255,252,233
415,255,247,230
413,255,242,227
412,255,237,223
411,255,233,220
410,255,228,217
407,256,224,214
403,256,220,212
400,256,217,209
397,257,213,206
393,257,209,204
386,258,208,202
379,259,207,200
372,259,206,198
365,260,205,196
358,261,204,194
355,261,203,191
351,262,202,188
347,263,202,184
343,264,201,181
340,264,200,178
337,265,197,177
334,266,193,176
331,267,190,174
328,267,187,173
325,268,183,172
322,271,180,170
318,274,177,167
315,277,174,164
312,280,172,162
308,283,169,159
300,283,166,159
292,283,164,159
284,283,162,159
276,283,160,159
268,283,157,159
266,284,156,158
264,285,154,157
262,286,152,156
260,287,150,155
258,289,148,154
255,289,147,154
251,290,146,154
247,291,145,154
243,291,144,154
240,292,143,154
227,295,143,154
215,298,143,154
202,301,143,154
189,304,143,154
177,307,143,154
188,311,141,154
199,315,139,154
210,319,137,154
221,323,135,154
232,327,133,154
251,327,133,152
269,327,133,151
288,327,133,149
306,327,133,148
325,327,133,146
333,326,135,146
341,324,136,146
349,323,138,145
358,321,139,145
366,320,141,144
367,321,137,144
369,321,134,143
370,322,131,142
372,323,127,142
373,324,124,141
371,324,124,138
369,324,124,136
366,324,124,133
364,324,124,130
362,324,124,128
358,322,124,129
354,320,124,130
350,318,124,131
346,316,124,132
342,314,124,133
336,316,121,132
330,317,118,130
325,318,115,128
319,319,112,126
314,320,109,124
306,323,110,122
298,326,110,119
290,329,110,116
283,332,111,114
275,335,111,111
275,338,107,108
275,340,102,106
266,341,102,106
256,342,102,106
255,339,102,106
251,339,102,106
