470,230,125,289
470,230,124,289
470,230,124,289
470,230,123,289
471,230,121,288
472,230,120,288
472,231,119,288
473,231,118,288
473,231,117,288
474,231,115,288
475,231,114,287
475,231,113,287
473,232,115,287
471,232,116,287
469,232,118,287
467,232,119,287
465,233,121,287
462,233,123,287
460,233,124,287
458,233,126,287
456,234,127,287
454,234,129,287
454,235,129,286
453,235,129,286
453,236,128,285
453,237,128,284
453,237,128,283
453,238,128,282
448,239,131,281
442,240,135,280
437,241,138,280
432,242,142,279
427,243,145,278
427,243,141,278
427,243,136,278
427,243,132,278
427,243,127,278
427,243,123,278
427,243,118,278
427,243,117,278
427,243,116,278
427,243,115,278
427,243,114,278
427,244,114,278
427,244,114,278
427,244,113,277
427,244,113,277
427,244,112,277
427,245,112,277
427,245,112,276
427,245,111,276
427,245,111,276
427,246,110,276
427,246,110,275
427,246,110,275
427,246,109,275
427,247,109,275
427,247,109,275
427,247,108,274
427,247,108,274
429,247,107,275
430,246,107,275
431,246,106,276
433,245,106,276
434,245,105,277
434,244,105,277
434,244,105,277
435,243,105,277
435,242,105,277
435,242,105,277
435,242,105,277
435,242,106,277
435,242,106,277
434,242,106,277
434,242,106,277
434,242,107,277
434,242,107,277
433,242,107,277
433,242,107,277
433,242,108,277
433,242,108,277
432,242,108,277
432,242,108,277
432,242,109,277
432,242,109,277
431,242,109,277
431,242,109,277
431,242,110,277
431,242,110,277
430,242,110,277
430,242,110,277
430,242,111,277
430,242,111,277
429,242,111,277
429,242,111,277
429,242,112,277
429,242,112,277
428,242,112,277
428,242,112,277
428,242,113,277
428,242,113,277
427,242,113,277
427,247,115,272
427,252,117,267
427,256,119,262
427,261,122,258
427,266,124,253
430,261,121,258
433,256,117,263
436,251,114,268
439,246,111,273
442,241,108,278
443,231,106,287
445,222,105,297
441,220,107,297
437,218,110,297
434,215,112,297
435,220,113,293
436,224,114,289
437,228,115,285
438,232,116,281
439,237,117,277
440,244,113,270
441,252,110,263
445,254,107,260
450,257,105,257
451,255,106,259
451,253,107,262
452,252,108,265
449,250,111,267
446,249,114,269
445,250,134,265
444,251,154,260
443,253,162,259
441,252,163,261
439,251,164,263
437,250,165,264
435,249,166,266
435,249,152,266
435,249,138,265
435,249,134,265
434,249,126,266
432,249,118,268
433,250,110,270
433,250,106,270
433,250,101,270
433,250,108,271
433,250,115,272
433,250,122,273
433,250,126,272
434,250,130,272
434,250,134,271
434,250,134,271
434,250,134,271
434,250,134,271
435,250,134,271
435,250,134,271
435,250,133,271
435,250,133,271
435,250,133,271
437,250,133,271
439,249,133,271
441,249,133,271
443,249,133,271
445,249,133,271
445,249,138,271
445,249,143,271
445,249,147,271
445,249,152,271
447,248,154,271
450,247,155,271
447,248,157,271
445,249,158,271
444,249,153,271
443,249,149,271
443,249,144,271
442,249,139,271
441,249,134,271
441,249,129,271
433,249,133,271
426,249,136,271
419,250,140,271
411,250,144,271
409,249,139,273
406,248,133,274
403,247,128,275
400,247,123,277
397,246,118,278
394,245,113,279
392,244,108,281
389,243,102,282
382,244,104,281
376,244,106,280
370,244,108,279
363,245,110,278
347,245,126,278
332,245,142,277
316,245,157,277
300,245,173,277
295,245,173,277
291,245,173,277
286,245,173,277
286,245,165,278
286,245,156,278
286,245,148,279
284,244,137,280
282,243,127,280
280,242,117,281
273,242,110,282
267,242,104,283
261,242,97,285
245,242,109,285
230,242,122,286
214,242,134,287
198,242,146,287
195,242,150,287
191,243,154,286
187,243,158,286
187,243,155,286
187,243,151,286
187,243,148,286
187,243,140,287
187,243,133,288
187,243,125,289
177,241,120,291
168,238,116,294
158,238,116,294
148,237,116,294
139,237,116,294
121,239,131,293
103,242,147,292
85,245,162,291
81,244,166,292
76,244,170,293
71,244,173,294
67,243,177,295
67,243,167,296
67,242,158,297
67,241,148,297
67,241,138,298
67,241,124,298
67,241,109,298
61,239,104,301
56,238,100,305
51,239,101,306
46,240,102,306
40,241,104,307
32,239,115,308
23,237,126,309
15,235,137,310
11,235,141,311
7,234,144,312
3,234,148,313
5,234,147,313
7,234,147,313
9,234,147,313
12,234,146,313
14,234,146,313
16,234,145,313
18,234,145,313
20,234,145,313
23,234,144,313
25,234,144,313
27,234,144,313
27,234,145,313
27,234,146,313
27,234,147,313
27,234,148,313
27,234,149,313
29,234,149,313
32,234,149,313
34,234,149,313
36,234,149,313
51,233,140,313
66,232,130,314
81,231,121,315
96,230,112,315
103,231,114,314
109,231,116,313
116,232,118,312
123,233,120,311
123,233,132,311
123,233,145,311
123,233,158,311
123,233,170,311
128,233,165,311
133,233,160,310
138,233,155,309
143,233,150,309
154,233,141,308
165,233,132,307
177,234,123,307
188,234,114,306
197,234,114,306
206,233,114,306
216,233,114,306
225,233,114,306
229,233,130,305
234,233,146,304
238,234,161,303
242,234,177,302
246,233,175,302
250,233,172,302
254,232,170,302
258,231,168,303
262,231,165,303
265,230,163,303
269,229,161,303
273,229,158,303
291,228,144,303
310,228,130,303
328,228,115,303
346,227,101,303
346,229,112,303
347,230,123,302
347,231,134,301
347,233,145,301
351,232,149,300
354,232,152,300
357,232,156,300
361,231,160,299
364,231,160,299
367,231,160,299
371,231,160,299
374,231,160,299
383,232,150,297
391,233,141,295
400,234,132,293
409,235,122,291
419,235,120,291
430,234,118,291
436,235,120,291
441,237,121,291
447,238,122,291
454,237,126,291
461,236,130,290
467,235,134,289
474,234,138,289
477,234,136,289
480,234,135,289
483,234,133,289
487,234,131,290
490,234,129,290
493,234,129,290
497,234,129,290
500,234,129,290
504,234,129,290
507,234,129,290
500,234,136,292
493,233,142,293
486,233,149,295
479,233,156,296
473,233,162,298
475,233,159,295
478,234,155,293
481,235,151,290
484,236,147,287
487,237,144,285
489,238,141,284
490,239,138,283
492,240,136,283
493,241,133,282
495,242,130,281
496,243,128,281
489,243,130,281
481,242,132,281
474,241,135,282
466,241,137,282
463,241,137,282
460,241,137,282
457,241,137,282
458,241,136,281
459,241,134,281
461,242,133,280
462,242,132,279
466,242,127,279
469,242,122,279
473,242,117,279
477,242,113,279
481,242,108,279
481,242,108,279
481,243,109,279
482,243,109,279
482,243,109,278
482,244,110,278
483,244,110,278
483,244,111,277
483,245,111,277
483,245,111,277
484,245,112,277
484,246,112,276
484,246,113,276
485,246,113,276
485,247,113,276
485,247,114,275
486,247,114,275
486,248,115,275
486,248,115,275
487,248,115,274
487,249,116,274
489,250,117,272
491,251,118,271
494,253,119,269
496,254,120,268
498,255,121,266
503,255,119,266
508,255,117,266
513,254,115,266
518,254,113,266
523,254,110,266
524,255,111,264
524,256,111,261
525,256,111,259
525,257,111,256
526,258,112,254
526,258,112,254
526,259,112,253
526,260,111,253
526,260,111,253
526,261,111,252
526,261,111,252
526,262,111,252
526,262,111,251
527,263,111,251
527,263,111,251
527,264,111,250
527,264,111,250
527,265,111,249
527,265,111,249
527,266,110,249
528,267,109,246
529,268,108,244
530,268,107,241
530,269,106,239
531,270,105,236
532,271,103,234
533,272,102,231
534,273,101,229
532,273,101,229
530,274,101,229
528,274,101,229
526,274,101,229
525,275,101,229
523,275,101,229
521,276,101,229
519,276,101,229
517,277,101,229
516,277,101,229
514,278,101,229
514,278,100,228
514,278,98,227
514,278,97,226
514,278,95,225
514,278,93,224
514,278,92,223
514,278,90,222
514,278,91,222
514,278,91,222
514,278,91,222
514,278,91,222
514,279,91,221
514,279,91,221
514,279,91,221
514,279,91,221
514,279,91,221
514,279,91,221
514,279,92,221
514,280,92,220
514,280,92,220
514,280,92,220
514,280,92,220
514,280,92,220
514,280,92,220
514,281,92,219
514,281,92,219
514,281,92,219
514,281,93,219
514,281,93,219
514,281,93,219
514,281,93,219
514,282,93,218
514,282,93,218
514,282,93,218
514,282,95,217
515,282,96,217
515,283,98,216
516,283,100,215
516,283,101,214
516,283,101,214
516,283,101,214
516,283,101,214
516,283,101,214
516,283,101,214
516,283,102,214
516,283,102,214
516,283,102,214
516,283,102,214
516,283,102,214
516,283,102,214
516,283,102,214
516,283,102,214
516,283,102,214
516,283,102,214
516,283,102,214
516,283,102,214
516,283,102,214
516,283,102,214
516,283,103,214
516,283,103,214
516,283,103,214
516,283,103,214
516,283,103,214
516,283,103,214
516,283,103,214
516,283,103,214
516,283,103,214
516,283,103,214
516,283,103,214
516,283,103,214
516,283,103,214
516,283,104,214
516,283,104,214
516,283,104,214
516,283,104,214
516,283,104,214
516,283,104,214
516,283,104,214
516,283,104,214
516,283,104,214
516,283,104,214
516,283,104,214
516,283,104,214
516,283,104,214
516,283,104,214
516,283,105,214
516,283,105,214
516,283,105,214
516,283,105,214
516,283,105,214
516,283,105,214
516,283,105,214
516,283,105,214
516,283,105,214
516,283,105,214
516,283,105,214
516,283,105,214
516,283,105,214
516,283,105,214
516,283,106,214
516,283,106,214
516,283,106,214
516,283,106,214
516,283,106,214
516,283,106,214
516,283,106,214
516,283,106,214
516,283,106,214
516,283,106,214
516,283,106,214
516,283,106,214
516,283,106,214
516,283,106,215
516,283,106,215
516,282,106,215
516,282,106,216
516,282,106,216
516,282,106,216
516,281,106,217
516,281,106,217
516,281,106,218
516,281,106,218
516,280,105,218
516,280,105,219
516,280,105,219
516,280,105,220
516,279,105,220
516,279,105,220
516,279,105,221
516,279,105,221
516,278,105,222
516,278,105,222
516,278,105,222
515,278,105,223
515,277,104,223
515,277,104,223
515,277,104,224
515,276,104,224
515,276,104,225
515,276,104,225
515,276,104,225
515,275,104,226
515,275,104,226
515,273,99,228
514,271,95,230
514,268,91,232
514,266,86,234
511,267,86,233
507,268,86,232
504,269,86,231
501,270,86,230
498,271,86,229
494,272,88,229
490,272,89,228
486,272,90,228
483,273,91,228
479,273,92,228
475,273,93,228
471,274,95,228
467,274,96,227
464,272,97,229
462,271,99,231
459,269,101,233
456,268,103,235
453,266,104,237
450,265,106,239
447,263,108,241
444,266,107,239
441,268,107,238
439,271,106,236
436,273,106,235
433,275,106,233
430,278,105,231
423,276,108,233
416,275,112,234
409,273,115,235
402,271,118,237
400,271,115,236
398,271,111,235
396,271,107,234
394,271,103,234
391,271,100,233
390,271,100,235
390,270,100,237
389,270,100,239
388,269,100,241
387,269,100,243
386,269,100,245
386,268,100,246
386,267,101,247
386,266,102,248
386,266,103,249
386,265,103,250
386,264,104,251
386,263,105,252
386,263,106,253
386,262,106,253
386,261,107,254
386,261,108,255
386,260,109,256
385,260,111,256
385,260,112,256
385,260,114,256
385,260,115,256
384,260,117,256
384,260,118,256
384,260,120,256
383,260,122,256
383,260,123,256
383,259,125,257
382,259,126,257
382,259,128,257
385,259,124,257
389,259,121,257
392,259,118,257
395,259,114,257
399,259,111,257
402,259,108,257
405,259,104,257
409,259,101,257
415,258,103,259
421,257,104,262
427,255,106,264
433,254,107,266
439,253,109,269
442,254,119,267
444,255,129,265
446,257,139,263
449,258,148,261
451,259,158,259
455,258,152,262
458,257,146,264
462,255,139,266
465,254,133,268
469,253,126,270
478,252,116,269
487,252,106,268
496,252,96,267
505,252,86,266
507,249,93,277
509,250,98,275
510,251,104,273
512,252,109,271
514,253,114,269
513,253,115,268
513,253,115,268
513,254,115,267
512,254,115,267
512,254,115,266
511,255,115,266
511,255,116,265
510,255,116,265
510,256,116,264
510,256,116,264
509,256,116,263
509,257,116,263
508,257,117,262
508,257,117,262
508,258,117,261
507,258,117,261
505,259,116,261
503,259,114,261
500,260,113,261
498,261,112,261
496,261,110,261
494,262,109,261
490,262,107,258
487,263,104,255
484,263,102,252
481,263,100,249
479,263,100,249
477,263,100,249
475,263,100,249
473,262,100,249
471,262,100,249
469,262,100,249
465,262,100,249
462,262,100,249
459,262,100,249
457,263,100,249
455,264,100,249
453,265,100,249
451,266,100,249
448,266,103,249
445,266,107,250
442,266,110,250
438,266,114,251
435,266,117,251
436,267,117,249
436,268,117,247
436,269,117,245
437,271,116,243
437,272,116,241
437,273,116,238
438,274,116,236
438,275,116,234
439,275,116,234
439,274,116,234
440,273,116,234
441,273,116,234
444,272,114,234
447,271,111,234
450,271,109,234
453,270,107,234
457,270,105,234
457,270,104,234
457,270,103,234
457,270,102,234
457,270,101,234
457,270,100,234
457,270,98,234
455,270,98,234
454,270,98,234
453,271,98,234
452,271,98,234
451,271,98,234
451,271,98,234
452,271,98,234
452,271,98,234
452,271,98,234
452,271,98,234
452,271,98,234
453,270,98,234
453,270,98,234
453,270,98,234
453,270,98,234
453,270,98,234
454,270,98,234
454,270,98,234
454,270,100,235
454,270,102,236
454,270,103,237
454,270,105,238
454,270,105,238
455,270,104,238
455,270,103,238
456,270,103,238
457,270,102,238
457,270,102,238
457,270,102,238
457,270,102,238
457,270,102,238
457,270,102,238
457,270,102,238
457,270,102,238
458,270,101,238
458,270,101,238
458,270,101,238
458,270,101,238
458,270,101,238
458,270,101,238
458,270,101,238
458,270,101,238
458,270,101,238
459,270,100,238
459,270,100,238
459,270,100,238
459,270,100,238
459,270,100,238
459,270,100,238
459,270,100,238
459,270,100,238
460,270,99,238
460,270,99,238
460,270,99,238
460,270,99,238
460,270,99,238
460,270,99,238
460,270,99,238
460,270,99,238
461,270,98,238
461,270,98,238
461,270,98,238
461,270,98,238
461,270,98,238
461,270,98,238
461,270,98,238
461,270,98,238
461,270,98,238
462,270,97,238
462,270,97,238
462,270,97,238
462,270,97,238
462,270,97,238
462,270,97,238
462,270,97,238
462,270,97,238
463,270,96,238
463,270,96,238
463,270,96,238
463,270,96,238
463,270,96,238
463,270,96,238
463,270,96,238
463,270,96,238
463,270,96,238
464,270,95,238
464,270,95,238
464,270,95,238
464,270,95,238
464,270,95,238
464,270,95,238
464,270,95,238
464,270,95,238
465,270,94,238
465,270,94,238
465,270,94,238
465,270,94,238
465,270,94,238
465,270,94,238
465,270,94,238
465,270,94,238
466,270,93,238
466,270,93,238
466,270,93,238
466,270,93,238
466,270,93,238
467,270,93,238
468,270,93,238
468,270,93,238
469,270,93,238
469,270,93,238
470,270,93,238
470,270,93,238
470,270,93,238
471,270,93,238
471,270,93,238
471,270,93,238
471,270,93,238
472,270,93,238
472,270,93,238
472,270,93,238
472,270,93,238
473,270,93,238
473,270,93,238
473,270,93,238
473,270,93,238
474,270,93,238
474,270,93,238
473,270,95,238
472,270,96,238
471,270,98,237
470,269,99,237
468,269,101,237
467,269,103,237
466,269,104,236
465,269,106,236
464,269,107,236
463,269,109,236
462,269,110,235
464,269,110,235
466,269,110,235
468,269,110,235
470,269,110,235
472,269,110,235
474,269,110,235
476,269,110,235
478,269,110,235
480,268,117,236
483,267,124,237
485,266,130,238
487,265,137,239
490,265,144,239
488,263,153,241
486,262,162,242
485,261,172,243
483,259,181,245
479,258,188,245
475,257,194,246
470,256,201,247
466,255,208,247
458,262,214,241
450,269,221,235
445,268,221,235
439,268,221,235
434,268,221,235
429,267,221,235
433,268,214,235
437,268,207,235
441,268,200,235
445,269,193,235
449,269,186,235
453,270,179,234
457,270,172,234
463,270,161,234
469,270,151,234
475,270,141,234
481,270,130,234
481,271,129,233
481,273,128,231
481,275,126,229
481,276,125,228
481,278,124,226
482,278,127,226
484,277,130,226
485,277,132,226
487,277,135,226
488,277,138,226
497,278,131,224
506,280,125,222
515,282,118,221
524,284,111,219
532,286,104,217
532,285,109,217
532,284,115,218
532,283,121,218
532,282,126,218
545,281,117,218
558,280,107,218
571,279,97,218
584,278,88,218
593,278,88,218
602,278,88,218
603,277,90,217
605,276,92,216
607,275,94,214
610,277,95,211
614,280,95,208
618,282,96,205
627,283,95,206
637,285,94,208
647,286,93,209
648,285,96,209
649,285,98,209
651,284,101,210
652,283,103,210
653,283,106,210
655,282,108,211
656,282,111,211
657,281,113,211
659,281,116,212
669,281,108,211
678,281,100,211
688,282,92,210
692,282,90,210
695,282,89,209
699,282,88,209
700,281,93,209
702,280,98,208
703,279,103,208
705,279,108,208
707,278,113,208
711,279,108,209
715,280,104,210
719,281,99,211
723,282,94,212
725,281,94,212
727,281,94,212
729,280,94,212
731,280,94,212
733,279,94,212
732,279,96,212
730,278,97,213
729,278,98,214
727,278,99,214
726,277,100,215
724,277,102,216
723,276,103,217
722,276,104,217
720,276,105,218
719,275,106,219
717,275,108,220
716,274,109,220
714,274,110,221
713,274,111,222
711,273,112,222
710,273,114,223
708,272,115,224
707,272,116,225
705,272,117,225
704,271,118,226
704,271,117,226
704,271,116,226
704,271,114,226
704,271,113,226
704,271,112,226
704,271,110,226
704,271,109,226
704,271,108,226
704,271,106,226
703,269,106,229
702,267,106,232
701,265,106,235
700,263,106,238
699,261,106,241
696,261,106,241
694,261,106,241
691,261,106,241
689,261,106,241
686,262,106,241
684,262,106,241
681,262,106,241
678,261,107,242
675,259,108,244
672,258,109,246
669,257,110,247
665,255,110,249
663,255,110,249
660,255,110,249
657,255,110,249
655,255,110,249
652,255,110,249
649,255,110,249
647,255,110,249
644,254,112,251
641,253,114,252
638,251,115,254
635,250,117,256
632,249,118,258
629,247,120,259
625,248,120,259
621,249,120,259
617,251,120,259
613,252,120,259
608,253,120,259
604,254,120,259
599,253,127,260
595,252,134,260
590,251,140,260
585,250,147,260
580,249,154,261
577,248,147,262
574,247,139,263
571,246,131,265
568,245,123,266
564,245,116,267
536,243,129,270
528,243,134,269
520,243,140,269
512,243,145,268
504,243,150,267
499,244,152,267
494,245,153,267
489,246,154,267
484,247,156,267
483,246,147,270
481,245,139,272
479,244,130,274
477,243,122,276
475,242,113,278
468,242,116,278
460,241,118,277
452,241,121,277
445,241,124,277
439,242,128,277
433,243,132,277
428,244,136,277
422,245,140,277
421,244,139,277
419,244,138,277
418,243,136,277
417,242,135,277
415,242,134,277
414,242,131,279
413,241,128,281
412,241,125,283
411,241,122,285
411,240,126,285
411,240,129,285
411,240,133,285
411,240,136,286
411,239,140,286
411,239,139,286
411,239,139,286
411,239,138,286
411,239,138,286
411,239,137,286
411,239,137,286
411,239,136,286
411,239,136,286
411,239,135,286
411,239,135,286
411,239,134,286
412,239,134,286
414,239,134,286
415,239,134,286
416,239,134,286
417,239,134,286
418,239,134,286
419,239,134,286
420,239,134,286
421,239,134,286
423,239,134,286
424,239,134,286
425,239,134,286
426,239,134,286
427,239,133,286
429,239,131,286
430,239,130,286
432,239,129,286
433,239,127,286
435,239,126,286
436,239,124,286
437,239,123,286
439,239,121,286
440,239,120,286
442,239,119,286
443,239,117,286
443,240,117,285
443,240,116,284
443,240,116,283
443,241,116,283
443,241,115,282
443,242,115,281
443,242,114,280
442,242,114,279
442,243,114,278
442,243,113,277
442,243,113,277
442,244,113,276
442,244,112,275
442,245,112,274
441,245,112,274
440,245,113,274
440,245,114,275
439,245,115,275
438,245,115,275
437,245,116,275
436,245,117,275
436,245,117,275
435,245,118,276
434,245,119,276
433,245,120,276
432,245,120,276
432,245,121,276
431,245,122,277
430,245,122,277
430,245,122,277
431,245,121,276
431,246,120,276
431,246,120,276
431,247,119,276
432,247,118,276
432,248,117,276
432,248,117,276
432,248,116,275
433,249,115,275
433,249,115,275
433,250,114,275
434,250,113,275
434,250,113,275
434,251,112,275
434,251,111,274
435,252,110,274
435,252,110,274
435,253,109,274
435,253,109,274
435,253,108,274
435,253,107,273
435,253,107,273
435,253,106,273
435,253,106,273
435,253,105,273
435,252,105,273
435,252,105,273
435,252,105,273
435,252,105,273
435,252,105,273
435,252,105,274
435,252,105,274
435,251,105,274
435,251,105,274
435,251,105,274
435,251,105,274
435,251,105,274
435,251,105,275
435,251,105,275
435,250,105,275
435,250,105,275
435,250,105,275
435,250,105,275
435,250,105,275
435,250,105,276
435,250,105,276
435,249,105,276
435,249,105,276
435,249,105,276
435,249,105,276
435,249,105,276
435,249,105,277
435,249,105,277
434,249,107,276
433,249,108,276
432,250,109,276
431,250,111,275
430,250,112,275
429,251,114,275
428,251,115,274
427,251,117,274
425,252,118,273
424,252,120,273
423,253,121,273
426,256,121,268
428,260,122,264
431,263,122,260
433,267,122,256
435,270,122,252
438,274,122,247
438,266,123,256
438,259,123,265
438,251,123,273
438,243,124,282
438,237,124,289
438,230,124,295
437,228,122,296
436,225,120,297
435,223,118,298
434,221,116,299
435,229,114,292
437,237,113,285
438,245,112,278
440,251,109,271
442,258,106,265
445,265,104,258
447,263,101,260
449,261,98,262
451,259,96,264
453,257,93,266
451,257,97,266
449,257,101,265
448,257,105,265
446,257,109,265
444,257,120,264
442,258,131,264
440,258,142,264
438,259,153,264
437,259,164,263
435,259,164,263
434,258,164,263
433,258,164,263
431,257,164,263
430,257,164,263
429,257,164,263
429,259,160,263
429,262,156,262
429,260,152,263
429,259,149,265
429,257,145,266
429,256,142,267
429,254,138,269
429,254,137,269
429,254,135,269
429,254,134,269
429,254,133,269
429,254,131,269
429,254,130,269
429,254,128,269
429,254,127,269
429,254,125,269
429,254,124,269
429,254,122,269
429,254,121,269
429,254,121,269
429,253,120,269
430,253,120,269
430,253,119,270
430,252,119,270
431,252,119,270
431,251,118,270
431,251,118,270
432,251,117,271
432,250,117,271
432,250,116,271
433,250,116,271
433,249,116,271
434,249,115,272
434,249,115,272
434,248,114,272
435,248,114,272
435,248,113,272
435,247,113,273
435,247,114,272
436,247,115,272
436,247,116,272
436,247,117,272
436,247,118,271
436,247,119,271
436,246,120,271
436,246,121,271
436,246,122,271
436,246,123,270
437,246,124,270
441,247,122,269
445,247,120,269
449,248,118,268
453,249,116,267
457,249,114,267
461,250,112,266
460,250,112,266
459,250,112,266
458,249,112,266
457,249,112,266
456,249,112,266
455,249,112,266
454,249,112,266
453,249,112,266
453,249,112,266
447,249,117,266
442,249,123,265
437,249,129,265
431,249,134,265
426,249,134,265
421,249,134,265
416,250,134,265
411,250,134,265
411,250,128,265
411,250,122,265
411,250,116,265
411,250,110,265
409,249,110,265
407,248,110,265
405,247,110,265
401,247,110,267
398,246,110,269
395,245,110,271
391,245,110,273
387,244,115,274
383,242,120,275
379,241,125,276
375,240,130,277
371,239,134,278
371,240,132,278
370,241,130,277
369,241,128,277
369,242,126,276
368,243,124,276
367,243,122,275
367,242,119,276
366,242,115,276
365,241,111,276
364,240,107,276
363,239,104,277
362,239,104,277
360,239,104,277
358,239,104,277
359,238,106,280
359,238,108,283
359,237,110,286
357,235,113,288
355,234,115,290
353,233,117,292
351,231,120,294
350,232,119,293
349,232,119,293
347,233,118,292
346,233,118,292
345,234,117,291
343,233,117,294
342,232,116,297
341,230,116,299
339,229,115,302
338,228,115,305
337,227,114,307
336,226,114,310
334,225,113,313
330,224,116,313
326,223,120,314
322,222,123,315
318,221,126,315
317,220,127,316
316,220,129,317
314,220,130,319
313,220,131,320
312,220,132,321
310,219,133,322
311,218,132,324
313,217,130,325
314,216,129,327
315,215,128,329
316,214,126,331
317,213,125,333
319,212,124,334
320,211,122,336
321,210,121,338
321,208,123,340
320,206,124,342
320,204,126,343
320,203,127,345
320,201,129,347
320,201,129,348
320,201,130,349
320,201,130,350
320,201,130,351
320,201,131,352
320,201,131,353
320,201,131,354
320,201,132,355
320,199,132,357
321,198,132,359
322,196,133,361
322,195,133,363
323,193,133,365
324,192,134,367
324,190,134,369
325,189,134,371
327,187,136,372
330,186,137,373
332,185,138,374
334,183,140,375
338,183,147,375
341,183,155,375
344,183,163,375
347,183,170,375
351,183,167,378
354,182,163,381
357,181,159,384
361,181,156,387
366,180,155,388
371,179,155,389
376,178,154,390
381,178,154,390
386,177,153,391
389,176,159,393
392,175,165,396
395,174,171,398
398,173,177,400
402,172,175,401
407,172,172,403
411,171,170,404
415,171,167,405
419,170,165,406
423,168,159,407
427,165,152,409
431,163,146,411
435,161,140,412
440,158,141,415
445,156,142,418
450,154,143,420
455,151,144,423
459,150,148,425
463,148,152,427
467,146,156,428
469,146,183,429
472,145,210,429
474,145,237,430
481,144,238,431
488,142,239,433
495,141,241,435
496,141,231,435
498,141,222,435
499,141,213,435
508,140,207,436
518,138,201,438
527,137,195,439
536,136,189,440
553,135,190,440
570,135,191,440
587,134,192,440
597,133,189,442
606,132,186,443
616,132,184,444
625,131,220,445
634,130,257,446
643,129,294,447
643,127,289,449
644,125,283,451
644,124,278,452
646,121,275,454
649,119,272,456
651,117,269,458
661,114,252,460
672,112,235,463
683,109,218,466
710,107,205,467
737,105,192,469
765,103,179,471
792,101,166,472
806,100,152,472
820,100,138,472
