472,164,134,146
471,164,134,146
470,164,134,146
469,165,134,146
469,165,134,146
468,166,134,146
467,166,134,146
466,166,134,146
465,157,135,146
465,157,135,146
467,161,135,146
467,159,136,146
468,157,136,146
467,156,137,146
466,154,137,146
467,155,137,146
467,156,137,145
467,157,137,145
468,157,137,145
468,158,137,144
468,159,137,144
469,160,137,143
469,161,137,143
469,161,137,142
470,162,137,142
470,163,137,141
470,164,137,141
470,163,137,141
470,163,137,141
470,163,137,141
470,162,137,141
470,162,137,141
470,162,137,141
470,162,137,141
470,161,137,141
470,161,137,141
470,161,137,141
470,160,137,141
470,160,137,141
470,160,137,141
470,160,137,141
470,160,137,141
470,160,137,141
470,160,137,141
470,160,137,141
470,160,137,141
470,160,137,141
470,160,137,141
470,160,137,141
470,160,137,141
470,160,137,141
469,160,137,141
469,160,137,141
469,160,137,141
469,160,137,141
469,160,137,141
469,160,137,141
469,160,137,141
469,160,137,141
469,160,137,141
469,160,137,141
468,160,137,141
468,160,137,141
468,160,137,141
468,160,137,141
468,160,137,141
468,160,137,141
468,160,137,141
468,160,137,141
468,160,137,141
467,160,137,141
466,160,137,141
465,160,137,141
454,160,137,141
449,158,137,141
447,160,137,141
445,162,137,141
445,164,137,141
444,166,137,141
445,166,137,141
446,165,137,141
448,166,137,141
450,166,137,141
452,164,137,141
454,161,137,141
456,161,137,141
458,161,137,141
464,161,137,141
469,161,137,141
474,161,137,141
475,161,137,141
475,161,137,141
476,161,137,141
476,161,137,141
477,161,137,141
477,161,137,141
477,161,137,141
478,161,137,141
478,161,137,141
479,161,137,141
479,161,137,141
479,161,137,141
480,161,137,141
480,161,137,141
481,161,137,141
481,161,137,141
481,161,137,141
482,161,137,141
482,161,137,141
483,161,137,141
483,161,137,141
484,161,137,141
484,161,137,141
484,161,137,141
485,161,137,141
485,161,137,141
485,161,136,141
485,161,136,141
485,161,135,141
485,161,135,141
485,161,134,141
485,161,134,141
485,161,133,141
485,161,133,141
485,161,132,141
485,161,132,141
478,165,130,140
472,168,129,140
465,172,128,139
458,176,126,139
452,180,125,138
442,182,125,138
432,184,125,138
423,185,125,138
413,187,125,138
403,189,125,138
400,188,125,138
397,187,125,138
394,186,125,138
391,185,125,138
388,184,125,138
385,182,125,138
381,183,125,138
378,184,125,138
375,184,125,138
372,185,125,138
368,185,125,138
367,186,125,138
365,186,125,138
363,187,125,138
361,187,125,138
359,188,125,138
358,188,125,138
357,188,125,138
356,188,125,138
355,189,125,138
353,189,125,138
352,189,125,138
352,189,126,139
352,189,127,140
352,189,128,141
352,189,129,141
352,189,130,142
352,189,131,143
352,189,132,144
361,185,137,145
362,181,143,147
364,177,148,149
366,173,154,151
368,172,160,153
371,172,165,154
371,171,181,155
371,171,196,155
371,171,211,155
371,170,227,156
374,169,227,156
378,168,227,156
381,167,227,156
385,166,227,156
389,167,223,158
393,168,219,161
396,168,216,161
399,168,213,161
401,168,211,160
403,168,208,158
404,170,205,156
405,172,203,154
405,181,198,145
405,190,193,136
404,191,193,136
403,191,193,136
403,191,193,136
402,191,193,136
402,191,193,136
401,192,193,136
401,192,193,136
401,192,193,135
401,192,193,134
401,192,193,133
401,192,193,132
401,192,193,131
401,192,193,130
402,192,194,129
403,193,194,128
404,194,194,127
405,194,194,126
406,195,194,124
408,195,194,123
409,196,195,122
408,196,194,122
408,196,194,122
408,196,194,122
408,196,193,121
408,196,193,121
408,196,192,121
407,196,192,121
407,196,191,121
407,196,189,120
407,196,188,120
407,196,187,120
407,196,185,120
407,196,184,120
407,196,184,119
407,196,183,119
407,196,183,119
407,196,183,119
407,196,182,119
407,196,182,119
407,196,182,118
407,196,182,118
407,196,181,118
407,196,181,118
407,196,181,118
407,196,181,119
407,196,180,119
407,196,180,119
406,196,180,119
406,196,180,119
406,196,179,119
406,196,179,120
406,196,179,120
406,196,179,120
405,196,178,120
405,196,178,120
405,196,178,120
405,196,178,121
405,196,177,121
405,196,177,121
405,196,177,120
405,196,177,119
406,196,176,118
406,196,176,117
406,196,176,116
407,196,175,115
407,197,175,114
407,197,175,113
407,197,174,112
408,197,174,112
408,197,174,111
408,197,174,110
409,197,173,109
410,197,173,109
411,197,172,109
412,197,171,109
413,197,171,109
414,197,170,109
416,197,170,109
417,197,169,109
415,197,169,109
414,198,169,109
412,198,169,109
411,198,169,109
409,198,169,109
408,198,169,109
406,198,169,109
405,199,169,109
404,198,169,109
403,198,168,109
402,198,167,109
401,198,167,109
400,198,166,109
399,197,166,109
398,197,165,109
397,197,165,109
396,197,165,108
395,197,165,108
395,197,164,108
394,197,164,108
393,197,164,108
392,197,164,108
391,197,164,107
393,196,164,107
395,195,164,107
396,193,163,107
398,192,163,106
399,190,163,106
401,189,163,106
403,188,163,105
404,186,163,105
406,185,162,105
405,185,162,105
405,185,162,105
404,185,162,105
403,185,162,105
403,186,162,105
402,186,162,105
401,186,162,105
401,186,162,105
400,186,162,105
399,186,162,105
399,186,162,105
398,186,162,105
397,186,162,105
397,186,162,105
396,186,162,105
395,186,162,105
395,187,162,105
396,187,162,105
396,188,162,105
396,188,162,105
396,188,162,105
396,189,162,105
397,189,162,105
400,189,160,105
403,189,157,105
406,189,154,105
409,189,151,105
413,189,148,105
411,190,150,105
410,191,152,106
408,193,154,106
406,194,156,107
405,195,158,107
403,196,160,107
401,197,162,107
398,198,165,107
395,199,167,107
393,199,170,107
390,200,172,107
387,201,175,107
385,200,177,108
383,199,179,109
381,199,181,110
379,198,183,111
377,197,185,112
375,196,187,113
372,195,189,116
370,194,191,119
367,193,193,122
366,193,194,126
365,192,194,130
364,191,194,134
363,190,195,138
363,184,201,147
362,177,207,156
362,170,213,165
367,171,210,167
372,172,207,169
378,173,204,171
378,166,202,171
379,159,201,171
379,152,199,171
387,154,183,167
395,156,166,164
403,158,150,161
404,159,150,161
405,159,149,161
406,159,149,161
407,160,148,161
407,160,148,161
408,160,147,161
409,161,147,161
410,161,147,161
411,161,146,161
411,161,146,161
412,162,145,161
413,162,145,161
414,162,144,161
415,163,144,161
415,163,143,161
416,163,143,161
417,164,142,161
418,164,142,161
419,164,141,161
419,165,141,161
420,165,140,161
421,165,140,161
422,166,139,161
423,166,139,161
423,166,138,161
422,177,139,159
420,189,140,158
418,200,141,156
417,211,142,154
415,222,142,153
413,233,143,151
412,244,144,149
410,254,145,148
411,254,145,148
412,254,145,148
413,254,145,148
414,254,145,148
414,254,145,148
415,254,145,148
415,254,145,148
415,254,145,148
415,254,145,148
415,254,145,148
415,254,145,148
414,254,145,148
414,255,145,148
414,255,145,148
414,255,145,148
414,256,145,148
414,256,145,148
414,257,145,148
414,257,145,148
414,258,145,148
414,258,145,148
414,259,145,148
415,259,145,148
416,259,145,148
417,259,145,148
418,259,145,148
419,259,145,148
421,256,145,148
422,254,145,148
423,251,145,148
425,248,145,148
426,246,145,148
427,243,145,148
424,242,148,148
419,239,153,153
413,236,158,157
408,232,163,162
403,229,168,167
398,225,173,172
384,238,186,170
376,252,199,158
365,267,216,147
367,280,195,134
368,293,175,121
353,290,187,125
337,287,199,130
327,284,205,134
317,282,211,138
318,279,207,143
319,276,202,147
320,274,197,152
320,274,193,149
320,274,189,146
317,275,191,146
315,276,192,145
312,277,193,145
309,278,195,145
307,279,196,144
304,280,197,144
304,281,197,142
303,282,197,140
303,283,197,139
303,284,197,137
303,284,197,136
305,284,196,134
308,284,194,132
311,284,193,131
313,284,191,129
316,284,189,128
315,285,189,128
314,285,189,128
313,285,189,128
312,286,189,128
305,286,192,132
299,286,195,137
292,286,198,141
285,286,201,146
278,286,204,150
276,288,204,150
273,289,203,150
270,291,203,150
268,290,202,150
265,289,202,150
262,289,201,150
261,286,202,147
261,291,202,144
261,296,202,141
261,301,202,138
274,298,192,134
276,290,191,141
276,291,193,132
277,292,195,133
277,292,198,136
277,293,201,138
277,293,205,140
277,294,208,142
282,294,206,139
286,293,203,136
291,293,201,133
296,293,199,130
296,293,198,130
295,294,198,130
295,295,198,130
295,295,197,130
296,296,196,128
297,297,195,125
299,297,193,122
300,298,192,120
299,298,196,121
298,284,205,136
297,272,211,150
296,252,218,171
296,231,218,187
296,211,218,203
299,197,238,212
325,180,200,230
341,168,181,203
352,143,168,207
336,124,199,218
320,105,231,228
312,99,231,218
308,97,231,209
304,95,231,201
303,95,231,201
303,95,231,201
302,95,231,201
302,95,231,201
301,95,231,201
300,95,231,201
300,95,231,201
298,94,231,200
296,92,230,199
294,90,230,198
292,89,230,197
289,87,229,195
287,85,229,194
285,84,229,193
283,82,229,192
281,80,228,191
274,79,226,182
268,78,225,174
261,76,223,165
258,74,223,164
256,71,223,163
253,68,223,162
253,64,226,169
253,60,228,175
253,56,231,181
253,56,231,184
253,55,230,187
253,54,230,190
253,54,230,193
253,53,230,192
253,52,231,191
256,49,230,193
259,46,228,196
262,43,227,199
273,43,226,205
284,53,224,203
296,63,223,200
307,72,222,197
322,90,210,191
337,108,198,184
346,123,187,177
355,145,168,173
362,152,170,174
368,160,172,175
372,160,172,175
375,161,172,175
374,161,172,177
373,160,172,180
372,160,172,183
372,160,172,183
371,161,172,183
370,161,172,183
370,160,172,183
370,159,172,183
370,159,172,183
370,158,172,183
370,157,172,183
369,157,171,183
367,157,171,183
366,156,170,183
365,156,169,183
364,156,169,183
363,156,168,183
362,156,167,183
360,156,166,183
352,158,166,182
343,160,166,182
335,162,166,181
326,164,166,181
318,166,165,180
309,168,165,180
307,168,166,179
304,169,167,178
301,169,168,177
299,170,168,176
296,170,169,175
302,171,162,172
308,172,154,170
314,173,147,168
320,174,140,166
326,175,132,163
332,176,125,161
341,175,110,160
349,175,95,160
357,175,81,159
366,174,66,158
364,176,63,158
369,178,60,158
373,179,56,158
378,181,45,157
383,182,54,157
387,185,32,157
387,186,33,157
388,187,34,157
388,188,34,158
388,189,35,158
389,190,36,158
389,190,37,158
389,191,37,158
390,192,38,158
390,193,39,158
389,195,40,158
388,196,41,158
387,198,42,158
386,200,43,158
385,201,44,158
386,204,53,164
387,206,61,169
388,208,69,175
389,211,78,180
390,213,86,185
390,222,88,182
390,231,90,179
391,239,92,176
391,248,95,172
391,256,97,169
394,260,97,163
396,263,97,157
398,266,97,151
400,263,102,152
403,258,103,155
403,248,105,152
405,232,105,152
402,221,114,156
400,210,123,161
398,199,132,165
401,193,135,165
404,187,139,165
407,181,142,165
408,182,143,162
409,184,144,159
410,185,145,156
411,190,147,153
413,196,150,150
414,201,152,148
415,207,155,145
417,212,157,142
418,211,157,143
419,210,157,143
419,209,157,144
420,208,157,144
421,207,157,145
422,207,157,145
423,206,157,145
423,206,157,145
424,206,157,145
425,206,157,145
425,205,157,145
426,205,157,145
426,205,157,146
426,204,158,147
426,203,158,148
426,203,158,148
426,202,159,149
426,201,159,150
426,201,159,151
426,200,160,152
426,199,160,152
426,199,160,152
426,199,160,152
426,198,160,152
426,198,160,152
426,197,160,152
426,195,160,152
426,192,159,153
426,189,159,154
426,186,159,155
426,184,159,156
426,181,159,156
426,178,158,157
431,181,156,156
436,183,154,156
442,185,152,155
447,187,150,154
452,190,148,154
457,192,146,153
457,191,147,153
456,191,147,153
456,191,148,153
456,190,149,153
456,190,149,153
455,189,150,153
455,189,150,153
455,189,151,153
455,188,151,153
454,188,152,153
454,189,152,154
453,190,153,154
453,190,153,155
453,191,154,156
452,192,154,156
452,193,154,157
452,195,154,157
452,197,154,157
452,200,154,157
452,202,154,157
452,204,154,157
452,206,154,157
452,208,154,157
451,208,154,157
451,207,154,157
451,207,154,157
450,207,154,157
450,206,154,157
450,206,154,157
449,206,154,157
449,205,154,157
446,204,154,157
444,203,154,157
441,202,154,157
438,201,154,157
436,199,154,157
433,198,154,157
430,197,154,157
427,196,154,157
427,196,151,157
426,197,148,157
425,197,145,157
424,197,142,157
424,198,139,157
423,198,136,157
422,198,133,157
421,199,130,157
420,199,133,157
420,199,136,157
419,200,139,157
418,200,141,157
417,201,142,157
417,201,144,157
416,202,145,157
415,203,146,157
414,204,148,157
413,204,149,157
413,205,150,157
411,205,149,157
410,205,148,157
409,204,148,157
408,204,147,157
406,204,146,157
405,204,145,157
404,203,144,157
403,203,145,157
401,203,146,157
400,202,147,157
399,202,148,157
398,202,148,157
396,202,149,157
395,201,150,157
393,202,150,157
392,203,150,157
390,204,150,157
388,205,150,157
386,205,150,157
384,206,150,157
382,207,150,157
380,208,150,157
323,168,165,136
329,165,164,137
336,163,163,138
343,160,162,139
350,158,161,140
356,155,160,141
363,153,158,142
367,154,156,142
370,155,154,142
373,155,152,142
377,156,150,141
380,157,148,141
381,161,143,137
382,165,139,133
383,169,134,129
384,173,129,125
389,179,96,128
394,184,62,132
409,189,30,132
409,189,34,132
409,189,38,132
419,189,35,132
429,189,33,132
440,189,31,132
444,188,28,131
449,186,25,131
454,184,22,130
459,183,19,129
464,181,16,129
461,181,17,129
459,181,17,128
457,181,18,128
454,181,19,128
452,181,19,128
450,181,20,128
447,181,21,127
445,181,21,127
443,181,22,127
440,181,22,127
438,181,23,127
432,181,31,126
425,181,39,126
422,181,49,128
419,181,59,129
410,180,72,129
401,179,86,129
392,178,99,129
378,182,117,124
364,186,134,118
352,203,151,94
340,219,167,70
328,235,184,46
331,231,180,62
334,227,177,78
338,223,173,94
338,216,167,99
339,210,161,103
340,204,155,108
340,197,149,113
354,195,138,108
346,204,143,103
341,227,153,95
347,251,153,93
351,263,154,106
356,275,156,119
360,287,157,132
360,285,163,136
360,284,170,141
360,282,176,145
348,278,181,141
336,275,187,137
333,268,179,125
331,262,171,113
333,261,166,87
335,236,164,86
373,214,124,110
411,192,85,134
413,203,93,133
415,213,101,132
400,231,124,106
385,250,146,81
369,248,150,77
354,246,154,73
351,246,152,73
348,246,150,74
350,242,147,82
352,239,144,90
353,235,140,98
355,232,137,106
357,226,134,108
359,219,131,110
361,213,128,113
364,206,125,115
366,200,122,117
368,192,109,118
370,184,96,120
372,169,79,128
374,164,80,126
376,160,81,124
375,163,81,124
374,166,81,124
372,169,81,124
371,172,81,124
370,175,81,124
368,178,81,124
361,180,93,124
354,181,106,124
347,182,118,124
335,188,132,105
324,194,146,87
313,200,160,69
301,205,175,51
303,204,177,59
304,202,179,66
305,200,181,74
307,199,183,81
308,197,185,89
308,196,185,84
308,194,185,80
308,192,184,76
308,191,184,71
308,189,184,67
314,192,183,66
320,196,183,65
326,199,182,64
332,202,182,63
338,205,181,62
346,204,181,59
355,203,181,57
364,201,180,55
373,200,180,52
382,199,180,50
381,195,178,49
379,191,176,49
380,191,174,48
380,192,176,48
379,193,177,47
378,198,176,43
376,203,175,39
375,208,174,36
374,213,173,32
372,217,172,28
372,213,171,39
372,208,169,50
371,203,168,61
371,199,166,73
370,195,167,78
369,190,167,84
369,186,167,90
368,182,168,96
367,178,168,102
368,167,166,119
368,156,165,136
363,145,165,145
359,135,166,154
354,125,166,162
352,121,166,162
352,121,161,161
352,121,156,160
353,121,154,160
354,121,152,160
355,121,150,160
356,123,150,160
357,126,150,160
358,128,150,160
359,130,150,160
360,133,150,160
366,137,150,156
372,142,149,153
378,146,148,150
384,151,148,146
389,155,147,143
395,160,146,140
394,166,147,122
393,171,147,105
391,177,147,87
390,183,147,70
389,189,148,52
389,192,148,45
389,195,148,37
389,201,134,27
389,193,138,30
389,187,135,43
389,181,136,56
389,181,136,56
389,179,136,59
389,177,136,61
389,175,136,63
389,173,136,65
389,171,136,67
389,168,136,69
389,166,136,71
389,165,136,73
389,164,136,75
389,163,136,76
389,162,136,78
387,162,136,85
386,161,137,91
385,161,138,98
384,160,139,105
383,160,140,111
382,154,141,119
380,149,142,126
378,143,143,134
377,138,144,142
375,133,145,149
376,135,146,150
378,137,147,151
379,140,148,145
380,142,149,148
384,143,147,150
388,143,145,153
392,143,144,155
396,144,142,158
399,144,140,160
403,145,138,162
406,142,145,162
409,146,144,160
412,149,143,158
415,153,142,156
402,156,144,157
391,154,144,152
380,153,144,146
368,152,144,141
363,149,145,143
357,147,146,145
351,145,148,147
346,142,149,149
344,142,149,149
342,142,149,149
340,142,149,149
338,142,149,149
334,143,149,148
331,144,149,147
328,145,149,146
329,143,149,146
330,140,149,146
331,138,149,146
326,140,149,147
322,142,150,147
318,144,150,147
313,146,150,148
308,148,150,148
313,158,150,146
317,168,150,144
332,177,140,128
336,190,136,103
347,201,134,89
362,211,118,86
370,213,114,87
370,204,113,95
370,195,113,103
366,195,113,103
368,198,111,103
370,201,110,102
371,201,104,102
372,200,99,101
374,199,93,101
375,199,87,101
373,200,86,103
372,201,86,104
370,202,85,106
369,203,84,108
367,204,83,110
363,202,93,113
358,200,103,117
354,198,112,120
350,196,122,123
346,195,132,126
340,192,134,128
335,189,136,129
329,186,138,130
324,184,140,132
319,181,142,133
321,185,143,132
324,189,144,130
327,193,145,129
329,197,146,128
332,201,146,126
338,205,148,126
343,209,149,125
348,213,150,124
354,217,152,124
357,217,152,124
361,217,152,124
365,217,152,124
369,217,152,124
372,217,152,124
372,215,151,124
372,213,150,124
372,210,149,124
372,208,147,124
372,205,146,124
372,207,143,124
372,209,142,125
372,211,139,127
372,212,143,125
372,214,138,123
372,216,138,126
363,214,140,126
353,213,141,127
346,212,148,128
338,211,155,130
330,211,162,131
322,210,169,133
315,209,176,134
312,209,179,135
309,208,181,136
307,208,184,137
306,211,185,134
305,215,185,130
305,218,185,127
305,221,185,124
307,222,185,122
308,223,185,120
309,225,182,117
309,228,179,114
307,225,183,115
304,223,187,117
303,222,185,117
303,222,183,117
302,222,181,117
301,221,179,117
300,224,178,119
299,227,178,122
298,230,177,124
297,233,176,126
296,236,176,129
291,237,175,127
286,238,175,126
281,239,174,124
275,240,174,122
270,242,173,121
263,242,180,122
255,242,186,122
255,243,184,123
256,243,183,124
259,245,183,124
262,248,184,124
264,250,185,124
267,253,186,125
270,255,187,125
270,252,184,125
270,249,182,125
270,247,179,124
270,236,182,132
270,225,185,140
279,222,176,134
287,219,167,128
296,215,158,122
304,212,149,115
305,224,149,96
306,237,148,77
307,249,148,57
308,262,148,38
308,262,150,60
308,262,152,82
308,267,152,91
308,272,153,99
308,272,149,101
308,272,145,102
308,272,145,104
308,272,145,106
308,272,145,107
310,273,143,108
312,273,141,109
314,273,139,110
316,274,137,111
310,277,136,112
303,280,135,113
297,284,134,114
291,287,133,115
274,290,135,118
257,293,138,121
241,295,140,124
224,298,143,126
207,301,145,129
203,300,145,131
198,300,144,132
193,300,144,134
188,299,144,136
193,299,146,135
197,299,147,133
201,298,149,132
206,298,151,131
210,298,153,130
208,299,158,131
207,301,164,132
205,302,169,133
197,303,181,141
203,305,179,142
209,306,176,144
216,307,173,145
222,309,171,146
229,310,168,148
246,307,162,143
264,304,156,139
281,301,151,135
299,298,145,130
303,297,143,118
307,295,142,105
311,294,140,93
315,293,138,81
314,292,138,82
314,291,138,82
313,290,138,83
312,289,138,84
312,289,137,85
311,288,137,86
311,287,137,87
310,284,138,89
310,281,139,92
309,278,139,94
309,275,140,96
308,272,141,98
309,272,144,98
310,272,147,97
311,272,150,97
312,272,153,97
313,272,156,97
324,272,153,101
334,271,149,105
345,270,146,109
355,269,143,113
366,268,140,117
367,269,143,120
367,270,145,123
368,271,148,127
366,268,153,126
363,269,153,126
361,269,153,126
360,270,152,126
359,271,152,126
358,272,152,126
357,273,154,127
355,274,157,127
354,275,160,127
353,276,162,128
354,278,167,127
354,279,172,126
355,281,177,126
358,281,176,127
362,280,175,129
365,280,171,131
368,280,166,134
