0,267,30,39
0,267,30,39
0,272,29,34
6,272,22,33
8,272,21,31
8,268,29,37
9,265,29,37
12,263,29,37
14,266,27,37
16,269,27,35
16,269,27,35
16,269,27,35
16,269,27,35
17,270,27,35
19,267,27,35
19,267,27,35
21,267,27,35
22,267,27,35
24,267,27,35
24,269,27,34
24,269,27,34
27,270,27,34
27,270,27,34
29,270,27,34
29,270,27,34
32,271,27,34
32,271,27,34
32,271,27,34
35,271,27,34
35,271,27,34
37,271,25,34
40,271,25,34
40,271,25,34
42,269,25,34
43,269,25,34
45,269,25,34
45,269,25,34
45,269,25,34
48,269,25,34
48,269,25,34
50,270,25,34
50,270,29,34
53,270,25,34
53,270,25,34
56,268,29,35
56,268,29,35
58,269,29,35
58,269,29,35
61,269,29,32
64,269,29,32
64,269,29,32
64,269,29,32
69,269,24,31
69,269,24,31
72,270,25,31
72,270,27,31
76,270,25,31
76,270,25,31
79,268,25,31
79,268,25,31
82,267,25,31
82,267,25,31
82,267,25,31
82,267,25,31
85,267,25,31
87,267,25,31
87,267,25,31
90,267,25,31
93,267,27,31
92,266,29,31
95,266,29,31
98,266,29,31
98,266,29,31
100,266,29,31
101,267,29,31
101,267,29,31
101,268,29,31
105,268,29,31
105,268,29,31
110,267,29,31
110,267,29,31
110,267,30,33
110,265,30,33
111,266,30,33
111,266,30,33
111,266,30,33
111,266,30,33
116,266,30,33
116,266,30,33
116,266,30,33
121,266,30,33
121,266,30,33
121,266,30,33
121,266,30,33
126,267,30,33
126,267,30,33
126,267,30,33
129,266,30,33
129,266,30,33
132,265,30,33
132,265,30,33
135,265,30,33
135,265,30,33
139,265,30,33
139,265,30,33
139,265,30,33
145,265,30,33
145,265,30,33
145,265,30,33
145,265,30,33
148,265,30,33
148,265,30,33
152,265,30,33
152,265,30,33
152,265,30,33
155,264,30,33
155,264,30,33
155,264,30,33
155,264,30,33
155,264,30,33
155,264,32,32
155,264,32,32
158,264,30,32
160,264,30,32
166,264,30,32
166,264,30,32
166,264,30,32
166,264,30,32
166,264,30,32
169,263,30,32
169,263,30,32
173,262,30,32
173,262,30,32
173,262,30,32
178,262,30,32
178,262,30,32
179,262,30,32
179,262,30,32
179,262,30,32
179,262,30,32
184,262,30,32
184,262,30,32
184,262,29,35
184,262,29,35
187,262,29,35
187,262,29,35
191,262,29,35
191,262,29,35
191,262,29,35
194,262,29,35
194,262,29,35
194,262,29,35
194,262,30,36
194,262,33,35
199,263,27,35
199,263,27,35
200,262,27,37
200,260,30,38
200,260,30,38
200,260,30,38
203,260,30,38
203,260,30,38
208,260,30,38
208,260,30,38
208,260,33,40
208,260,33,40
208,260,33,40
208,259,30,39
210,259,30,39
218,259,27,39
220,259,27,39
220,259,27,39
220,259,27,39
221,259,27,39
225,260,27,39
225,260,27,39
225,260,30,39
225,260,30,39
225,260,30,39
226,260,29,39
228,260,29,39
229,260,29,39
229,260,30,39
233,260,27,39
236,260,27,39
237,261,25,37
239,261,25,37
241,261,25,37
241,261,25,37
241,261,25,37
242,261,25,37
242,262,27,37
242,262,27,37
242,262,29,37
247,262,24,37
250,261,21,39
254,262,21,39
254,262,21,39
254,263,21,39
254,263,29,36
255,263,27,36
255,263,27,36
255,263,29,36
257,263,29,36
255,264,33,36
255,264,33,36
257,264,33,36
257,264,33,36
262,264,29,36
270,264,22,35
271,263,22,35
271,263,22,35
273,263,22,35
275,263,22,35
275,263,29,35
275,263,29,35
275,263,29,35
275,263,29,35
278,263,25,35
281,263,22,37
281,263,25,37
286,263,21,36
286,263,24,39
286,263,24,39
286,263,29,39
286,263,29,39
284,264,33,40
284,263,33,40
284,263,37,40
288,263,33,40
289,263,33,40
293,264,32,39
293,264,32,39
291,264,33,39
294,264,30,37
301,264,24,37
302,264,24,37
304,264,24,37
304,264,25,37
305,263,27,38
305,263,30,38
305,263,30,38
305,263,32,39
305,263,32,39
309,262,29,39
310,262,29,39
314,263,29,39
314,263,29,39
314,263,29,39
317,263,29,39
317,263,29,39
320,263,29,39
320,263,29,39
322,263,29,39
322,263,29,39
322,263,33,40
322,263,35,37
322,263,35,37
325,264,35,37
325,264,35,37
325,264,35,37
325,264,35,37
328,264,32,38
328,264,32,38
330,264,30,39
341,263,27,36
341,263,27,36
341,263,27,36
341,263,27,37
341,263,27,37
346,263,29,39
346,263,29,39
346,263,29,39
344,264,33,39
344,264,33,39
349,264,33,39
349,264,33,39
349,264,33,39
349,264,33,39
349,264,33,39
359,264,24,39
359,264,24,39
362,264,24,39
362,264,24,39
362,265,27,38
362,265,27,38
362,265,32,37
362,265,33,37
364,265,33,37
364,265,35,36
364,265,35,36
364,265,35,36
364,265,35,36
369,265,30,37
369,265,30,37
383,264,19,36
383,264,19,36
383,264,21,36
383,264,24,36
383,264,24,36
383,264,27,36
383,264,29,36
386,265,30,36
386,265,30,36
386,265,30,36
388,263,30,36
388,263,30,36
393,262,30,36
393,262,32,38
393,262,32,38
396,262,32,38
395,261,35,39
395,261,38,39
398,259,38,39
398,261,38,39
398,261,38,39
398,261,38,39
401,261,38,39
401,261,38,39
401,261,38,39
401,261,38,39
406,260,33,39
411,259,30,40
411,259,30,40
414,258,30,40
414,258,30,40
416,258,30,40
416,258,37,40
416,258,37,40
416,258,37,40
416,258,37,40
416,258,37,40
416,258,37,40
424,258,29,41
424,258,29,41
424,258,29,41
427,258,29,41
429,258,29,41
429,258,30,43
429,258,30,43
429,258,35,44
429,258,35,44
432,259,40,43
432,259,40,43
435,259,40,43
435,259,40,43
435,259,40,43
435,258,40,43
435,258,40,43
437,258,40,43
437,258,40,43
441,261,35,39
441,261,35,39
446,261,30,39
446,261,30,39
451,261,25,40
451,261,25,40
451,261,25,40
454,261,25,40
454,261,25,40
454,261,27,40
454,261,27,40
454,261,33,40
454,261,33,40
454,261,33,40
456,261,33,40
456,261,33,40
458,261,33,40
458,261,33,40
458,261,33,40
458,261,33,40
459,261,33,40
466,261,27,40
466,261,27,40
472,261,21,40
472,261,21,40
472,261,21,40
472,261,25,40
474,261,25,40
474,261,30,40
474,261,30,40
474,261,33,40
474,261,33,40
477,261,33,40
477,261,33,40
477,261,33,40
477,261,33,40
482,261,29,39
482,261,29,39
482,261,29,39
488,261,22,39
488,261,24,39
490,261,25,39
492,260,25,39
492,261,25,39
495,261,25,39
495,261,25,39
495,261,27,39
495,259,32,41
495,259,32,41
495,259,32,41
495,260,32,40
495,260,32,40
500,260,27,40
500,260,27,40
500,260,27,40
503,260,24,40
503,260,24,40
508,259,24,40
508,259,24,40
511,260,24,40
511,260,24,40
511,260,24,40
516,258,24,40
516,258,24,40
516,258,24,40
516,258,24,40
518,258,24,40
518,258,27,40
521,258,24,40
521,258,24,40
522,258,24,40
524,258,24,40
524,258,24,39
524,258,29,39
524,258,29,39
524,258,29,39
524,258,29,39
529,258,27,39
529,258,27,39
529,258,27,39
534,258,22,41
535,258,22,41
535,258,22,41
539,258,22,41
539,258,22,41
539,258,22,41
542,260,22,41
542,260,22,41
545,260,22,41
545,260,22,41
547,259,22,41
547,259,22,41
550,260,22,41
550,260,22,41
553,259,22,41
553,259,22,41
555,259,22,41
555,259,22,41
556,259,22,41
556,259,22,41
556,259,22,41
560,259,22,41
560,259,22,41
563,260,22,41
563,260,22,41
564,260,22,41
564,260,22,41
568,260,24,41
568,260,24,41
569,261,25,41
569,261,25,41
569,261,25,41
574,260,25,41
574,260,25,41
574,260,25,41
574,260,25,41
579,259,25,41
579,259,25,41
579,259,25,41
579,259,25,41
579,259,25,41
584,259,25,41
584,259,25,41
584,259,25,41
584,259,25,41
584,259,25,41
587,259,25,41
587,259,25,41
587,259,25,41
590,260,25,41
590,260,25,41
590,260,25,41
590,259,29,41
590,259,29,41
594,259,29,41
594,259,32,40
594,259,32,40
597,259,32,40
597,259,32,40
597,259,32,40
600,259,32,40
600,259,32,40
600,259,32,40
600,259,32,40
605,259,27,40
605,259,27,40
605,259,27,40
607,259,27,40
611,259,27,40
611,259,27,40
611,259,29,41
611,259,32,40
611,259,35,40
611,259,35,40
611,259,35,40
613,259,35,40
613,259,35,40
613,259,35,40
613,259,35,40
613,259,35,40
618,259,30,40
618,259,30,40
626,259,29,39
626,259,29,39
626,259,29,39
626,259,29,39
629,259,29,39
629,259,33,39
629,259,33,39
632,260,33,39
632,260,33,39
632,260,33,39
632,260,33,39
632,260,33,39
632,260,33,39
632,260,33,39
642,259,33,39
642,259,33,39
642,259,33,39
642,259,33,39
642,259,33,39
642,259,33,39
647,259,33,39
647,259,33,39
647,259,33,39
652,259,33,39
652,259,33,39
652,259,33,39
652,259,33,39
652,259,33,39
652,259,33,39
652,259,33,39
663,257,25,38
663,257,25,38
663,257,25,38
663,257,25,38
663,257,29,39
668,258,30,40
668,258,30,40
668,258,30,40
668,258,30,40
668,258,30,40
668,258,33,40
668,258,33,40
668,258,33,40
668,258,33,40
673,258,29,40
673,258,29,40
678,258,24,40
678,258,24,40
678,258,24,40
678,258,29,40
678,258,29,40
683,258,29,40
683,258,29,40
683,258,29,40
683,258,29,40
683,258,30,39
683,258,30,39
686,258,30,39
686,258,30,39
686,258,30,39
686,258,30,39
686,258,30,39
686,258,30,39
692,257,30,39
692,257,30,39
692,257,30,39
697,258,25,39
697,258,30,39
697,258,30,39
697,258,32,39
697,258,35,40
697,258,40,40
697,258,43,40
697,258,43,40
697,258,46,40
697,258,46,40
697,258,46,40
697,258,46,40
697,258,46,40
702,261,43,35
702,261,43,35
702,261,43,35
713,265,38,32
713,265,38,32
713,265,38,32
720,263,33,31
723,263,33,31
726,263,33,31
726,263,33,31
726,262,35,32
726,262,35,32
730,260,37,34
730,260,37,34
730,260,37,34
730,260,40,34
730,260,40,34
734,260,35,34
734,260,35,34
734,260,35,34
741,260,33,34
747,260,27,34
747,259,30,35
747,259,30,35
751,259,30,35
751,259,30,35
751,259,30,35
751,259,35,35
751,259,35,35
751,259,35,35
752,258,35,35
752,258,35,35
759,256,32,37
759,256,32,37
765,256,25,37
765,256,25,37
768,256,25,37
768,255,30,39
768,255,30,39
770,255,30,39
770,255,32,38
770,255,32,38
770,255,35,38
770,255,35,38
770,255,35,38
773,255,35,38
773,255,35,38
783,255,29,37
783,255,29,37
783,255,29,37
786,256,29,37
786,256,29,37
790,255,29,37
790,255,29,37
790,255,32,36
790,255,32,36
790,255,35,36
790,255,35,36
790,255,35,36
790,255,35,36
790,255,35,36
790,255,35,36
799,254,29,35
799,254,29,35
802,254,25,35
802,254,25,35
802,254,29,35
802,254,32,35
802,254,32,35
807,254,32,35
807,254,32,35
807,254,32,35
807,254,32,35
811,254,32,35
811,254,32,35
811,254,32,35
811,254,32,35
815,254,32,35
815,254,32,35
815,254,32,35
820,253,32,35
820,253,32,35
820,253,32,35
820,253,32,35
820,253,32,35
820,253,32,35
824,253,32,35
824,253,32,35
824,253,32,35
824,253,32,35
824,253,32,35
