326,334,65,137
337,328,61,135
343,325,65,135
358,322,63,132
369,317,64,131
375,315,61,130
387,310,55,129
394,309,54,126
400,304,54,126
404,299,54,124
412,295,54,122
416,292,51,121
421,288,53,122
426,286,50,119
430,283,51,117
432,281,49,116
437,278,51,116
441,277,50,113
444,273,50,113
449,271,50,113
452,268,52,111
456,267,51,108
460,263,49,109
469,261,46,108
472,259,48,105
479,256,45,106
483,253,44,107
487,252,46,106
493,248,46,104
499,246,45,102
504,242,48,103
515,243,43,100
519,238,46,100
527,237,45,98
532,235,46,98
537,234,44,98
546,232,40,96
549,230,43,95
554,227,43,97
558,226,41,93
562,222,40,96
563,223,37,89
565,215,40,97
560,214,40,97
563,212,37,96
565,204,41,97
562,207,45,98
561,208,44,90
560,209,43,90
558,207,43,90
557,204,44,88
557,203,40,89
555,203,46,88
557,200,39,87
559,200,38,87
555,201,37,84
557,195,38,87
555,197,40,86
555,194,40,85
553,193,39,82
550,193,39,79
545,189,41,82
544,187,40,82
539,185,41,82
538,185,41,79
538,184,41,80
536,181,41,80
536,182,41,77
533,182,41,75
537,180,38,73
538,178,35,74
537,177,38,74
537,175,39,77
544,175,31,73
544,175,31,73
545,174,37,71
546,172,37,71
548,172,38,71
552,171,34,71
553,167,36,74
554,165,36,73
557,167,31,71
557,166,34,70
558,167,35,67
561,164,34,66
563,164,33,68
564,163,35,66
566,161,31,68
567,158,31,71
567,156,36,71
570,158,34,67
571,156,33,69
572,156,31,69
576,155,31,67
576,148,32,72
574,150,33,71
574,146,33,68
576,147,32,67
576,148,32,66
576,146,30,66
575,146,31,66
572,147,33,66
572,146,32,63
572,145,33,64
569,145,32,61
567,141,32,65
564,145,33,61
562,142,33,63
561,141,34,61
561,141,33,65
562,141,33,63
562,139,31,65
560,139,33,63
559,142,35,59
562,139,33,61
560,140,33,59
558,136,34,62
560,136,32,61
559,135,32,61
559,135,32,61
558,134,31,58
557,133,31,58
552,135,33,50
559,129,24,59
555,130,28,56
557,130,27,53
555,132,26,50
554,130,26,52
552,128,26,52
551,126,27,56
550,124,26,59
549,124,27,61
547,125,29,61
545,125,27,59
543,129,24,51
541,129,26,54
539,128,24,53
538,129,24,51
536,128,24,53
535,128,26,53
534,127,26,52
528,124,31,57
527,124,29,53
527,123,27,50
529,123,22,45
527,118,24,49
522,117,27,52
522,120,23,49
524,121,23,47
517,115,26,46
516,114,23,44
515,114,23,42
515,113,22,43
515,110,22,45
512,114,24,41
511,114,22,40
511,114,22,40
505,114,23,40
504,113,22,40
503,114,22,37
501,112,23,39
500,108,24,42
498,110,23,40
493,111,23,36
495,107,23,42
493,106,22,41
491,107,22,40
489,111,23,34
488,111,21,34
486,109,21,36
488,105,20,40
484,106,24,38
486,106,21,37
482,106,22,37
480,108,21,35
478,108,22,34
477,108,20,31
474,108,22,32
474,106,22,33
471,105,24,33
464,101,26,35
465,99,23,37
463,102,23,36
463,98,22,39
460,99,25,36
458,100,26,34
458,100,25,34
458,100,23,34
452,103,23,29
452,103,23,28
452,103,23,29
450,103,19,30
450,103,19,29
450,103,20,30
448,102,23,29
447,102,22,30
446,103,23,26
446,99,16,33
443,99,19,30
444,100,21,31
445,98,20,30
444,101,19,29
445,98,18,29
441,96,19,30
438,96,20,29
433,97,20,27
436,96,18,26
434,95,20,25
435,93,21,29
435,93,19,27
435,95,17,26
431,91,22,28
430,95,20,29
427,88,20,30
419,88,21,29
420,82,19,30
422,87,16,26
421,82,16,30
411,85,19,25
413,86,17,25
415,86,16,27
415,84,17,26
410,86,16,24
411,85,15,29
408,84,14,28
405,86,20,22
403,83,16,26
408,87,14,27
409,87,15,24
406,88,17,24
405,85,17,29
406,88,17,27
404,85,17,33
405,89,18,29
405,88,16,29
403,85,15,28
405,86,15,28
403,87,17,24
402,87,19,24
401,84,18,27
401,83,15,28
402,86,18,27
405,84,16,31
405,86,14,31
402,87,19,29
403,85,17,32
305,70,19,30
409,89,16,27
409,88,15,30
406,87,16,30
405,86,14,29
404,87,15,30
404,87,18,30
401,84,17,30
405,84,15,32
403,88,19,31
404,86,17,33
405,87,19,30
405,90,15,28
403,88,17,29
403,86,17,30
402,87,18,29
392,88,19,27
389,87,18,26
385,87,17,24
384,86,17,27
384,87,16,25
381,86,18,26
383,87,17,25
381,87,17,29
378,84,21,34
377,84,21,36
376,86,22,35
377,85,19,37
373,83,20,34
372,83,20,35
373,83,19,34
371,83,20,34
371,83,20,34
371,84,20,34
371,83,19,34
369,84,22,34
367,85,23,32
368,82,22,34
370,83,20,34
369,82,22,34
369,81,20,35
370,82,19,34
368,83,21,32
369,84,19,30
369,82,20,32
368,82,22,31
368,82,20,30
368,82,23,34
369,82,18,34
367,82,21,31
367,82,20,29
367,80,20,30
368,83,21,29
369,81,18,29
367,82,20,29
367,82,17,28
366,80,18,28
365,81,18,26
364,82,18,27
364,81,19,24
362,81,20,24
364,80,17,25
362,77,19,29
361,76,16,29
359,77,20,27
361,78,17,25
356,79,18,25
356,77,18,29
354,79,19,28
353,82,19,24
353,81,17,26
352,77,18,28
352,79,17,32
349,77,20,34
348,76,19,33
348,71,19,34
346,71,18,30
345,68,19,31
344,66,18,31
347,70,15,28
346,66,13,29
347,68,16,29
347,69,18,31
346,70,17,28
347,71,16,24
346,67,15,25
345,66,20,29
345,67,17,24
345,64,17,27
347,68,14,22
348,66,13,23
348,67,15,24
347,68,15,25
347,68,16,26
343,63,17,26
346,71,17,31
347,71,17,35
348,70,15,37
348,70,15,33
346,68,18,29
347,68,15,40
344,64,22,46
347,70,16,42
347,70,17,40
346,73,17,37
347,72,16,35
347,69,17,38
347,71,16,35
346,70,18,34
345,69,18,34
344,67,19,38
344,69,20,34
344,70,18,33
344,64,20,40
344,72,18,30
344,71,18,34
344,71,18,31
345,69,18,34
343,69,18,33
343,69,20,33
344,71,19,30
341,69,20,34
343,70,19,31
343,69,18,31
341,68,18,30
342,72,19,26
341,70,15,26
341,70,19,26
341,70,19,26
338,69,20,27
338,67,19,34
339,70,16,33
337,70,18,31
339,67,17,31
337,68,18,29
336,70,17,29
333,69,21,30
333,69,21,30
338,66,16,33
336,69,17,31
333,68,20,29
332,68,21,30
333,67,21,30
333,68,20,30
335,68,18,32
331,65,22,41
332,66,21,36
331,70,21,33
331,68,22,38
331,70,22,35
334,68,25,34
335,66,27,34
329,71,26,34
330,71,23,33
329,70,23,30
328,69,23,29
328,67,21,29
328,67,22,33
327,69,26,30
325,66,26,32
327,68,22,26
323,67,18,29
322,65,19,30
321,63,19,33
322,64,16,29
319,63,20,29
316,63,20,34
315,63,20,34
314,61,20,31
312,62,22,31
310,63,22,30
309,63,21,29
309,63,22,27
308,64,24,30
308,62,22,33
305,62,21,34
306,63,22,29
305,64,20,33
305,63,21,32
305,62,18,31
305,62,18,32
304,62,17,30
302,63,17,29
303,62,18,31
302,65,17,27
302,61,16,32
300,64,19,27
302,63,18,28
301,63,20,27
301,66,21,24
300,66,17,24
299,64,15,26
300,66,15,24
300,65,15,26
300,65,16,28
298,64,17,29
299,64,15,30
298,63,15,29
297,66,18,26
512,71,24,66
298,65,16,27
297,66,17,27
297,61,17,29
300,63,19,26
295,65,14,22
296,66,14,25
295,65,14,24
295,66,17,24
294,66,16,24
293,63,15,24
293,65,16,24
294,64,13,26
293,64,13,26
290,65,15,25
290,61,15,30
290,63,15,28
289,63,16,24
289,61,16,29
289,61,15,29
290,61,13,26
288,62,15,24
289,61,15,29
288,61,15,37
288,61,15,29
288,62,15,24
289,61,15,29
289,61,15,29
288,61,15,29
288,62,15,24
289,61,14,24
289,61,15,29
288,61,15,29
288,66,15,24
289,59,15,29
289,61,15,29
288,61,15,29
288,62,15,24
289,61,15,29
289,60,15,28
288,60,15,27
288,61,16,27
288,62,16,28
289,61,15,29
288,61,15,29
288,62,15,24
289,61,15,29
290,61,15,29
288,61,15,29
288,62,15,24
289,61,15,29
289,61,15,29
294,61,11,26
294,62,11,23
294,61,11,25
294,61,11,26
294,61,13,26
295,61,12,24
293,58,13,24
294,59,13,25
296,59,11,26
296,59,11,25
295,61,12,20
296,58,12,26
296,60,11,23
295,60,13,24
294,58,13,24
295,59,12,24
294,60,14,24
293,60,13,24
294,59,12,24
293,61,14,23
294,60,13,23
294,61,12,23
293,61,12,23
293,60,13,24
294,59,12,24
293,61,14,23
294,60,13,23
294,61,12,23
293,61,12,23
293,60,13,24
294,59,12,24
293,61,14,23
294,60,13,23
294,61,12,23
293,61,12,23
293,60,13,24
294,59,12,24
293,61,14,23
294,60,13,23
294,61,12,23
293,61,12,23
293,60,13,24
294,59,12,24
293,61,14,23
294,60,13,23
294,61,12,24
293,61,12,23
293,60,13,24
294,59,12,24
294,61,14,24
294,60,13,23
294,61,12,23
293,60,12,23
293,60,13,24
294,59,12,23
293,61,14,23
294,60,13,24
294,61,12,23
293,61,13,23
293,60,13,24
294,59,12,24
293,61,13,23
294,60,13,23
294,60,14,23
293,61,12,23