779,401,74,106
779,400,74,106
779,398,74,106
779,396,74,106
779,394,74,106
779,394,74,106
779,394,73,107
779,394,73,108
779,394,73,109
779,394,72,109
779,394,72,110
779,394,71,111
779,394,71,112
779,394,71,112
779,394,70,113
779,395,70,113
779,396,70,113
779,397,70,113
779,399,70,113
779,400,70,113
779,393,70,113
779,387,70,113
779,381,70,113
779,374,70,113
779,368,70,113
778,369,69,115
778,370,67,117
778,370,66,119
777,371,64,120
777,372,63,122
777,373,63,122
777,373,62,121
777,374,62,120
777,375,61,119
777,376,61,119
776,376,61,119
775,376,61,119
775,376,61,119
774,376,61,119
773,376,61,119
773,379,61,119
772,381,61,119
772,384,61,119
772,387,61,119
771,390,61,119
771,391,61,119
771,391,61,119
770,391,61,119
770,392,61,119
769,392,61,119
769,392,61,119
769,392,61,119
768,392,61,119
768,392,61,119
768,392,61,119
768,393,61,119
768,394,61,119
768,394,61,119
768,395,61,119
768,395,61,119
768,396,61,119
768,397,61,119
768,397,61,119
768,398,61,119
768,399,61,119
768,399,61,119
768,400,61,119
768,401,61,119
768,401,61,119
768,402,61,119
768,403,61,119
768,403,61,119
768,404,61,119
768,405,61,119
768,405,61,119
768,406,61,119
768,406,61,119
768,406,61,119
768,407,61,119
768,407,61,119
768,408,61,119
768,409,61,119
768,410,61,119
768,411,61,119
768,413,61,119
767,413,61,120
767,413,62,121
766,413,62,122
766,413,63,123
766,413,63,124
765,414,63,124
764,415,63,124
764,416,63,124
763,417,63,124
762,418,63,124
763,422,62,123
764,426,61,121
764,430,61,120
765,434,60,118
766,439,59,117
767,439,59,117
769,440,59,117
770,440,59,117
772,441,59,117
773,441,59,117
775,442,59,117
776,442,59,117
778,443,59,117
779,444,59,117
781,444,59,117
781,444,59,117
782,444,59,117
783,444,59,117
784,444,59,117
784,444,59,117
783,445,59,117
782,446,59,117
781,447,59,117
780,449,59,117
779,450,59,117
778,450,60,117
778,450,60,117
778,450,60,117
777,450,61,117
777,450,61,117
775,445,62,119
774,440,63,121
772,435,63,123
771,430,64,126
769,426,65,128
769,416,65,129
769,406,65,131
768,396,65,132
768,386,65,134
768,376,65,135
766,370,65,135
765,364,65,135
763,358,65,135
762,352,65,135
760,346,65,135
759,346,65,136
757,346,66,137
756,346,66,137
754,346,66,138
753,346,67,139
752,346,67,138
751,346,67,137
751,346,68,136
750,346,68,134
749,346,69,133
748,343,69,133
747,339,69,133
746,336,69,133
745,333,69,133
744,329,69,133
744,327,69,133
744,326,69,133
744,324,69,133
744,322,69,133
744,320,69,133
744,318,69,133
744,316,69,133
744,314,69,133
744,313,69,133
744,311,69,133
742,311,69,133
741,311,69,133
740,311,69,133
739,311,69,133
738,311,69,133
738,309,69,133
737,308,69,133
737,306,69,133
736,305,69,133
736,303,69,133
736,304,69,135
736,305,69,137
736,306,69,139
736,306,69,141
736,307,69,143
736,308,69,142
736,309,70,141
736,309,71,140
736,310,71,140
736,311,72,139
738,305,73,139
739,300,73,139
741,294,73,139
742,289,74,139
744,283,74,139
746,276,73,139
749,269,71,139
751,262,70,139
754,255,68,139
756,248,67,139
755,241,67,139
754,235,67,139
752,229,67,139
751,223,67,139
749,216,67,139
750,220,66,139
751,224,66,138
752,227,66,138
754,231,65,137
755,235,65,137
755,238,65,137
756,241,65,137
757,245,65,137
758,248,65,137
758,251,65,137
760,255,66,137
762,259,66,136
764,263,67,136
766,266,68,136
768,270,69,135
768,271,69,135
768,272,69,135
769,273,69,135
769,274,69,135
769,276,69,135
771,277,69,136
772,279,69,136
774,280,69,136
775,281,69,137
777,283,69,137
778,283,70,138
780,284,71,139
781,284,72,139
783,284,73,140
784,285,74,141
787,287,73,140
789,290,73,139
792,293,72,139
795,295,71,138
797,298,70,137
799,298,70,137
800,298,70,137
802,298,70,137
803,298,70,137
805,298,70,137
806,298,70,137
808,298,70,137
809,298,70,137
811,298,70,137
812,298,70,137
814,299,70,136
816,300,70,135
819,301,69,134
821,302,69,133
823,303,69,132
825,303,69,132
826,303,69,132
828,303,69,132
829,303,69,132
831,303,69,132
831,303,70,133
831,303,71,134
831,303,73,135
831,303,74,136
831,303,76,137
832,303,76,137
834,303,76,137
835,303,76,137
836,303,76,137
838,303,76,137
839,303,76,137
841,303,76,137
842,303,76,137
844,303,76,137
845,303,76,137
847,303,76,137
848,303,76,137
850,303,76,137
851,303,76,137
853,303,76,137
851,304,76,137
850,305,76,137
848,306,76,137
847,306,76,137
845,307,76,137
843,306,76,137
840,305,76,137
838,304,76,137
835,303,76,137
832,301,76,137
830,303,76,138
828,305,76,139
826,307,76,140
824,309,76,142
821,311,76,143
818,313,76,143
814,316,76,143
810,319,76,143
806,321,76,143
803,324,76,143
795,322,78,143
788,321,80,143
781,319,81,144
773,318,83,144
766,316,85,144
763,316,84,144
760,315,82,144
757,314,81,144
754,313,79,144
751,313,78,144
748,314,78,144
744,316,78,144
741,318,78,144
738,320,78,144
734,322,78,144
732,323,78,144
731,323,78,144
729,324,78,144
727,325,78,144
725,326,78,144
723,325,78,144
721,324,78,144
719,323,78,144
718,323,78,144
716,322,78,144
716,322,79,144
716,322,79,144
716,322,80,144
716,322,81,144
716,322,81,144
718,324,80,144
719,327,79,143
721,330,78,142
723,332,77,142
725,335,76,141
725,336,76,141
725,336,76,141
725,337,76,141
725,338,76,141
725,339,76,141
721,342,76,141
718,346,76,141
714,350,76,141
710,353,76,141
706,357,76,141
706,359,76,141
706,360,76,141
705,361,76,141
705,363,76,141
705,364,76,141
703,361,78,141
702,359,80,141
701,356,83,141
700,353,85,141
699,350,87,141
699,350,89,141
699,350,90,141
699,351,91,141
699,351,93,141
699,351,94,141
699,353,95,139
699,354,95,138
699,356,96,136
699,357,96,135
699,359,96,133
704,359,92,134
709,358,87,134
713,358,83,134
718,357,79,135
723,357,74,135
723,357,74,137
722,357,75,140
722,357,75,142
722,357,76,144
721,357,76,146
722,359,76,146
723,360,76,146
723,361,76,146
724,363,76,146
725,364,76,146
725,364,76,148
726,364,75,149
726,364,75,151
726,364,74,152
727,364,74,154
726,365,74,153
725,365,75,152
725,366,75,150
724,366,76,149
723,366,76,148
722,366,76,147
721,366,76,146
720,366,76,145
719,366,76,144
718,366,76,143
718,365,74,143
718,364,73,143
718,363,71,143
718,362,70,143
718,361,69,143
716,361,69,143
715,361,69,143
714,361,69,143
713,361,69,143
712,361,69,143
711,362,69,143
709,364,69,143
708,365,70,143
706,367,70,143
705,368,70,143
704,368,70,143
703,368,70,143
702,368,70,143
702,368,70,143
701,368,70,143
703,370,70,143
705,373,70,143
708,375,70,143
710,377,70,143
712,379,70,143
713,381,70,143
713,382,70,143
714,384,70,143
715,385,70,143
716,387,70,143
717,386,70,143
718,384,70,143
719,383,70,143
720,382,70,143
721,381,70,143
723,381,70,142
726,381,70,142
728,381,70,142
730,381,70,141
732,381,70,141
739,382,70,141
746,383,70,141
754,384,70,141
761,386,70,141
768,387,70,141
768,386,70,141
768,385,70,141
768,384,70,141
768,384,70,141
768,383,70,141
767,381,71,141
766,379,72,141
765,377,73,141
765,376,73,141
764,374,74,141
764,373,73,142
764,371,73,143
764,370,72,144
764,369,71,145
764,368,70,146
763,368,70,146
762,368,70,146
762,368,70,146
761,368,70,146
760,368,70,146
759,370,71,145
758,371,71,143
757,373,71,142
756,374,72,140
755,376,72,139
754,377,72,139
754,378,72,139
754,379,72,139
753,380,72,139
753,381,72,139
752,383,72,139
752,384,72,139
752,386,72,139
751,387,72,139
751,389,72,139
751,389,72,139
751,389,72,139
751,390,72,139
751,390,72,139
751,390,72,139
751,390,72,139
752,390,72,139
752,390,72,139
752,390,72,139
753,390,72,139
753,392,72,139
753,394,72,139
753,396,72,139
753,398,72,139
753,400,72,139
753,398,73,140
753,397,74,142
753,395,74,143
753,394,75,145
753,392,76,146
754,392,76,146
754,392,76,146
755,392,76,146
756,392,76,146
756,392,76,146
757,393,76,146
758,393,76,146
759,393,76,146
759,394,76,146
760,394,76,146
760,394,76,146
759,394,76,146
759,394,76,146
759,394,76,146
758,394,76,146
759,394,76,146
760,394,76,146
761,394,76,146
761,394,76,146
762,394,76,146
762,395,76,145
762,397,76,143
761,398,76,141
761,399,76,140
761,401,76,138
761,402,76,136
761,403,76,135
761,404,76,133
760,406,76,131
760,407,76,130
761,407,76,130
762,407,76,130
762,407,76,130
763,407,76,130
764,407,76,130
763,409,76,130
762,410,76,130
761,411,76,130
759,413,76,130
758,414,76,130
758,415,76,130
758,416,76,130
757,417,76,130
757,417,76,130
756,418,76,130
755,420,76,130
754,422,76,130
753,424,76,130
752,426,76,130
751,427,76,130
751,427,77,130
751,427,77,131
751,427,78,132
751,427,79,133
751,427,80,133
751,427,80,133
752,427,80,133
752,427,80,133
752,427,80,133
753,427,80,133
754,427,79,134
755,427,79,135
756,426,78,136
756,426,77,137
757,426,77,138
758,425,76,139
759,425,76,140
760,424,75,141
761,424,75,142
762,424,74,143
763,416,75,143
764,408,76,143
764,400,76,143
765,393,77,143
766,385,78,143
767,377,77,143
768,369,76,143
769,361,74,144
770,354,73,144
771,346,72,144
771,343,73,145
771,339,74,145
771,336,76,146
771,333,77,146
771,329,78,146
771,325,78,146
771,320,78,146
771,316,78,146
771,311,78,146
771,307,78,146
771,304,78,146
771,300,78,146
770,297,78,146
770,294,78,146
769,290,78,146
769,291,77,149
769,293,77,151
769,294,77,153
769,295,76,155
769,296,76,157
769,298,76,157
769,300,76,157
769,301,76,157
769,303,76,157
769,305,76,157
769,306,76,156
768,307,76,155
767,309,76,154
766,310,77,152
766,311,77,151
765,312,77,150
764,313,77,148
764,314,77,147
763,315,78,146
762,316,78,144
761,316,78,144
761,316,78,144
760,316,78,144
759,316,78,144
758,316,78,144
758,317,78,144
758,318,78,144
758,319,78,144
758,319,78,144
758,320,78,144
759,321,78,145
759,322,78,146
759,323,78,147
759,324,78,148
759,325,78,149
759,326,78,150
760,326,78,151
760,327,78,152
760,328,78,153
760,329,78,154
761,329,78,154
761,329,78,154
761,329,78,154
762,329,78,154
762,329,78,154
762,330,78,154
762,331,78,154
762,333,78,154
762,334,78,154
762,335,78,154
762,337,78,154
761,339,78,154
761,340,78,154
761,342,78,154
760,344,78,154
759,346,80,153
759,349,81,152
758,351,83,150
757,353,85,149
756,355,87,148
757,357,87,148
757,359,87,148
758,361,87,148
758,363,87,148
758,364,87,148
759,366,86,147
759,368,86,145
759,369,85,144
759,371,84,142
759,373,83,141
759,374,83,139
760,376,82,138
760,378,81,136
760,379,80,135
760,381,80,133
760,383,79,136
760,385,79,138
760,387,79,140
760,389,78,142
760,390,78,144
759,392,78,144
759,394,78,144
758,396,78,144
757,398,78,144
756,400,78,144
756,401,78,144
756,401,78,144
756,402,78,144
756,403,78,144
756,404,78,144
756,405,78,144
756,406,78,144
756,407,78,144
756,408,78,144
756,409,78,144
756,413,78,143
756,416,78,142
756,420,78,140
756,424,78,139
756,427,78,137
757,434,77,130
758,441,76,123
759,448,75,116
760,455,74,109
