416,162,27,48
413,165,25,48
409,171,24,52
407,173,22,49
404,173,20,50
397,173,25,50
390,172,27,55
387,172,28,55
387,173,26,53
384,173,29,54
375,178,26,49
374,176,24,50
373,175,23,50
372,174,21,51
371,173,20,51
373,174,21,51
367,174,21,51
356,174,22,51
350,174,23,51
339,175,23,51
333,177,23,51
326,179,24,51
319,180,26,51
314,181,24,51
311,182,22,51
307,183,26,51
303,180,23,49
300,179,24,50
297,177,24,52
292,176,20,51
288,177,20,51
283,178,20,51
278,178,20,51
274,179,20,51
269,180,20,51
262,180,22,51
256,181,24,50
249,182,27,50
242,183,29,50
236,184,30,52
232,181,33,57
233,180,27,55
228,180,27,52
223,180,26,52
218,180,24,52
214,180,24,54
209,181,23,52
205,180,22,52
200,180,21,51
196,180,20,51
187,180,22,51
178,180,23,51
169,180,25,50
167,180,26,50
165,181,28,50
162,184,28,49
157,185,25,48
154,186,22,45
149,186,24,46
140,184,25,47
136,183,25,49
132,182,25,51
127,177,23,53
123,177,22,52
118,177,20,51
114,178,23,54
109,178,25,55
