675,261,150,314
675,261,152,303
677,260,151,303
679,259,150,303
681,259,150,302
683,258,149,302
684,260,147,299
685,262,145,297
687,262,126,299
687,266,125,294
687,266,128,294
690,267,130,291
693,267,132,289
693,267,129,287
693,267,129,281
693,267,122,281
693,267,122,273
689,265,121,269
683,265,126,270
677,265,132,271
683,265,126,271
681,263,141,275
679,263,148,275
676,263,156,275
676,265,156,273
676,267,156,271
684,267,146,273
677,270,148,265
677,270,144,263
677,270,141,262
675,273,144,257
675,274,144,257
675,275,144,257
675,277,144,257
675,278,144,257
675,279,144,257
676,279,140,253
680,279,134,251
680,279,132,249
680,279,130,246
689,281,124,245
689,281,124,239
690,281,123,240
691,281,122,240
693,281,121,240
694,281,119,241
695,281,118,241
697,281,116,242
699,281,114,242
703,281,110,242
705,281,110,239
708,281,110,236
711,281,110,233
713,281,110,230
713,281,113,229
713,281,115,228
713,281,117,227
711,282,121,227
708,283,125,227
709,285,125,225
711,286,125,223
711,286,125,223
711,286,125,222
711,290,125,217
713,289,125,217
715,287,123,216
716,286,121,216
717,285,119,215
719,283,117,214
728,283,108,214
728,283,107,214
728,283,106,214
728,283,105,214
728,283,103,214
728,283,102,214
727,287,98,209
728,287,98,209
729,287,98,209
733,289,98,208
737,289,98,208
743,286,98,208
740,286,98,208
736,287,102,205
732,289,106,202
724,290,116,193
724,290,112,200
717,290,112,200
717,290,114,197
720,290,112,196
723,290,109,196
726,290,106,195
729,290,103,194
731,290,100,194
734,290,97,193
737,290,95,192
740,290,92,192
744,286,84,193
745,286,84,193
748,286,84,193
747,286,85,192
746,286,86,191
745,287,88,190
744,287,89,189
743,287,90,188
742,288,92,187
741,288,93,186
740,288,94,185
739,289,96,184
738,289,97,183
737,289,98,182
736,290,100,181
735,290,101,180
734,290,100,179
734,290,99,179
733,290,99,179
733,290,98,179
733,290,97,179
732,290,96,179
732,290,95,179
732,290,94,179
731,290,93,179
731,290,93,178
731,290,92,178
731,291,91,177
732,292,90,176
733,294,89,175
734,295,89,174
735,296,88,173
735,296,87,172
735,296,87,172
735,296,86,171
735,296,86,170
735,296,85,170
735,296,85,169
735,296,84,169
735,296,84,168
735,296,83,167
735,296,83,167
735,296,82,166
735,296,82,166
735,296,81,165
731,294,85,168
731,294,83,168
731,294,81,168
725,298,84,165
724,297,84,165
723,296,84,165
721,295,84,165
720,294,84,165
721,293,84,165
723,292,84,165
724,292,84,165
725,291,84,165
728,291,83,164
730,292,83,164
732,292,82,163
735,292,82,163
737,292,81,162
737,292,82,162
737,292,83,161
737,291,84,160
737,291,85,160
737,290,87,159
737,290,88,159
737,289,89,158
737,289,90,157
737,288,91,157
737,288,92,156
737,287,93,156
737,287,89,156
743,287,84,156
745,287,81,156
747,287,79,156
750,287,77,157
752,287,74,157
755,289,71,157
755,289,70,156
755,289,70,155
755,289,70,155
755,289,69,154
755,289,69,153
749,289,85,150
743,285,93,156
740,286,93,156
737,285,93,156
734,285,93,156
731,285,93,156
731,285,92,154
729,286,84,153
724,286,81,153
724,286,73,153
724,286,70,153
724,286,67,153
724,286,67,153
724,286,68,152
724,286,69,152
724,286,69,151
724,286,70,151
724,286,71,150
725,285,71,150
726,285,71,150
727,285,71,149
728,284,71,149
729,284,71,148
730,283,71,148
730,283,71,148
731,283,72,147
732,282,72,147
733,282,72,146
733,282,76,146
733,282,80,146
734,282,81,144
735,283,82,141
736,283,84,138
737,283,84,139
738,283,83,139
739,283,83,139
740,283,83,139
741,283,82,140
744,281,77,140
747,278,71,141
751,275,65,141
751,275,65,143
751,274,64,145
752,274,64,146
752,274,62,145
752,274,61,144
752,274,59,142
752,274,58,144
752,274,56,145
752,274,55,146
748,274,55,146
741,273,57,148
741,273,58,146
741,273,58,144
741,273,59,143
741,273,59,141
741,273,60,139
741,273,61,138
741,273,61,144
737,273,62,136
732,273,63,142
728,273,64,148
728,273,57,150
721,272,59,149
713,271,61,148
710,269,61,151
707,266,60,154
699,264,62,146
692,262,69,148
689,262,69,152
687,262,69,152
685,262,69,153
683,261,69,153
680,261,69,153
680,262,68,152
680,263,67,152
680,263,65,152
680,263,63,153
681,263,62,149
683,263,61,145
681,265,62,144
679,267,63,144
677,266,60,142
676,265,57,140
676,265,60,140
676,265,63,140
678,265,61,140
680,265,59,141
678,265,63,138
677,265,68,135
675,266,71,131
673,266,74,126
673,266,73,126
672,266,72,126
671,266,72,125
671,266,71,125
669,266,70,125
668,266,69,125
653,267,80,126
651,268,78,126
648,269,77,125
643,270,78,127
637,271,80,129
643,271,72,126
637,271,72,126
633,267,74,130
628,263,77,133
628,263,57,133
628,267,57,132
628,271,56,130
624,269,57,129
619,266,59,128
615,265,59,128
611,265,59,128
610,265,57,130
610,266,56,132
607,268,59,128
604,270,61,124
598,271,61,124
591,271,61,124
584,271,61,124
578,271,61,124
571,271,61,124
566,271,61,124
560,271,61,124
555,271,61,124
553,271,61,124
550,272,61,124
548,272,61,124
545,272,61,124
543,273,61,124
540,273,61,124
538,273,61,124
535,273,61,124
533,274,61,124
531,274,61,124
528,274,61,124
526,274,61,124
523,275,61,124
521,275,61,124
518,275,61,124
516,275,61,124
513,276,61,124
511,276,61,124
508,276,61,124
506,277,61,124
504,277,61,124
501,277,61,124
499,277,61,124
496,278,61,124
494,278,61,124
489,278,61,124
484,279,61,124
479,279,61,124
478,280,61,124
477,280,61,124
475,281,61,124
475,281,60,125
475,281,59,126
474,282,58,127
474,282,57,128
470,282,57,128
466,282,57,128
462,282,57,128
459,282,57,128
455,282,57,128
451,282,57,128
446,283,57,128
442,283,57,128
437,283,57,128
433,283,57,128
429,283,57,128
427,283,57,128
425,283,57,128
423,283,57,128
420,285,57,128
416,286,57,128
412,287,57,128
409,289,57,128
406,289,57,128
404,290,57,128
402,291,57,128
401,289,57,128
399,288,57,128
398,286,57,128
395,287,57,128
393,288,57,128
390,289,57,128
388,289,57,128
387,289,57,128
385,289,57,128
383,289,57,128
381,289,57,128
378,289,57,128
375,289,57,128
372,289,57,128
369,290,57,128
366,290,57,128
364,290,57,128
361,290,57,128
358,291,57,128
355,291,57,128
352,291,57,128
350,291,57,128
347,292,57,128
344,292,57,128
341,292,57,128
338,292,57,128
336,292,57,128
336,292,57,128
337,292,57,128
337,292,57,128
338,291,57,128
338,291,57,128
339,291,57,128
339,291,57,128
340,290,57,128
340,290,57,128
341,290,57,128
339,291,57,127
338,292,57,126
336,294,57,126
334,295,57,125
334,295,57,125
333,295,57,125
333,295,57,125
333,295,57,125
332,295,57,125
332,295,57,125
332,296,57,125
331,296,57,125
331,296,57,125
331,296,57,125
330,296,57,125
330,296,57,125
330,296,57,125
329,296,57,125
329,296,57,125
328,296,57,125
328,296,57,125
328,296,57,125
327,296,57,125
327,296,57,125
327,296,57,125
326,296,57,125
326,296,57,125
326,296,57,125
325,296,57,125
325,296,57,125
324,296,57,125
322,295,58,125
321,294,58,125
320,294,58,125
318,293,58,125
317,292,59,125
316,292,59,125
315,291,59,125
314,290,59,125
316,290,59,125
317,291,59,125
318,291,59,125
318,291,59,125
318,292,59,125
318,292,59,125
317,292,59,125
317,293,59,125
317,293,59,125
317,293,59,125
317,294,59,125
316,294,59,125
316,294,59,125
316,295,59,125
316,295,59,125
316,295,59,125
317,295,59,125
318,294,59,125
320,294,59,125
321,293,59,125
322,292,59,125
323,292,59,125
324,292,59,125
325,292,59,125
325,292,59,125
326,292,59,125
327,291,59,125
328,291,59,125
328,291,59,125
329,291,59,125
330,291,59,125
331,290,59,125
331,290,59,125
332,290,59,125
333,290,59,125
334,290,59,125
334,290,59,125
335,289,59,125
335,288,59,125
336,287,59,125
336,286,59,125
336,284,59,125
336,283,59,125
337,282,59,125
337,281,59,125
337,280,59,123
337,280,59,121
337,280,59,120
338,279,59,118
338,279,59,116
338,279,59,114
338,278,59,112
338,278,59,110
339,278,59,108
339,277,59,107
339,277,59,105
339,277,59,103
339,277,59,101
340,277,58,100
340,277,58,100
341,277,58,99
341,278,57,98
342,278,57,97
342,278,57,96
342,278,57,96
343,279,56,95
343,279,56,94
344,279,56,93
344,280,55,93
345,280,55,92
345,280,55,91
345,280,55,90
346,281,54,90
346,281,54,89
347,281,54,88
347,282,53,87
347,282,53,86
349,282,52,86
350,281,52,86
351,281,51,86
352,281,50,86
354,281,50,85
355,281,49,85
356,280,48,85
357,280,47,85
359,280,47,85
360,280,46,84
361,280,45,84
362,279,45,84
363,279,44,84
364,278,44,84
364,277,45,84
365,276,45,84
365,276,46,84
366,275,46,84
367,274,46,84
367,273,47,85
368,272,47,85
368,271,48,85
369,270,48,85
369,269,48,85
370,268,49,85
370,267,49,85
373,267,47,85
375,267,44,85
378,267,41,85
381,266,41,85
383,265,41,85
386,263,41,85
389,262,41,85
390,261,41,85
391,261,41,85
393,260,41,85
394,260,41,85
395,259,41,85
397,258,41,85
398,258,41,85
399,257,41,85
401,257,41,85
403,257,41,83
405,257,41,82
407,257,41,80
409,257,41,78
412,257,41,78
416,258,41,78
420,259,41,78
423,259,41,78
424,259,41,78
425,259,41,78
426,259,41,78
427,259,41,78
428,259,41,78
429,259,41,78
430,259,41,78
431,259,41,78
432,259,41,78
433,259,41,78
434,259,41,78
435,259,41,78
436,259,41,78
438,259,41,78
439,259,41,78
440,259,41,78
441,259,41,78
442,258,41,78
444,258,41,78
445,258,41,78
446,258,41,78
447,258,41,78
450,257,42,79
452,256,42,80
454,255,42,80
457,255,43,81
459,254,43,82
462,253,43,82
464,252,43,83
466,251,44,84
469,251,44,84
471,250,44,85
473,249,45,86
476,248,45,86
478,247,45,87
481,246,46,87
482,246,46,88
483,246,46,89
484,246,47,89
485,246,47,90
486,246,47,91
487,245,48,91
488,245,48,92
489,245,48,93
490,245,49,93
491,245,49,94
492,245,49,94
494,245,49,92
496,246,49,90
497,247,49,87
499,247,49,85
500,247,49,86
501,246,49,87
501,246,49,88
502,245,49,89
503,244,49,90
504,244,49,91
504,243,49,92
500,243,53,93
496,242,56,94
492,242,60,94
495,242,59,94
497,242,58,94
499,242,57,94
501,243,56,93
503,243,55,93
505,243,55,93
507,243,54,92
509,243,53,92
511,243,52,92
513,244,52,90
514,244,51,89
516,244,51,88
518,245,51,86
520,242,51,89
523,240,51,91
525,238,51,94
527,236,52,96
530,234,52,98
537,237,54,101
539,234,55,103
540,231,57,105
547,232,56,106
554,233,55,108
561,231,53,107
567,229,51,106
570,228,51,106
574,227,51,106
578,225,49,105
583,223,48,104
586,222,51,106
588,221,53,108
591,219,54,109
594,218,55,110
596,217,55,112
599,217,55,113
602,216,53,114
604,216,52,115
607,216,51,116
610,215,49,117
614,216,49,116
619,217,49,114
625,217,44,106
631,218,39,98
631,217,41,98
632,217,44,98
634,218,44,98
636,218,44,98
638,219,44,98
640,220,44,98
642,221,44,98
644,222,44,98
644,221,44,98
644,220,44,98
643,219,44,98
643,218,44,98
643,217,44,98
645,216,45,97
648,215,47,96
650,214,48,94
652,213,49,93
655,213,51,92
657,212,50,94
660,212,49,96
662,211,48,98
665,211,48,100
668,210,47,102
671,210,45,102
674,209,44,102
677,209,43,102
680,209,42,103
682,209,42,104
684,209,42,105
686,209,42,106
688,209,41,106
695,207,43,108
701,205,45,110
708,204,47,112
715,202,49,114
721,201,49,114
727,201,49,114
733,201,49,114
739,201,49,114
743,199,49,114
747,198,49,114
752,199,49,114
