318,190,25,56
318,190,25,56
318,190,25,56
318,190,25,57
317,190,25,57
317,190,25,58
317,190,25,58
317,190,25,58
316,190,25,59
316,190,25,59
316,190,25,60
315,190,26,60
314,190,26,60
314,191,27,61
313,191,27,61
312,191,28,61
312,192,28,61
311,192,29,62
310,193,29,62
309,193,30,62
309,193,30,62
309,194,30,62
309,194,30,62
309,194,30,62
309,195,30,62
308,195,30,62
308,195,30,62
308,195,30,62
308,196,30,62
308,196,30,62
307,197,30,62
306,197,29,63
306,197,29,63
305,198,29,63
304,198,29,63
304,199,29,64
303,199,28,64
302,199,28,64
302,200,28,65
301,200,28,65
300,201,28,65
300,201,27,65
300,201,28,65
299,202,28,66
299,202,28,66
299,202,28,66
299,203,28,66
298,203,28,66
298,204,28,66
298,204,28,66
298,204,28,67
297,205,28,67
297,205,28,67
297,206,29,67
297,206,29,67
296,206,29,67
296,207,29,67
296,207,29,68
296,207,29,68
296,208,29,68
296,208,30,69
296,208,30,69
296,208,30,70
297,208,30,70
297,208,31,71
297,209,31,71
297,209,31,72
297,209,31,72
297,209,32,73
298,209,32,73
298,209,32,74
298,210,33,74
298,210,33,75
298,210,33,75
298,211,33,75
297,211,34,75
296,212,34,75
296,213,34,75
295,213,34,76
295,214,35,76
294,215,35,76
294,215,35,76
293,216,35,76
293,217,36,76
292,218,36,76
292,218,36,76
291,219,36,76
290,220,37,76
290,220,37,77
289,221,37,77
290,221,37,77
290,221,37,77
290,220,37,77
290,220,37,77
290,220,37,77
291,220,37,77
291,220,37,77
290,182,37,77
289,137,37,77
288,98,37,77
292,99,37,80
292,99,37,80
292,99,38,81
292,100,38,82
292,100,39,82
292,100,39,83
292,101,39,83
292,101,40,84
292,102,40,84
292,102,41,85
292,102,41,85
292,103,41,86
292,103,42,86
292,103,42,87
292,104,42,88
292,104,43,88
292,105,43,89
292,105,44,89
292,105,44,90
292,106,44,90
291,107,44,90
291,108,44,90
291,109,44,90
291,110,44,90
290,112,44,90
290,113,43,90
290,114,43,90
290,115,43,90
290,116,43,90
289,117,43,90
289,119,43,90
289,120,42,90
289,121,42,90
288,122,42,90
288,123,42,90
288,124,42,90
288,126,42,90
287,127,41,90
287,128,41,90
287,129,41,90
287,130,42,91
286,130,43,92
286,131,43,93
285,131,44,93
285,132,45,94
285,132,45,95
284,133,46,95
284,133,47,96
284,134,48,97
283,135,48,97
282,136,48,98
281,137,48,98
281,138,48,98
280,138,48,99
279,139,48,99
279,140,48,99
278,141,48,100
277,142,48,100
276,143,48,100
276,144,48,101
275,145,48,101
274,147,48,102
273,148,49,102
272,150,49,103
271,151,49,103
270,152,50,104
269,154,50,104
268,155,50,105
268,157,51,105
267,158,51,106
265,159,51,106
263,160,52,106
261,160,52,105
259,161,53,105
257,162,53,105
255,163,54,106
253,163,54,106
251,164,55,107
249,165,55,108
247,165,56,108
244,167,56,109
240,169,57,109
237,170,57,110
233,172,58,110
230,174,58,111
227,175,59,111
223,177,59,111
220,178,60,112
216,180,60,112
213,182,61,113
207,182,61,114
201,183,62,114
196,183,62,115
190,184,63,115
217,184,69,119
242,184,67,119
263,185,67,119
259,189,67,118
254,190,67,118
242,193,67,118
234,194,66,118
226,195,65,118
217,195,65,118
209,196,64,118
201,197,63,118
192,198,62,118
217,199,62,118
243,199,62,118
268,199,62,118
291,197,71,123
313,198,71,123
338,195,71,123
365,196,69,123
392,199,69,123
382,200,69,123
372,200,69,123
362,201,69,123
352,202,69,123
342,202,69,123
332,203,69,123
321,203,68,123
310,203,68,123
299,204,67,123
288,204,67,124
278,204,66,124
267,205,66,124
256,205,65,124
245,205,65,125
234,205,64,125
223,206,64,125
211,205,64,125
198,205,65,125
186,205,66,125
173,204,66,125
161,204,65,125
148,203,64,125
164,205,64,125
189,203,64,125
214,202,61,125
240,202,61,125
267,199,61,125
282,197,59,124
310,199,59,124
329,199,59,124
361,199,57,118
384,199,57,118
405,190,57,123
422,193,57,123
415,192,56,123
407,191,55,122
399,190,55,121
391,189,54,120
383,188,53,119
375,187,52,118
368,186,51,117
360,185,51,117
353,183,51,117
346,182,51,117
338,181,51,117
331,180,51,117
324,179,51,117
334,179,51,117
365,179,51,112
397,176,51,112
423,175,51,112
452,173,51,112
468,173,51,112
462,171,51,112
457,170,51,111
451,168,51,111
446,167,51,111
440,165,51,110
435,164,51,110
429,162,51,110
424,161,51,109
418,159,51,109
413,158,51,108
408,156,52,108
402,155,52,108
397,153,52,107
392,153,52,107
388,152,52,106
383,151,52,106
379,150,52,106
374,149,52,105
370,149,52,105
398,153,52,105
434,152,50,103
473,153,46,103
503,154,51,103
535,151,49,103
531,149,48,102
528,148,47,100
525,146,45,99
522,145,44,98
519,143,42,96
516,142,41,95
513,140,40,93
510,139,38,92
507,137,37,90
503,136,37,90
499,136,37,89
495,135,37,88
491,134,37,87
487,133,36,87
483,132,36,86
479,132,36,85
475,131,36,84
471,130,36,84
467,129,36,83
463,128,36,82
459,128,35,81
