47,285,94,109
66,285,92,105
72,285,107,108
97,282,99,105
116,280,97,108
129,281,99,104
144,278,100,106
164,279,93,102
177,274,87,111
183,275,100,109
196,275,104,104
209,271,114,103
234,267,104,108
251,270,101,105
266,267,90,107
279,267,92,106
296,265,92,105
311,262,84,104
325,260,86,107
341,261,85,101
353,256,73,105
366,256,60,100
380,251,57,105
386,251,68,103
398,249,72,103
404,246,54,98
414,244,47,99
417,242,45,100
422,239,40,99
428,237,37,101
426,234,40,102
428,233,41,99
432,230,38,100
437,230,31,98
437,229,33,94
437,226,34,94
435,226,40,91
439,223,35,93
436,222,39,93
441,220,35,93
444,219,33,95
444,218,34,90
442,217,34,89
444,215,36,88
446,215,36,89
444,213,36,90
446,214,35,85
447,211,37,87
448,209,34,85
447,209,37,85
450,204,34,85
449,203,37,84
449,202,38,85
451,199,36,86
450,200,34,83
449,198,38,82
449,197,34,81
409,190,33,84
388,193,31,83
353,195,30,81
332,194,26,82
334,195,28,79
323,194,31,71
322,191,38,77
321,189,35,76
325,188,35,77
322,187,33,77
325,184,31,76
330,184,27,76
331,182,30,76
330,181,30,76
332,182,28,71
332,179,35,72
335,177,31,71
338,176,43,71
339,174,40,73
343,172,39,72
344,172,43,71
345,172,37,70
346,170,32,70
351,171,29,68
348,168,32,70
346,166,33,68
348,165,31,67
346,165,33,69
346,163,32,68
344,164,32,66
346,162,29,64
347,161,29,66
347,161,28,64
347,160,30,64
349,160,29,64
349,156,29,65
349,156,31,64
350,156,30,64
353,155,29,64
354,153,29,62
355,151,29,65
355,150,30,66
356,151,30,64
360,150,30,64
362,149,29,62
365,148,27,61
366,147,27,61
365,146,30,62
365,145,29,61
368,145,29,61
367,144,29,61
367,143,29,61
367,143,30,59
368,142,28,60
367,141,30,59
368,141,29,57
370,140,33,57
372,138,34,59
373,139,36,56
375,138,33,56
373,137,36,56
377,135,34,57
378,135,35,57
378,135,33,57
378,135,34,56
380,134,27,55
379,132,28,56
380,132,28,56
382,132,27,56
381,132,26,54
380,130,24,56
379,130,26,56
377,130,27,54
377,129,27,54
376,129,28,52
377,129,23,52
375,128,26,52
375,127,26,52
377,125,21,51
376,125,21,53
375,125,23,51
375,124,23,51
377,124,22,52
376,123,27,52
378,123,22,51
378,121,24,51
378,121,26,51
379,121,26,50
379,121,26,51
381,119,26,52
381,119,28,51
385,119,26,49
386,119,24,50
387,119,23,50
387,118,26,50
388,118,24,49
391,117,24,49
392,116,24,46
393,116,26,47
394,116,22,46
395,114,22,49
398,113,21,48
399,112,21,50
401,114,19,48
401,113,21,47
403,111,21,49
403,111,22,48
403,113,22,47
405,111,21,48
409,110,21,49
410,111,21,46
413,110,20,47
412,109,22,47
416,108,21,49
417,109,22,44
418,108,22,44
421,108,21,45
424,108,20,45
