619,155,172,400
623,158,173,398
626,160,174,396
630,162,175,393
633,165,176,391
641,160,174,393
648,156,173,394
656,151,172,396
663,147,170,397
671,142,169,399
677,150,164,393
683,158,160,386
689,165,155,380
695,173,151,374
701,181,146,367
704,185,145,366
707,189,144,364
709,194,142,362
712,198,141,361
715,202,140,359
716,202,140,360
718,202,141,361
719,201,141,362
721,201,142,363
723,201,142,364
720,198,144,362
717,194,145,359
715,191,146,356
712,188,148,353
709,185,149,350
715,184,145,347
720,183,141,345
725,182,137,342
731,182,133,339
736,181,129,337
729,178,134,337
722,176,140,337
719,174,141,337
716,171,141,337
713,169,142,337
711,173,143,333
709,177,143,329
698,181,153,325
687,185,162,321
676,189,172,317
679,195,171,315
682,202,170,314
685,209,169,313
688,215,168,311
691,222,168,310
691,226,156,307
691,229,145,304
691,233,134,300
692,237,123,297
692,241,112,294
694,249,111,294
696,257,111,294
698,265,110,294
699,274,110,295
701,282,109,291
694,291,109,283
687,292,108,282
681,294,108,282
674,283,103,287
667,273,98,291
661,263,101,290
655,254,104,288
649,248,107,287
653,203,110,285
648,179,113,283
635,162,113,282
613,147,113,281
590,133,113,279
568,118,113,278
562,126,113,277
570,137,114,274
607,149,115,271
636,152,115,268
729,186,116,265
782,193,117,262
813,201,116,262
832,204,115,262
836,208,114,262
815,202,113,262
794,195,112,262
752,188,108,260
710,180,104,259
668,173,101,257
586,155,97,256
555,142,93,254
521,134,99,254
504,132,98,254
485,137,106,253
462,157,114,253
443,177,122,253
443,176,121,252
443,176,119,252
443,175,118,251
442,175,116,251
441,167,114,250
442,167,109,249
443,166,104,248
467,164,99,248
490,163,94,247
514,161,89,246
548,158,87,247
581,155,84,247
615,153,82,248
649,150,80,248
683,147,77,249
706,148,81,248
730,149,85,247
754,149,89,246
777,150,93,246
801,150,97,245
807,161,100,245
814,171,102,245
820,182,105,245
827,201,108,245
833,221,110,245
841,237,110,244
847,231,109,243
842,220,109,242
822,219,108,242
792,218,108,241
771,220,107,240
751,222,106,239
745,221,98,238
739,218,100,237
733,215,102,235
734,217,97,234
725,228,99,232
717,238,102,231
709,249,104,229
701,259,106,227
685,247,107,231
668,235,108,234
651,223,105,230
634,210,102,227
618,198,100,223
604,188,95,222
590,178,89,220
576,168,84,218
563,158,79,217
546,132,77,223
537,127,77,223
529,122,77,223
521,118,77,223
513,113,77,223
504,109,77,223
500,108,77,221
495,106,77,219
490,105,77,217
485,104,77,215
481,102,77,213
475,100,77,211
469,99,78,209
464,97,78,206
458,95,78,204
453,93,78,202
454,90,80,203
456,87,81,204
457,83,82,205
459,80,83,206
461,77,84,208
465,77,84,206
469,76,83,205
473,76,83,204
477,76,83,203
481,76,82,202
479,74,81,202
477,73,80,202
476,72,79,202
474,70,78,202
473,69,77,202
473,69,78,202
474,69,78,202
475,69,79,201
476,69,79,201
477,69,80,201
479,71,80,201
481,74,80,202
483,76,80,202
485,79,80,203
487,81,80,204
489,83,83,204
491,84,86,204
494,86,89,204
496,87,92,205
498,89,94,205
500,90,92,206
502,91,89,208
503,91,86,209
505,92,84,210
507,93,81,212
503,96,85,211
499,99,89,211
494,102,92,211
490,105,96,210
486,108,100,210
488,111,99,211
491,114,98,211
494,117,97,212
496,120,96,212
499,124,94,213
497,125,96,214
495,127,98,215
493,129,99,216
491,131,101,217
488,133,102,218
493,133,102,219
498,134,101,221
503,134,100,222
508,135,99,223
512,136,98,225
510,136,96,224
508,137,94,224
506,138,91,223
504,139,89,223
502,140,86,222
502,138,89,223
502,137,91,225
503,136,93,226
503,134,95,227
503,133,97,229
504,132,98,230
506,132,99,231
507,131,100,233
508,131,101,234
510,130,102,235
512,130,102,236
514,131,102,236
516,131,102,236
518,131,101,237
520,132,101,237
522,130,106,238
523,129,111,239
524,128,116,241
526,126,121,242
527,125,126,243
526,124,130,245
525,122,133,246
525,121,136,247
524,120,139,249
523,118,142,250
526,117,139,251
528,116,136,252
531,114,133,253
534,113,130,254
536,112,126,255
536,112,126,255
536,113,126,254
536,113,126,254
536,114,126,253
536,114,126,253
534,113,126,254
532,112,125,255
530,111,125,257
528,110,124,258
526,109,124,259
518,107,131,261
510,104,130,263
503,102,129,264
495,99,117,266
487,97,105,267
483,96,98,267
478,95,105,267
481,97,105,267
484,100,105,267
487,102,105,267
487,108,105,266
484,106,107,269
481,104,109,272
478,103,111,275
475,101,113,278
470,99,116,279
465,98,118,279
459,96,121,280
454,95,124,280
449,93,126,281
449,91,128,283
449,89,130,286
449,87,131,289
449,84,133,291
449,82,134,294
448,84,140,294
446,85,146,293
445,86,142,293
444,88,139,293
443,89,136,293
439,87,136,296
434,85,137,299
430,83,137,301
425,82,138,304
421,80,138,307
421,79,138,308
421,79,137,309
421,78,137,310
422,78,136,310
422,77,136,311
429,78,137,314
436,79,138,317
443,79,139,320
450,80,140,323
457,81,141,326
458,84,142,329
460,87,143,332
461,91,143,335
463,94,144,338
465,97,145,341
459,97,147,341
454,98,149,341
449,99,151,341
444,99,154,341
439,100,156,341
433,98,159,340
428,96,163,339
422,95,167,339
416,93,171,338
410,92,174,338
416,88,169,343
422,85,164,347
428,82,158,352
434,79,153,357
441,76,148,362
446,76,150,362
452,77,153,361
458,78,156,361
464,79,158,361
470,80,161,361
486,78,165,363
503,77,168,366
519,76,172,369
536,74,176,372
552,73,180,375
554,72,183,375
555,71,186,374
556,71,189,374
558,70,192,373
559,69,196,372
556,70,194,387
554,71,192,391
551,72,190,394
548,73,188,397
546,74,186,400
546,74,182,400
546,75,190,404
547,76,198,408
548,77,206,411
548,78,214,415
556,78,219,416
564,77,224,417
572,77,229,418
580,76,234,419
588,76,239,420
598,76,235,421
607,77,230,422
617,78,226,424
627,79,221,425
636,80,217,426
652,80,213,429
668,80,209,433
684,80,205,436
700,80,201,440
716,80,197,443
717,78,198,445
718,76,199,448
718,74,200,450
719,72,201,453
720,70,202,455
707,67,202,454
693,64,202,453
680,61,202,452
667,58,202,451
653,54,202,450
644,51,200,451
634,49,197,453
624,46,194,454
614,43,192,456
604,40,189,458
589,36,190,458
573,32,190,458
557,28,191,458
541,24,192,459
526,20,193,459
510,20,198,456
504,21,194,454
498,21,189,451
492,22,184,448
486,22,180,446
479,24,182,445
471,25,185,444
464,26,188,442
457,27,190,441
450,28,193,440
443,32,191,437
437,36,190,434
430,41,188,431
423,45,187,428
417,49,185,424
423,53,181,424
428,57,176,423
434,60,172,422
440,64,168,421
446,68,164,420
454,71,161,417
462,75,158,413
471,78,156,410
479,82,153,407
487,85,150,403
497,86,149,400
506,87,147,397
516,87,146,393
525,88,144,390
535,89,142,387
537,89,146,386
540,90,149,384
542,91,153,382
545,91,156,381
547,92,160,379
545,93,162,376
542,94,164,373
540,96,166,370
537,97,168,366
535,98,170,363
529,98,170,362
523,98,170,361
517,98,170,360
512,98,170,359
506,98,170,358
500,97,175,356
494,97,179,354
487,96,183,351
481,95,187,349
475,94,192,347
475,93,190,347
475,91,189,347
475,89,188,347
475,88,187,347
475,86,186,347
480,87,176,344
485,87,165,341
490,88,155,338
494,88,145,335
499,89,134,333
501,88,134,332
502,86,133,331
504,85,132,330
506,84,131,329
507,82,130,329
506,81,133,327
505,80,136,325
504,79,139,324
503,78,142,322
502,77,145,321
498,79,143,318
494,81,142,315
490,83,140,312
486,86,139,309
482,88,137,306
479,88,135,305
477,89,133,303
474,90,131,302
471,91,129,301
469,92,126,299
470,92,131,300
471,92,136,300
473,92,141,300
474,93,146,300
475,93,150,301
486,95,144,299
496,97,139,298
506,99,133,297
517,101,127,295
527,104,121,294
537,105,119,293
547,106,117,292
557,107,115,291
568,108,114,290
578,109,112,289
581,108,110,287
585,108,107,285
588,107,105,283
591,107,103,281
595,106,101,279
593,104,101,278
590,101,101,277
588,98,101,275
585,96,101,274
583,93,101,273
578,93,100,272
572,94,100,271
567,95,99,270
562,95,98,268
556,96,97,267
555,97,97,266
553,99,97,265
552,100,97,264
550,102,97,263
548,104,97,262
545,101,97,261
541,98,98,260
538,96,98,259
535,93,98,258
531,90,98,257
536,89,100,257
542,88,102,257
547,86,104,257
552,85,106,257
558,84,108,257
557,82,107,255
557,81,106,254
557,80,105,252
557,78,105,250
556,77,104,249
549,75,104,248
541,73,104,247
534,71,104,246
527,70,104,245
519,68,104,243
518,71,104,242
516,74,104,240
515,76,104,239
514,79,104,237
512,82,104,235
510,85,103,235
508,88,102,234
506,90,101,233
504,93,101,232
502,96,100,231
500,99,101,231
499,103,102,230
497,106,104,230
495,109,105,229
494,113,106,229
496,116,103,228
498,120,100,227
499,123,96,226
501,127,93,225
503,130,89,223
502,132,88,223
502,133,88,223
501,134,87,223
500,136,86,223
499,137,85,223
496,137,85,223
493,137,85,222
490,137,85,221
487,137,85,220
484,137,85,219
479,138,85,219
473,140,85,218
468,142,85,218
462,143,85,217
457,145,85,217
447,144,88,216
437,143,90,215
428,142,93,214
418,142,96,213
409,141,98,212
415,142,98,211
421,143,97,210
427,144,97,210
433,145,96,209
439,146,96,209
438,145,96,209
437,144,96,209
435,143,97,210
434,142,97,210
433,141,97,210
434,140,98,212
436,139,98,213
438,138,99,215
440,138,99,217
442,137,100,218
435,140,98,218
429,142,97,218
422,145,95,218
415,147,93,218
409,150,92,218
405,151,89,215
401,152,87,211
397,153,85,208
393,153,82,204
389,154,80,201
385,154,81,201
381,154,81,201
378,153,82,201
374,153,83,201
370,153,84,201
374,153,84,200
378,153,84,200
382,154,84,199
386,154,84,199
390,154,84,198
395,155,82,197
400,155,81,197
405,156,80,196
410,156,78,195
415,157,77,194
415,158,78,194
415,159,79,194
415,161,80,194
415,162,80,194
415,163,81,194
413,162,81,195
412,161,81,196
410,159,81,197
408,158,81,197
406,157,81,198
408,162,82,198
409,167,83,197
411,172,84,197
412,177,84,196
414,182,85,196
415,184,84,196
416,187,84,196
417,189,83,196
418,192,82,196
419,194,81,196
419,191,80,195
419,188,78,194
419,185,76,194
418,182,75,193
418,179,73,193
419,178,74,192
420,177,76,192
421,175,77,191
422,174,78,191
423,173,80,190
422,167,82,191
420,162,85,192
419,157,87,193
417,151,89,193
415,146,92,194
415,142,95,195
414,138,98,196
413,133,101,197
412,129,105,198
411,125,108,200
413,126,103,201
415,127,99,202
416,128,94,203
418,129,90,204
419,130,85,205
428,138,85,205
436,146,86,205
444,154,86,206
452,162,86,206
461,170,86,206
463,176,85,206
466,182,83,206
469,188,82,206
472,194,80,206
475,199,78,206
474,199,78,208
473,199,78,210
472,199,78,212
471,199,78,214
470,199,78,216
469,197,79,217
468,194,79,218
467,191,79,219
467,189,80,221
466,186,80,222
468,186,82,221
470,186,84,220
472,186,85,219
474,186,87,218
477,186,89,217
477,183,90,218
478,181,91,219
478,178,92,220
479,175,92,221
479,173,93,222
487,170,92,222
495,167,90,222
502,165,89,222
510,162,88,222
518,159,86,222
524,157,88,226
531,155,90,229
538,152,92,233
544,150,94,236
551,147,96,239
555,146,96,238
559,145,96,236
563,144,96,235
567,142,96,233
571,141,96,231
576,138,94,233
581,136,93,235
586,133,92,237
591,130,90,239
596,128,89,241
603,126,91,242
610,124,93,243
616,123,96,245
623,121,98,246
629,120,100,247
634,118,100,249
638,116,99,251
642,114,99,252
647,112,99,254
651,110,98,255
658,109,99,256
666,107,100,257
674,105,100,258
682,104,101,259
689,102,101,259
693,100,104,261
696,97,107,263
699,95,110,264
702,93,113,266
705,90,116,267
710,89,117,267
715,87,119,267
720,86,121,267
724,84,122,266
729,82,124,266
732,80,123,268
735,78,122,270
738,75,121,272
741,73,119,274
744,70,118,275
745,68,117,276
746,66,116,277
747,64,114,279
748,62,113,280
749,60,112,281
744,62,115,281
740,64,118,282
735,67,121,283
730,69,123,284
725,72,126,285
716,73,127,285
708,74,127,286
699,75,128,286
690,76,129,287
681,77,129,287
668,80,131,288
655,83,132,288
641,87,134,289
628,90,135,289
615,93,137,290
595,96,135,290
576,98,132,289
557,101,130,289
537,104,127,289
518,106,125,289
500,109,125,289
483,111,125,290
466,113,124,291
449,116,124,292
431,118,124,293
416,119,122,295
400,120,120,297
384,121,118,300
368,121,116,302
353,122,114,305
344,124,117,306
335,125,120,308
326,126,122,310
317,128,125,312
308,129,128,314
300,129,126,316
292,130,123,318
284,130,121,320
277,131,119,322
269,132,117,325
261,133,124,326
252,134,131,327
244,135,139,328
236,136,146,329
228,137,153,330
221,135,152,330
213,133,151,330
206,131,151,330
199,129,150,330
192,128,149,330
200,128,147,331
207,128,145,332
215,128,143,333
223,129,142,334
230,129,140,335
228,127,141,339
226,126,143,342
223,124,144,346
221,122,146,349
218,121,148,353
221,118,148,355
224,116,148,358
227,114,148,361
230,111,148,364
233,109,148,367
236,107,150,370
239,106,151,372
243,104,153,375
246,103,155,378
249,101,157,380
250,100,159,380
252,98,162,380
253,97,164,380
254,96,167,380
256,94,169,380
247,91,177,383
239,88,185,385
231,85,194,388
223,82,202,390
214,78,210,392
221,77,209,393
228,76,208,393
235,75,207,393
242,74,206,393
249,73,205,394
251,71,197,397
254,70,190,400
256,68,183,403
259,67,175,407
261,65,168,410
270,66,162,408
279,68,156,407
288,69,150,405
297,70,144,403
306,72,138,402
318,74,137,399
331,75,136,397
343,77,135,395
355,79,134,392
367,81,133,390
375,83,135,386
382,86,137,383
389,88,139,379
396,91,142,376
403,93,144,372
401,90,149,371
399,88,154,369
396,85,159,368
394,82,164,366
391,80,169,364
389,82,172,363
386,83,174,361
383,85,177,360
381,87,180,358
378,89,182,357
379,89,174,355
381,89,166,353
382,89,158,352
383,89,149,350
385,89,141,349
372,84,163,346
367,79,157,344
378,75,162,341
390,70,165,339
402,65,169,337
412,66,165,334
422,66,162,332
432,67,159,329
442,67,155,327
453,68,152,325
462,70,154,324
471,71,156,322
480,73,158,321
489,75,160,320
498,77,162,319
502,80,163,318
507,82,164,318
511,85,165,317
516,88,165,316
520,90,166,315
522,89,161,315
523,87,156,315
524,86,150,314
526,84,145,314
527,82,140,314
521,84,145,312
515,85,150,311
509,86,156,309
503,88,161,308
496,89,166,306
499,89,162,305
501,89,157,305
503,89,153,304
505,89,148,304
507,89,144,303
