487,326,74,144
480,321,67,144
474,316,59,144
462,317,60,144
451,317,60,144
439,317,61,144
428,318,61,144
416,318,62,144
405,318,62,144
393,319,63,144
385,317,62,143
376,316,60,143
367,314,59,142
358,312,59,142
349,311,69,140
338,304,57,145
332,307,54,141
323,306,53,140
314,304,51,140
305,303,50,140
295,302,50,139
285,302,49,138
275,301,49,138
253,301,76,140
255,300,53,138
245,300,47,136
235,299,47,136
225,299,52,135
215,298,46,134
205,298,45,134
194,297,45,134
168,299,73,131
162,294,66,133
161,293,49,133
150,292,45,133
151,295,45,133
164,296,56,126
186,289,53,126
207,280,47,132
201,282,54,129
180,282,76,128
181,282,50,129
171,283,49,129
163,281,47,129
151,283,56,126
145,280,43,129
139,276,41,129
140,271,44,127
163,274,48,125
186,274,55,129
209,274,55,121
223,269,51,124
220,269,50,125
221,274,48,120
209,271,54,123
200,270,49,120
188,266,48,121
181,268,50,120
171,267,50,120
162,266,50,120
152,264,51,120
143,263,51,120
133,262,51,120
124,261,52,120
114,260,52,120
105,259,52,120
95,258,53,119
86,257,53,119
97,261,52,115
119,246,48,115
138,249,48,115
166,251,49,115
153,249,49,114
142,247,49,114
134,246,49,114
110,246,70,114
116,245,54,116
129,245,47,114
167,243,44,111
205,242,44,111
202,241,44,111
198,241,44,111
190,240,44,111
183,240,44,111
175,240,44,111
168,240,44,110
160,239,44,110
152,239,44,110
145,239,44,110
137,239,44,109
129,238,44,109
122,238,44,109
114,238,44,109
98,238,56,109
100,237,44,108
94,237,44,108
88,237,44,108
81,237,44,107
74,236,44,107
69,236,44,107
62,236,44,107
56,236,44,106
52,226,37,103
45,245,43,106
44,244,37,103
32,243,44,104
33,242,37,102
27,242,37,101
21,241,37,101
16,240,37,100
10,240,37,100
0,239,44,102
