190,137,20,52
193,137,22,53
193,136,22,56
193,140,27,55
193,139,23,56
196,138,22,59
195,140,24,58
195,140,24,57
198,143,21,58
198,143,22,57
199,143,22,60
198,145,23,57
199,144,22,61
200,145,21,60
199,147,21,56
197,147,23,59
195,149,24,56
194,151,28,55
193,151,28,59
193,152,29,59
192,153,27,58
193,155,27,55
192,156,29,57
189,156,29,56
192,158,29,61
192,160,27,64
190,161,28,65
190,161,30,69
188,162,29,67
188,165,29,68
186,166,31,66
186,166,31,69
187,167,29,69
184,167,33,72
184,167,33,70
184,170,34,73
182,172,35,70
184,174,32,72
182,176,34,75
181,175,35,69
184,176,32,68
182,177,35,70
182,177,34,75
184,181,32,70
186,182,31,67
186,182,34,77
189,183,34,71
189,186,36,75
192,188,34,77
194,188,33,71
193,189,35,70
194,193,34,69
195,193,35,69
197,196,33,67
199,197,34,65
199,199,34,66
198,201,37,76
201,204,36,83
203,205,36,87
204,207,39,87
207,208,35,88
205,208,36,87
205,208,38,90
211,209,39,89
212,210,41,94
214,214,38,93
216,214,43,94
217,218,40,97
221,220,38,93
227,223,39,95
231,225,38,98
231,228,43,99
238,227,43,102
243,233,41,99
245,234,45,101
251,235,47,104
258,240,45,105
266,241,48,108
271,241,49,110
282,248,50,108
286,246,54,110
300,251,52,113
311,256,50,110
319,259,53,114
333,262,48,113
336,264,53,118
343,266,51,121
351,267,50,124
362,272,50,125
368,278,48,125
377,283,52,124
379,287,51,130
387,290,51,128
391,296,50,129
397,300,53,134
401,303,54,135
408,308,56,136
412,313,57,136
421,319,61,137
428,321,63,141
437,329,65,142
450,332,70,148
461,336,69,143
477,339,70,141
488,347,70,133
502,353,69,128
525,359,67,122
537,367,70,110
553,371,66,110
