175,343,39,108
171,342,39,107
168,341,40,107
166,341,44,108
162,341,44,105
159,340,43,106
159,340,40,108
153,338,41,107
151,337,38,106
149,337,36,105
148,336,38,106
145,336,40,105
143,336,39,107
142,334,39,109
140,335,39,105
138,334,40,104
136,334,39,104
133,334,40,103
130,333,39,105
122,330,41,108
122,330,39,108
119,329,34,108
117,330,30,107
119,329,28,108
136,329,32,106
172,327,33,102
204,328,33,100
234,328,32,100
266,325,33,102
301,324,31,103
334,324,32,100
365,322,36,105
397,321,36,100
426,316,33,107
419,318,33,108
418,316,31,106
415,319,32,103
415,319,33,103
412,317,35,107
406,314,31,110
404,315,36,107
401,316,36,105
399,315,36,104
395,315,37,103
391,314,37,100
385,310,38,97
384,310,37,96
382,306,38,99
378,311,39,96
376,310,37,94
375,310,38,95
372,309,38,93
370,306,37,89
368,309,37,86
365,310,37,84
361,309,37,85
356,307,37,88
353,309,36,87
351,308,34,82
350,308,32,84
345,309,33,83
342,308,32,82
339,308,32,83
338,307,31,83
336,307,30,82
333,306,34,84
331,305,33,85
328,306,37,84
323,304,35,85
320,304,35,84
319,302,33,87
314,303,36,82
313,303,35,82
311,302,35,84
311,302,33,85
310,301,32,87
305,300,36,88
305,299,34,87
302,299,34,89
300,299,35,89
297,299,36,87
295,299,37,89
292,298,35,88
288,296,34,91
286,297,35,92
286,295,33,91
285,296,32,88
281,294,36,91
280,294,35,90
279,294,36,91
278,293,35,89
278,295,33,88
272,293,36,88
271,292,37,88
270,291,33,91
265,291,36,91
261,291,38,89
261,292,33,92
258,290,36,94
256,289,36,93
254,287,36,95
252,289,36,93
250,290,35,90
250,288,35,89
248,288,35,90
242,288,41,92
242,288,35,89
240,286,35,95
237,287,36,90
235,285,35,91
234,284,35,93
233,284,35,93
233,283,34,92
229,285,36,89
226,285,36,87
225,285,34,87
221,285,34,89
218,283,34,89
217,283,34,88
213,283,34,87
213,282,36,87
212,284,33,84
209,284,34,86
207,282,36,87
206,280,34,88
206,281,33,87
204,280,34,87
200,280,35,86
198,281,34,87
196,280,32,85
195,278,34,87
192,279,33,85
190,278,34,86
189,278,33,86
188,279,33,84
186,279,33,84
184,278,36,85
182,278,33,85
179,277,36,87
196,278,37,81
222,275,37,84
255,275,37,83
277,277,34,81
310,276,36,82
344,276,38,82
377,271,36,87
413,274,32,78
425,273,37,82
426,273,36,82
424,273,36,80
422,272,34,84
420,272,35,83
417,273,36,82
417,271,37,85
414,271,33,84
414,272,35,82
412,269,34,82
412,272,34,81
411,271,34,82
408,272,34,82
408,270,35,82
409,272,33,78
405,269,35,78
408,271,34,78
401,271,36,79
400,271,36,78
397,270,33,82
397,269,38,83
433,268,40,83
468,264,39,87
499,265,36,88
499,263,34,87
496,261,34,84
494,262,34,81
494,262,36,88
489,262,38,82
488,263,38,82
486,261,39,82
487,259,37,85
505,257,37,85
539,261,39,73
574,262,38,71
611,262,20,71
612,257,19,74
617,256,14,74
612,255,19,77
609,256,22,74
608,256,23,74
608,256,23,76
608,256,23,73
607,256,24,77
603,256,28,71
602,254,29,76
600,256,31,74
597,255,34,69
598,256,32,71
596,252,34,76
597,252,33,72
595,254,34,70
594,254,35,72
591,256,36,71
588,256,36,71
584,254,38,74
583,255,38,69
584,252,36,72
581,252,37,71
580,252,35,68
580,251,34,69
578,249,35,69
577,251,35,69
572,251,38,62
574,248,34,69
572,246,34,69
572,248,33,71
566,249,37,71
566,246,36,68
565,246,36,71
565,247,36,66
564,248,37,66
561,246,40,66
562,247,38,70
562,245,38,70
564,245,36,70
560,247,38,66
562,245,36,70
562,244,29,70
560,244,28,71
559,244,29,70
558,244,30,68
557,245,31,67
558,244,29,68
558,245,26,68
557,243,30,70
558,243,28,70
557,241,27,71
555,242,27,71
553,241,29,71
552,242,28,69
551,241,31,69
550,241,29,71
550,241,28,71
549,241,29,70
549,240,29,71
549,238,30,72
548,239,28,71
548,240,24,71
547,241,24,69
542,241,27,67
539,238,26,74
539,239,23,72
539,239,24,72
539,238,23,70
539,238,27,72
539,237,23,73
539,236,24,74
539,237,23,69
538,237,24,71
537,238,23,71
534,237,26,71
533,235,23,74
529,236,27,72
528,235,26,75
527,236,24,71
526,236,24,72
525,234,24,73
524,236,24,71
524,233,26,75
522,234,23,77
524,234,23,75
521,234,24,70
520,235,24,73
519,233,24,73
518,234,27,71
519,231,26,74
518,231,27,72
518,232,27,77
517,230,30,76
516,229,30,77
518,229,29,77
516,230,32,77
515,230,32,77
514,230,28,67
513,229,27,70
0,0,0,0
511,228,28,71
510,230,27,66
509,230,29,66
508,229,31,66
509,228,27,67
508,226,30,69
509,226,27,67
507,227,30,66
507,225,27,68
507,226,27,65
507,225,26,68
502,225,29,68
504,224,28,70
502,225,29,67
502,225,28,69
502,224,29,66
501,225,29,66
500,224,29,66
501,225,29,63
501,223,28,69
499,223,32,66
498,222,32,65
500,222,30,66
500,222,29,65
499,220,30,67
496,220,29,66
498,220,29,65
497,219,28,64
