400,270,77,29
400,270,75,33
399,269,73,38
399,269,71,43
398,268,69,47
398,268,67,52
397,267,65,57
397,267,63,61
396,266,61,66
398,265,61,63
400,264,61,59
402,263,61,56
404,261,61,53
405,260,61,49
407,259,61,46
409,258,61,43
411,256,61,39
413,255,61,36
411,253,61,35
410,251,61,34
409,249,61,33
407,247,61,33
407,242,61,39
407,237,60,45
407,233,60,51
408,235,57,51
409,238,54,51
411,245,49,49
412,253,44,47
413,261,39,45
414,268,34,42
414,275,34,42
414,282,34,42
413,289,34,42
416,308,34,39
418,319,34,36
420,330,34,33
421,340,34,33
421,349,34,33
422,343,34,33
424,337,34,33
425,331,34,33
429,313,34,36
434,294,34,38
438,275,34,41
454,253,34,50
470,231,34,58
490,234,34,50
509,238,34,50
528,243,34,50
528,245,34,50
528,248,34,50
535,248,34,50
542,248,34,50
518,250,52,39
498,254,39,33
457,268,34,50
431,253,34,52
406,237,34,54
381,221,34,55
379,221,34,63
378,221,34,70
414,223,34,70
450,226,34,70
485,238,32,62
520,251,31,54
523,250,31,54
526,249,31,54
529,248,31,54
533,248,31,54
498,245,31,54
463,243,31,54
442,233,31,54
422,223,31,54
401,213,31,54
364,206,31,54
343,206,31,54
328,204,31,69
322,209,31,69
327,209,31,71
333,210,31,73
339,210,31,76
344,210,31,78
351,210,31,78
358,210,31,78
374,214,31,78
390,217,31,78
395,230,31,78
406,253,31,68
417,276,31,58
428,299,31,48
439,323,31,37
442,329,31,37
446,336,31,37
447,345,31,44
448,354,31,51
447,349,31,49
445,344,31,48
444,339,31,46
443,334,31,44
442,329,31,42
441,325,31,40
442,309,31,40
442,294,31,40
443,279,31,40
443,252,31,54
444,225,31,67
444,197,31,81
444,186,31,60
442,189,31,54
441,191,31,47
432,174,31,49
435,176,31,50
433,167,31,73
437,179,31,67
440,192,31,62
437,253,31,44
445,258,30,44
454,263,30,44
454,263,30,43
454,264,30,42
455,264,30,41
455,265,30,40
456,265,31,38
456,298,31,41
457,331,31,44
457,364,31,47
453,415,31,50
455,427,32,48
458,439,33,46
456,443,35,51
454,446,36,56
451,450,38,61
460,452,39,48
455,462,40,36
471,465,40,39
465,453,40,43
457,456,40,47
461,453,40,51
465,450,40,55
473,449,40,49
477,451,40,42
481,454,40,36
480,469,38,35
479,485,36,34
486,475,38,35
493,465,40,36
488,463,47,42
483,461,54,49
478,459,61,56
478,460,60,49
478,461,60,43
478,461,59,36
477,462,58,30
476,462,55,31
476,463,52,33
475,464,48,34
474,465,45,36
473,466,42,37
469,456,38,35
465,447,35,32
461,438,32,30
459,431,32,30
458,424,32,30
456,417,32,30
455,409,32,30
453,395,32,34
452,381,32,39
451,367,32,43
449,350,30,43
447,334,29,43
444,325,27,43
440,317,26,43
439,305,26,47
439,293,26,51
438,281,26,55
438,269,26,58
437,297,26,62
437,282,26,62
438,268,26,62
436,274,26,62
435,280,26,62
433,278,26,62
432,276,26,62
431,278,26,62
430,280,26,62
429,282,26,62
428,284,26,62
427,286,26,62
428,284,26,62
429,282,26,62
429,280,26,62
429,279,26,62
429,278,26,62
429,277,26,62
429,276,26,62
429,275,26,62
429,274,26,62
428,273,26,62
428,272,26,62
428,271,26,62
428,270,26,62
426,268,34,68
428,263,32,67
430,259,30,65
431,255,28,64
436,261,26,62
441,263,26,62
446,264,26,62
451,266,26,62
457,267,26,62
459,277,26,60
462,286,26,58
465,296,26,56
465,292,26,56
465,289,26,56
465,285,26,56
465,300,26,56
461,290,26,56
457,279,26,56
447,272,26,56
452,269,26,56
434,266,26,57
436,268,26,59
439,269,26,60
441,271,26,61
433,266,30,60
431,266,32,66
429,266,35,72
427,267,38,78
425,267,46,55
425,260,27,55
433,255,27,88
442,251,27,55
442,258,33,55
436,260,28,83
436,262,45,62
436,264,63,42
425,268,32,72
451,281,31,73
442,273,29,75
433,265,27,76
435,266,24,74
436,266,21,71
438,267,17,68
451,269,40,59
436,260,32,57
441,251,24,55
440,251,25,55
439,250,26,55
442,244,27,55
444,242,27,55
446,241,27,55
448,240,27,55
448,239,27,55
448,239,27,55
448,239,27,55
448,238,27,55
450,240,25,55
451,243,24,54
453,245,22,54
455,247,21,54
457,250,20,53
455,250,21,54
454,251,22,54
452,251,23,54
451,252,24,55
449,252,25,55
448,253,27,55
441,253,37,47
435,254,47,38
428,255,57,30
429,268,57,30
429,281,57,30
430,295,57,30
426,283,57,30
431,281,56,31
436,279,54,33
440,277,53,35
445,274,52,37
450,272,50,38
447,265,37,52
445,258,24,65
449,260,32,56
443,266,28,65
436,273,24,73
457,266,23,77
453,274,23,71
449,282,23,66
445,289,23,60
447,285,26,62
449,281,30,64
453,283,29,64
452,280,28,63
452,278,28,62
452,276,28,60
452,273,28,59
451,272,28,63
451,270,28,67
450,268,27,68
450,267,27,69
450,265,27,70
449,263,27,72
449,261,27,73
449,259,27,74
448,258,26,75
448,256,26,76
448,254,26,77
447,252,26,78
447,251,24,76
447,249,22,74
446,247,20,72
452,259,26,72
452,261,25,72
453,262,24,72
453,263,23,72
453,264,22,72
454,266,21,72
454,267,20,72
452,270,20,72
450,273,20,72
445,268,30,71
414,267,39,70
383,266,49,69
379,261,59,68
375,261,59,67
372,261,59,66
369,260,59,65
381,257,56,65
393,254,53,65
405,251,49,65
419,246,44,65
432,241,39,65
445,236,35,65
431,239,35,65
417,242,35,65
402,245,35,65
369,249,48,57
335,254,62,49
325,258,52,41
331,257,46,45
336,255,39,48
371,258,33,51
405,260,27,54
430,257,27,54
424,258,27,55
417,259,27,56
411,260,27,57
404,261,27,58
378,253,38,60
357,256,51,45
346,264,51,41
330,260,51,41
342,259,51,41
353,258,51,41
364,257,51,41
397,253,38,48
430,248,26,55
433,245,26,55
435,243,26,55
438,241,26,55
424,243,31,57
410,245,36,59
396,248,40,60
397,245,39,60
397,242,38,60
429,245,36,60
463,244,35,59
480,246,34,57
497,248,32,56
493,252,31,55
489,255,30,53
487,252,30,53
484,248,30,53
481,245,30,53
458,249,30,53
435,253,30,53
413,257,30,53
390,261,30,53
372,256,30,53
366,256,30,55
361,256,30,57
355,256,30,59
361,259,32,59
368,262,34,59
374,265,36,59
381,268,38,59
388,267,38,59
396,266,38,59
404,265,38,59
411,264,38,59
409,255,27,62
415,257,38,52
422,260,50,43
428,262,62,34
426,263,62,33
424,265,62,32
423,266,62,31
421,267,62,30
411,267,54,29
402,267,46,28
392,267,38,27
399,243,50,26
405,219,62,25
405,213,55,29
406,207,47,34
406,201,39,38
406,195,32,42
406,189,24,47
407,191,25,47
408,193,25,48
409,195,25,49
410,196,26,49
412,198,26,50
413,200,27,51
414,202,27,51
415,203,27,52
416,205,28,52
417,207,28,53
418,209,28,54
419,210,29,54
421,212,29,55
422,214,29,55
423,216,30,56
424,217,30,57
425,219,31,57
424,219,31,57
424,218,31,57
423,218,31,57
422,217,31,57
421,217,31,57
419,228,32,54
417,238,34,50
414,249,36,46
412,259,37,43
410,270,39,39
407,280,40,36
404,281,38,38
401,281,36,41
398,282,35,43
395,283,33,46
392,283,31,49
389,284,29,51
391,278,29,71
394,275,29,69
397,272,29,67
399,268,29,66
402,265,29,64
405,262,29,62
408,259,29,60
410,255,29,58
413,252,29,57
416,249,29,55
418,246,29,53
421,214,29,51
419,237,47,44
417,260,66,37
416,269,65,38
418,265,63,39
420,261,62,39
422,258,60,40
425,254,59,40
427,250,57,41
429,246,56,41
432,242,54,42
434,238,53,42
435,236,51,43
435,234,50,44
436,232,48,44
437,229,47,45
437,227,45,45
438,225,44,46
439,222,42,46
439,220,41,47
440,218,39,47
441,215,38,48
441,213,36,49
442,211,35,49
435,208,33,50
428,206,32,50
421,204,30,51
414,201,29,51
413,202,27,53
412,203,26,54
411,203,24,55
410,204,23,56
409,205,22,58
405,221,23,59
401,237,24,60
397,253,26,62
395,251,27,63
394,250,29,64
388,250,35,60
382,250,40,56
376,250,46,51
383,252,50,42
390,254,54,34
396,255,57,25
387,248,54,34
377,240,50,42
368,232,46,51
370,230,47,51
373,229,47,50
375,227,47,50
377,226,47,49
379,224,48,49
382,223,48,48
384,221,48,47
386,220,48,47
389,219,49,46
390,219,49,46
392,219,49,46
393,219,49,46
395,220,50,46
396,220,50,46
398,220,50,46
399,221,50,46
401,221,51,46
402,221,51,46
404,222,51,46
410,225,48,44
416,228,45,42
422,231,42,39
428,235,40,37
434,238,37,34
440,241,34,32
441,243,32,34
442,245,31,36
442,247,30,38
443,249,29,41
444,251,27,43
444,255,28,43
444,259,28,43
444,263,28,43
444,267,29,43
445,271,29,43
444,269,29,42
443,266,29,40
443,263,30,39
442,260,30,38
441,258,30,36
441,255,31,35
440,252,31,34
440,249,31,32
439,247,32,31
437,233,32,35
436,220,32,39
434,206,32,42
433,204,33,31
433,209,36,31
433,213,39,31
433,217,42,32
433,222,45,32
434,226,48,32
434,230,52,32
434,235,55,32
434,239,58,32
411,247,51,40
388,256,44,48
365,264,37,57
352,268,37,57
339,271,38,56
335,274,38,56
331,277,38,56
327,280,38,56
335,283,39,56
343,285,39,56
351,287,39,56
372,286,40,56
394,285,40,56
416,285,40,56
419,276,47,51
422,267,53,46
425,258,60,41
428,249,66,36
414,251,66,33
400,252,67,30
387,254,67,28
373,256,67,25
374,260,67,28
375,263,68,31
376,267,68,35
377,271,68,38
377,269,68,35
377,267,69,32
377,265,69,29
378,263,69,26
378,261,69,23
378,260,70,20
379,258,70,18
390,248,58,24
401,238,45,31
413,229,33,37
427,228,47,38
429,234,47,38
422,242,56,38
415,250,64,38
407,255,64,38
400,260,64,38
392,266,65,38
385,271,65,38
377,276,65,38
370,281,65,38
375,281,61,38
381,280,57,38
387,279,53,38
393,278,49,38
398,268,51,40
404,258,54,43
410,248,57,45
416,238,60,48
415,238,55,45
414,238,51,42
413,238,46,39
411,238,42,35
410,238,38,32
411,245,38,38
412,253,38,44
413,261,39,50
413,269,39,56
415,271,39,58
417,272,39,60
419,273,39,62
420,274,39,64
422,276,39,66
424,277,39,68
423,274,39,66
423,271,40,63
422,267,40,60
421,264,40,58
421,261,41,55
420,258,41,53
420,255,41,50
427,250,42,51
435,245,43,52
443,240,44,54
450,236,44,55
458,231,45,56
458,228,44,56
457,225,42,56
457,222,40,56
457,220,39,56
457,217,37,56
457,214,35,56
457,211,34,56
457,208,32,56
448,216,35,56
439,223,37,56
430,231,40,56
421,238,43,56
412,246,45,56
403,253,48,56
395,261,51,56
393,257,51,55
392,254,51,54
390,250,52,54
389,246,52,53
387,243,52,52
386,239,53,51
384,235,53,51
383,232,53,50
391,237,54,49
399,242,54,48
407,247,54,46
415,253,55,45
423,258,55,44
431,263,55,43
439,268,56,42
436,263,52,44
433,258,48,47
430,252,44,50
427,247,40,52
424,242,36,55
422,237,33,57
413,244,34,60
405,251,36,63
397,259,38,65
384,255,53,68
375,255,48,68
366,254,42,68
369,254,41,71
372,254,40,74
376,254,39,77
379,254,38,81
383,254,38,84
386,254,37,87
390,254,37,86
394,254,37,84
397,253,38,83
388,256,38,83
378,259,39,83
368,262,39,83
358,265,40,82
348,268,40,82
339,271,40,82
331,270,41,82
323,270,41,82
315,269,42,82
319,271,42,82
324,273,43,82
329,275,43,82
333,278,43,82
338,280,44,81
342,282,44,81
363,285,45,81
383,288,45,81
403,291,46,81
407,289,46,81
411,288,46,81
414,286,47,81
418,284,47,81
399,284,62,74
379,284,77,68
360,284,92,61
341,284,107,55
321,284,122,49
336,284,108,59
350,284,94,70
365,285,79,80
364,291,74,80
363,297,70,80
362,303,65,80
346,304,74,85
330,304,82,90
314,304,91,95
314,304,83,102
314,305,75,108
314,305,67,114
314,305,59,120
313,309,59,115
312,313,60,109
311,318,60,104
312,312,61,104
313,307,61,103
314,302,61,103
315,297,62,103
302,295,70,99
290,294,78,96
278,293,87,92
265,292,95,88
271,295,103,81
277,298,110,74
284,301,118,66
293,301,104,66
303,301,90,66
312,301,77,66
322,302,63,66
317,303,77,60
312,304,92,54
314,303,89,58
316,302,87,62
319,300,84,66
321,299,82,70
324,298,79,74
316,297,86,74
309,295,92,74
302,294,98,73
295,293,104,73
288,292,111,73
281,291,117,73
274,290,123,73
255,285,143,67
237,281,162,61
246,276,154,67
255,271,146,73
255,272,146,68
256,272,146,63
252,268,146,63
249,264,146,63
245,260,146,63
242,256,146,63
239,251,146,62
235,247,147,62
233,248,147,62
231,248,147,62
229,249,147,62
227,249,147,62
225,247,147,62
222,244,147,62
220,242,147,62
217,239,147,62
215,236,147,62
219,232,151,66
222,228,155,71
226,224,159,75
230,220,163,79
234,216,166,83
346,167,61,133
346,189,96,112
346,210,131,90
379,280,149,49
377,289,149,65
375,299,149,80
376,305,150,80
378,311,150,80
380,317,150,80
379,314,153,80
378,311,156,80
377,308,159,80
376,305,162,79
376,305,166,79
376,305,171,79
376,306,175,79
375,306,180,79
375,306,184,79
384,305,184,79
393,304,184,78
402,303,184,78
411,302,184,78
410,298,184,78
409,294,183,78
408,289,183,78
407,285,183,78
393,279,183,72
379,272,183,67
364,265,183,61
364,260,177,65
363,254,171,69
362,248,164,73
362,243,158,76
361,237,152,80
360,232,146,84
360,226,140,87
359,221,134,91
358,215,127,95
358,210,121,98
366,209,112,99
375,209,103,100
384,208,95,101
392,208,86,102
401,208,77,103
399,217,79,95
397,226,80,88
395,235,82,80
434,260,63,71
480,278,106,71
497,277,150,70
544,284,129,69
591,291,109,68
597,288,110,68
602,285,111,67
608,283,113,66
613,280,114,65
618,277,116,65
611,279,121,64
603,281,125,63
596,283,130,62
588,285,135,62
589,287,132,61
590,288,129,60
590,290,126,59
589,292,128,58
588,294,131,57
587,296,133,56
581,296,139,54
574,297,144,53
567,297,150,52
561,298,155,51
554,298,161,49
540,299,164,57
526,299,167,64
524,302,170,67
523,304,174,70
521,306,177,73
514,305,175,75
506,304,174,78
499,303,172,80
491,302,171,82
480,303,174,84
470,303,178,85
459,304,181,86
448,304,185,88
437,305,188,89
424,292,188,89
410,280,188,89
397,267,188,88
398,259,188,88
400,252,188,88
401,244,187,87
402,237,187,87
391,232,191,81
380,228,194,75
369,224,197,68
358,219,201,62
347,215,204,56
344,212,204,56
340,209,204,56
336,205,203,56
332,202,203,56
332,204,203,56
332,205,202,57
332,207,202,57
332,208,202,58
332,210,201,58
331,211,201,59
331,213,201,59
331,215,201,59
332,217,200,59
332,218,200,59
332,220,200,59
332,222,199,59
332,224,199,59
332,225,199,59
329,229,224,66
326,232,249,72
322,235,275,79
319,238,300,85
316,241,325,92
319,259,324,89
323,277,322,85
326,295,320,82
329,313,319,78
323,320,323,78
317,327,327,78
311,333,331,78
305,340,336,77
307,345,337,77
309,351,339,77
311,357,341,76
314,363,342,76
316,368,344,76
318,374,346,75
320,380,347,75
331,389,340,90
342,398,334,105
353,407,327,119
355,419,324,119
356,432,322,118
348,438,320,116
339,444,318,114
331,451,316,113
331,449,303,108
330,447,291,103
330,445,278,98
317,444,290,84
255,403,302,71
249,376,311,77
250,364,319,83
220,346,327,88
202,326,335,86
238,324,315,79
274,323,294,71
280,328,290,69
286,333,286,66
291,338,282,64
297,343,293,72
303,348,303,80
308,353,313,88
316,360,311,88
343,359,308,87
370,359,305,86
378,354,302,86
387,350,300,85
396,345,297,84
393,334,294,83
389,322,291,83
386,310,288,82
383,298,286,81
369,307,279,81
356,317,272,80
343,326,266,79
329,335,259,78
316,344,252,78
303,348,234,77
290,352,216,76
290,336,215,76
290,321,213,75
287,312,212,74
285,302,211,73
286,300,209,73
287,297,208,72
294,285,199,85
301,273,191,98
308,261,182,111
312,253,182,117
316,246,181,122
316,268,187,100
316,290,192,77
316,312,198,54
318,329,196,54
320,346,195,54
321,363,194,64
322,381,192,74
323,399,191,83
323,403,190,81
322,407,188,79
313,409,187,77
304,411,186,75
295,413,184,73
295,402,183,71
295,390,181,69
295,379,180,67
292,366,179,65
288,352,177,63
285,338,176,61
290,309,175,59
295,280,173,57
286,273,172,55
277,267,171,53
266,236,183,69
282,231,169,51
273,218,169,51
263,204,169,51
265,213,169,51
267,222,169,51
282,231,169,75
285,264,169,67
288,296,169,59
291,329,169,51
298,352,169,51
292,350,169,68
286,347,169,85
280,352,169,81
275,357,169,78
269,362,169,75
264,367,169,71
250,359,169,68
237,351,169,65
244,349,169,61
228,335,169,58
218,322,169,55
249,313,169,51
275,323,159,56
301,333,149,60
327,344,139,64
353,354,129,69
380,365,119,73
428,379,109,62
436,381,85,77
437,374,109,86
436,370,125,102
435,361,133,120
428,359,141,105
424,362,128,91
420,366,115,78
426,346,118,102
404,326,121,108
426,331,119,92
448,336,117,76
450,339,103,64
468,338,135,51
515,333,131,51
532,335,132,51
550,338,133,51
559,339,132,51
567,340,131,51
576,341,130,51
585,342,129,51
584,338,133,55
582,335,137,58
581,332,141,62
579,329,144,65
575,325,142,66
571,322,140,68
568,318,138,69
564,314,135,71
560,311,133,72
557,307,131,73
553,304,129,75
549,300,126,76
545,296,124,77
542,293,122,79
538,289,120,80
534,286,117,81
531,282,115,83
527,279,113,84
523,275,110,86
519,271,108,87
516,268,106,88
512,264,104,90
508,261,101,91
505,257,99,92
501,253,97,94
497,250,95,95
493,246,92,96
490,243,90,98
486,239,88,99
482,236,86,101
478,232,83,102
475,228,81,103
471,225,79,105
473,248,81,75
491,236,71,81
472,258,88,73
453,280,105,66
407,301,152,59
419,322,140,51
411,333,144,58
402,344,149,65
384,349,169,68
366,354,189,71
369,360,178,64
372,366,168,58
364,367,167,61
361,356,164,59
357,345,160,58
354,334,157,56
351,323,153,54
348,312,150,54
345,301,146,53
341,290,143,52
338,278,140,51
343,281,140,51
348,284,140,51
352,286,140,51
357,289,140,51
391,248,128,83
391,234,118,97
406,242,113,91
420,251,107,85
431,255,96,80
441,259,85,74
452,263,74,68
457,267,73,63
461,271,73,57
466,276,72,51
477,281,75,55
488,286,78,58
500,292,80,61
503,294,84,60
507,295,88,58
511,297,92,56
515,299,96,55
513,301,112,53
511,303,129,51
512,303,128,51
513,303,128,51
514,303,127,51
515,304,126,51
516,304,126,51
516,304,127,52
516,304,128,53
515,303,128,55
515,303,129,56
515,303,130,57
514,303,131,58
514,303,132,59
514,302,133,60
513,302,134,61
514,302,133,61
514,302,132,60
515,302,132,60
515,301,131,59
516,301,131,59
516,301,130,59
517,301,129,58
517,301,129,58
518,301,128,58
518,300,127,57
519,300,126,57
519,300,125,57
520,300,124,57
520,300,123,57
521,300,122,57
521,301,121,57
521,302,120,56
520,304,119,56
520,305,118,56
520,306,117,56
520,306,113,56
520,305,109,56
521,305,105,56
521,305,101,55
521,304,97,55
521,304,96,55
521,304,95,55
522,305,95,55
522,305,94,55
522,305,93,55
519,305,93,55
517,306,92,54
514,307,92,54
512,307,92,54
509,308,91,54
508,308,93,54
507,307,94,54
506,307,95,54
504,307,96,55
503,306,98,55
502,306,99,55
501,306,100,55
499,305,101,55
498,305,103,55
497,305,104,56
496,304,105,56
494,304,106,56
493,304,108,56
492,303,109,56
491,303,110,57
490,303,111,57
488,302,113,57
487,302,114,57
486,302,115,57
487,302,115,57
489,303,114,57
490,303,114,57
492,304,113,57
493,304,113,57
495,305,112,57
496,305,112,57
498,306,111,57
497,305,110,57
496,304,109,57
496,303,109,57
495,303,108,57
495,302,107,57
494,301,106,57
493,300,105,57
493,300,104,57
492,299,103,57
491,298,103,57
491,297,102,57
490,297,101,57
490,296,100,57
489,295,99,57
488,295,98,57
488,294,97,57
479,298,95,57
469,302,92,57
460,306,89,57
444,309,99,57
428,312,108,57
411,315,118,57
395,317,127,57
384,320,134,57
372,323,141,57
361,326,148,57
350,329,155,57
347,330,155,57
345,331,155,57
343,331,155,57
341,332,155,57
338,333,155,57
336,333,155,57
336,333,155,57
336,333,155,57
335,333,155,57
335,333,155,57
335,333,155,57
335,332,155,57
335,332,155,57
335,332,155,57
335,332,155,57
334,332,155,57
334,332,155,57
334,332,155,57
334,331,155,57
334,331,155,57
334,326,155,57
334,321,155,57
334,315,155,57
333,313,155,57
333,311,155,57
332,308,155,57
332,306,155,57
335,303,155,57
338,301,155,57
341,299,155,57
345,296,155,57
348,294,155,57
347,291,155,57
345,289,155,57
344,287,155,57
343,284,155,57
342,282,155,57
344,277,155,57
347,271,155,57
350,266,155,57
350,263,152,60
351,261,150,62
351,258,147,65
352,255,145,67
353,252,143,70
353,250,140,73
354,247,138,75
354,244,136,78
355,241,133,80
356,239,131,83
356,229,126,83
356,220,122,83
356,211,117,83
363,211,110,83
369,211,103,83
376,211,96,83
383,211,89,83
380,211,89,83
378,210,89,83
375,210,89,83
372,209,89,83
369,209,89,83
369,209,87,83
369,209,86,82
369,209,84,82
369,209,82,82
369,209,80,81
369,209,78,81
369,209,76,81
367,209,76,81
365,209,76,81
364,209,76,81
362,209,76,81
363,211,76,81
364,212,76,81
365,214,76,81
365,216,76,81
366,217,76,81
367,219,76,81
368,221,76,81
369,222,76,81
370,224,76,81
371,226,76,81
372,228,76,81
373,229,76,81
374,231,76,81
375,233,76,81
379,236,76,81
382,240,76,81
386,243,76,81
389,246,76,81
392,249,74,77
395,252,73,74
398,255,71,71
401,258,70,67
408,265,70,67
415,271,70,67
422,278,70,67
429,284,70,67
429,287,70,67
429,291,70,67
429,294,70,67
429,298,70,67
432,303,76,70
435,309,82,73
437,314,87,76
440,319,93,79
434,309,82,81
428,298,71,83
421,287,59,85
415,276,48,87
413,277,48,87
411,278,48,87
409,279,48,87
407,280,48,87
407,280,48,87
406,279,48,87
406,279,48,87
405,279,48,87
405,279,48,87
405,279,48,87
404,278,48,87
404,278,48,87
403,278,48,87
403,278,48,87
403,277,48,87
402,277,48,87
402,277,48,87
401,277,48,87
401,276,48,87
401,276,48,87
400,276,48,87
400,276,48,87
400,275,48,87
399,275,48,87
399,275,48,87
398,275,48,87
398,274,48,87
398,274,48,87
397,274,48,87
397,274,48,87
396,273,48,87
396,273,48,87
396,273,48,87
395,273,48,87
395,272,48,87
395,272,48,87
394,272,48,87
394,272,48,87
393,271,48,87
393,271,48,87
393,271,48,87
392,271,48,87
392,270,48,87
391,270,48,87
391,270,48,87
391,270,48,87
390,269,48,87
390,269,48,87
389,269,48,87
389,269,48,87
389,268,48,87
388,268,48,87
388,268,48,87
388,268,48,87
387,267,48,87
387,267,48,87
386,267,48,87
386,267,48,87
386,266,48,87
385,266,48,87
386,269,48,87
386,272,48,87
387,275,48,87
388,278,48,87
388,281,48,87
389,283,48,87
389,286,48,87
390,289,48,87
391,292,48,87
391,295,48,87
392,298,48,87
393,301,48,87
393,304,48,87
385,304,59,82
377,304,70,76
369,304,82,71
369,304,78,71
369,304,75,71
369,304,71,71
369,304,68,71
369,304,65,71
369,304,61,71
369,304,58,71
373,304,58,73
376,304,58,75
379,304,58,77
383,304,58,79
386,304,58,81
389,304,58,83
393,304,70,74
397,304,83,66
401,304,95,58
405,304,107,49
420,300,97,49
435,297,86,49
450,294,76,49
449,291,76,49
448,287,76,49
446,284,76,49
449,286,81,59
452,288,86,69
455,290,90,79
458,292,95,89
456,290,95,88
453,289,95,86
451,288,95,85
448,286,95,84
446,285,95,82
443,283,95,81
441,282,95,80
438,280,95,79
436,279,95,77
433,277,95,76
431,276,95,75
437,275,95,68
442,275,95,60
448,274,95,53
456,269,95,57
464,264,95,61
472,259,95,65
480,254,95,69
473,254,95,69
465,254,95,69
458,254,95,69
478,242,91,69
498,229,87,69
494,231,82,66
490,233,77,62
486,235,72,59
483,238,64,68
481,241,57,76
478,243,50,84
476,246,42,93
476,254,42,93
476,261,42,93
476,269,42,93
476,276,42,93
475,283,42,93
475,289,42,93
474,296,42,93
466,302,44,93
458,309,46,93
450,315,48,93
448,319,50,88
446,323,52,84
444,327,54,79
444,332,54,79
443,337,54,79
442,341,54,79
438,338,54,79
435,335,54,79
431,331,54,79
425,330,54,78
420,329,54,78
415,327,54,77
416,320,51,77
417,313,47,77
419,306,44,77
419,302,49,77
419,298,53,77
419,294,57,77
419,290,62,77
421,290,64,77
424,291,66,77
426,291,68,77
429,292,70,77
431,287,70,70
433,283,70,62
435,279,70,55
437,274,70,47
431,269,81,49
425,264,92,51
419,258,103,53
426,251,89,54
433,244,76,55
440,237,62,55
439,235,62,55
437,233,62,55
435,231,62,55
434,230,62,55
432,228,62,55
430,226,62,55
428,225,62,55
427,223,62,55
432,226,55,60
437,229,47,66
442,233,40,71
444,236,40,71
446,240,40,71
448,243,40,71
450,247,40,71
452,251,40,71
454,254,40,71
452,263,40,71
449,272,40,71
447,281,40,71
444,290,40,71
436,294,44,67
427,298,49,64
418,302,53,60
410,306,57,57
401,310,62,53
399,309,63,50
396,309,65,46
394,308,67,43
392,308,68,39
389,308,70,36
390,302,70,36
390,297,70,36
390,292,70,36
391,287,70,36
391,282,70,36
402,276,63,38
413,269,57,41
424,263,50,44
435,256,44,47
434,253,44,47
433,250,44,47
433,246,44,47
430,242,44,47
428,237,44,47
425,232,44,47
423,227,44,47
419,223,47,48
414,219,49,49
410,215,51,50
406,211,54,51
402,207,56,52
398,203,59,53
393,199,61,54
389,195,64,55
392,206,64,55
394,216,64,55
397,226,64,55
399,237,64,55
411,257,59,55
423,277,53,55
435,298,48,55
442,303,48,55
449,308,48,55
456,314,48,55
451,317,48,55
446,320,48,55
441,324,48,55
437,327,48,55
426,318,54,55
415,310,60,55
404,301,66,55
393,292,72,55
390,287,72,54
387,283,72,53
383,278,72,51
386,267,72,51
389,257,72,51
391,246,72,51
392,239,72,51
394,231,72,51
395,223,72,51
399,220,72,51
403,218,72,51
407,215,72,51
402,209,72,51
396,203,72,51
391,197,72,51
390,198,72,53
389,199,72,54
388,201,72,56
386,202,72,58
385,203,72,59
388,212,72,55
391,220,72,51
394,229,72,47
396,238,72,43
399,246,72,39
396,253,72,39
394,260,72,39
391,266,72,39
400,274,62,43
408,282,52,47
416,290,42,51
425,298,32,55
427,304,32,55
430,311,32,55
433,317,32,55
428,315,36,56
424,312,39,58
420,309,43,59
416,307,47,60
412,304,50,62
408,301,54,63
404,299,57,64
400,296,61,65
395,293,65,67
391,291,68,68
387,288,72,69
384,287,72,69
381,285,72,69
377,284,72,69
377,285,72,60
376,285,72,52
375,286,72,43
377,280,72,41
379,273,72,39
381,267,72,36
383,261,72,34
385,254,72,32
386,250,72,32
387,246,72,32
388,243,72,32
389,239,72,32
389,230,69,40
389,222,66,49
389,213,63,58
389,205,60,67
391,206,60,67
392,207,60,67
394,207,60,67
395,208,60,67
397,209,60,67
399,224,60,59
400,240,60,50
401,255,60,42
403,270,60,34
402,274,60,36
402,278,60,39
401,282,60,41
399,289,60,41
397,295,60,41
395,302,60,41
398,301,56,48
400,301,53,55
403,301,49,62
406,300,45,69
408,300,42,76
411,300,38,83
415,299,38,71
419,298,38,60
417,293,38,59
415,288,38,58
413,283,38,56
411,278,38,55
407,274,45,53
404,270,53,51
400,265,60,49
396,261,67,47
393,257,75,45
389,253,82,43
385,248,89,41
384,240,89,45
383,231,89,49
381,223,89,53
382,221,89,53
382,220,89,53
382,218,89,53
383,216,89,53
383,215,89,53
387,212,89,53
391,210,89,53
395,207,89,53
399,205,89,53
442,252,80,35
442,251,70,44
446,274,78,39
448,280,72,39
449,286,66,39
451,292,60,39
452,298,54,39
450,298,55,43
447,298,56,46
445,298,57,49
442,298,58,52
440,298,60,55
437,298,61,58
435,298,62,61
431,291,62,56
428,283,62,51
425,276,62,45
425,269,62,45
425,262,62,45
425,255,62,45
425,248,62,45
425,241,62,45
424,235,62,45
423,229,62,45
423,223,62,45
425,225,59,45
427,227,57,45
429,229,54,45
431,232,52,45
433,234,50,45
435,236,47,45
437,238,45,45
438,241,42,45
436,252,42,45
433,263,42,45
430,275,42,45
427,286,42,45
424,282,42,45
421,278,42,45
418,273,42,45
415,269,42,45
412,265,42,45
409,261,42,45
406,257,42,45
403,252,42,45
406,246,42,45
408,241,42,45
411,235,42,45
419,234,42,45
427,233,42,45
435,233,42,45
433,251,44,48
431,270,46,50
429,289,48,53
427,308,50,55
417,298,50,51
407,289,50,47
397,280,50,43
397,268,50,43
397,256,50,43
397,244,50,43
400,252,50,43
403,260,50,43
406,268,50,43
409,276,50,43
410,284,50,43
410,292,50,43
411,300,50,43
404,297,53,39
396,294,55,36
389,292,58,32
389,286,58,32
388,280,58,32
387,274,58,32
397,273,49,32
406,273,39,32
415,274,44,32
423,274,49,32
432,275,53,32
440,276,58,32
453,276,53,33
466,275,49,34
479,275,45,35
492,274,40,36
496,274,40,36
501,274,40,36
506,274,40,36
504,278,40,36
503,282,40,36
501,286,40,36
500,290,40,36
498,288,40,36
496,287,40,36
494,285,40,36
493,284,40,36
493,285,40,36
492,285,40,36
492,286,40,36
492,287,40,36
492,287,40,36
492,288,40,36
488,277,39,36
485,267,38,37
481,256,36,37
484,241,35,48
487,225,34,59
490,209,32,69
482,191,29,53
476,169,30,59
469,146,31,64
462,124,32,69
471,121,32,41
463,116,32,37
466,105,32,34
463,103,32,47
462,110,32,46
460,118,32,45
458,126,32,44
456,134,32,43
454,142,32,42
453,149,32,41
451,157,32,40
449,165,32,39
447,173,32,38
446,181,32,37
444,189,32,36
442,196,32,36
440,204,32,35
438,212,32,34
440,213,32,34
442,215,32,34
444,216,32,34
445,218,32,34
447,219,32,34
449,220,32,34
450,222,32,34
452,225,32,34
453,228,32,34
454,231,32,34
456,234,32,34
457,238,32,34
459,239,32,34
460,240,32,34
462,241,32,34
464,242,32,34
465,243,32,34
465,245,32,34
466,248,32,34
466,250,32,34
466,253,32,34
467,255,32,34
467,258,32,34
467,260,32,34
468,257,32,34
469,255,32,34
469,252,32,34
470,249,32,34
471,246,32,34
468,242,36,38
464,237,39,43
461,233,42,47
464,235,42,47
467,238,42,47
470,241,42,47
472,244,42,47
475,247,42,47
478,250,42,47
481,252,42,47
489,258,42,47
498,264,42,47
506,270,42,47
514,276,42,47
509,276,42,47
504,276,42,47
499,276,42,47
494,276,42,47
489,276,42,47
484,276,42,47
479,276,42,47
462,275,42,44
445,275,42,41
428,274,42,37
412,266,42,37
396,258,42,37
392,254,42,37
388,250,42,37
405,259,42,37
422,268,42,37
438,277,42,37
455,286,42,37
469,280,42,36
483,274,42,34
497,268,42,32
510,271,42,32
523,273,42,32
536,276,42,32
533,276,42,32
529,276,42,32
526,276,42,32
522,276,42,32
519,276,42,32
515,276,42,32
512,276,42,32
508,276,42,32
505,276,42,32
501,275,44,34
498,274,46,36
494,272,47,38
491,271,49,40
492,258,24,30
485,247,24,30
479,235,24,30
473,224,24,30
476,205,24,38
480,187,24,47
483,169,24,56
483,171,24,55
483,174,24,54
483,177,24,53
483,179,24,52
483,182,24,51
483,185,24,50
483,187,24,49
483,190,24,48
483,193,24,47
483,195,24,46
483,198,24,45
486,202,24,45
489,207,24,45
492,211,24,45
493,211,24,45
494,210,24,45
496,210,24,45
497,210,24,45
498,210,24,45
499,209,24,45
501,209,24,45
497,206,24,45
494,202,24,45
491,199,24,45
488,195,24,45
481,195,24,45
474,195,24,45
467,194,24,45
465,193,24,45
464,192,24,45
462,191,24,45
461,190,24,45
460,188,24,45
459,187,24,45
458,185,24,45
457,184,24,45
456,183,24,45
455,182,24,45
453,181,24,45
452,179,24,45
450,179,24,45
449,179,24,45
447,179,24,45
445,179,24,45
443,179,24,45
442,179,24,45
440,179,24,45
438,179,24,45
436,179,24,45
434,178,24,45
433,178,24,45
419,179,24,44
405,180,23,43
391,180,23,42
381,181,23,42
371,182,23,42
361,183,23,42
360,183,23,42
359,183,23,42
357,183,23,42
356,183,23,42
355,182,23,42
354,182,23,42
352,182,23,42
351,182,23,42
350,182,23,42
349,182,23,42
347,181,23,42
338,179,23,42
329,176,23,42
320,173,23,42
306,172,23,42
292,170,23,42
277,169,23,42
271,168,23,42
264,168,23,42
258,168,23,42
254,165,23,45
250,163,23,47
247,160,23,50
243,158,23,52
244,158,23,52
246,158,23,52
247,158,23,52
248,158,23,52
249,158,23,52
251,158,23,52
271,158,23,51
291,159,23,49
311,159,23,48
332,160,23,46
355,164,23,46
379,168,23,46
401,167,23,46
422,167,23,46
426,166,23,46
430,165,23,46
433,164,23,46
436,164,23,46
438,164,23,46
440,164,23,46
444,163,23,46
447,163,23,46
450,163,23,46
452,163,23,46
454,163,23,46
457,163,23,46
459,163,23,46
462,163,23,46
463,162,23,46
464,162,23,46
465,162,23,46
466,162,23,46
468,162,23,46
469,162,23,46
471,162,23,46
474,162,23,46
476,162,23,46
479,162,23,46
489,164,23,46
500,167,23,46
510,170,23,46
509,170,23,46
508,170,23,46
507,170,23,46
506,170,23,46
505,170,23,46
504,170,23,46
503,170,23,46
502,170,23,46
501,170,23,46
501,167,23,46
501,164,23,46
501,162,23,46
501,159,23,46
501,157,23,46
496,152,34,42
491,147,45,38
487,142,56,34
485,136,56,30
484,130,56,26
484,125,56,26
484,120,56,26
484,115,56,26
484,115,57,26
484,115,58,26
484,115,60,26
484,115,61,26
484,115,63,26
484,115,64,26
484,115,66,26
484,115,67,26
484,115,69,26
484,115,70,26
485,114,70,26
487,113,70,26
489,112,70,26
490,110,70,26
492,109,70,26
494,108,70,26
496,107,70,26
497,105,70,26
492,104,70,26
487,103,70,26
482,102,70,26
476,101,70,26
471,100,70,26
466,98,70,26
464,99,70,26
463,99,70,26
461,99,70,26
460,100,70,26
458,100,70,26
457,100,69,26
454,102,69,26
451,104,69,26
448,106,69,26
445,107,69,26
444,111,67,26
443,114,64,26
442,118,62,26
441,121,59,26
440,124,57,26
440,126,54,26
439,129,51,26
438,131,48,26
439,131,42,29
439,131,36,32
440,131,30,35
440,131,24,38
440,131,24,39
440,130,24,39
440,130,24,40
440,130,24,40
440,129,24,40
440,129,24,41
440,128,24,41
440,128,24,41
447,128,30,41
453,128,36,41
460,128,43,41
471,134,36,41
482,140,30,41
493,146,23,41
495,148,23,41
497,150,23,41
498,152,23,41
497,152,23,41
495,153,23,41
493,154,23,41
491,154,23,41
489,155,23,41
487,156,24,41
484,156,25,41
481,157,27,41
478,158,28,41
475,159,29,41
470,152,32,38
466,146,34,36
462,139,37,33
457,137,37,33
452,135,37,33
447,133,37,33
442,131,37,33
444,145,31,31
446,159,25,29
447,160,25,29
447,162,25,29
448,164,25,29
448,165,25,29
449,167,25,29
449,169,25,29
449,171,25,29
449,173,25,29
450,175,25,29
450,176,25,29
454,184,25,29
458,191,25,29
462,199,25,29
466,206,25,29
463,198,25,29
461,191,25,29
458,183,25,29
455,176,25,29
453,168,25,29
450,161,25,29
449,157,25,32
447,153,25,36
446,149,25,39
444,145,25,43
443,141,25,46
443,155,25,37
443,170,25,28
443,172,25,28
443,175,25,28
443,177,25,28
443,180,25,28
443,182,25,28
443,185,25,28
443,187,25,28
443,188,25,28
442,188,25,28
442,188,25,28
441,188,25,28
441,189,25,28
440,189,24,28
440,189,24,28
440,189,24,28
439,190,24,28
439,190,24,28
438,190,24,28
437,193,29,28
435,196,34,28
434,199,40,28
432,202,45,28
434,203,45,28
436,205,45,28
438,206,45,28
439,208,45,28
441,209,45,28
441,209,44,28
441,209,43,28
441,209,42,28
441,209,41,28
441,209,40,28
443,208,40,28
446,208,40,28
448,207,40,28
451,204,40,28
455,202,40,28
458,199,40,28
462,196,40,28
462,195,40,26
461,195,40,24
461,194,40,23
461,195,40,23
461,196,40,23
461,197,40,23
461,198,40,23
462,198,40,23
462,199,40,23
462,200,40,23
462,200,40,23
462,200,40,24
462,200,40,25
462,200,40,25
462,200,40,26
462,200,40,27
464,204,40,30
466,208,40,34
469,212,40,37
469,212,40,37
469,213,40,36
469,214,40,36
469,214,40,35
469,215,40,35
469,215,40,34
469,216,40,34
469,216,40,33
469,217,40,33
469,217,40,32
469,218,40,32
469,218,40,31
469,219,40,30
469,220,40,30
469,220,40,29
469,221,40,29
469,221,40,28
469,222,40,28
469,222,40,27
469,223,40,27
468,226,37,30
466,229,34,33
465,233,31,37
464,236,28,40
463,240,25,43
463,238,25,43
463,236,25,43
463,235,25,43
463,233,25,43
463,232,25,43
463,230,25,43
463,228,25,43
463,227,25,43
454,170,25,45
444,114,25,46
447,98,25,47
447,101,25,47
447,104,25,46
447,107,25,45
447,109,25,44
448,122,25,46
450,134,25,48
451,146,25,49
451,155,25,41
451,164,25,33
451,172,25,25
454,172,25,25
457,172,25,25
459,172,25,25
462,172,25,25
465,172,25,25
472,175,28,25
479,177,30,25
486,179,33,25
492,181,36,25
496,181,33,31
500,180,29,36
504,179,26,42
502,176,26,42
500,173,26,42
498,171,26,42
492,168,26,42
486,165,26,42
480,162,26,42
474,160,26,42
470,160,26,42
467,160,26,42
464,161,26,42
460,161,26,42
457,162,26,42
454,162,26,42
450,162,26,42
447,163,26,42
444,163,26,42
440,164,26,42
460,171,26,42
451,161,30,54
459,171,31,45
459,169,31,47
461,166,31,50
463,163,31,53
465,160,31,56
462,163,30,54
460,166,30,51
457,169,29,49
457,165,28,47
457,161,27,45
457,158,26,42
461,160,26,42
459,159,26,42
457,159,26,42
455,158,26,42
453,157,26,42
451,156,26,42
450,155,26,42
448,154,26,42
446,154,26,42
444,153,26,42
439,169,26,42
435,162,26,42
430,155,26,42
425,149,26,42
424,149,25,42
422,149,24,42
421,149,24,42
419,149,23,42
419,148,23,44
419,146,23,45
419,145,23,46
419,144,23,47
419,143,23,49
419,141,23,50
419,140,23,51
419,139,23,52
417,138,23,52
415,138,23,52
414,137,23,52
412,137,23,52
411,137,23,52
410,137,23,52
408,137,23,52
407,137,23,52
406,137,23,52
405,137,23,52
408,137,23,52
412,138,23,52
416,138,23,52
420,138,23,52
424,139,23,52
428,139,23,52
431,140,23,52
435,140,23,52
438,141,23,52
440,142,23,52
443,143,23,52
446,145,23,52
448,146,23,52
447,143,23,52
446,140,23,52
445,137,23,52
444,135,23,52
443,132,23,52
442,129,23,52
468,142,23,52
469,141,23,52
470,141,23,52
472,140,23,52
473,140,23,52
474,139,23,52
476,139,23,52
477,138,23,52
478,138,23,52
480,137,23,52
475,139,23,52
470,142,23,52
465,144,23,52
460,146,23,52
455,148,23,52
450,151,23,52
445,153,23,52
440,155,23,52
435,158,23,52
430,160,23,52
425,162,23,52
420,164,23,52
415,167,23,52
411,169,23,52
406,171,23,52
401,174,23,52
396,176,23,52
391,178,23,52
386,180,23,52
385,180,25,52
383,179,28,51
382,178,30,51
380,177,33,51
379,177,35,50
378,176,37,50
376,175,40,49
375,174,42,49
373,174,44,49
372,173,47,48
371,172,49,48
369,171,52,47
369,171,57,38
369,171,62,30
381,165,61,49
393,163,61,49
406,161,61,49
409,159,53,49
413,158,44,49
416,157,36,49
418,159,36,53
420,161,36,57
422,163,36,60
424,165,36,64
426,167,36,67
427,170,36,71
429,169,40,67
431,169,44,63
433,169,48,59
434,169,52,54
436,168,56,50
438,168,60,46
440,168,64,42
441,168,68,38
443,168,72,34
448,173,72,34
452,179,72,34
457,185,72,34
462,191,72,34
466,193,66,34
469,195,60,34
473,197,54,34
477,199,48,34
481,200,41,34
485,202,35,34
488,204,29,34
491,200,29,34
494,196,29,34
497,192,29,34
499,188,29,34
495,181,29,39
490,173,29,44
485,166,29,50
481,159,29,55
471,160,29,55
461,161,29,55
452,162,29,55
442,163,29,55
432,165,29,55
428,164,29,55
424,163,29,55
420,162,29,55
410,163,29,54
399,164,29,52
389,166,29,50
391,164,29,50
392,163,29,50
394,162,29,50
396,161,29,50
397,160,29,50
399,159,29,50
401,158,29,50
403,157,29,50
408,153,27,50
413,150,25,50
417,146,24,50
422,143,22,50
421,155,28,45
420,167,34,40
419,178,40,35
417,190,47,30
418,184,45,32
419,177,43,34
420,170,41,36
421,163,39,37
421,157,37,39
422,150,35,41
423,143,33,43
424,137,31,45
424,130,29,47
422,137,29,45
420,144,29,42
417,151,29,39
418,157,29,39
419,163,29,39
419,169,29,39
419,168,29,39
418,167,29,39
417,166,28,39
416,165,28,39
415,164,28,39
414,163,28,39
413,162,28,39
412,161,28,39
411,160,28,39
410,159,27,39
409,158,27,39
409,157,27,39
408,156,27,39
407,155,27,39
406,154,27,39
405,153,27,39
404,152,26,39
403,151,26,39
402,150,26,39
401,149,26,39
400,148,26,39
400,148,26,39
399,147,26,39
398,146,25,39
397,145,25,39
396,144,25,39
415,147,25,39
419,145,25,39
424,143,25,39
429,141,25,39
430,143,28,38
430,145,30,36
430,147,33,34
431,150,36,32
431,152,39,31
432,154,42,29
432,156,44,27
432,158,47,25
433,160,50,23
433,163,53,22
436,168,53,22
440,174,53,22
443,180,53,22
446,185,53,22
449,191,53,22
452,185,53,24
455,178,53,27
458,171,53,29
461,165,53,32
464,158,53,34
467,152,53,36
473,140,40,36
468,130,33,36
463,120,26,36
442,119,35,39
421,118,44,42
414,136,44,36
406,155,44,29
419,162,44,29
432,170,44,29
434,175,44,29
435,181,44,29
436,184,40,34
437,186,36,38
438,188,33,43
437,190,33,43
435,191,33,43
434,193,33,43
432,194,33,43
431,196,33,43
437,198,33,43
443,199,33,43
438,194,35,43
432,190,38,43
427,185,40,43
422,180,42,43
416,175,45,43
427,166,38,43
438,156,32,43
449,146,26,43
454,149,28,43
458,151,30,42
463,154,31,42
467,157,33,41
472,160,35,41
476,163,37,40
481,165,38,40
485,168,40,39
490,171,42,39
494,174,44,38
499,176,45,38
503,179,47,37
508,182,49,37
512,185,51,36
517,188,53,36
512,176,47,37
508,164,42,39
504,153,37,40
483,147,31,42
462,141,26,43
462,142,26,43
440,158,28,36
417,173,29,30
413,181,31,33
408,188,33,36
404,195,34,40
399,203,36,43
404,211,37,43
409,220,38,43
407,219,38,43
405,218,38,43
403,216,39,43
408,216,35,43
414,216,32,43
419,216,29,43
424,216,25,43
419,215,26,42
415,213,26,42
410,212,27,42
406,210,28,42
405,210,28,42
403,210,29,42
402,209,29,42
400,209,30,42
399,209,31,41
397,209,31,41
396,209,32,41
394,208,32,41
393,208,33,41
392,208,32,41
390,207,32,42
389,207,31,42
388,207,31,42
386,206,30,43
385,206,30,43
384,206,29,44
382,205,29,44
381,205,28,44
380,205,28,45
378,204,27,45
377,204,27,45
380,196,26,46
384,189,26,46
388,181,25,46
391,174,25,47
395,166,24,47
398,159,24,48
404,160,49,36
409,160,57,25
415,146,43,46
408,146,49,46
403,143,56,45
402,147,56,44
401,150,56,42
400,154,56,41
399,157,56,39
398,161,57,38
397,164,57,36
396,168,57,34
395,171,57,33
394,175,57,31
393,178,57,30
392,182,57,28
391,180,57,29
390,179,58,30
389,178,58,30
388,177,58,31
387,176,58,32
386,174,58,33
385,173,58,33
384,172,58,34
383,171,58,35
382,170,58,36
384,168,58,36
387,167,58,36
389,166,58,36
392,164,58,36
394,163,58,36
396,162,58,36
399,161,58,36
407,157,58,41
415,154,58,47
424,151,58,52
434,148,53,52
445,146,47,52
456,144,41,51
454,144,44,49
453,145,47,47
452,146,51,45
450,147,54,43
453,146,54,41
455,145,54,39
458,145,54,37
460,144,54,35
458,141,54,39
455,139,54,43
452,136,54,47
449,133,55,51
451,138,55,49
452,143,55,47
453,148,55,45
455,153,55,42
456,157,55,40
458,162,55,38
459,167,55,36
461,172,55,34
462,177,55,32
463,181,55,30
465,186,55,28
457,187,54,28
449,188,53,28
441,189,52,27
433,190,51,27
424,191,50,27
416,192,48,27
408,193,47,27
450,190,55,27
448,189,54,27
446,188,52,28
444,187,51,28
442,187,50,29
440,186,48,29
439,185,47,30
437,184,45,30
435,183,44,30
433,182,42,31
431,181,41,31
429,180,40,32
427,179,38,32
426,178,37,33
424,178,35,33
422,177,34,34
420,176,32,34
420,177,33,34
420,179,34,33
421,180,34,33
421,182,35,33
421,183,35,32
421,185,36,32
421,186,37,31
421,188,37,31
422,189,38,31
422,191,39,30
422,192,39,30
422,194,40,29
422,195,40,29
423,197,41,29
423,198,42,28
423,200,42,28
423,201,43,28
422,201,43,27
420,200,43,27
419,200,44,27
417,200,44,26
416,199,44,26
414,199,45,26
413,199,45,25
411,198,45,25
410,198,46,25
408,198,46,24
407,197,46,24
405,197,47,24
404,197,47,23
402,196,47,23
401,196,48,23
399,196,48,22
398,195,48,22
396,195,49,22
395,195,49,21
393,194,49,21
392,194,50,21
390,194,50,20
389,193,50,20
387,193,50,20
386,193,51,19
384,192,51,19
383,192,51,19
381,192,52,18
380,191,52,18
378,191,52,18
377,191,53,17
372,193,53,18
368,195,53,19
363,197,54,19
359,199,54,20
354,201,54,20
349,204,55,21
345,206,55,22
340,208,55,22
336,210,56,23
331,212,56,24
327,214,56,24
322,217,57,25
318,219,57,25
313,221,57,26
309,223,58,27
304,225,58,27
300,228,58,28
295,230,58,29
297,230,58,29
298,230,58,29
300,230,58,29
301,230,58,29
301,230,58,28
301,230,58,28
301,230,58,28
301,230,58,28
301,230,58,28
301,230,58,27
301,230,58,27
301,230,58,27
301,230,58,27
301,230,58,27
301,230,58,27
301,230,58,27
302,230,58,27
302,230,58,27
302,230,58,27
302,230,58,27
302,230,58,27
302,230,58,27
302,230,58,27
303,230,58,27
303,230,58,27
303,230,58,27
303,230,58,27
303,230,58,27
303,230,58,27
303,230,58,27
304,230,58,27
304,230,58,27
304,230,58,27
304,230,58,27
304,230,58,27
304,230,58,27
304,230,58,27
305,230,58,27
305,230,58,27
305,230,58,27
305,230,58,27
305,230,58,27
305,230,58,27
305,230,58,27
306,230,58,27
306,230,58,27
306,230,58,27
306,230,58,27
306,230,58,27
306,230,58,27
306,230,58,27
307,230,58,27
307,230,58,27
307,230,58,27
307,230,58,27
307,230,58,27
307,230,58,27
307,230,58,27
308,230,58,27
308,230,58,27
308,230,58,27
308,230,58,27
308,230,58,27
308,230,58,27
308,230,58,27
309,230,58,27
309,230,58,27
309,230,58,27
309,230,58,27
310,229,58,27
311,229,58,27
311,229,58,27
312,228,58,27
313,228,58,27
314,228,58,27
314,227,58,27
315,227,58,27
316,227,58,27
317,226,58,27
317,226,58,27
318,226,58,27
319,225,58,27
320,225,58,27
320,225,58,27
321,224,58,27
322,224,58,27
323,224,58,27
328,222,58,27
334,221,58,27
340,219,58,27
345,218,58,27
345,218,59,27
344,218,60,27
343,218,61,27
342,218,62,27
341,218,63,27
340,218,64,27
339,218,65,27
338,218,66,27
337,218,66,27
337,218,67,27
335,218,68,28
333,219,69,29
331,219,69,30
329,219,70,31
327,219,71,32
325,220,71,33
324,220,72,34
322,220,73,35
320,221,73,36
317,221,73,36
314,221,73,36
310,221,73,36
307,222,73,36
304,222,73,36
304,222,72,36
304,222,70,36
304,222,68,36
304,222,66,36
304,222,64,36
306,219,63,38
308,217,62,41
311,215,60,44
313,212,59,47
315,210,58,50
320,205,54,50
325,199,51,50
331,194,48,50
331,192,48,50
332,190,48,50
332,188,48,50
333,185,48,50
340,193,46,45
347,200,44,40
354,208,42,36
354,202,41,50
360,204,34,50
366,207,28,50
371,209,21,50
378,202,21,50
385,195,21,50
392,188,21,50
392,184,28,46
393,179,35,41
386,176,42,36
379,172,49,31
372,169,57,27
371,176,57,27
369,183,57,27
368,190,57,27
367,197,57,27
365,204,57,27
370,207,57,27
375,209,57,27
380,212,57,27
385,215,57,27
387,208,53,30
389,201,50,33
391,195,47,36
393,188,43,39
396,181,40,42
398,174,37,45
398,176,40,43
399,178,42,41
400,179,45,39
400,181,48,37
401,183,51,35
402,184,54,33
402,187,48,36
402,190,42,40
402,193,36,44
402,196,30,48
388,205,36,42
375,214,43,36
365,214,43,36
368,214,43,36
372,215,43,36
375,215,43,36
386,215,34,39
397,215,26,42
425,213,26,42
425,213,44,36
433,211,44,36
440,209,44,36
437,209,44,36
434,209,44,36
431,209,44,36
428,209,44,36
425,210,44,36
422,210,44,36
419,210,44,36
415,210,44,36
406,211,39,36
397,212,34,36
388,213,29,36
381,211,35,34
374,209,42,31
385,208,42,31
397,208,42,31
413,204,42,31
429,199,42,31
436,196,42,31
443,193,42,31
449,190,42,31
456,187,42,31
463,184,42,31
456,185,42,31
449,185,42,31
442,186,42,31
434,187,42,31
427,187,42,31
418,191,42,31
409,195,42,31
400,199,42,31
391,202,42,31
382,206,42,31
378,206,46,31
374,206,50,31
370,206,54,31
387,203,54,31
404,199,54,31
421,196,54,31
423,184,54,31
425,172,54,31
422,172,54,31
419,172,54,31
416,172,54,31
416,175,48,30
416,177,41,29
416,179,35,28
416,182,29,28
416,180,37,31
415,184,40,31
413,188,42,31
411,192,45,31
409,196,48,31
408,200,51,31
407,201,51,31
406,202,51,31
405,203,51,31
404,205,51,31
403,206,51,31
402,207,51,31
401,208,51,31
400,209,51,31
400,209,51,31
401,208,51,31
402,208,51,31
402,207,51,31
403,207,51,31
404,207,51,31
405,206,51,31
405,206,51,31
406,205,51,31
407,205,51,31
412,207,51,31
417,210,51,31
422,212,51,31
427,214,45,31
432,215,40,31
437,217,35,31
436,217,34,31
436,217,34,32
435,217,33,33
434,217,32,34
433,217,32,35
432,217,31,36
436,217,31,36
439,217,30,36
442,217,30,36
446,217,30,36
449,217,29,36
453,217,29,36
456,217,29,36
458,217,31,33
460,217,33,29
463,217,36,25
465,217,38,21
466,217,40,21
467,216,42,21
468,216,44,21
469,216,46,21
470,215,48,21
472,215,50,21
473,215,53,21
472,214,53,21
472,213,53,21
471,213,53,21
471,212,53,21
471,208,53,23
470,204,53,25
470,201,53,27
470,197,53,29
470,193,53,31
470,189,53,33
471,190,53,32
472,191,53,32
473,192,53,31
474,193,53,31
476,194,53,31
477,193,53,31
479,193,53,31
481,192,53,31
482,191,53,31
484,191,53,31
486,190,53,31
487,189,53,31
485,189,53,31
483,190,53,31
480,190,53,31
478,190,53,31
476,190,53,31
473,190,53,31
471,191,53,31
469,191,53,31
466,191,53,31
464,191,53,31
460,191,53,31
457,192,53,31
454,192,53,31
451,192,53,31
447,192,53,31
444,193,53,31
441,193,53,31
437,193,53,31
434,193,52,31
430,192,51,31
427,192,50,31
424,192,49,31
420,191,48,31
422,191,45,28
423,191,42,26
425,190,40,24
426,190,37,22
425,187,37,22
423,183,37,22
422,180,37,22
420,176,37,22
421,174,37,22
422,171,37,22
423,168,37,22
424,166,37,22
428,167,36,24
431,168,35,27
434,169,33,30
437,170,32,32
441,171,31,35
444,172,30,38
447,173,29,40
449,176,29,40
450,179,29,40
452,182,29,40
453,185,29,40
455,188,29,40
456,189,29,40
457,189,29,40
459,190,29,40
460,190,29,40
461,191,29,40
462,191,29,40
463,192,29,40
465,192,29,40
466,193,29,40
467,193,29,40
468,194,29,40
469,194,29,40
471,195,29,40
472,195,29,40
474,197,29,40
476,198,29,40
478,200,29,40
480,201,29,40
482,203,29,40
482,206,29,40
482,209,29,40
482,212,29,40
482,215,29,40
482,218,29,40
482,221,29,40
479,228,29,40
476,236,29,40
473,243,29,40
470,251,29,40
467,259,29,40
464,266,29,40
461,275,29,40
459,283,29,40
456,292,29,40
453,295,29,40
450,298,29,40
447,302,29,40
450,302,29,40
452,303,29,40
455,304,29,40
457,305,29,40
460,306,29,40
464,308,29,40
469,310,29,40
474,312,29,40
476,310,29,40
478,309,29,40
480,307,29,40
483,306,29,40
482,305,29,40
481,305,29,40
481,304,29,40
480,303,29,40
480,303,29,40
479,302,29,40
479,302,29,40
478,301,29,40
478,301,29,40
477,300,29,40
477,300,29,40
476,299,29,40
476,299,29,40
475,298,29,40
475,298,28,40
474,298,28,40
474,298,28,40
473,297,28,40
473,297,27,40
473,297,27,40
472,297,27,40
472,297,27,40
471,296,26,40
471,296,26,40
470,296,26,40
470,296,26,40
470,295,25,40
469,295,25,40
469,295,25,40
468,295,25,40
467,295,25,40
467,294,25,40
466,294,25,40
465,294,25,40
465,294,25,40
464,294,25,40
463,294,25,40
463,294,25,40
462,294,25,40
461,297,25,39
460,300,25,38
459,303,25,37
458,306,25,36
457,309,25,35
455,312,25,34
454,316,25,32
453,319,25,31
452,322,25,30
451,325,25,29
450,328,25,28
449,331,25,27
448,334,25,26
451,343,25,30
453,352,25,35
456,362,25,39
459,371,25,43
460,375,25,43
460,379,25,43
461,384,25,43
459,373,25,43
457,363,25,43
454,353,25,43
452,343,25,43
450,333,25,43
448,322,25,43
449,308,25,43
450,293,25,43
451,279,25,43
452,264,25,43
451,242,30,50
450,219,35,57
453,233,35,57
455,247,35,57
458,260,35,57
460,274,35,57
463,288,35,57
465,302,35,57
468,316,35,57
471,330,35,57
473,344,35,57
469,364,35,57
464,385,35,57
460,406,35,57
461,411,38,55
463,417,42,52
464,422,45,50
466,427,49,48
468,433,52,45
469,438,56,43
471,443,59,40
472,448,63,38
474,454,66,36
477,456,66,28
480,459,66,21
484,461,66,14
474,461,66,36
472,461,66,36
470,460,65,36
468,459,65,37
466,459,64,37
465,458,63,37
463,457,63,38
461,456,62,38
459,456,62,38
457,455,61,39
455,454,61,39
454,453,60,40
452,453,59,40
450,452,59,40
448,451,58,41
446,450,58,41
444,450,57,41
443,449,56,42
441,448,56,42
439,448,55,42
437,447,55,43
435,446,54,43
433,445,54,44
432,445,53,44
430,444,52,44
428,443,52,45
426,442,51,45
424,442,51,45
422,441,50,46
421,440,49,46
419,440,49,46
417,439,48,47
415,438,48,47
413,437,47,48
411,437,47,48
410,436,46,48
408,435,45,49
406,434,45,49
404,434,44,49
402,433,44,50
400,432,43,50
399,431,42,50
397,431,42,51
395,430,41,51
393,429,41,52
391,429,40,52
389,428,40,52
388,427,39,53
386,426,38,53
384,426,38,53
382,425,37,54
380,424,37,54
378,423,36,55
377,423,35,55
375,422,35,55
372,409,35,73
372,410,35,72
372,410,35,71
372,411,34,70
372,411,34,70
372,412,34,69
372,412,34,68
372,412,34,67
372,413,34,67
372,413,34,66
372,414,34,65
373,414,34,64
373,415,34,63
373,415,34,63
373,415,33,62
373,416,33,61
373,416,33,60
373,417,33,60
373,417,33,59
373,418,33,58
373,418,33,57
373,418,33,58
373,418,33,58
373,418,33,59
373,418,32,59
373,418,32,60
373,418,32,60
373,418,32,61
373,418,32,62
373,418,32,62
373,418,32,63
373,418,32,63
373,418,32,64
373,418,32,64
373,418,32,65
373,418,32,65
373,418,31,66
373,418,31,66
373,418,31,67
373,418,31,68
373,418,31,68
373,418,31,69
373,418,31,69
373,418,31,70
373,418,31,70
373,418,31,70
373,418,31,69
373,418,30,68
373,418,30,68
373,418,30,67
373,418,30,66
373,418,30,66
373,418,30,65
373,418,30,64
373,418,30,64
373,418,30,63
373,418,30,62
373,418,30,62
373,418,29,61
373,418,29,60
373,418,29,60
373,418,29,59
373,418,29,59
373,418,29,58
373,418,29,57
373,419,29,57
373,419,29,57
373,420,29,57
373,420,29,57
373,420,29,57
374,421,29,57
374,421,29,57
374,422,29,57
374,422,29,57
374,423,29,57
374,423,29,57
374,424,29,57
374,424,29,57
374,425,29,57
374,425,29,57
374,426,29,57
374,426,29,57
374,427,29,57
375,427,29,57
375,428,29,57
375,428,29,57
375,429,29,57
375,429,29,57
375,430,29,57
375,430,29,57
375,431,29,57
375,431,29,57
375,432,29,57
375,432,29,57
375,432,29,57
375,431,29,57
375,429,30,57
375,428,30,57
375,426,30,57
374,425,30,57
374,425,30,58
374,426,30,58
374,426,30,58
374,426,30,58
374,426,30,59
373,427,30,59
373,427,30,59
373,427,30,60
373,428,30,60
373,428,30,60
372,428,30,61
372,429,31,61
372,429,31,61
372,429,31,62
372,430,31,62
372,430,31,62
371,430,31,62
371,431,31,63
371,431,31,63
371,431,31,63
371,431,31,64
370,432,31,64
370,432,31,64
370,432,32,65
370,433,32,65
370,433,32,65
370,433,32,66
369,434,32,66
369,434,32,66
369,434,32,67
370,428,32,67
371,422,32,67
371,422,32,67
371,422,32,68
371,422,32,68
371,422,32,68
371,422,32,68
371,422,32,69
371,422,32,69
371,422,32,69
371,422,32,69
371,422,32,70
371,422,32,70
371,422,32,70
371,422,32,70
371,422,32,71
371,423,32,71
371,423,31,71
371,423,31,71
371,423,31,72
371,423,31,72
371,423,31,72
371,423,31,72
371,423,31,73
371,423,31,73
371,423,31,73
371,423,31,73
372,421,31,72
373,420,31,71
375,418,31,70
376,417,31,68
377,415,31,67
379,414,31,66
380,412,31,65
381,411,31,63
383,409,31,62
384,408,31,61
385,406,31,60
387,405,31,58
388,403,31,57
401,383,33,70
414,389,31,57
420,387,31,57
426,384,31,57
439,387,31,57
452,391,31,57
465,394,31,57
471,398,31,57
478,402,31,57
485,405,31,56
486,405,31,62
487,405,31,68
487,405,31,74
487,405,31,74
487,406,31,74
487,406,31,73
487,406,31,73
487,406,31,73
487,407,31,73
487,407,31,72
487,407,31,72
487,407,31,72
487,407,31,72
487,408,31,72
487,408,31,71
487,408,31,71
487,408,31,71
487,409,32,71
487,409,32,70
487,409,32,70
487,409,32,70
487,409,32,70
487,410,32,70
487,410,32,69
487,410,32,69
487,410,32,69
487,411,32,69
487,411,32,68
487,411,32,68
487,411,32,68
487,411,32,68
487,412,32,68
487,412,32,67
487,412,32,67
487,412,32,67
487,412,32,67
487,413,32,67
487,413,32,66
487,413,32,66
487,413,33,66
487,414,33,66
487,414,33,65
487,414,33,65
487,414,33,65
487,414,33,65
487,415,33,65
487,415,33,64
487,415,33,64
488,415,33,65
488,415,33,66
488,415,33,66
488,414,33,67
488,414,33,68
488,414,33,68
488,414,33,69
489,414,33,70
489,414,33,71
489,413,33,71
489,413,33,72
489,413,33,73
489,413,33,73
489,413,34,74
490,413,34,75
490,412,34,76
489,411,35,71
487,410,36,67
486,409,38,62
485,408,39,58
484,407,40,53
483,406,42,49
482,405,43,44
473,398,44,40
465,390,46,36
452,387,58,29
439,383,69,23
426,384,69,23
413,386,69,23
404,393,69,23
396,400,69,23
388,407,69,23
386,415,69,23
385,424,69,23
383,432,69,23
384,436,69,23
386,440,69,23
387,444,69,23
390,447,69,23
394,451,69,23
393,451,70,23
393,451,70,23
392,451,71,23
392,451,71,23
391,451,72,23
391,451,72,23
390,451,73,23
390,451,73,23
388,452,73,23
387,454,73,23
385,455,73,23
384,457,73,23
383,456,74,23
383,456,75,24
382,455,76,25
382,455,77,25
381,454,78,26
381,454,79,27
381,453,80,27
380,453,81,28
380,453,82,29
379,452,83,29
379,452,84,30
378,451,85,31
378,451,86,31
377,450,87,32
377,450,87,33
376,450,88,33
377,450,87,33
378,450,86,33
379,451,84,33
380,451,83,32
381,452,82,32
382,452,80,32
383,453,79,32
384,453,77,32
385,454,76,31
386,454,75,31
387,455,73,31
388,455,72,31
389,456,71,30
390,456,69,30
391,456,68,30
392,450,64,33
393,443,60,37
394,437,56,40
395,430,52,43
396,424,49,46
404,421,41,50
413,417,34,54
412,416,34,57
411,416,34,60
411,415,34,63
411,415,34,63
411,415,34,63
411,415,34,64
411,414,34,64
411,414,34,64
411,414,34,64
411,414,34,64
411,414,34,64
411,414,34,64
411,414,34,65
411,413,34,65
411,413,34,65
411,413,34,65
411,413,33,65
411,413,33,65
411,413,33,65
411,413,32,65
411,413,32,65
411,413,32,65
411,413,31,65
411,413,31,65
411,413,30,65
411,413,30,65
411,413,30,65
411,413,29,65
411,413,29,65
409,413,30,66
407,413,32,66
406,412,33,67
404,412,35,67
403,412,36,68
401,412,38,68
400,411,39,69
398,411,41,70
396,411,42,70
395,411,44,71
402,410,41,70
409,410,39,69
416,410,36,68
422,410,34,67
429,409,31,66
436,409,29,65
443,410,29,65
449,410,29,65
455,411,29,65
461,412,29,65
468,412,29,65
468,415,29,65
468,418,29,65
468,421,29,65
468,424,29,65
467,424,29,65
466,424,30,65
466,424,31,65
465,424,31,65
464,423,32,65
464,423,32,65
463,423,33,65
463,423,33,65
462,423,34,65
462,425,36,63
462,427,39,61
462,429,41,59
462,431,44,57
462,433,46,55
462,435,49,53
462,437,51,51
462,439,54,49
462,441,56,47
462,443,58,45
462,445,61,43
462,447,63,41
462,449,66,39
462,451,68,37
462,451,68,37
462,451,68,36
462,451,68,35
462,451,68,35
462,451,68,34
462,451,68,33
462,451,68,33
462,451,68,32
462,451,68,31
462,451,68,31
462,451,68,30
462,451,68,29
462,451,68,29
463,449,68,30
464,448,68,31
465,447,68,33
466,445,68,34
468,444,68,35
469,443,68,36
470,441,68,38
471,440,68,39
472,439,68,40
473,437,68,42
475,436,68,43
476,435,68,44
468,424,68,44
461,413,68,44
466,389,50,56
472,365,32,68
466,363,32,68
461,361,32,68
456,360,32,68
452,359,32,68
453,360,32,68
453,360,32,68
454,361,32,68
454,362,32,68
455,362,32,68
455,363,32,68
456,363,32,68
456,364,32,68
457,365,32,68
457,365,32,68
458,365,31,68
458,365,31,68
458,365,31,68
459,365,30,68
459,365,30,68
459,365,30,68
460,365,29,68
460,365,29,68
460,365,29,68
461,365,28,68
461,365,28,68
461,365,28,68
462,365,27,68
462,365,27,68
462,365,27,68
463,365,26,68
463,365,26,68
463,365,26,68
462,365,26,68
462,365,26,68
462,365,26,68
462,365,26,68
461,365,26,68
461,365,26,68
461,365,26,68
461,365,26,68
461,365,26,68
460,365,26,68
460,365,26,68
460,365,26,68
460,365,26,68
459,365,26,68
459,365,26,68
459,365,26,68
459,365,26,68
458,365,26,68
458,365,26,68
458,365,26,68
458,365,26,68
458,365,26,68
457,365,26,68
457,365,26,68
457,365,26,68
457,365,26,68
456,365,26,68
456,365,26,68
456,365,26,68
456,365,26,68
455,365,26,68
455,365,26,68
455,365,26,68
455,365,26,68
455,365,26,68
454,365,26,68
454,365,26,68
454,365,26,68
454,365,26,68
453,365,26,68
453,365,26,68
453,365,26,68
453,365,26,68
452,365,26,68
452,365,26,68
452,365,26,68
452,365,26,68
452,365,26,68
451,365,26,68
451,365,26,68
451,365,26,68
451,365,26,68
450,365,26,68
450,365,26,68
450,365,26,68
450,365,26,68
449,365,26,68
449,365,26,68
449,365,26,68
449,365,26,68
449,365,26,68
448,365,26,68
448,365,26,68
445,365,26,68
442,365,26,68
438,366,26,68
435,366,26,68
434,370,26,68
433,375,26,68
431,380,26,68
430,387,26,67
429,393,26,65
427,400,26,64
426,406,26,62
425,411,26,60
423,417,26,58
422,417,26,58
421,416,26,58
420,416,26,58
419,416,26,58
418,416,26,58
417,416,26,58
415,416,26,58
416,417,26,58
416,417,26,58
416,418,26,58
416,418,26,58
416,419,26,58
417,420,26,58
417,420,26,58
417,421,26,58
417,421,26,58
417,422,26,58
418,423,26,58
418,423,26,58
418,424,26,58
418,424,26,58
418,425,26,58
419,426,26,58
419,426,26,58
419,427,26,58
419,427,26,58
419,428,26,58
420,428,26,58
420,429,26,58
420,430,26,58
420,430,26,58
420,431,26,58
420,431,26,58
421,432,26,58
421,433,26,58
421,433,26,58
421,434,26,58
421,434,26,58
422,437,26,58
422,439,26,58
422,441,26,58
422,443,26,58
422,445,26,58
423,448,26,58
423,450,26,58
419,442,26,58
415,434,26,58
415,432,26,58
416,431,26,58
416,429,26,58
416,427,26,58
416,425,26,58
417,424,26,58
417,422,26,58
417,422,26,58
418,422,26,58
418,422,26,58
418,422,26,58
418,422,26,58
419,422,26,58
419,422,26,58
419,421,26,58
420,421,26,58
420,421,26,58
420,421,26,58
420,421,26,58
421,420,27,58
422,420,27,58
423,419,28,58
424,418,28,58
424,417,29,58
425,416,29,58
426,416,30,58
427,415,30,58
427,414,31,58
428,413,32,58
439,406,26,58
442,408,26,58
445,411,26,58
448,413,26,58
451,415,26,58
452,416,26,58
452,417,26,58
453,418,26,58
453,419,26,58
454,420,26,58
454,421,26,58
455,423,26,58
455,424,26,58
456,425,26,58
457,426,26,58
457,427,26,58
458,428,26,58
458,429,26,58
459,430,26,58
460,428,26,58
462,426,26,58
464,424,26,58
465,421,26,58
467,419,26,58
469,417,26,58
470,415,26,58
472,413,26,58
474,411,26,58
475,409,26,58
477,406,26,58
478,404,26,58
480,402,26,58
482,400,26,58
483,398,26,58
485,396,26,58
487,393,26,58
488,391,26,58
490,389,26,58
491,387,26,58
493,385,26,58
495,383,26,58
496,381,26,58
501,387,31,58
506,393,35,58
508,387,40,58
513,381,36,58
517,375,32,58
511,367,32,58
508,366,32,58
504,365,32,58
481,318,59,49
480,309,59,49
479,300,59,49
487,288,53,49
495,277,46,49
503,266,39,49
511,254,32,49
515,254,32,49
519,253,32,49
523,252,32,49
526,261,31,49
529,270,31,49
532,278,30,49
535,287,30,49
538,296,29,49
536,295,29,49
533,294,29,49
531,293,29,49
529,292,29,49
527,291,29,49
525,296,29,44
524,301,29,38
522,306,29,33
526,302,29,36
530,299,29,38
535,295,29,41
539,292,29,44
542,295,31,43
545,299,32,42
548,302,34,41
551,306,36,39
555,309,38,38
558,313,40,37
561,316,41,35
564,319,43,34
567,323,45,33
570,326,47,32
574,327,51,32
578,328,55,32
582,328,58,32
589,327,58,32
595,326,58,32
602,324,58,32
603,325,58,30
604,326,58,29
606,327,58,28
607,328,58,27
610,333,58,27
612,339,58,27
615,344,58,27
618,349,58,27
618,352,58,27
618,354,58,27
618,357,58,27
618,359,58,27
618,362,58,27
618,364,58,27
618,366,58,27
618,369,58,27
618,371,58,27
610,370,57,27
602,369,55,27
594,368,53,27
586,367,51,27
573,361,48,31
559,355,45,35
546,350,42,38
533,344,40,42
526,344,36,42
519,345,32,42
512,345,28,42
508,341,28,42
504,338,28,42
500,334,28,42
495,334,28,42
490,334,28,42
485,334,28,42
480,334,28,42
474,328,28,42
468,321,28,42
463,315,28,42
457,309,28,42
456,296,28,41
454,284,28,40
453,272,28,39
452,259,28,38
452,232,28,38
451,204,28,38
451,176,28,38
449,163,28,38
446,149,28,38
444,135,28,38
441,121,28,38
439,119,28,38
437,117,28,38
435,115,28,38
433,113,28,38
432,118,28,45
430,123,28,51
428,128,28,57
427,137,28,47
426,155,28,34
426,157,28,31
426,160,28,29
430,166,28,29
434,173,28,29
438,180,28,29
442,186,28,29
449,193,28,29
455,199,28,29
462,206,28,29
469,212,28,29
472,205,38,36
482,213,33,33
492,222,29,30
489,224,29,30
485,226,29,30
482,229,29,30
478,231,29,30
474,233,29,30
470,235,29,30
466,237,29,30
465,235,29,30
464,234,29,30
464,233,29,30
463,232,29,30
463,231,29,30
462,229,29,30
461,228,29,30
461,227,29,30
460,226,29,30
457,222,29,33
455,219,29,36
452,216,29,39
444,220,34,36
437,224,38,34
429,229,43,31
440,236,38,31
451,243,33,31
462,250,28,31
468,250,32,35
474,249,36,38
480,248,40,42
480,248,40,42
480,248,40,41
480,248,40,40
468,252,29,40
459,247,29,40
451,241,29,40
442,236,29,40
433,223,40,36
423,211,52,31
429,208,48,33
435,205,44,35
441,202,40,37
446,199,36,39
452,196,32,41
458,193,28,43
459,197,33,41
461,200,38,39
462,204,43,36
462,204,45,36
462,204,48,36
462,204,51,36
462,204,54,36
463,202,54,36
463,199,54,36
464,197,54,36
461,197,54,34
458,197,54,32
456,196,54,30
453,196,54,28
449,196,57,28
446,196,61,28
442,196,65,28
438,196,68,28
438,201,68,28
438,205,68,28
438,210,68,28
434,208,67,30
430,206,65,32
426,203,64,34
422,201,62,36
424,199,56,38
426,196,49,40
428,194,42,42
423,195,39,46
417,195,36,49
412,195,33,52
400,201,39,49
389,208,46,46
377,214,53,42
374,221,53,39
370,229,53,36
367,237,53,33
370,246,53,33
372,255,53,33
372,260,57,33
372,264,60,33
372,268,64,33
373,269,64,34
373,270,64,35
374,272,64,36
375,273,64,38
375,274,64,39
376,275,64,40
376,270,64,33
376,265,64,25
375,257,64,25
374,248,64,25
375,231,57,35
376,214,49,44
377,197,42,54
381,197,42,54
385,197,42,54
389,197,42,54
387,197,42,54
