272,264,227,157
258,255,216,153
233,242,205,148
211,230,201,146
202,215,181,145
194,210,167,132
184,202,160,126
177,196,151,123
172,189,143,118
165,184,138,114
161,177,129,109
159,172,122,107
154,165,117,103
156,161,112,101
154,156,110,101
154,153,104,95
154,150,99,93
154,144,94,91
155,140,92,87
157,136,89,86
157,132,88,82
156,126,87,85
160,125,84,81
163,124,80,78
162,119,82,77
164,117,81,77
166,114,79,72
170,112,74,75
169,111,76,71
171,108,78,69
176,106,71,67
176,103,74,65
178,100,76,66
181,98,72,63
185,97,70,59
186,93,73,63
188,90,70,63
193,90,71,61
196,88,70,59
200,88,69,56
204,84,70,55
209,82,68,56
214,82,68,52
216,78,69,56
220,77,67,55
225,78,68,52
231,73,65,54
234,73,69,50
245,71,63,51
247,71,66,47
252,69,64,49
256,69,65,45
262,66,61,47
268,66,63,48
271,65,63,45
277,63,62,46
283,61,61,45
289,60,61,46
290,58,63,47
298,59,59,44
305,60,54,40
308,56,59,45
313,55,60,45
318,55,59,42
322,53,55,42
328,53,55,41
333,51,54,41
337,49,56,43
341,50,57,40
346,50,54,40
351,48,53,39
359,49,51,39
360,48,56,37
366,45,56,40
370,45,53,38
376,42,51,41
380,42,50,40
384,42,51,40
388,40,52,40
