584,303,166,112
592,298,166,112
596,298,166,112
602,294,166,112
609,290,166,112
605,290,169,113
602,290,173,113
607,290,168,113
611,290,162,113
620,290,144,113
632,299,103,104
645,299,70,104
647,307,70,104
613,305,93,95
586,305,124,91
577,301,124,91
552,298,151,101
531,289,173,110
522,289,164,102
508,285,164,102
481,285,170,102
457,273,187,113
444,273,187,113
426,270,189,120
408,267,192,126
406,264,192,126
403,264,192,128
400,264,192,130
406,267,192,130
417,272,192,130
450,285,192,130
452,285,198,130
470,287,198,120
546,300,155,102
578,308,135,84
604,307,111,107
640,304,76,107
659,304,57,107
690,303,57,107
680,295,94,110
672,294,129,110
672,294,138,110
662,291,156,104
662,291,165,104
662,293,165,101
662,295,165,97
662,298,165,93
657,299,165,93
652,301,165,93
647,303,165,93
644,305,160,93
640,307,156,93
641,301,140,104
642,295,125,115
638,292,126,125
633,290,126,125
624,287,128,125
620,283,130,125
610,279,134,144
610,279,133,144
610,279,144,143
610,279,156,142
616,272,164,144
613,298,179,117
613,304,189,98
616,308,189,98
634,308,187,97
651,308,184,95
667,294,184,117
667,294,184,117
667,294,184,117
668,294,184,117
668,294,184,117
667,296,180,114
665,298,177,111
664,299,173,108
663,301,169,104
661,302,159,104
659,303,148,104
659,303,138,104
659,303,124,104
659,303,108,104
674,303,68,104
665,313,62,106
644,295,85,103
610,292,120,103
593,282,133,107
583,281,137,108
548,274,156,113
504,256,183,128
493,260,183,128
484,260,183,128
477,259,183,128
479,264,183,128
490,272,183,128
488,272,196,128
488,278,213,121
528,279,188,121
567,287,177,107
580,292,168,95
611,294,143,95
638,292,119,95
663,291,97,95
704,295,54,95
706,287,59,95
708,279,63,95
708,279,72,95
692,279,88,95
677,279,103,95
677,279,112,88
662,283,120,86
660,286,120,86
655,287,112,86
650,289,104,86
650,289,93,86
649,292,93,86
644,294,85,86
637,292,85,86
620,294,85,86
610,292,97,86
588,290,122,86
566,286,153,86
555,282,174,91
553,260,174,122
560,252,159,134
560,252,134,134
588,252,91,134
595,240,71,147
609,245,57,142
604,256,61,131
600,267,66,120
595,267,75,120
589,267,85,120
560,256,130,130
552,279,164,93
552,282,174,82
552,282,182,94
560,274,173,102
565,256,173,122
622,264,64,106
611,256,84,106
600,249,103,106
580,245,139,106
574,243,155,106
567,243,161,106
562,243,166,106
562,247,166,102
562,250,166,99
562,253,166,96
562,256,166,93
558,256,166,93
553,256,166,93
553,257,165,93
552,258,164,93
548,256,164,93
548,256,162,93
548,256,161,93
548,256,160,93
546,255,160,93
546,255,148,103
560,255,122,110
560,255,112,110
577,258,90,110
577,258,76,110
539,265,160,110
528,281,173,93
528,281,168,106
531,279,143,116
535,269,126,135
546,267,94,135
546,267,89,135
543,265,99,135
540,264,110,135
528,296,142,99
512,300,183,91
515,294,183,103
538,278,161,116
558,278,134,116
562,276,103,116
597,276,63,116
557,267,122,108
547,261,133,113
530,263,164,112
534,270,164,106
536,271,164,106
538,271,164,106
540,271,164,106
542,272,164,106
553,272,146,106
565,272,129,106
600,272,73,106
611,272,62,106
596,272,110,106
588,272,134,106
552,276,170,94
552,276,155,107
557,276,135,107
557,276,117,115
557,276,108,115
557,276,97,115
555,276,99,115
552,276,102,115
544,270,124,120
544,270,137,120
544,282,162,89
561,282,146,89
574,272,133,103
607,272,82,103
628,272,46,103
628,272,77,103
613,272,104,88
593,269,147,88
593,276,147,81
593,276,148,81
592,276,148,81
590,279,151,81
589,283,154,81
587,287,157,81
592,287,146,81
620,291,104,77
637,291,84,77
637,291,64,77
607,277,119,99
595,282,142,94
577,279,157,94
587,279,129,103
607,279,97,103
607,279,88,103
600,279,95,103
592,279,103,103
582,279,129,103
573,282,149,94
573,282,149,93
589,282,124,93
606,282,99,93
622,282,53,93
613,282,72,93
605,282,90,93
580,274,122,101
570,274,148,101
570,279,148,95
570,285,148,90
575,285,148,90
587,290,148,90
592,292,148,85
623,292,117,85
654,292,86,85
665,292,75,85
699,292,41,85
674,279,113,98
667,279,139,98
659,279,152,98
659,279,148,94
659,279,144,89
659,279,140,85
657,279,140,85
655,279,140,85
653,279,140,85
638,282,140,85
618,289,148,84
611,289,148,84
611,289,129,84
575,290,159,84
552,291,159,84
513,279,159,103
495,277,166,103
481,270,166,112
463,242,166,146
455,252,166,126
449,249,166,126
456,253,166,126
463,257,166,126
470,261,166,126
477,266,166,126
484,270,166,126
491,274,166,126
509,279,166,121
521,279,166,121
553,300,166,95
601,304,160,84
624,303,156,84
633,300,156,84
653,294,156,84
662,279,156,104
668,272,156,104
672,272,156,104
680,270,156,104
675,271,156,104
671,272,156,104
667,273,156,104
663,274,156,104
663,274,144,104
663,274,135,104
677,274,99,104
677,274,67,104
631,292,97,91
604,300,126,91
588,307,138,84
567,307,149,84
537,305,149,84
533,304,149,84
524,307,149,84
516,309,149,84
513,309,137,84
506,308,137,84
546,303,80,97
565,303,54,97
577,303,30,97
575,303,46,97
573,303,63,97
553,299,125,97
546,295,148,91
546,303,162,73
546,300,162,73
553,294,163,81
561,289,164,88
584,285,153,88
597,291,153,88
602,290,152,88
606,289,151,88
616,289,151,88
622,286,151,88
618,287,162,101
609,287,179,101
609,287,171,107
609,287,164,113
623,287,124,113
632,287,86,113
632,291,54,113
620,287,54,113
569,298,135,113
551,300,156,113
548,307,156,101
552,309,156,101
546,309,156,101
519,313,177,94
511,310,177,94
515,313,172,94
519,315,168,94
523,317,163,94
528,319,159,94
539,312,147,107
560,312,116,107
577,312,99,107
598,312,66,107
611,314,62,107
614,314,95,104
614,314,120,104
622,314,134,98
606,316,161,89
619,310,161,89
622,307,161,94
626,304,161,100
629,300,161,106
627,300,164,104
625,301,167,103
622,301,170,101
620,301,172,99
618,301,175,98
610,301,182,104
602,301,188,110
602,301,171,110
602,301,161,110
602,301,134,110
614,301,93,110
614,310,59,110
571,308,104,115
537,312,149,110
520,312,166,110
502,312,175,110
485,312,183,110
475,312,183,110
458,309,183,110
452,308,183,110
446,308,183,110
432,300,187,122
435,301,187,122
437,302,187,122
440,303,187,122
442,304,187,122
445,305,187,122
455,307,187,122
470,310,174,122
501,310,141,122
532,310,108,122
564,310,75,122
579,310,49,122
587,310,72,113
583,310,99,113
582,312,143,107
582,312,177,104
584,312,187,97
591,310,187,97
614,310,169,91
627,310,156,91
650,310,133,91
648,310,137,91
647,310,140,91
645,310,144,91
644,310,148,91
624,310,177,98
616,301,184,107
613,301,188,107
616,301,166,110
619,301,144,112
622,301,122,115
633,313,67,103
632,325,46,103
597,321,63,103
560,310,121,103
512,310,169,107
513,312,169,107
513,318,169,107
486,316,177,107
485,316,177,107
471,310,165,107
466,312,165,107
476,305,165,107
487,299,165,107
498,292,165,107
486,290,162,107
484,299,159,107
475,300,156,107
501,302,153,107
530,305,122,107
551,291,101,107
588,301,67,107
587,304,95,102
587,307,122,97
587,307,156,97
602,301,179,97
619,300,173,97
631,299,179,97
642,296,179,97
656,296,165,97
672,295,165,90
672,295,170,90
672,295,175,95
672,295,179,101
666,295,185,104
660,295,191,108
660,295,186,108
660,295,180,108
655,295,180,108
655,295,161,113
651,300,138,113
651,300,108,113
658,300,88,113
656,309,49,113
644,317,49,113
584,309,116,113
558,309,151,111
552,308,157,111
544,309,168,106
534,309,168,106
520,308,168,106
513,313,168,106
513,312,168,106
517,311,164,106
522,311,161,106
526,310,158,106
530,310,155,106
534,310,151,106
538,309,148,106
549,309,142,106
605,309,81,106
619,309,61,106
633,309,40,106
633,309,63,106
633,309,84,106
619,310,149,102
619,310,170,93
623,310,170,93
633,310,184,93
636,308,184,93
646,308,184,93
646,291,189,110
646,291,195,110
646,284,195,126
646,277,195,143
651,276,190,144
655,276,186,144
655,276,143,144
655,276,90,144
640,314,90,115
604,327,126,103
551,326,178,103
543,327,178,103
531,328,178,103
519,328,178,103
504,331,178,103
479,322,189,103
468,327,189,103
458,327,189,103
453,322,189,103
448,323,182,97
442,323,182,97
431,325,182,97
431,327,182,97
439,327,170,97
446,327,158,97
454,327,146,97
466,328,130,97
498,326,91,97
509,323,91,97
518,324,103,97
526,325,115,97
526,325,160,97
519,322,187,97
531,317,187,97
546,321,187,97
564,312,197,97
565,309,197,97
573,309,197,97
577,309,197,97
577,309,195,97
577,309,193,97
577,309,190,97
577,309,188,97
571,307,188,97
566,305,188,97
551,309,188,97
544,309,184,106
553,309,147,106
571,314,82,106
575,323,67,106
485,327,166,106
471,325,171,106
441,325,175,101
427,325,175,101
417,323,175,101
391,325,175,101
387,318,175,101
375,316,187,101
378,316,187,101
381,316,187,101
383,317,187,101
396,317,179,101
417,316,165,101
417,316,165,106
444,316,143,106
512,307,68,106
537,310,81,106
530,310,133,106
530,308,159,108
530,308,180,108
546,307,188,97
548,307,188,97
555,307,188,97
553,304,188,99
551,302,188,102
549,300,188,104
547,297,188,107
546,295,188,110
546,295,179,110
533,296,182,110
521,296,186,110
511,296,196,110
502,300,196,110
498,309,192,110
458,309,210,110
437,316,197,110
431,316,168,110
431,316,142,110
426,318,117,110
426,318,84,110
378,301,112,116
345,298,152,126
317,286,192,139
317,286,199,139
317,286,206,139
321,286,206,137
329,287,197,137
341,287,189,137
351,295,189,128
355,295,189,128
373,301,198,128
387,304,198,128
394,304,198,128
409,309,198,128
441,310,198,122
495,335,198,99
511,335,198,99
540,335,198,103
571,322,198,129
601,318,198,135
638,316,187,140
638,304,213,152
642,304,213,152
663,304,202,152
665,304,189,152
682,303,148,152
695,303,111,152
711,305,113,149
714,323,75,135
708,334,62,115
658,330,131,115
591,313,216,129
577,312,223,131
577,312,223,137
565,313,223,137
560,313,200,137
555,313,200,137
552,290,197,165
543,289,197,165
543,289,197,164
543,289,197,162
543,289,197,161
539,279,197,161
516,269,223,165
509,261,218,165
502,252,214,165
488,247,214,165
471,236,214,165
441,220,237,165
427,216,237,165
404,207,219,165
395,197,207,183
387,196,207,183
364,194,232,183
366,202,232,156
361,214,232,148
360,213,221,148
358,212,210,148
356,211,198,148
356,211,204,148
356,211,209,148
356,211,204,148
356,211,200,148
356,211,200,148
356,211,200,148
356,211,200,148
356,211,200,148
356,211,200,134
356,211,191,134
356,211,189,134
356,211,186,134
356,211,184,134
356,215,184,131
356,218,184,127
356,221,184,124
356,221,193,124
356,221,202,124
356,221,211,124
365,227,206,112
373,232,200,101
373,241,200,101
377,241,200,101
381,241,200,101
382,241,200,101
383,240,200,101
385,240,200,101
386,240,200,101
387,240,200,101
388,240,200,101
386,240,189,101
375,240,189,101
377,240,198,90
377,240,184,90
371,239,184,90
364,239,184,90
358,238,184,90
352,237,184,90
346,237,184,90
346,237,184,90
346,238,184,90
346,239,184,90
346,239,184,90
346,240,184,90
348,245,184,90
350,250,184,90
350,256,184,98
352,263,184,98
359,263,184,98
365,261,184,98
364,259,184,98
362,256,184,98
360,253,184,98
359,250,184,98
359,259,184,89
344,259,184,91
329,259,184,94
329,256,184,102
329,256,192,102
329,256,201,102
329,256,209,102
329,256,195,102
329,256,211,102
329,256,211,101
329,256,211,100
329,256,211,99
329,256,211,99
329,256,211,98
327,256,211,98
324,256,211,98
322,256,211,98
320,255,211,98
317,255,211,98
317,250,201,103
317,245,191,108
317,245,191,107
317,245,191,106
317,245,191,104
317,245,191,103
317,245,191,102
317,245,191,101
317,245,191,99
317,245,191,98
317,245,191,97
317,245,191,95
316,244,191,95
314,243,191,95
313,242,191,95
311,241,191,95
310,240,191,95
308,240,191,95
306,239,191,95
305,238,191,95
303,237,191,95
303,241,191,95
303,244,191,95
303,248,191,95
303,251,191,95
303,252,195,99
303,254,200,103
305,254,200,103
307,254,200,103
309,250,200,103
311,246,200,103
314,247,198,102
316,249,197,101
319,250,195,100
321,251,193,99
327,254,193,99
328,254,193,99
330,254,193,99
335,254,193,99
339,254,193,99
343,254,193,99
345,258,193,93
347,261,193,88
352,265,193,88
369,264,178,88
373,264,178,88
379,268,171,86
385,267,171,86
387,268,171,86
390,269,171,86
391,269,171,86
391,269,171,86
392,269,171,86
393,269,171,86
394,269,171,86
395,269,171,86
396,269,171,86
397,269,171,86
398,269,171,86
399,269,171,86
400,269,171,86
401,268,171,86
401,267,171,86
402,266,171,86
403,265,171,86
404,265,171,86
404,264,171,86
405,263,171,86
406,265,171,86
406,267,171,86
407,269,171,86
407,271,171,86
408,273,171,86
408,275,171,86
409,277,171,86
409,277,171,87
408,277,171,88
408,277,171,89
408,277,171,90
404,276,171,90
401,276,171,90
397,276,171,90
397,276,171,90
396,276,171,90
395,277,171,90
394,276,171,90
392,276,171,90
391,276,171,90
391,276,171,90
390,277,171,90
390,278,171,90
390,278,171,90
388,279,171,90
387,281,171,90
388,281,171,90
389,281,171,90
390,281,171,90
391,281,171,90
392,281,171,90
394,281,171,90
394,281,170,101
408,268,168,117
413,269,144,125
435,277,117,125
452,277,52,125
426,206,101,188
403,196,135,188
418,215,155,188
401,215,191,188
400,228,191,165
400,237,209,156
400,241,209,147
403,241,209,147
406,241,209,147
410,252,209,124
412,252,209,124
413,252,209,124
414,252,209,124
415,252,209,124
417,252,209,124
418,252,209,124
419,251,207,125
421,250,206,126
422,249,204,127
424,248,202,129
425,247,201,130
427,246,199,131
428,245,198,132
430,244,196,133
431,243,195,135
433,242,193,136
434,241,191,137
436,240,190,138
437,239,188,139
437,254,177,141
439,254,144,142
461,254,86,142
476,249,73,155
432,267,130,126
422,265,169,125
412,256,196,124
399,265,175,97
395,279,175,85
394,283,175,85
382,279,175,85
392,286,175,85
374,279,175,85
387,282,175,85
406,285,176,85
400,286,177,85
390,286,177,85
385,286,177,85
372,288,177,85
360,289,177,85
368,286,177,85
364,287,177,85
370,286,181,85
367,287,186,85
367,284,177,85
365,285,177,85
364,282,177,85
359,281,177,85
354,281,177,85
348,281,177,85
350,286,177,85
346,286,177,85
341,286,177,85
330,287,177,85
324,287,179,85
331,288,182,85
317,287,184,85
310,285,177,85
304,284,178,88
299,283,179,91
297,282,180,95
296,281,182,98
289,281,182,98
288,281,182,98
287,281,182,98
287,281,182,98
286,281,182,98
285,281,182,98
284,281,182,98
284,281,186,98
284,281,189,98
284,281,193,98
284,281,193,99
284,281,192,100
284,281,192,101
284,281,192,102
284,281,191,103
284,281,191,104
284,281,190,105
284,281,190,106
284,281,189,107
284,281,189,108
284,281,189,109
284,281,188,110
284,270,182,120
284,270,173,120
343,269,94,120
360,282,67,120
343,266,99,140
325,250,130,160
314,251,165,160
314,273,177,126
305,276,186,126
305,279,186,123
305,282,186,120
305,285,186,117
305,289,186,113
305,291,186,111
305,293,186,109
305,295,186,107
305,298,186,104
305,298,186,104
306,298,186,104
307,298,186,104
307,298,186,104
308,298,187,104
308,298,187,104
308,294,187,104
317,294,187,104
324,294,187,104
334,289,184,109
348,286,182,113
352,286,189,113
364,286,196,113
373,283,196,113
379,283,205,113
390,281,205,119
406,269,195,126
406,256,211,139
417,259,211,139
419,252,209,139
422,245,206,139
424,252,206,116
424,252,200,116
422,251,200,116
418,251,200,116
415,250,200,116
412,250,200,116
409,252,204,122
396,254,207,129
396,254,207,121
381,254,207,121
379,255,202,121
383,258,188,117
380,259,191,117
377,260,193,117
373,259,193,117
373,261,189,115
375,261,189,115
377,261,189,115
379,264,189,115
379,263,190,115
379,263,191,115
379,262,191,115
379,262,192,115
379,261,192,115
379,261,193,115
379,260,193,115
379,259,194,115
379,259,195,115
378,254,195,115
382,250,195,116
386,246,195,117
390,240,195,117
390,240,195,119
390,240,195,120
390,240,195,122
390,240,195,124
390,238,195,125
390,236,195,127
390,235,195,129
390,233,195,130
390,233,195,130
391,233,195,130
392,233,195,130
393,233,195,130
393,233,195,130
394,233,195,130
395,233,195,130
396,233,195,130
396,233,195,130
397,233,195,130
398,233,195,130
399,233,195,130
394,234,195,130
390,234,195,130
386,235,195,130
382,236,195,130
372,242,195,128
369,244,195,128
366,246,195,128
363,249,195,128
366,249,195,128
370,249,195,128
371,249,197,128
372,249,198,128
372,249,198,128
373,249,198,128
374,249,198,128
374,249,198,128
374,249,198,130
374,249,198,133
374,249,198,136
374,249,198,139
377,250,198,139
379,251,198,139
382,252,198,139
385,254,198,139
387,255,198,139
389,255,198,141
391,255,198,144
393,255,198,146
395,255,198,148
395,256,198,148
396,258,198,148
397,259,198,148
397,260,198,148
397,261,198,148
397,265,198,148
400,267,198,148
403,269,198,148
399,270,198,148
395,270,198,148
391,270,198,148
391,270,198,148
392,270,197,148
392,270,197,148
393,270,196,148
393,270,196,148
394,270,195,148
394,270,194,148
394,270,194,148
395,270,193,148
391,270,193,148
387,270,193,148
383,270,193,148
382,269,193,148
377,269,194,148
372,269,195,148
364,274,196,148
363,276,196,148
362,278,196,148
361,279,196,148
360,281,196,148
362,282,194,148
364,284,193,148
366,285,191,148
369,287,190,148
371,288,188,148
373,290,187,148
378,286,187,151
384,283,187,153
390,279,187,156
390,278,187,156
390,277,187,156
390,276,187,156
390,274,187,156
390,274,185,156
390,274,182,156
390,274,180,156
390,274,178,156
390,274,176,156
390,274,174,156
390,274,172,156
390,274,169,156
390,274,167,156
390,274,165,156
392,276,165,156
394,278,165,156
392,279,166,156
391,279,167,156
390,279,168,156
389,280,168,156
388,280,169,156
386,281,170,156
385,281,171,156
384,282,172,156
383,282,173,156
382,282,174,156
381,283,174,156
379,283,175,156
377,284,177,158
374,285,179,160
372,286,181,162
369,287,183,164
364,287,183,164
359,287,183,164
352,289,183,164
346,290,183,164
341,290,183,164
336,290,183,164
330,290,181,164
325,290,179,164
327,290,172,164
330,290,165,164
332,290,159,164
332,298,149,164
348,298,117,164
373,298,72,164
383,298,53,164
394,299,45,164
372,298,83,164
351,298,121,164
346,298,133,164
336,296,148,164
337,290,148,164
335,289,153,162
332,287,157,160
330,286,162,158
328,285,166,156
323,285,171,156
323,285,170,156
322,276,171,162
321,267,171,169
319,267,179,169
316,267,187,169
312,267,191,169
308,267,195,169
305,267,198,169
303,269,199,169
301,272,200,169
299,274,201,169
299,274,201,171
299,274,201,173
299,274,201,175
299,274,201,177
299,274,201,179
299,278,201,179
299,281,201,179
299,280,201,179
299,279,201,179
299,278,201,179
299,277,201,179
299,276,201,179
299,275,201,179
299,274,201,179
299,273,201,179
299,272,201,179
299,272,201,179
299,271,201,179
299,270,201,179
299,269,201,179
299,268,201,179
303,268,197,179
307,268,193,179
311,268,189,179
311,268,179,179
334,268,143,175
341,268,122,175
345,268,112,175
359,268,88,175
361,268,70,175
369,268,54,175
378,268,40,175
374,268,44,175
363,268,63,175
356,268,80,175
337,268,115,175
327,268,128,175
327,268,138,175
323,268,147,175
318,268,152,175
314,268,157,175
314,268,175,175
314,268,177,173
314,268,178,170
314,268,179,168
314,268,180,165
317,268,180,165
320,268,180,165
321,267,180,165
323,267,180,165
324,267,180,165
325,267,180,165
326,267,180,165
327,267,180,165
329,265,180,165
332,263,180,165
334,261,180,165
334,258,180,165
334,254,180,165
334,250,180,165
338,246,180,165
342,242,180,165
345,241,180,165
348,232,180,165
348,231,180,165
353,224,183,165
357,218,186,165
361,212,186,165
364,212,186,165
366,211,186,165
368,214,186,165
375,215,178,165
382,216,171,165
381,223,171,165
382,225,171,165
383,228,171,165
382,228,171,165
381,228,171,165
375,229,171,165
370,231,171,165
366,235,176,165
363,240,180,165
363,240,191,165
361,246,191,165
361,250,191,165
361,254,191,165
366,257,191,165
372,260,191,165
379,261,191,165
386,263,191,165
394,255,186,173
403,247,182,180
409,247,182,180
410,236,182,188
410,225,182,196
410,230,182,190
410,234,182,184
410,227,182,184
409,228,184,184
408,230,185,184
406,232,187,184
405,234,189,184
404,236,191,184
404,235,191,184
404,234,191,184
404,233,191,184
403,233,192,184
403,232,193,184
403,232,194,184
402,231,195,184
402,231,196,184
401,231,197,184
402,231,197,184
403,231,197,183
403,232,197,182
404,232,197,182
404,233,197,181
405,233,197,180
406,234,197,180
406,234,197,179
408,234,195,178
409,234,193,176
411,233,191,175
412,233,189,173
413,232,187,172
414,232,186,170
418,233,180,170
422,234,175,170
425,235,175,170
428,235,175,170
431,236,175,170
432,236,175,170
433,237,175,170
433,237,175,170
432,237,175,170
431,237,175,170
430,237,175,170
430,237,175,170
430,237,175,170
426,240,175,170
422,243,175,170
418,243,175,170
413,243,175,170
409,243,175,170
404,247,184,170
400,250,192,170
393,254,195,170
386,258,197,170
383,256,197,170
375,263,197,170
368,269,197,170
357,277,197,170
357,270,197,177
350,269,197,177
348,270,197,177
346,272,197,177
343,274,197,177
339,277,197,177
343,285,195,171
347,292,193,165
350,296,188,162
354,299,183,159
361,295,183,159
366,299,183,156
372,304,183,153
374,305,178,151
375,305,174,148
375,307,174,147
375,306,174,147
375,306,174,147
375,306,174,147
375,306,174,147
374,305,174,147
374,305,174,147
374,305,174,147
374,305,174,147
373,304,174,147
373,304,174,147
373,304,174,147
373,304,174,147
372,303,174,147
372,303,174,147
372,303,174,147
372,303,174,147
372,303,174,147
371,302,174,147
371,302,174,147
371,302,174,147
371,302,174,147
370,301,174,147
370,301,170,147
370,301,167,147
370,301,165,147
368,303,159,147
363,303,159,147
350,303,169,155
347,303,169,155
340,302,169,157
333,301,169,159
328,300,169,159
326,299,174,158
324,298,178,157
321,296,183,157
328,295,179,156
330,295,179,156
332,295,178,156
334,295,178,156
334,295,174,156
336,294,174,156
336,300,174,151
345,294,169,151
346,293,169,151
347,292,169,151
355,291,164,151
354,291,164,146
355,290,162,146
357,290,160,146
358,289,158,146
360,289,156,146
359,289,156,146
357,289,156,146
356,289,156,146
355,289,156,146
354,289,156,146
352,287,156,146
350,285,156,146
348,276,158,147
346,268,160,148
344,262,162,148
342,256,164,148
342,250,164,148
342,243,164,148
341,225,164,148
341,226,164,148
341,227,164,148
341,228,164,148
341,228,164,148
341,229,164,148
341,230,164,148
341,231,164,148
341,232,164,148
341,232,164,148
341,233,164,148
339,229,164,148
340,230,164,148
340,230,164,148
340,231,164,148
340,231,164,148
340,232,164,148
341,233,164,148
341,233,164,148
336,236,164,148
332,238,164,148
330,241,164,148
328,243,164,148
330,244,152,148
331,245,141,148
333,246,130,148
338,245,124,148
342,238,116,148
360,240,76,148
370,238,53,148
385,229,49,148
387,220,63,139
386,223,66,131
381,238,75,126
381,238,85,140
352,231,139,147
350,231,146,147
348,231,155,147
343,231,160,147
338,231,166,147
333,231,170,147
333,231,183,147
334,236,183,147
332,236,183,147
330,236,183,147
330,236,178,147
330,236,177,147
330,236,177,147
330,236,177,147
332,237,177,147
329,238,177,147
329,238,176,147
330,238,176,147
330,238,176,147
330,238,176,147
330,238,175,147
330,238,175,147
330,238,175,147
330,238,175,147
330,238,175,147
333,238,175,147
334,238,175,147
336,238,175,147
342,237,166,147
346,237,159,147
359,236,131,147
366,234,106,147
373,234,89,147
381,238,70,147
381,240,70,147
381,241,67,147
379,240,50,147
370,236,59,147
355,238,89,148
345,237,104,149
326,242,132,149
314,243,142,150
306,240,156,150
298,242,171,151
295,242,176,151
292,241,178,152
292,242,177,153
293,243,178,153
301,243,173,154
304,245,168,154
319,241,145,155
316,241,147,155
315,240,152,156
