383,313,16,42
383,313,16,42
384,313,16,42
384,313,16,42
384,313,16,42
384,314,16,42
384,314,16,42
385,314,16,42
385,314,16,42
385,314,16,42
385,315,16,42
385,315,16,42
385,315,16,42
386,315,16,42
386,315,16,42
386,315,16,42
386,316,16,42
386,316,16,42
387,316,16,42
387,316,16,42
387,316,16,42
387,317,16,42
387,317,16,42
388,317,17,42
388,317,17,42
388,317,17,42
389,317,17,42
389,317,17,42
389,317,17,42
389,317,17,42
390,317,17,42
390,317,17,42
390,317,17,42
391,317,17,42
391,317,17,42
391,317,17,42
392,317,17,42
392,317,17,42
392,317,17,42
392,317,17,42
393,317,17,42
393,317,17,42
393,317,17,42
394,317,17,42
394,317,17,42
394,317,17,43
395,317,17,43
395,317,17,43
395,317,17,43
395,317,17,43
396,317,18,43
396,317,18,43
396,317,18,43
397,317,18,43
397,317,18,43
397,317,18,43
397,317,18,43
398,317,18,43
398,317,18,43
398,317,18,43
399,317,18,43
399,317,18,43
399,317,18,43
400,317,18,43
400,317,18,43
400,317,18,43
400,317,18,43
401,317,18,43
401,317,18,43
401,317,18,43
402,317,18,43
402,317,18,43
402,317,18,44
403,317,18,44
403,317,18,44
403,317,18,44
403,317,18,44
404,317,19,44
404,317,19,44
404,317,19,44
405,317,19,44
405,317,19,44
405,317,19,44
406,317,19,44
406,317,19,44
406,317,19,44
406,317,19,44
407,317,19,44
407,317,19,44
407,317,19,44
408,317,19,44
408,317,19,44
408,317,19,44
408,317,19,44
409,317,19,44
409,317,19,44
409,317,19,44
410,317,19,44
410,317,19,44
410,317,19,44
411,317,19,45
411,317,19,45
411,317,19,45
411,317,19,45
412,317,20,45
412,317,20,45
412,317,20,45
413,317,20,45
413,317,20,45
413,317,20,45
414,317,20,45
414,317,20,45
414,317,20,45
414,317,20,45
415,317,20,45
415,317,20,45
415,317,20,45
416,317,20,45
416,317,20,45
416,317,20,45
417,317,20,45
417,317,20,45
417,317,20,45
417,317,20,45
418,317,20,45
418,317,20,45
418,317,20,45
419,317,20,46
419,317,20,46
419,317,20,46
420,317,20,46
420,317,21,46
420,317,21,46
420,317,21,46
421,318,21,46
421,318,21,46
421,318,21,46
422,318,21,46
422,318,21,46
422,318,21,46
422,318,21,46
423,318,21,46
423,318,21,46
423,318,21,46
424,318,21,46
424,318,21,46
424,318,21,46
425,318,21,46
425,318,21,46
425,318,21,46
426,318,21,46
426,318,21,46
426,318,21,46
427,318,21,46
427,318,21,47
428,318,21,47
428,318,21,47
428,318,21,47
429,318,21,47
429,318,22,47
429,318,22,47
430,318,22,47
430,318,22,47
431,318,22,47
431,318,22,47
431,318,22,47
432,318,22,47
432,318,22,47
433,318,22,47
433,318,22,47
433,318,22,47
434,318,22,47
434,319,22,47
435,319,22,47
435,319,22,47
435,319,22,47
436,319,22,47
436,319,22,47
436,319,22,47
437,319,22,47
437,319,22,47
438,319,22,48
438,319,22,48
438,319,22,48
439,319,22,48
439,319,22,48
440,319,23,48
440,319,23,48
440,319,23,48
441,319,23,48
441,319,23,48
441,319,23,48
442,319,23,48
442,319,23,48
443,319,23,48
443,319,23,48
443,319,23,48
444,319,23,48
444,320,23,48
445,320,23,48
445,320,23,48
445,320,23,48
446,320,23,48
446,320,23,48
446,320,23,48
447,320,23,48
447,320,23,48
448,320,23,48
448,320,23,49
448,320,23,49
449,320,23,49
449,320,23,49
450,320,23,49
450,320,24,49
450,320,24,49
451,320,24,49
451,320,24,49
451,320,24,49
452,320,24,49
452,320,24,49
453,320,24,49
453,320,24,49
453,320,24,49
454,320,24,49
454,320,24,49
455,321,24,49
455,321,24,49
455,321,24,49
456,321,24,49
456,321,24,49
457,321,24,49
457,321,24,49
457,321,24,49
458,321,24,49
458,321,24,49
458,321,24,49
459,321,24,50
459,321,24,50
460,321,24,50
460,321,24,50
460,321,25,50
461,321,25,50
461,321,25,50
462,321,25,50
462,321,25,50
462,321,25,50
463,321,25,50
463,321,25,50
464,321,25,50
464,321,25,50
465,320,25,50
465,320,25,50
466,320,25,50
466,320,25,50
466,319,25,50
467,319,25,50
467,319,25,50
468,319,25,50
468,319,25,50
469,319,25,50
470,319,25,50
471,319,25,50
472,319,25,50
473,319,25,50
473,319,25,50
474,319,25,50
475,319,25,50
476,319,25,50
477,318,25,50
478,318,25,50
479,317,25,50
480,317,25,50
483,314,25,50
486,311,25,50
489,308,25,50
492,305,25,50
495,302,25,50
497,299,25,50
500,296,25,50
503,293,25,50
505,292,25,50
507,290,25,50
508,289,25,50
510,287,25,50
511,286,25,50
513,284,25,50
515,283,25,50
516,281,25,50
518,279,25,50
520,278,25,50
523,273,25,50
526,268,25,50
528,263,25,50
531,258,25,50
534,253,25,50
537,248,25,50
540,243,25,50
543,238,25,50
546,233,25,50
545,233,25,50
543,233,25,50
543,234,25,50
542,234,25,50
541,234,25,50
541,234,25,50
540,234,25,50
539,234,25,50
539,234,25,50
538,234,25,50
537,234,25,50
537,234,25,50
536,234,25,50
535,234,25,50
533,236,25,50
531,238,25,50
529,241,25,50
527,243,25,50
525,245,25,50
523,247,25,50
521,249,25,50
521,252,25,50
520,255,25,50
519,258,25,50
519,262,25,50
518,265,25,50
517,268,25,50
517,271,25,50
517,270,25,50
517,270,25,50
517,269,25,50
518,269,25,50
518,268,25,50
518,267,25,50
518,267,25,50
518,266,25,50
518,266,25,50
519,265,25,50
519,264,25,50
520,264,25,50
522,265,25,50
524,265,25,50
526,265,25,50
527,265,25,50
529,265,25,50
531,265,25,50
533,265,25,50
534,265,25,50
535,265,25,50
536,266,25,51
537,266,25,51
537,266,25,51
538,266,25,51
539,266,25,51
540,266,25,51
541,267,25,51
541,267,25,51
542,267,25,51
543,267,25,51
544,267,25,51
544,267,25,52
545,268,25,52
546,268,25,52
547,268,25,52
548,268,25,52
548,268,25,52
549,268,25,52
550,269,25,52
551,269,25,52
552,269,25,52
552,269,25,53
553,269,25,53
554,269,25,53
555,270,25,53
556,270,25,53
556,270,25,53
557,270,25,53
558,270,25,53
559,270,25,53
559,271,25,53
560,271,25,53
561,271,25,54
562,271,25,54
563,271,25,54
563,271,25,54
564,272,25,54
565,272,25,54
566,272,25,54
567,272,25,54
567,272,25,54
568,272,25,54
569,273,25,55
570,273,25,55
571,273,25,55
571,273,25,55
572,273,25,55
573,273,25,55
574,274,25,55
574,274,25,55
575,274,25,55
576,274,25,55
577,274,25,55
578,274,25,56
578,275,25,56
579,275,25,56
580,275,25,56
581,275,25,56
582,275,25,56
582,275,25,56
583,276,25,56
584,276,25,56
585,276,24,56
585,276,24,56
586,276,24,57
587,276,24,57
588,277,24,57
589,277,24,57
589,277,24,57
590,277,24,57
591,277,24,57
592,277,24,57
593,278,24,57
593,278,24,57
594,278,24,58
595,278,24,58
596,278,24,58
597,278,24,58
597,279,24,58
597,279,24,58
596,279,24,58
596,279,24,58
596,280,24,58
595,280,24,58
595,280,24,58
594,280,24,59
594,281,24,59
594,281,24,59
593,281,24,59
593,281,24,59
592,282,24,59
593,282,24,59
594,282,24,59
595,283,25,60
595,283,25,60
596,283,25,60
597,283,25,60
597,284,25,60
598,284,25,61
599,284,26,61
600,285,26,61
600,285,26,61
601,285,26,62
602,286,26,62
603,286,26,62
603,286,26,62
604,286,27,62
605,287,27,63
606,287,27,63
606,287,27,63
607,288,27,63
608,288,27,63
608,288,27,64
609,288,28,64
610,289,28,64
611,289,28,64
611,289,28,64
612,290,28,65
613,290,28,65
614,290,28,65
614,291,29,65
615,291,29,65
616,291,29,66
617,291,29,66
617,292,29,66
617,292,29,66
618,292,29,66
618,293,29,66
619,293,30,66
619,293,30,66
620,293,30,66
620,294,30,67
621,294,30,67
621,294,30,67
622,295,30,67
622,295,30,67
623,295,30,67
623,295,30,67
624,296,30,67
624,296,31,67
624,296,31,67
625,296,31,68
625,297,31,68
626,297,31,68
626,297,31,68
627,298,31,68
627,298,31,68
628,298,31,68
628,298,31,68
629,299,31,68
629,299,32,68
630,299,32,68
630,300,32,69
631,300,32,69
631,300,32,69
631,300,32,69
632,300,32,69
632,301,32,69
632,301,32,69
633,301,32,69
633,301,32,69
633,301,32,69
634,301,32,70
634,301,32,70
634,302,32,70
635,302,32,70
635,302,33,70
635,302,33,70
636,302,33,70
636,302,33,70
636,302,33,70
637,303,33,70
637,303,33,70
637,303,33,71
638,303,33,71
639,303,33,71
639,303,33,71
640,304,33,71
641,304,33,72
642,304,33,72
643,304,33,72
643,304,33,72
644,305,33,72
645,305,33,73
646,305,33,73
647,305,34,73
647,305,34,73
648,306,34,74
649,306,34,74
650,306,34,74
651,306,34,74
651,306,34,74
652,307,34,75
653,307,34,75
654,307,34,75
655,307,34,75
655,307,34,76
656,307,34,76
657,308,34,76
658,308,34,76
658,308,34,76
659,308,34,77
660,308,34,77
661,309,35,77
662,309,35,77
663,309,35,78
664,309,35,78
665,309,35,78
666,310,35,78
667,310,35,78
668,310,35,78
670,311,35,78
671,311,35,78
672,312,35,78
674,312,35,78
675,313,35,78
677,314,35,78
678,314,35,78
679,315,35,78
681,315,35,78
682,316,35,78
684,316,35,78
685,317,35,78
687,317,35,78
689,318,35,78
691,318,35,78
692,319,35,78
694,319,35,78
696,320,35,78
698,320,35,78
699,321,35,78
700,321,35,78
701,321,35,78
702,321,35,78
703,321,35,78
704,321,35,78
706,321,35,78
706,321,35,79
707,321,35,79
707,320,35,79
708,320,35,79
708,320,35,79
708,319,35,79
709,319,35,80
709,319,35,80
710,319,35,80
710,318,35,80
711,318,35,80
711,318,35,80
709,318,35,80
706,318,35,81
703,318,35,81
703,319,36,81
702,320,36,81
701,321,36,81
701,322,36,81
700,323,37,81
696,325,37,82
692,327,37,82
688,329,37,82
686,331,37,82
684,333,38,82
681,335,38,82
679,336,38,82
677,337,38,82
674,338,38,82
672,339,38,82
669,341,38,82
667,342,38,82
665,341,37,82
662,341,37,82
660,340,37,82
658,339,36,82
655,339,36,82
656,341,36,82
652,343,36,82
648,345,36,82
640,347,36,82
639,348,35,82
639,349,35,82
635,349,35,82
631,350,35,82
625,348,35,83
618,346,34,84
612,344,34,84
604,342,34,84
596,340,34,84
587,339,34,84
578,334,34,84
568,330,34,84
558,325,34,84
554,321,35,86
549,316,35,87
544,311,36,89
539,307,37,90
540,307,37,90
540,306,37,90
541,306,37,90
541,306,37,90
541,305,37,90
542,305,37,90
537,299,37,90
527,294,37,90
514,291,37,90
495,289,37,90
493,285,37,90
491,281,37,90
489,278,37,90
485,272,37,90
481,266,37,90
476,260,37,90
472,255,37,90
469,249,37,90
466,243,37,90
463,237,37,90
461,236,37,84
462,237,37,84
463,237,37,84
464,237,37,84
465,238,37,84
466,238,37,84
473,237,37,84
480,235,37,84
487,233,37,84
490,230,37,84
494,227,37,84
491,227,39,88
488,227,41,91
480,228,41,91
476,226,41,91
473,224,41,91
469,223,41,91
473,225,40,91
476,227,39,91
479,229,39,91
485,235,39,91
491,240,39,91
496,245,39,91
505,247,39,91
507,246,39,91
508,245,39,91
508,243,39,91
507,242,39,91
505,240,39,91
494,241,39,91
493,239,39,91
492,237,39,91
492,235,39,91
493,236,39,91
495,237,40,91
497,238,40,91
498,239,40,92
500,239,41,92
502,240,41,92
503,241,42,92
509,242,43,92
514,244,44,92
520,245,45,92
522,244,46,92
525,244,48,93
527,243,49,93
532,240,49,93
536,237,49,93
547,229,49,93
558,221,49,93
562,217,46,93
565,213,43,93
556,208,49,93
559,213,46,94
562,218,42,96
561,223,42,97
561,228,41,98
560,232,41,100
561,238,41,100
567,238,41,100
573,239,41,100
579,239,41,100
585,236,41,100
590,233,41,100
596,230,41,100
596,227,41,100
595,224,41,100
593,222,41,100
592,219,41,100
590,217,41,100
590,218,41,100
590,220,42,100
590,221,43,100
590,223,44,100
590,224,44,100
590,226,45,100
590,227,46,100
590,229,47,100
590,230,47,100
592,229,47,100
593,228,47,101
594,227,47,101
595,226,47,102
597,225,47,102
598,224,47,103
599,223,46,104
601,225,46,104
603,227,46,104
603,229,46,104
603,231,46,104
603,236,46,104
603,241,46,104
604,245,46,104
604,250,46,104
604,248,46,104
604,247,46,105
604,245,46,106
604,243,46,106
603,242,46,107
603,240,46,107
603,238,46,108
603,237,46,109
603,235,45,109
602,236,46,110
600,236,47,110
599,236,47,110
598,237,48,110
597,237,49,110
595,237,49,110
593,238,49,111
590,238,48,111
588,239,47,111
586,240,47,112
583,240,46,112
581,241,45,112
576,242,45,112
572,244,45,112
567,245,45,112
563,246,45,112
558,248,45,112
555,247,45,112
552,245,45,112
549,244,45,112
546,243,45,112
543,242,45,112
540,241,45,112
536,239,45,112
533,238,45,112
535,238,45,112
537,239,45,112
538,239,45,112
540,239,45,112
542,239,45,112
543,238,48,113
545,238,50,113
546,237,52,113
547,236,54,114
548,235,56,114
550,234,58,114
550,235,57,115
551,235,55,117
551,235,53,118
552,236,52,119
552,236,50,120
553,237,49,121
553,237,47,122
554,237,46,124
554,238,44,125
555,238,43,126
557,238,43,125
559,239,44,124
562,239,45,123
564,239,45,122
566,240,46,122
569,240,46,121
571,240,47,120
573,241,48,119
576,241,48,118
574,242,47,119
572,243,45,119
570,244,44,120
568,245,42,120
566,246,41,121
565,244,42,122
565,243,43,122
564,241,44,123
563,240,45,124
560,243,48,124
557,246,50,125
554,249,53,126
552,252,55,126
549,255,58,127
546,258,60,128
547,258,57,128
548,258,54,128
549,258,50,128
550,258,47,128
551,258,44,128
553,258,41,128
553,260,40,127
554,261,40,127
554,262,40,126
555,263,40,126
556,264,39,125
557,266,39,125
558,267,39,124
562,267,39,124
556,267,39,124
549,266,39,124
543,265,39,124
536,265,39,124
529,264,39,124
533,262,39,124
537,260,39,124
543,262,39,124
549,265,39,124
555,267,39,124
561,269,39,124
567,272,39,124
572,274,39,124
578,276,39,124
581,271,39,124
574,272,43,125
567,273,47,126
562,271,42,126
570,274,42,126
578,276,42,126
585,278,42,126
593,280,42,126
602,283,42,126
605,283,42,126
608,282,42,126
612,282,42,126
615,282,42,126
627,288,34,126
630,289,35,126
634,290,36,126
637,291,38,126
640,293,39,126
644,294,40,126
647,295,42,126
647,293,42,126
647,291,42,126
646,291,42,126
646,291,42,126
646,290,42,126
650,297,38,119
648,298,42,130
647,297,42,128
645,296,42,127
644,296,42,126
643,300,42,126
638,294,42,126
636,293,42,126
648,290,42,126
660,291,42,126
672,292,42,126
676,290,42,126
680,288,42,126
681,289,42,126
677,285,42,126
685,287,42,126
673,288,42,126
658,293,42,126
640,298,42,126
623,301,42,126
620,300,42,126
617,299,42,126
615,297,42,126
612,296,42,126
618,299,42,126
617,299,42,126
615,300,42,126
613,300,42,126
612,300,42,126
619,298,42,126
627,295,42,126
618,289,42,126
625,289,42,126
632,290,42,126
639,291,42,126
642,291,42,126
645,291,42,126
647,290,42,126
650,290,42,126
653,289,42,126
662,292,42,126
670,298,42,126
667,299,42,126
666,299,42,126
666,298,42,126
662,297,42,126
660,296,42,126
653,290,42,126
645,292,42,126
632,291,42,126
628,294,42,126
625,297,42,126
622,299,42,126
618,301,42,126
617,303,42,126
616,304,42,126
614,306,42,126
613,308,42,126
612,305,42,126
611,308,42,126
611,308,42,126
612,307,42,126
616,307,42,126
620,306,42,126
622,305,42,126
623,303,42,126
621,302,42,126
617,302,42,126
613,303,42,126
610,303,42,126
602,301,42,126
600,304,42,126
598,304,42,126
598,304,42,126
597,303,42,126
596,303,42,126
595,303,42,126
595,303,42,126
594,303,42,126
593,303,42,126
594,307,42,126
590,304,42,126
590,304,42,126
591,307,42,126
593,305,42,126
597,306,42,126
600,306,42,126
604,307,42,126
608,308,42,126
605,309,42,126
602,310,42,126
598,310,42,126
595,311,42,126
594,308,42,126
593,308,42,126
592,309,42,126
591,309,42,126
591,310,42,126
591,311,42,126
583,304,42,126
582,303,42,126
581,303,42,126
580,302,42,126
579,302,42,126
578,301,42,126
573,301,42,126
567,300,42,126
579,302,42,126
594,305,42,126
592,307,42,126
589,309,42,126
597,307,42,126
605,306,42,126
601,309,42,126
603,309,42,126
605,308,42,126
606,308,42,126
608,308,42,126
610,308,42,126
612,309,42,126
614,309,42,126
613,309,42,127
612,309,42,127
611,309,42,127
610,309,42,127
609,309,42,127
602,307,42,127
595,305,42,127
587,303,42,127
580,302,42,127
569,303,42,127
570,304,42,127
571,305,42,127
572,305,42,127
573,306,42,127
574,307,42,127
575,307,42,127
576,308,42,127
577,309,42,128
578,310,42,128
584,310,42,128
590,310,42,128
595,309,42,128
600,309,42,128
605,308,42,128
610,308,42,128
615,307,42,128
613,308,42,128
611,310,42,128
609,311,42,128
612,312,42,128
615,313,42,128
618,314,42,128
611,313,42,128
604,313,42,128
596,313,42,129
589,312,42,129
582,312,42,129
575,312,42,129
569,312,42,129
562,312,42,129
555,312,42,129
552,311,42,129
550,311,42,129
548,310,42,129
545,310,42,129
544,310,42,129
542,311,42,129
531,303,43,155
523,304,43,147
515,305,42,138
507,306,42,129
505,306,43,130
503,306,44,130
500,307,45,130
507,311,42,130
512,310,42,130
516,310,42,130
521,310,42,130
525,310,42,130
529,310,42,130
530,307,42,130
530,304,42,130
531,301,42,130
531,298,42,130
520,296,42,130
509,295,42,130
502,294,42,130
496,293,42,130
490,292,42,131
490,293,42,131
490,295,43,131
490,296,43,131
490,298,44,131
491,300,44,131
489,299,44,131
488,297,44,131
487,296,44,131
485,295,44,131
484,294,44,131
483,293,44,131
482,296,44,131
481,298,44,131
481,301,44,130
480,304,44,130
480,307,44,130
479,310,44,130
478,313,44,130
483,313,44,130
488,313,44,130
493,313,44,130
498,313,45,130
503,313,45,130
502,312,45,130
500,311,45,130
499,310,45,130
497,309,45,130
496,308,45,131
495,307,45,131
498,306,45,131
501,305,45,131
505,304,45,131
504,303,45,131
506,303,45,132
508,302,46,132
510,302,46,132
511,301,46,132
513,301,46,132
515,300,46,133
520,300,46,133
524,300,46,133
527,301,46,133
530,302,46,133
536,304,46,133
543,307,46,134
545,307,46,134
547,307,46,134
549,307,46,134
552,306,46,134
556,306,46,134
559,305,46,134
563,305,46,134
566,304,46,134
570,305,46,134
575,305,46,134
579,306,46,134
581,308,46,134
583,311,46,134
585,313,46,134
587,315,46,134
588,318,46,134
588,318,46,134
588,318,46,134
587,318,46,134
587,318,46,134
587,318,46,134
586,318,46,134
586,318,46,134
586,318,46,134
585,318,46,134
585,318,46,134
585,318,46,134
589,320,46,134
594,322,46,134
599,324,46,134
603,326,46,134
608,328,46,134
616,328,46,134
624,328,46,134
632,329,46,134
641,329,46,134
649,329,46,134
647,325,46,134
634,323,46,134
621,320,46,134
608,317,46,134
603,318,46,134
598,319,46,134
592,319,46,134
589,320,46,134
585,321,46,134
581,322,46,134
578,322,46,134
582,322,46,134
587,322,46,134
591,322,46,134
595,322,46,134
602,323,46,134
609,323,46,134
616,323,46,134
623,323,46,134
628,324,46,134
632,325,46,134
636,326,46,134
640,326,46,134
645,327,46,134
648,327,46,134
651,327,46,134
655,327,46,134
658,327,46,134
657,326,47,133
656,326,47,133
655,325,47,133
651,324,48,132
646,323,48,132
641,322,48,132
636,321,48,132
633,321,48,132
630,321,48,132
627,321,48,132
624,321,48,132
621,321,48,132
618,321,48,132
624,320,48,132
629,318,48,132
634,317,48,132
639,319,48,132
645,321,48,132
650,323,48,132
655,325,48,132
660,327,50,132
664,328,51,132
668,330,53,132
673,331,54,132
673,330,54,132
673,329,54,132
673,329,54,132
674,328,54,132
674,327,54,132
674,326,54,132
675,325,54,132
675,325,54,132
676,325,54,132
677,325,54,132
678,325,54,132
678,324,54,132
678,325,54,132
677,325,54,132
677,325,54,132
679,320,54,132
680,315,54,132
679,315,53,131
678,316,52,131
677,316,52,130
675,316,51,130
674,317,50,130
673,317,49,129
671,318,48,129
670,318,47,128
669,319,46,128
667,319,46,127
666,320,45,125
664,321,45,124
663,322,45,123
663,322,45,123