515,90,21,42
515,87,23,45
515,88,21,45
511,89,26,45
512,87,21,47
511,87,23,47
507,88,24,46
507,88,23,46
507,89,24,46
507,89,23,45
503,89,26,52
501,89,27,50
500,92,24,45
501,91,23,49
498,91,26,47
497,92,27,45
497,93,24,42
498,92,24,45
498,93,22,45
498,92,23,46
496,93,24,46
496,93,23,45
494,93,27,46
495,93,26,45
496,93,23,44
495,93,27,45
497,93,24,47
495,93,26,47
496,93,23,47
497,93,23,47
498,94,22,47
496,95,26,45
497,95,24,45
495,94,24,46
495,95,26,47
495,96,24,47
493,95,23,47
493,95,24,47
492,95,23,48
491,97,22,45
486,95,23,47
485,96,22,48
482,96,26,46
481,97,24,47
480,98,22,44
481,96,23,46
478,96,23,46
476,96,23,50
470,98,27,45
468,96,28,46
466,98,27,47
466,96,21,45
464,98,22,46
463,99,24,47
460,100,24,45
459,98,24,47
456,100,23,50
453,99,22,50
451,100,23,50
447,99,24,50
446,100,22,49
444,99,24,50
442,101,22,47
439,102,24,47
435,101,26,50
434,100,22,50
433,101,21,49
430,102,23,51
428,103,24,50
427,102,21,51
422,100,22,56
420,102,20,51
416,100,23,49
418,100,21,51
416,102,21,53
413,100,22,52
411,105,22,55
408,108,26,51
406,108,24,51
404,106,23,50
402,106,22,50
399,107,24,50
399,108,23,47
396,107,21,49
395,107,21,50
392,109,23,49
388,109,22,51
387,109,21,50
385,109,22,50
384,110,21,51
381,110,22,56
379,111,23,56
378,112,24,53
378,111,23,50
376,111,24,50
375,112,22,50
371,113,22,46
370,113,23,49
367,113,22,45
365,112,24,44
365,114,21,47
364,113,20,50
362,113,19,46
360,114,21,48
358,114,21,49
355,114,22,49
354,114,20,50
351,114,20,47
349,114,23,48
347,115,21,49
345,114,23,50
346,114,21,50
344,114,21,48
343,115,21,49
341,114,21,52
337,117,21,51
336,115,23,48
332,116,21,50
330,117,22,48
329,117,21,51
329,118,21,49
327,117,22,50
323,118,24,51
321,119,26,53
320,120,24,51
318,120,24,49
316,122,26,47
316,123,21,43
315,122,26,46
312,121,26,48
311,121,27,50
311,121,23,50
310,123,24,50
310,124,23,48
302,121,27,54
303,123,26,54
301,124,24,52
301,124,26,56
300,124,26,54
299,124,26,64
298,124,26,57
298,125,23,54
296,124,26,58
292,125,27,60
290,125,26,56
290,124,26,60
289,125,27,58
286,126,31,59
286,126,29,58
283,127,31,57
282,125,30,60
283,126,28,61
281,126,29,60
281,128,28,62
279,127,29,62
278,128,34,59
280,129,31,62
280,130,31,59
276,127,35,63
278,129,31,63
277,130,33,62
277,129,31,61
277,128,32,63
276,130,30,61
276,130,32,64
278,130,31,65
277,131,31,60
277,130,31,60
276,130,32,61
276,133,34,63
275,131,34,63
275,131,33,62
276,131,33,61
277,132,32,62
281,134,26,59
279,132,31,63
278,133,33,64
276,132,34,61
277,133,32,62
278,134,30,63
280,135,30,59
278,135,33,61
279,134,31,61
280,135,33,61
279,135,31,62
282,135,30,64
282,135,30,64
280,136,32,63
280,138,32,61
282,138,30,61
279,137,34,63
282,138,32,64
279,138,33,61
280,137,33,62
279,139,33,61
281,139,32,61
280,138,35,63
281,140,30,62
279,142,30,62
275,140,33,65
273,140,33,63
277,142,30,60
276,142,28,62
275,140,29,65
271,141,35,66
271,142,33,62
272,142,31,61
270,143,32,61
271,142,29,65
269,143,29,66
268,145,29,61
268,144,31,66
267,144,31,63
268,145,30,63
266,146,31,62
264,145,33,71
267,146,28,66
263,147,30,63
264,147,31,67
261,148,32,62
262,147,31,66
261,148,32,65
263,151,30,64
261,151,30,67
262,151,32,66
259,150,34,66
261,151,32,67
261,151,32,67
259,152,31,66
260,151,33,65
261,151,32,65
259,151,34,69
259,152,32,66
260,153,33,67
260,151,34,70
260,152,32,73
259,153,32,70
260,152,31,71
254,153,36,72
259,152,34,75
260,155,32,71
258,155,34,71
259,156,32,71
260,156,32,71
256,155,34,75
258,156,32,73
255,156,33,69
255,156,33,70
255,158,34,71
254,158,32,71
253,159,34,71
254,159,33,71
251,159,36,74
251,158,34,72
253,160,30,73
252,161,31,73
249,161,32,77
248,161,32,74
247,161,33,71
244,164,35,70
242,164,35,74
242,162,38,77
240,164,37,78
242,165,36,77
240,167,35,72
238,167,35,73
237,166,34,75
236,165,35,77
234,168,35,75
233,168,36,76
230,168,37,76
231,168,37,78
231,172,36,70
230,170,34,75
227,170,36,75
225,172,39,77
223,171,40,78
223,172,41,78
221,172,44,77
222,172,40,76
221,173,40,76
222,174,38,77
220,174,40,77
219,175,41,79
222,173,37,77
219,174,36,75
218,173,37,77
216,176,40,81
217,175,41,80
212,177,45,78
215,178,40,76
215,178,37,80
209,180,39,78
210,178,39,80
209,178,40,81
211,182,38,77
210,181,39,80
209,181,39,82
209,180,37,84
206,182,38,78
205,182,35,77
204,186,36,76
203,183,35,74
205,186,31,77
202,186,35,81
200,186,36,79
198,187,36,79
197,185,36,85
195,188,38,82
196,188,34,80
189,188,40,80
188,188,38,82
188,188,36,83
187,190,36,80
189,192,35,80
187,193,35,85
190,192,33,83
187,190,36,86
187,193,35,87
186,195,34,83
181,193,36,86
180,196,37,81
179,195,38,83
177,196,38,81
177,197,38,84
175,198,38,84
172,199,38,86
169,198,38,89
169,202,36,87
167,203,35,87
169,201,30,86
165,201,35,90
162,204,39,83
163,205,35,82
159,205,37,88
157,205,37,85
155,205,36,87
155,207,36,87
154,208,33,88
154,207,33,88
151,208,33,90
150,209,34,88
149,209,35,87
148,209,34,91
148,210,34,94
147,210,35,92
145,213,31,90
144,214,33,92
142,213,32,92
138,214,34,90
137,214,31,93
131,217,37,87
131,218,36,89
129,217,38,89
126,217,39,89
124,215,36,98
122,220,37,93
122,222,33,89
120,220,32,92
116,220,35,95
115,222,35,93
110,225,36,93
105,225,44,94
102,224,43,95
102,225,40,95
102,226,38,96
98,229,40,94
94,229,43,94
90,229,43,95
89,227,40,96
87,230,41,98
85,232,38,98
85,231,38,98
80,231,43,102
79,231,40,104
81,232,37,102
80,237,34,98
74,236,37,98
72,235,36,103
69,236,37,101
65,238,40,102
61,240,40,101
59,241,43,101
55,240,41,103
54,242,40,99
48,243,46,102
44,245,41,105
39,243,49,105
43,243,41,107
38,246,46,103
38,250,45,98
34,249,46,106
29,249,49,107
31,249,44,108
29,251,43,109
23,253,44,104
23,254,41,104
23,254,41,104
18,255,46,103
10,256,49,100
12,258,46,104
3,258,51,106
2,258,49,107
2,259,47,109
1,262,43,109
