124,392,57,59
129,372,57,55
135,357,57,56
148,344,57,56
157,337,58,52
167,329,58,49
179,323,58,49
193,324,58,49
207,328,59,44
219,333,59,44
233,349,58,49
248,366,53,50
258,390,49,49
263,411,46,47
260,389,47,48
257,371,47,48
256,356,45,46
258,343,51,45
257,340,51,45
270,338,44,40
278,338,44,40
286,338,44,40
294,340,44,40
295,344,52,53
302,360,50,53
306,396,49,39
303,387,51,42
299,379,53,45
294,359,57,48
288,344,57,52
284,327,57,52
281,320,57,52
278,307,58,57
276,295,58,57
274,289,58,57
272,286,58,57
270,286,58,57
268,286,58,57
268,299,59,50
268,311,51,54
269,331,50,55
256,358,50,55
243,387,54,56
230,401,60,57
222,378,60,57
209,354,60,57
200,338,60,57
196,332,53,48
192,320,53,48
192,311,52,43
192,307,52,39
196,301,56,39
210,301,56,39
224,301,54,38
237,306,60,36
258,310,60,36
265,308,60,36
273,307,60,36
288,314,60,36
303,321,60,36
321,332,60,40
367,376,38,38
373,392,50,43
375,377,57,58
369,357,57,58
367,347,59,53
364,337,59,53
361,329,59,53
358,317,59,53
354,304,63,58
349,294,63,58
347,282,63,58
343,271,63,60
343,260,64,59
352,254,57,54
352,249,59,53
355,246,63,52
362,245,57,52
368,247,62,52
373,252,64,54
380,268,67,58
384,291,67,62
392,325,64,66
396,384,58,66
393,401,63,63
382,374,63,63
367,347,70,64
359,339,64,66
342,291,63,63
331,275,63,55
321,261,66,55
317,249,66,55
309,239,71,62
306,231,71,62
310,230,72,57
313,225,75,58
320,223,75,58
335,225,78,58
354,228,80,54
380,236,75,58
401,254,70,60
415,270,70,60
429,291,63,57
443,313,63,57
443,345,63,57
452,378,56,65
448,385,56,65
444,367,56,69
420,349,56,65
405,330,49,55
398,316,44,52
393,301,46,63
393,293,46,42
389,281,50,45
390,279,52,41
390,277,52,39
395,264,56,43
409,264,56,43
424,263,56,43
443,263,56,43
470,263,56,43
486,262,56,43
521,262,56,43
532,258,56,43
548,258,56,43
568,262,56,43
661,258,56,43
681,263,56,43
705,285,63,57
731,316,59,62
749,350,60,59
769,362,61,66
768,345,56,64
769,315,56,64
769,286,56,64
766,265,55,57
761,245,56,53
756,230,56,53
742,216,57,53
731,208,64,47
726,199,64,47
715,193,63,46
710,185,54,43
701,181,56,46
696,177,56,46
690,175,56,40
690,177,56,40
690,179,56,40
690,181,56,40
690,189,56,42
690,195,58,47
694,208,60,48
701,226,60,53
706,246,64,60
707,273,63,65
711,314,63,66
721,349,50,68
722,385,52,68
711,368,59,68
701,336,58,66
689,310,57,61
681,284,57,61
672,258,57,61
660,245,60,55
656,233,56,51
650,221,56,51
641,218,56,47
636,212,57,50
631,209,57,48
631,210,57,48
635,212,56,48
640,214,56,48
647,224,56,44
655,232,56,44
664,245,56,44
671,259,59,53
680,275,62,61
690,304,62,61
697,332,59,63
709,366,55,62
718,395,55,62
718,397,55,62
718,394,55,62
715,373,55,62
710,328,56,59
706,314,54,56
699,296,55,52
689,282,57,52
683,274,57,52
675,269,57,52
670,267,54,50
665,270,54,50
660,282,54,51
655,300,56,59
655,327,56,62
650,360,57,64
648,391,57,64
642,403,57,64
633,382,51,63
620,354,52,64
606,323,55,63
593,307,57,54
589,290,51,50
589,271,51,50
594,254,50,49
591,247,53,46
567,247,53,46
540,248,53,46
524,246,53,46
511,254,53,46
502,254,54,50
498,260,54,50
493,260,59,50
499,260,59,50
507,257,59,50
518,257,59,50
546,251,59,50
557,247,59,50
567,244,63,51
575,247,72,47
582,246,75,47
603,254,63,50
608,258,55,53
614,267,55,50
617,282,58,53
621,306,57,60
618,336,57,63
612,371,57,63
595,410,60,70
589,440,63,67
573,411,69,87
559,378,64,76
552,349,60,71
545,321,54,60
536,299,54,60
532,283,53,55
511,272,58,53
493,260,62,52
481,257,62,52
478,255,62,52
483,252,62,52
500,250,62,52
523,251,62,52
546,249,56,54
591,238,56,54
607,232,56,54
622,225,58,56
631,223,60,56
642,224,65,55
658,226,57,49
670,227,57,49
680,236,57,49
680,245,61,50
680,254,61,50
652,264,63,51
618,281,63,57
590,299,63,57
577,325,60,64
571,355,59,78
568,394,54,72
563,434,58,67
551,464,61,69
531,469,54,69
512,437,56,69
493,414,61,60
483,384,56,57
479,360,56,61
478,351,54,43
483,313,56,54
521,306,51,51
527,300,55,49
527,300,56,46
527,300,58,45
531,301,58,45
536,303,58,45
546,303,50,44
558,301,50,44
564,296,50,44
567,292,51,49
561,288,51,49
539,282,58,45
523,282,58,45
514,287,57,44
511,295,57,44
518,301,57,44
531,309,59,46
540,320,60,52
547,333,60,55
545,362,63,63
551,398,57,71
554,440,59,68
556,483,54,67
538,531,63,45
540,522,64,51
543,482,62,60
545,445,62,60
539,409,62,60
541,391,56,55
536,359,56,55
531,338,56,55
529,323,56,55
529,313,54,55
532,306,53,50
531,297,53,50
533,297,51,45
536,295,52,48
538,292,53,50
541,292,58,50
543,293,63,50
555,293,63,50
557,295,63,50
560,297,63,50
563,298,61,50
565,299,59,49
568,299,58,48
576,300,58,48
592,303,60,48
603,307,60,48
610,317,60,48
621,328,59,50
630,343,59,50
637,359,61,56
640,373,60,71
636,403,60,66
636,437,51,65
618,478,53,60
606,475,53,63
567,465,57,63
553,441,54,62
545,412,56,67
532,386,61,63
533,379,57,52
527,365,57,52
530,358,51,44
531,352,52,38
538,344,52,38
550,340,52,35
559,335,52,35
562,336,51,35
565,331,55,50
572,344,53,50
579,368,52,60
585,396,50,68
595,434,48,57
602,469,48,57
609,454,59,68
617,428,57,74
626,408,56,57
639,389,50,48
654,375,50,48
674,364,53,54
673,360,50,48
672,359,50,48
675,352,49,46
677,381,48,44
642,305,47,42
671,359,38,40
625,299,46,38
618,307,45,36
610,307,46,38
599,304,50,48
592,312,46,44
585,319,43,41
578,333,46,44
570,347,50,48
564,372,48,45
566,406,50,48
568,425,48,60
568,434,53,63
591,417,49,56
598,397,48,48
609,362,48,48
623,345,48,48
637,343,43,48
631,343,43,48
635,341,43,48
639,339,43,48
643,299,43,48
634,305,44,51
625,312,43,50
617,319,43,50
608,325,43,49
600,332,43,48
598,313,43,48
597,294,43,48
590,293,43,48
584,293,43,48
577,292,43,48
564,288,34,36
547,286,47,39
535,286,52,39
521,289,47,38
513,289,47,38
480,303,47,38
461,313,51,38
443,338,46,38
426,363,47,46
424,390,45,56
421,418,51,54
433,396,51,57
450,368,55,61
473,348,54,49
507,317,55,48
524,298,52,48
536,282,53,52
545,274,50,46
548,264,50,46
551,251,50,46
553,245,50,46
553,240,50,46
556,236,50,46
556,233,50,45
556,230,47,40
553,228,42,40
548,229,46,36
547,229,44,37
545,228,43,38
543,233,43,38
538,238,43,38
536,246,38,38
535,254,38,38
533,265,40,39
531,277,40,41
531,292,40,47
530,313,39,55
531,343,35,50
531,376,35,50
533,401,38,50
536,404,39,50
539,384,38,50
544,360,32,44
545,343,31,39
576,295,26,34
551,303,26,34
548,302,28,34
542,301,34,41
542,294,33,39
541,287,33,38
540,279,32,36
540,272,31,34
539,264,31,33
527,265,32,33
514,264,33,33
505,267,34,33
495,272,36,33
491,277,38,35
485,281,38,35
481,286,38,35
477,290,38,35
475,290,39,37
474,290,43,38
472,287,43,40
471,282,43,40
471,278,43,40
472,274,42,40
474,267,42,40
478,262,43,40
484,259,44,43
491,258,44,43
492,258,43,41
493,258,42,40
490,260,42,40
490,263,42,40
489,269,42,40
488,270,43,39
487,270,44,39
487,270,44,39
486,269,44,39
486,269,44,39
478,270,44,39
472,270,44,39
466,270,44,39
464,270,44,39
462,270,44,39
460,270,44,39
457,270,44,39
457,269,44,39
457,268,44,39
457,268,44,39
456,267,44,39
455,267,44,39
453,268,44,39
450,269,44,39
445,270,44,39
438,273,44,39
431,273,44,39
426,275,44,39
420,275,46,39
418,276,46,39
416,276,46,39
413,276,49,39
412,274,46,39
412,275,52,39
414,275,49,39
417,274,46,39
419,273,52,40
420,274,49,38
423,275,51,38
423,276,47,36
414,273,50,38
410,272,50,38
406,271,50,38
403,270,51,38
405,269,50,36
410,265,50,36
412,261,48,37
423,260,47,37
431,257,47,37
445,256,47,37
456,254,47,37
466,254,47,37
467,257,50,37
466,257,50,37
461,258,46,36
449,259,46,36
445,261,46,36
443,258,46,36
436,258,46,36
430,257,50,39
426,257,44,36
421,256,44,36
417,253,44,36
408,251,44,36
401,251,44,36
390,248,44,36
387,247,44,36
380,244,44,36
374,241,44,36
372,240,44,36
367,238,44,36
358,233,44,36
349,226,44,36
343,222,44,36
340,219,44,36
332,217,44,36
322,215,44,36
315,213,44,36
309,212,44,36
301,207,44,36
293,207,44,36
287,205,44,36
281,203,44,36
277,202,44,38
275,201,44,38
274,201,44,38
272,199,44,38
269,199,44,38
266,198,44,38
261,198,44,38
255,202,44,38
248,207,44,38
245,214,44,38
245,217,42,36
245,215,44,38
245,213,46,39
240,213,45,37
236,213,44,35
231,213,44,35
224,213,45,37
222,217,44,34
221,222,44,34
220,226,44,34
220,229,43,34
222,232,43,34
226,232,43,34
235,229,43,34
245,231,43,34
245,237,43,34
247,237,44,35
249,236,44,37
250,236,45,38
255,238,45,35
261,236,45,35
265,231,45,35
274,228,45,35
279,228,45,35
285,222,47,36
301,216,47,36
316,216,50,35
332,215,50,35
349,212,48,37
362,212,44,38
371,212,41,32
375,213,38,33
373,215,37,33
369,217,35,33
361,219,35,33
360,218,35,33
366,218,35,33
372,217,35,33
378,216,35,33
384,216,35,33
390,215,35,33
396,214,35,33
401,213,35,33
402,212,34,32
407,212,36,33
413,213,36,33
423,216,39,36
428,216,39,36
429,217,39,34
430,218,39,32
426,218,39,32
420,218,39,30
418,217,39,30
417,216,39,30
415,214,39,30
418,213,39,32
420,213,38,34
420,213,38,33
420,213,38,32
422,213,36,32
424,214,33,32
425,215,32,32
429,216,32,32
431,216,32,32
432,216,32,32
434,216,32,32
435,216,32,32
440,213,32,31
445,211,32,29
449,208,31,28
448,207,31,28
447,207,31,28
441,207,31,28
437,207,31,28
431,207,31,28
427,211,31,28
426,213,27,27
420,214,27,27
414,215,27,27
411,219,25,24
405,218,26,25
402,219,26,25
398,219,26,25
397,219,26,25
395,217,26,25
393,215,26,25
393,215,26,26
392,215,26,27
391,215,27,28
388,215,28,28
388,217,28,28
388,217,28,30
388,217,28,32
388,219,28,32
388,219,29,32
386,221,30,32
385,221,30,32
384,221,30,32
382,220,28,32
380,218,30,34
379,218,30,34
378,218,29,33
377,218,29,33
375,218,29,33
374,218,29,33
374,218,27,31
373,220,27,31
373,220,27,31
373,221,26,29
373,221,26,29
374,221,26,29
375,221,26,29
376,221,27,29
377,221,27,29
380,220,27,29
384,219,28,29
391,217,30,29
395,215,31,29
400,215,31,29
405,214,30,29
407,214,30,29
410,215,30,29
412,214,27,30
412,214,28,30
412,215,29,30
411,217,29,28
411,217,29,28
412,217,30,28
412,217,30,28
412,217,30,28
413,216,31,30
413,216,31,30
413,215,31,30
414,215,30,30
414,213,30,30
414,213,30,31
412,213,32,31
412,213,31,30
411,213,31,28
409,213,29,28
407,213,29,28
402,213,30,26
399,213,30,26
396,213,31,27
394,213,31,27
389,213,32,27
384,213,33,27
380,213,33,27
377,214,33,27
374,214,34,28
369,215,38,30
368,217,35,28
367,218,35,28
366,219,35,28
367,221,35,28
367,221,34,30
367,224,34,30
367,224,34,29
368,225,34,29
368,226,33,28
368,226,33,28
368,226,32,28
367,226,32,28
367,226,32,28
367,226,32,28
366,226,32,28
366,226,31,28
365,226,31,28
363,226,31,28
362,226,31,28
359,225,32,28
357,225,32,28
355,226,32,28
353,227,32,28
351,229,32,28
350,229,32,28
349,229,32,28
348,229,32,28
346,229,32,28
344,229,32,28
344,230,32,27
345,230,31,27
345,231,31,27
345,231,31,27
345,232,31,27
345,232,32,28
345,233,32,28
344,234,32,27
344,236,31,27
343,237,31,26
343,238,31,26
342,239,31,26
341,239,31,26
340,240,31,26
339,240,31,26
339,240,31,26
338,240,31,26
338,240,30,26
337,240,29,25
337,239,29,25
336,241,29,25
335,242,29,25
335,243,29,25
334,245,29,25
331,246,29,25
328,247,29,25
323,249,29,25
318,251,29,25
315,253,29,25
309,255,31,25
304,258,31,25
299,262,32,24
294,264,32,24
289,265,32,24
286,265,32,24
280,267,32,24
278,266,32,24
270,267,33,25
266,267,32,26
262,266,32,26
259,264,29,26
254,262,29,26
249,256,29,26
243,253,31,25
238,253,31,25
231,251,31,25
227,252,31,25
223,255,32,25
221,259,32,25
218,264,31,24
218,269,31,28
215,279,31,31
211,286,37,30
212,297,33,30
210,301,31,28
207,298,30,33
209,297,27,35
206,298,31,32
203,304,31,28
208,302,31,28
208,303,31,28
207,305,32,28
207,303,32,28
207,302,32,28
207,300,32,28
207,299,32,28
207,297,33,28
208,296,33,29
208,294,33,29
208,292,33,29
204,291,34,29
207,293,32,27
211,289,34,29
210,287,35,29
210,285,36,30
210,285,41,30
214,285,41,30
217,284,42,30
221,283,42,30
225,282,42,30
225,279,42,30
229,275,42,30
238,271,34,31
240,267,34,29
241,265,35,24
241,265,34,23
242,265,33,23
243,265,33,23
244,267,33,23
249,273,31,25
251,280,31,25
254,288,32,27
254,297,37,34
268,316,28,32
267,337,28,25
272,354,25,25
273,359,26,26
272,343,27,27
271,326,28,29
268,317,30,36
270,305,28,32
270,296,28,25
268,290,29,31
266,284,33,33
270,279,25,23
266,278,35,38
274,276,26,22
274,276,27,21
272,276,27,22
270,276,27,22
268,277,26,23
266,277,26,23
264,277,26,24
269,282,26,24
271,281,26,25
273,281,26,25
278,280,26,26
284,280,26,26
288,279,26,27
292,279,26,27
297,276,26,27
312,277,26,27
322,275,24,23
324,270,26,24
328,267,27,24
333,259,27,24
335,256,29,25
337,251,29,25
339,248,29,25
339,248,29,25
338,247,29,25
340,247,29,25
338,250,31,25
337,255,31,25
337,262,31,26
335,270,31,26
333,286,30,30
329,299,30,30
324,317,31,32
325,339,30,29
323,351,30,29
316,335,30,29
310,321,30,29
305,309,27,27
299,300,27,27
295,296,27,27
287,282,29,21
281,276,31,22
276,272,33,22
273,267,31,23
268,264,31,24
266,264,34,25
268,266,30,23
269,262,29,28
271,263,29,28
273,263,29,28
276,264,28,28
279,264,27,28
282,264,25,27
284,264,22,26
286,263,23,26
288,263,24,26
290,262,25,26
292,262,26,26
293,262,26,26
294,262,26,26
294,262,26,26
294,262,26,26
295,262,26,26
295,262,26,26
296,261,26,26
297,261,26,26
297,261,26,26
298,260,26,26
298,257,26,26
297,254,27,28
297,252,28,29
296,248,28,29
296,245,28,29
295,239,28,29
295,238,28,29
295,237,29,29
296,236,30,28
296,236,30,28
297,236,30,28
298,236,31,28
296,236,31,28
295,237,32,28
293,237,33,28
291,237,33,28
290,236,33,28
288,236,33,28
285,233,33,28
282,232,33,28
280,229,33,28
279,228,33,28
280,224,33,31
279,222,33,31
281,219,33,31
282,217,35,31
283,214,35,31
285,213,36,30
288,211,36,30
293,208,36,30
297,207,36,30
303,206,36,30
309,204,36,30
313,203,36,30
315,203,36,30
318,203,36,30
319,203,36,30
320,202,36,30
319,202,36,30
318,201,36,30
318,201,36,30
317,200,36,30
317,199,36,30
317,198,36,30
317,198,37,30
317,196,37,31
318,195,37,31
319,195,37,31
320,194,37,31
321,193,38,31
323,193,38,31
324,191,38,31
324,191,38,31
325,190,38,31
326,189,38,31
328,189,38,31
330,187,38,31
333,185,38,31
336,183,38,31
337,184,38,31
338,183,38,31
340,183,38,31
343,183,39,30
346,183,39,30
348,183,38,30
350,183,38,30
350,183,38,30
352,183,38,30
355,183,38,30
355,183,38,30
355,183,38,30
354,183,39,30
354,183,39,30
353,183,39,30
353,184,39,30
352,184,39,30
354,184,39,30
355,184,39,30
357,183,39,30
360,183,39,30
363,183,39,30
368,183,39,30
372,183,39,30
376,182,39,30
380,182,39,30
386,181,39,30
393,181,41,31
396,182,41,31
399,183,41,31
398,184,41,31
396,185,41,31
393,187,41,31
388,187,41,31
381,192,42,31
373,196,42,32
367,201,42,32
366,204,42,32
369,208,42,32
370,213,42,32
373,223,41,35
372,235,41,35
369,244,42,35
364,245,42,34
356,245,44,33
351,245,42,31
348,244,42,31
347,237,42,39
349,229,42,36
350,227,41,35
351,225,41,34
350,226,41,36
347,226,41,36
344,226,41,36
337,229,43,38
328,234,43,38
325,238,43,38
331,238,43,38
341,233,43,38
349,232,43,38
352,232,43,38
358,231,43,38
362,229,43,38
366,229,43,38
368,229,43,38
371,229,43,38
377,229,43,38
384,229,43,38
390,229,43,38
394,229,45,38
399,229,45,38
403,229,45,38
407,229,43,39
410,229,43,39
412,229,42,39
414,230,42,38
415,230,41,38
416,229,40,38
417,229,39,38
417,230,39,38
418,231,40,38
418,231,40,38
416,231,40,38
417,231,40,38
419,230,40,38
420,230,40,38
421,230,40,38
422,230,40,38
421,229,41,38
421,228,41,38
420,227,41,38
419,226,42,39
418,226,42,39
418,225,42,39
415,224,42,37
412,223,43,35
410,223,43,35
408,223,43,35
409,222,43,35
412,220,43,35
409,218,43,35
407,216,43,35
405,216,43,35
403,216,43,35
400,217,43,35
398,217,43,35
396,217,43,35
385,221,43,35
374,226,43,35
358,227,46,36
344,231,46,36
335,233,46,36
329,238,44,34
330,238,44,34
335,238,44,34
342,238,49,32
360,237,49,32
378,239,49,32
393,240,53,33
410,241,56,34
429,247,61,37
447,256,58,43
461,268,56,47
476,289,48,49
483,311,41,46
478,336,45,61
478,375,45,48
461,395,56,48
452,387,52,44
414,350,52,44
405,332,44,41
391,315,44,41
383,303,45,41
382,292,47,40
384,283,47,37
392,274,47,37
399,269,47,37
407,264,47,37
417,260,47,37
429,259,47,37
440,256,47,37
451,256,47,37
459,256,47,37
466,255,43,37
469,254,43,37
471,252,42,35
471,248,42,35
465,251,42,35
459,250,42,35
450,247,44,32
441,247,46,30
433,248,46,30
424,253,45,29
415,256,42,29
408,264,38,29
404,273,34,30
395,282,30,32
410,300,21,32
400,311,25,40
396,333,24,37
378,340,24,37
381,338,24,37
384,337,24,37
387,337,24,37
375,331,26,37
363,325,29,37
370,321,31,37
378,317,33,37
380,312,33,37
382,310,30,37
385,309,30,37
387,308,30,37
386,309,31,37
385,310,32,37
384,312,33,36
385,318,32,36
381,325,35,40
380,337,35,40
377,349,36,40
376,363,40,40
376,378,40,40
374,395,42,37
370,384,42,46
367,371,35,43
363,362,34,41
360,348,34,41
360,341,34,41
357,338,39,36
353,336,43,36
354,336,43,36
355,336,43,36
357,336,43,36
358,336,43,36
361,340,43,36
365,347,43,36
367,355,43,36
371,366,46,37
374,377,46,37
376,387,43,42
374,379,44,36
372,371,44,36
367,359,47,38
366,352,44,36
364,345,44,36
364,344,44,36
363,342,44,36
371,345,46,37
386,362,46,37
402,372,46,37
417,372,46,37
426,355,49,40
437,346,46,37
449,336,46,37
458,329,46,37
456,328,46,37
454,326,46,37
451,321,46,37
449,315,46,37
446,309,46,37
444,304,46,37
438,305,46,37
433,305,46,37
428,306,46,37
423,307,46,37
417,307,46,37
412,308,46,37
407,309,46,37
401,310,46,37
384,313,46,37
390,312,46,37
396,311,46,37
403,309,46,37
409,308,46,37
416,306,46,37
422,305,46,37
428,304,46,37
435,302,46,37
442,294,43,39
449,285,39,41
457,276,36,42
464,267,32,44
462,263,33,38
459,256,34,37
458,252,34,37
454,250,34,37
449,250,33,40
444,250,32,39
440,250,33,37
436,257,33,37
436,269,33,37
439,281,31,44
436,303,31,44
420,307,31,44
407,307,31,44
405,306,31,44
403,305,31,44
401,304,31,44
398,303,31,44
396,302,31,44
394,301,31,44
392,300,31,44
390,299,31,44
388,298,31,44
386,297,31,44
384,296,31,44
382,295,31,44
380,294,31,44
377,293,31,44
375,292,31,44
373,291,31,44
371,290,31,44
369,289,31,44
367,288,31,44
370,289,31,44
367,283,31,44
401,311,31,44
372,279,31,44
369,284,31,44
374,270,31,44
400,252,39,42
406,260,36,41
413,275,36,40
420,294,38,43
426,313,39,46
432,333,41,49
436,358,41,49
440,388,42,50
437,376,43,53
433,348,43,52
427,332,52,40
421,312,52,40
423,300,52,40
423,288,45,37
422,276,47,44
420,267,49,48
420,263,48,45
418,259,49,43
417,256,49,43
416,256,51,42
417,254,50,42
414,255,49,43
414,256,50,43
414,257,51,43
412,258,52,43
412,258,53,40
411,257,53,40
410,257,53,40
409,256,53,40
409,256,53,40
409,255,53,40
409,255,51,40
409,255,50,40
409,255,48,40
409,255,47,40
409,255,45,40
405,256,47,41
402,256,49,41
402,257,48,41
402,258,48,40
402,259,47,40
400,260,49,39
399,262,50,38
397,262,50,38
399,262,48,37
399,262,48,37
398,262,49,37
397,262,49,37
397,262,49,37
397,262,49,37
397,262,49,37
397,262,49,37
397,262,49,37
397,262,49,37
397,262,49,37
397,262,49,37
397,262,49,37
397,262,49,37
397,262,49,37
397,262,49,37
397,262,49,37
397,262,49,37
397,262,49,37
397,262,49,37
398,262,49,37
398,262,49,37
398,262,49,37
396,262,49,37
394,261,49,37
393,261,49,37
391,260,49,37
389,260,49,37
391,260,46,36
390,260,46,36
389,261,46,36
388,262,46,36
388,262,46,36
388,262,46,36
388,263,46,36
388,263,46,36
388,264,46,36
388,264,46,36
387,265,46,36
387,265,46,36
386,265,46,36
385,265,46,36
384,265,46,36
383,265,46,36
381,265,46,36
379,266,46,36
377,266,46,36
375,266,46,36
372,269,46,36
368,269,46,36
365,270,46,36
361,270,46,36
358,271,46,36
355,273,46,36
353,273,46,36
351,273,46,36
351,275,46,36
350,276,45,36
348,277,45,36
345,277,45,36
338,276,45,36
335,279,45,36
333,279,45,36
331,279,45,36
333,278,45,36
336,276,45,36
346,273,45,36
362,270,45,36
368,271,45,36
371,270,45,36
362,266,45,36
347,265,45,36
325,266,48,37
308,266,48,37
294,269,48,37
286,270,48,37
286,275,43,34
282,277,44,37
274,281,44,37
270,285,42,38
267,288,40,38
263,289,40,38
260,290,40,38
257,289,40,38
254,288,40,38
245,290,40,38
236,291,40,38
227,292,42,40
222,292,42,40
215,295,43,40
213,297,43,40
211,299,43,40
211,300,43,40
210,300,43,40
210,301,43,40
210,302,43,40
212,302,43,40
214,301,43,40
217,300,45,40
223,298,45,40
228,296,45,40
236,293,45,40
239,287,50,40
241,282,52,46
241,278,52,46
246,277,52,46
246,275,50,44
247,273,48,43
247,276,48,42
248,279,47,41
249,283,49,41
249,294,50,40
249,301,54,45
250,315,53,46
250,336,50,52
249,359,54,51
258,390,49,49
257,413,47,51
250,414,47,50
252,396,41,48
249,378,41,48
240,359,41,48
228,345,41,48
227,337,41,48
225,332,41,48
224,328,41,48
222,324,41,48
220,316,41,48
218,309,41,48
217,302,41,48
215,295,41,48
213,287,41,48
219,287,41,48
225,286,41,48
230,285,41,48
236,284,41,48
242,283,41,48
248,282,41,48
251,280,40,46
254,278,40,45
257,275,40,43
260,273,39,42
263,271,39,41
266,269,39,39
268,271,42,38
270,274,44,37
270,278,47,36
274,283,52,39
283,291,56,47
292,304,56,52
300,325,54,61
310,355,49,60
314,388,51,55
316,420,49,50
311,400,49,50
302,378,49,50
294,352,52,51
288,333,52,51
281,315,52,51
274,306,57,48
280,296,46,55
276,289,48,50
274,285,50,47
269,283,53,44
268,281,51,42
267,280,51,42
267,280,52,40
268,280,53,40
269,280,54,40
272,281,56,40
274,282,57,41
283,283,52,38
285,281,55,38
285,279,55,38
290,276,54,44
293,275,52,40
297,270,53,39
297,269,53,39
301,267,53,39
304,266,53,39
309,268,53,39
310,272,53,39
314,276,53,39
319,286,53,44
322,295,53,45
323,313,53,45
324,324,53,53
318,344,54,55
311,368,56,57
306,390,52,63
305,411,39,58
278,401,39,58
270,387,48,53
255,366,48,53
249,357,52,49
244,348,52,48
238,338,52,48
238,338,54,41
239,334,52,38
241,332,50,38
242,331,53,38
247,330,56,38
256,337,56,37
263,340,56,37
273,345,56,37
283,352,53,38
296,361,40,43
306,374,36,47
329,353,36,47
323,369,36,47
329,365,37,47
335,361,37,46
344,358,38,46
353,355,38,46
362,351,39,46
365,344,40,46
363,337,42,46
361,330,44,46
362,326,43,44
361,324,42,41
361,314,42,41
361,304,42,41
361,300,43,43
362,296,44,46
361,291,44,46
353,290,44,46
352,290,44,46
349,290,44,46
345,289,44,46
342,288,44,46
341,291,44,46
339,293,44,46
360,356,44,46
380,420,44,46
379,403,44,46
380,363,44,46
375,317,44,46
388,323,48,53
384,313,52,50
380,303,57,46
378,294,61,47
376,290,62,41
373,288,62,41
370,286,62,41
366,286,60,41
362,286,57,41
358,286,57,41
354,285,57,41
352,284,57,41
350,284,57,41
350,281,58,46
349,279,59,51
349,276,59,51
354,275,55,49
354,270,53,48
354,265,49,45
354,262,49,45
352,262,41,46
351,262,41,46
349,262,41,46
342,263,41,46
339,266,41,46
333,273,41,46
329,275,41,46
320,313,41,46
312,351,41,46
303,388,41,46
306,414,41,46
303,428,44,49
295,401,48,56
284,379,48,56
277,362,50,53
269,347,50,53
262,343,54,44
258,337,54,44
258,332,50,48
254,325,53,48
257,322,53,48
261,321,53,48
268,321,53,48
276,318,53,48
290,320,53,48
302,319,53,48
311,311,53,48
319,311,53,48
324,310,53,48
328,309,53,48
333,308,53,48
340,300,52,48
348,292,50,48
355,285,49,48
356,282,49,48
357,279,49,48
357,276,49,48
358,274,49,48
359,269,49,48
357,266,49,48
359,259,49,48
361,248,49,48
365,240,49,48
368,233,49,48
370,225,49,48
372,217,49,48
371,212,51,48
368,212,53,43
361,207,53,43
358,205,55,46
355,205,52,45
351,204,50,45
349,205,50,45
347,206,50,45
349,205,50,45
352,205,50,45
355,204,50,45
358,208,51,44
361,212,52,44
366,213,52,44
374,219,53,44
378,225,57,43
382,235,57,43
385,250,57,43
382,258,51,41
373,265,51,41
