53,201,64,136
63,199,55,136
63,199,55,136
63,199,56,136
63,199,57,136
56,200,67,136
49,201,78,136
43,202,88,136
48,202,85,136
53,202,82,136
58,202,79,136
63,202,76,136
66,202,76,136
69,203,76,136
72,203,76,136
72,203,75,136
72,203,75,136
72,203,74,136
69,206,74,134
65,209,74,132
61,211,74,130
64,212,74,130
66,212,74,129
68,212,74,128
71,213,74,128
74,213,73,128
78,213,72,128
82,213,72,128
85,213,71,128
86,213,70,128
87,213,69,128
87,213,72,128
88,213,75,128
88,213,78,128
94,213,76,128
100,213,74,128
106,213,72,128
112,213,71,128
118,213,67,128
123,213,64,128
129,213,61,128
134,213,58,128
140,213,55,128
141,214,64,127
143,214,74,126
144,215,84,125
151,215,86,125
157,214,88,125
161,213,84,125
165,211,81,125
169,210,81,125
172,209,81,125
183,208,69,125
195,207,57,125
197,209,57,125
200,211,57,125
200,211,64,125
200,211,71,125
198,212,71,125
196,213,71,125
181,215,81,123
165,218,92,121
169,218,86,122
173,219,80,123
177,219,74,124
183,218,67,124
189,217,59,124
186,217,62,124
183,217,65,124
179,217,69,124
176,217,72,124
171,217,72,124
167,218,72,124
161,217,79,124
156,217,86,124
158,217,86,124
159,217,85,124
161,217,84,124
167,216,74,124
173,215,65,124
179,214,56,124
177,215,56,124
176,217,56,124
169,217,67,124
162,217,77,124
155,217,88,124
159,219,90,121
163,221,93,118
167,223,96,116
171,223,89,116
175,223,82,116
179,223,74,116
179,223,69,116
180,223,64,116
181,223,59,116
177,223,63,116
172,223,67,116
168,223,72,116
162,222,76,116
155,222,80,116
149,221,84,116
145,219,81,116
141,217,78,116
137,215,76,116
139,213,70,116
141,210,63,116
143,207,57,116
144,207,62,116
146,206,67,117
148,206,72,117
153,204,77,116
158,202,82,115
163,201,86,114
171,198,86,114
179,195,86,114
190,196,74,114
201,197,62,114
212,198,49,114
212,208,49,113
212,217,49,111
207,223,49,111
203,229,49,111
197,233,54,111
192,237,58,111
187,240,66,111
183,243,74,111
180,243,76,107
179,246,76,106
178,249,76,107
177,251,76,109
178,255,69,109
178,258,61,109
178,258,58,109
178,258,55,109
177,259,55,109
175,261,55,109
168,261,66,109
161,261,76,109
158,261,81,109
155,261,85,109
158,259,85,109
161,258,85,109
164,259,74,109
167,260,64,109
171,261,53,109
175,261,50,109
179,261,47,109
181,261,47,109
183,261,47,109
186,261,47,109
189,261,47,109
187,261,49,108
185,261,51,106
183,261,53,104
180,261,57,104
178,261,61,104
175,261,65,104
178,262,60,104
181,263,55,104
179,263,51,104
178,263,46,104
184,263,41,104
191,262,36,104
197,262,31,104
197,262,34,104
196,262,37,104
195,262,40,104
193,263,43,104
192,263,46,104
190,264,46,104
188,265,46,104
187,265,46,104
187,265,44,104
188,265,43,104
188,268,43,104
187,271,43,103
187,273,43,102
187,276,43,101
187,278,46,101
187,279,49,101
184,279,49,101
182,278,49,101
180,278,49,101
182,277,49,101
183,277,49,101
185,276,49,101
191,276,45,101
198,276,42,101
204,276,39,101
203,276,39,101
203,275,39,101
202,275,39,101
202,277,39,99
202,279,40,98
201,280,41,96
201,282,42,94
200,283,42,94
200,284,42,94
199,285,42,94
200,284,42,94
201,283,42,94
202,283,42,94
203,282,42,94
204,281,42,94
206,281,44,94
208,282,46,94
209,282,47,94
211,282,49,94
210,278,51,94
210,274,53,94
209,270,55,94
208,267,57,94
204,255,57,94
199,244,57,94
200,237,57,94
203,237,50,94
206,237,43,94
210,236,43,94
213,236,43,94
209,235,49,94
204,233,55,94
200,232,61,94
194,234,64,94
189,237,66,94
183,239,68,94
177,242,71,94
178,245,64,94
180,249,58,94
181,252,52,94
182,255,45,94
183,255,45,94
183,254,45,94
184,253,45,94
186,255,47,94
188,257,50,94
190,259,52,94
193,261,54,94
194,263,54,94
195,265,54,94
196,267,54,93
198,269,54,93
197,275,51,92
196,281,48,91
195,288,45,90
192,292,45,90
189,296,45,90
185,300,45,90
179,301,51,90
174,302,56,90
168,302,62,90
166,302,64,90
163,302,66,90
161,302,69,90
166,302,63,90
171,301,58,90
175,300,53,90
180,300,47,90
181,299,47,90
182,298,46,90
183,297,46,90
184,296,45,90
182,296,47,90
180,296,50,90
178,297,52,90
177,297,54,90
175,296,53,90
173,295,53,90
172,294,52,90
170,293,51,90
169,292,50,90
169,291,49,89
168,291,48,88
167,290,47,88
165,289,51,88
163,288,55,88
160,287,59,88
158,286,63,88
160,286,63,88
161,287,63,88
163,287,63,88
165,287,63,88
167,288,63,88
169,288,63,88
174,288,58,88
180,288,53,88
185,288,48,88
191,288,43,88
193,288,44,88
195,288,46,88
198,288,48,88
200,288,50,88
200,289,50,87
200,290,50,87
200,290,50,86
200,291,50,86
199,291,48,86
198,291,47,86
197,292,45,86
196,292,43,86
198,292,42,86
199,293,41,86
200,294,40,86
205,294,41,86
211,294,43,86
216,295,44,86
222,295,46,86
224,296,47,86
226,297,49,86
228,298,51,86
234,296,51,86
239,295,51,86
245,293,51,86
251,292,51,86
253,289,51,85
255,285,51,85
257,282,51,84
261,279,51,82
266,277,51,80
266,278,50,80
266,279,49,80
266,280,48,80
263,281,48,80
260,281,48,80
257,282,48,80
256,283,47,80
254,285,45,80
253,287,44,80
251,287,44,80
249,288,44,80
247,289,44,80
243,288,46,80
238,287,48,80
234,286,51,80
229,286,51,80
225,286,51,80
220,287,51,80
217,287,49,80
214,288,48,80
210,289,47,80
208,291,42,80
206,293,37,80
204,295,32,80
199,296,35,80
195,296,38,80
190,297,40,80
186,298,43,80
182,296,43,80
178,295,43,80
174,294,43,80
174,292,41,80
175,291,39,80
175,289,37,80
176,287,35,80
173,287,37,80
169,288,39,80
166,288,42,80
166,289,44,79
166,290,46,78
166,290,47,78
166,291,49,77
167,292,50,77
169,292,51,77
171,292,53,77
171,292,51,77
171,292,49,77
169,293,49,77
167,293,49,77
165,294,49,77
165,294,49,77
165,294,49,77
165,294,49,77
166,294,49,77
167,294,49,77
168,294,49,77
169,295,45,77
170,296,42,77
172,296,41,77
173,297,40,77
174,298,40,75
175,300,40,74
176,300,41,74
177,300,43,75
179,300,44,75
181,300,44,75
183,300,44,75
185,300,44,75
185,301,44,74
184,302,44,73
183,302,44,72
185,302,43,73
187,302,41,74
189,302,40,74
191,302,40,74
193,302,40,74
196,303,40,74
200,303,40,74
200,304,40,74
200,306,40,74
202,307,43,73
204,308,45,72
204,308,43,72
204,308,42,72
204,308,40,72
200,308,40,72
197,308,40,72
193,308,40,72
191,308,40,73
189,308,40,74
189,308,41,73
189,308,41,72
190,308,44,72
191,308,46,72
191,308,49,72
190,308,51,71
192,308,50,71
194,308,48,71
196,308,47,71
198,309,44,71
200,309,42,71
202,309,40,71
203,309,39,71
205,309,39,71
206,309,39,71
207,309,39,71
208,309,39,71
208,310,39,71
209,310,39,71
210,310,37,71
210,310,36,71
211,310,35,71
212,310,34,71
211,310,34,71
210,310,35,71
210,310,35,71
209,310,35,71
207,310,37,71
205,310,39,71
203,310,41,71
201,310,43,71
202,309,45,71
203,308,47,71
204,307,50,71
205,306,52,71
209,306,47,71
212,306,43,71
216,306,39,71
219,306,39,71
223,306,39,70
226,306,39,70
228,306,39,70
230,305,39,70
232,305,39,70
234,305,39,69
235,306,39,69
236,306,39,68
238,305,37,68
240,305,35,68
242,304,34,68
243,304,34,68
245,304,34,68
246,304,34,68
246,304,36,68
246,303,39,68
246,302,41,68
246,302,41,68
247,302,41,68
248,302,41,68
251,302,41,68
254,302,40,68
257,302,39,68
257,302,39,68
257,302,39,68
257,302,39,69
258,303,39,69
259,304,39,69
260,305,39,69
261,304,39,69
262,303,38,69
263,302,38,69
264,300,37,69
267,296,37,67
271,291,37,67
275,284,37,69
278,276,36,69
280,272,36,69
282,267,36,69
279,267,36,69
276,267,36,69
266,268,36,67
252,263,41,66
244,257,41,66
241,251,43,66
235,251,39,66
227,260,39,66
216,273,35,66
204,289,28,66
185,299,28,66
173,311,28,66
167,315,28,66
162,318,28,65
159,319,28,65
156,320,33,65
156,320,38,65
158,316,36,65
157,318,35,65
156,321,35,65
155,323,34,65
153,329,34,65
150,334,34,65
146,336,34,65
146,336,30,65
146,336,32,65
146,336,33,65
147,344,37,65
151,350,40,65
155,357,40,63
160,358,40,63
168,355,40,63
185,352,40,63
202,348,40,63
211,344,40,63
212,339,37,63
206,338,37,63
204,342,34,63
197,349,34,63
191,355,34,63
183,363,34,63
176,364,34,63
181,364,31,63
181,358,31,63
184,356,31,63
179,356,34,63
172,355,34,63
169,356,36,63
162,356,36,63
159,358,36,63
152,361,34,63
143,364,34,63
135,367,34,63
127,368,34,63
129,362,34,62
125,363,37,62
124,367,37,62
124,369,37,62
124,366,37,62
128,360,37,62
131,356,37,64
137,354,37,63
143,354,34,63
144,354,34,63
145,356,34,63
145,357,34,63
146,359,34,63
146,361,34,63
146,362,34,63
145,364,34,63
147,365,34,63
149,366,34,63
149,365,34,63
149,364,34,63
150,363,34,63
151,362,34,62
152,361,34,62
153,360,34,61
153,359,34,60
154,358,34,59
152,357,36,60
151,356,38,61
149,354,41,62
151,354,41,62
153,353,41,62
155,352,41,62
155,353,41,61
156,354,41,61
157,354,41,61
159,354,39,61
161,354,37,61
163,354,35,61
165,356,35,61
167,357,35,61
169,358,35,61
169,357,35,61
169,357,35,61
169,356,35,61
170,355,35,61
170,354,35,61
171,353,35,61
171,352,35,61
171,351,35,61
172,350,35,61
172,350,35,61
172,350,35,61
173,350,35,61
173,350,37,60
173,350,39,60
173,350,41,60
173,350,43,59
175,350,43,59
177,349,43,59
179,348,43,59
182,347,41,59
185,347,38,59
189,346,35,59
190,345,35,59
191,345,35,59
193,344,35,59
193,345,35,59
193,345,35,59
194,345,35,59
194,345,35,59
195,345,35,59
195,345,35,59
196,345,35,59
196,345,35,59
196,345,34,59
196,345,33,59
196,345,33,59
196,345,33,59
196,345,34,59
196,345,34,59
196,345,35,59
196,345,36,58
197,345,37,57
197,345,38,56
197,346,39,55
198,346,40,55
200,346,39,55
202,346,38,55
204,346,37,55
204,345,37,55
205,345,37,55
205,345,37,55
207,345,37,55
208,345,37,55
210,345,37,55
212,344,37,55
213,344,36,55
214,344,35,55
216,344,34,55
217,344,33,55
218,343,32,55
220,341,31,55
221,340,29,55
222,339,28,55
222,339,29,55
222,339,30,55
222,339,31,55
222,339,32,55
222,339,33,55
222,339,33,55
222,339,34,55
222,339,34,55
222,339,34,55
223,339,34,55
224,339,34,55
225,339,34,55
226,338,34,55
228,338,34,55
229,338,34,55
231,338,34,55
233,338,34,55
234,338,34,55
234,338,34,55
235,338,34,55
236,338,34,55
236,338,34,55
236,338,34,55
236,337,34,55
236,336,34,55
236,335,34,55
236,335,34,55
236,336,34,55
236,336,35,55
236,336,35,55
236,336,35,55
236,336,35,55
237,336,35,55
237,335,35,55
240,335,34,55
242,335,33,55
244,335,32,55
245,335,32,55
246,335,32,55
247,335,32,55
247,335,32,55
248,334,32,55
248,334,32,55
250,334,32,54
251,333,32,54
252,333,32,54
253,333,32,53
254,333,32,53
255,332,32,53
256,332,32,53
257,333,30,53
257,334,28,53
258,336,26,53
258,336,26,53
257,336,26,53
257,336,26,53
255,336,28,53
254,336,30,53
252,336,32,53
250,336,35,53
250,336,35,52
250,336,35,51
250,336,35,50
250,336,35,49
258,335,28,49
259,333,27,49
259,332,29,49
259,332,29,49
260,332,29,49
260,332,29,49
261,332,29,49
262,332,29,49
263,333,29,49
264,334,29,49
266,336,29,49
268,336,30,49
270,337,32,49
272,338,34,49
272,338,30,49
272,338,25,49
272,338,24,49
279,338,24,49
283,337,26,48
283,333,32,48
283,328,34,50
284,324,33,49
282,319,33,49
283,315,33,48
291,313,30,48
298,314,29,48
299,314,29,48
300,315,29,48
296,315,29,48
296,315,26,51
293,315,28,51
293,314,28,51
293,316,25,50
293,317,23,49
293,317,24,49
293,318,25,49
295,318,24,49
298,318,24,49
301,317,24,49
301,319,24,49
301,321,24,49
301,324,24,51
302,327,24,54
302,330,24,53
302,333,24,52
303,334,25,52
303,335,26,52
304,336,28,52
305,336,28,51
305,336,28,50
306,336,28,49
305,335,28,49
304,335,28,49
303,334,28,49
304,334,28,49
305,334,28,49
306,333,28,49
307,332,28,49
308,331,28,49
309,329,28,49
309,330,26,49
310,331,25,49
311,332,24,49
313,333,23,49
315,333,23,49
317,333,22,49
318,334,22,49
319,334,22,49
321,334,22,49
321,333,22,49
321,331,22,49
321,330,22,49
321,329,22,48
322,329,22,48
322,328,22,48
322,328,23,48
321,329,23,48
321,329,24,48
320,330,24,49
320,330,25,49
320,331,24,49
320,331,24,49
318,334,24,47
316,337,24,46
314,339,24,46
313,340,24,46
312,341,25,46
312,342,27,46
311,344,26,46
311,345,26,46
310,345,24,46
310,346,23,46
310,345,22,46
309,345,22,46
309,345,21,46
309,345,21,46
309,345,21,46
309,345,21,46
309,345,22,46
309,345,22,46
310,345,22,46
310,345,22,46
310,345,23,46
310,345,23,46
310,345,24,46
310,345,24,46
311,344,24,46
312,344,24,46
313,343,24,45
314,343,24,45
316,342,24,45
318,342,24,45
320,341,25,45
320,341,24,45
321,341,23,45
322,341,23,45
322,341,23,45
322,341,23,45
323,341,23,45
324,342,23,45
325,342,23,45
327,342,23,45
327,342,23,45
327,341,23,45
327,341,23,45
327,340,23,45
327,340,23,45
328,340,23,45
328,340,24,45
328,340,25,45
328,340,26,45
328,340,26,45
329,339,26,45
330,339,26,45
330,339,26,45
330,339,26,45
331,339,26,45
331,339,26,45
330,339,26,45
329,340,26,44
329,340,26,44
330,340,26,44
332,340,27,44
334,340,27,44
336,340,28,44
337,340,26,44
338,339,24,44
339,339,23,44
339,339,23,44
339,339,23,44
340,339,23,44
340,339,23,44
340,339,23,44
340,339,24,44
340,339,24,44
340,340,25,44
341,340,25,44
341,340,26,44
341,340,26,44
342,340,25,44
343,340,25,44
344,340,24,44
345,340,24,44
342,340,26,43
343,340,25,43
345,340,25,43
346,340,24,43
347,339,24,43
347,339,24,43
348,339,24,43
348,339,24,43
348,339,23,43
349,339,23,43
350,339,23,43
351,340,23,43
351,340,23,43
352,340,22,43
352,340,22,43
352,340,22,43
352,340,22,43
352,340,22,43
352,340,22,43
352,340,22,43
352,340,22,43
352,340,22,43
352,340,22,43
352,340,22,43
353,340,22,42
354,339,22,42
355,339,22,42
356,339,22,42
356,339,22,42
357,339,21,42
357,339,21,42
358,339,21,42
359,339,21,42
359,339,20,42
359,339,20,42
359,339,20,42
359,339,20,42
359,338,20,42
359,338,20,42
359,338,20,42
359,337,20,42
359,337,20,42
358,338,21,42
357,338,21,42
357,339,22,42
356,340,23,42
355,340,23,42
355,341,24,42
354,341,24,42
354,341,24,41
354,341,24,41
354,341,24,41
354,341,24,41
354,341,24,41
354,341,24,41
355,342,24,41
355,342,24,41
355,342,24,41
355,342,24,41
356,342,23,41
357,342,23,41
358,341,23,41
359,341,23,41
360,341,23,41
361,341,23,41
362,341,23,41
363,341,23,41
364,340,23,40
364,340,23,40
365,339,23,39
366,339,23,39
365,339,23,39
365,339,23,39
365,339,24,39
364,339,24,39
364,339,24,40
365,339,24,40
366,339,24,40
367,339,24,40
368,339,23,40
369,339,23,40
370,339,22,40
371,338,22,40
372,338,21,40
373,338,21,40
374,337,21,40
375,337,21,40
375,336,21,40
376,336,20,40
377,336,20,40
378,336,19,40
379,336,19,40
380,335,19,40
381,335,19,40
381,335,19,40
381,335,19,40
380,335,19,40
381,335,19,40
381,335,19,40
381,335,19,40
382,335,20,39
382,335,20,39
383,335,21,39
383,335,22,39
384,335,22,39
385,335,22,39
386,335,22,39
386,335,21,39
387,335,21,39
387,334,21,39
388,334,21,39
388,334,21,39
388,334,21,39
389,334,21,39
389,333,20,39
389,333,20,39
390,333,20,39
390,333,19,39
391,333,19,39
391,333,19,39
392,332,19,39
393,332,19,39
393,332,19,39
394,332,19,39
395,332,19,39
396,332,19,39
396,332,19,39
397,332,19,39
398,332,19,39
398,332,19,39
399,331,19,39
399,331,19,39
399,331,19,39
399,331,19,39
400,330,19,39
400,330,19,39
400,330,18,39
400,330,18,39
401,330,18,38
401,330,17,38
401,330,17,38
401,330,17,38
401,330,17,37
401,330,17,37
401,331,17,37
401,331,17,36
402,330,17,36
403,330,17,36
404,330,17,36
405,329,17,36
405,329,17,36
406,329,17,36
406,329,17,36
406,329,17,36
407,329,17,36
408,329,17,36
409,329,17,36
409,330,17,36
410,330,17,36
410,330,17,36
411,330,17,36
411,330,17,36
411,330,17,36
412,330,17,36
412,330,17,36
412,330,17,36
412,330,17,36
413,329,17,36
413,329,17,36
413,329,17,36
414,329,17,36
414,328,17,36
414,328,17,36
414,328,17,36
415,327,17,36
415,327,17,36
416,326,17,36
417,325,17,36
417,325,17,36
418,325,17,36
418,325,17,36
418,325,17,36
419,325,17,36
419,325,17,36
419,326,17,36
419,326,17,36
420,327,17,36
420,328,17,36
420,328,17,36
420,328,17,36
419,328,17,36
419,328,17,36
419,329,17,36
419,329,17,36
416,330,17,36
413,331,17,35
410,333,17,34
405,332,17,35
403,332,16,35
401,332,15,35
398,332,15,35
396,332,15,35
393,332,15,35
394,332,15,35
395,331,15,35
395,331,14,35
397,330,14,35
398,329,14,35
399,327,14,35
401,328,14,35
402,328,14,35
403,328,14,35
404,328,14,35
404,328,14,35
405,328,14,35
405,328,14,35
405,328,14,35
405,327,14,35
405,327,14,35
404,326,14,35
404,326,14,35
404,325,14,35
404,324,14,35
403,324,14,35
404,323,14,35
404,322,14,35
404,322,14,35
404,321,14,35
404,321,14,35
404,321,14,35
404,321,14,35
404,321,14,35
404,321,14,35
405,321,14,35
405,321,14,35
405,321,14,35
405,321,14,36
405,321,14,36
405,321,14,36
405,321,14,36
405,321,14,36
405,321,14,36
405,321,15,36
405,321,15,36
405,321,15,36
405,321,15,36
405,321,15,36
405,321,16,36
405,321,16,36
405,321,16,36
405,321,16,36
405,322,16,36
405,322,16,35
406,322,15,35
407,322,15,35
408,322,14,35
408,322,14,35
408,322,14,35
409,322,15,35
409,322,15,35
409,322,16,35
409,322,16,35
409,322,16,35
409,322,16,35
409,322,16,35
409,323,16,35
409,323,16,35
409,323,16,35
409,322,16,35
409,322,16,35
409,322,16,35
409,322,16,35
409,322,16,35
409,322,16,35
409,322,16,35
409,322,16,35
409,322,16,35
409,322,16,35
409,322,16,35
409,322,16,35
409,322,16,35
409,322,16,35
409,322,16,35
409,322,16,35
409,322,16,35
409,322,16,35
409,322,16,35
409,322,16,35
409,321,16,35
410,321,16,35
410,321,16,35
410,321,16,35
409,321,16,35
409,321,16,35
409,321,16,35
409,321,16,35
409,321,16,35
409,321,16,35
409,321,16,35
408,321,16,35
408,321,17,35
408,321,17,35
408,321,17,35
407,321,17,35
407,321,18,35
407,321,18,35
407,321,18,35
407,321,18,35
407,321,18,35
407,321,18,35
407,321,18,35
407,321,17,35
407,321,17,35
407,321,16,35
407,321,16,35
407,321,16,35
407,322,15,35
407,322,14,35
407,322,13,35
406,322,13,35
406,322,13,35
405,323,14,35
404,323,14,35
404,323,14,35
405,323,14,35
405,323,14,35
405,322,14,35
405,322,14,35
405,322,14,35
405,322,14,35
405,322,14,35
405,322,14,35
405,322,14,35
406,322,14,35
406,322,14,35
406,322,14,35
406,322,14,35
407,322,14,35
407,322,14,35
407,322,14,35
407,322,14,35
408,322,14,35
408,322,14,35
408,323,14,35
408,323,14,35
409,323,14,35
409,323,14,35
409,323,14,35
410,323,14,35
410,323,14,35
410,323,14,35
410,322,14,35
410,322,14,35
410,321,14,35
410,320,14,35
413,323,13,35
416,325,13,35
418,327,12,35
421,329,11,35
420,332,11,35
419,336,10,35
417,339,10,35
414,340,10,35
412,341,10,35
408,338,10,35
404,334,10,34
404,330,10,34
403,326,10,34
406,322,10,34
408,317,10,34
410,317,10,33
