718,357,30,81
713,357,30,81
707,357,35,80
701,358,40,78
695,358,45,76
689,359,50,74
687,358,50,77
685,358,50,80
683,357,50,83
683,357,45,82
682,357,40,81
681,357,35,80
680,355,33,81
678,353,31,82
676,351,30,83
671,351,31,84
666,351,33,85
661,351,35,85
655,352,41,83
649,353,48,81
643,353,54,80
640,353,52,80
638,353,50,81
635,353,48,81
633,351,44,84
631,350,39,87
630,350,38,87
628,350,36,87
626,350,35,87
624,350,33,87
618,350,39,86
613,350,44,85
607,350,50,84
602,350,56,83
602,350,54,84
602,350,53,85
602,350,52,85
602,350,45,85
602,350,38,84
602,350,31,83
597,350,34,81
593,351,36,80
589,351,39,78
582,353,44,77
575,355,50,75
568,357,56,74
567,357,53,75
566,358,50,76
564,358,47,77
563,359,44,78
561,357,40,81
559,355,36,84
557,353,31,87
554,351,31,87
551,348,31,87
548,346,31,87
543,345,35,85
539,344,38,82
534,343,41,80
530,342,44,78
528,343,42,78
527,344,40,79
525,345,38,79
524,346,35,80
522,347,35,80
520,348,35,80
518,350,35,80
515,351,35,80
511,352,35,80
507,353,35,80
504,353,39,79
500,353,43,78
496,353,46,78
493,354,46,78
489,355,46,78
485,355,46,78
484,353,45,78
483,350,44,78
481,348,43,78
477,346,43,78
473,344,43,78
468,342,43,78
467,342,41,80
466,341,40,81
465,340,39,83
460,338,40,85
456,335,41,86
452,333,43,87
451,334,43,87
451,335,43,87
450,337,43,87
446,337,46,88
443,337,50,88
439,337,54,89
430,340,54,85
422,343,54,80
413,346,54,76
410,346,54,76
407,346,54,76
404,346,54,76
403,343,52,76
402,340,50,76
402,340,44,76
402,340,38,76
402,340,31,76
399,341,31,76
396,342,31,76
391,344,35,78
385,346,39,80
380,348,43,81
376,346,43,81
373,344,43,81
370,342,43,81
368,340,43,81
365,339,43,81
363,337,43,81
364,338,40,79
364,339,36,77
365,340,33,74
364,339,33,74
363,339,33,74
356,339,36,75
350,340,38,76
343,341,40,77
337,342,43,78
336,341,43,78
335,340,43,78
333,340,40,78
331,340,36,79
330,340,33,80
325,340,33,80
321,339,33,80
317,339,33,80
317,337,33,80
317,336,33,80
317,335,33,80
312,336,33,80
307,338,33,80
303,339,33,80
298,340,33,80
296,340,33,80
293,339,33,80
291,339,33,80
289,339,33,78
288,339,32,77
286,340,32,75
285,340,31,74
285,338,31,74
284,335,31,74
284,333,31,74
284,330,31,74
283,327,31,74
278,327,31,74
273,327,31,74
268,327,31,74
267,328,31,74
266,329,31,74
264,330,31,74
263,332,31,74
261,333,31,74
260,334,31,74
258,335,31,74
257,336,31,74
255,337,31,74
255,336,31,73
255,335,30,72
254,335,30,72
254,334,29,71
253,334,28,70
253,333,28,69
253,332,27,68
252,332,27,67
252,331,26,67
252,331,26,67
251,331,26,67
251,332,26,67
251,332,26,67
251,332,26,67
251,332,26,67
251,332,26,67
250,332,26,67
250,333,26,67
250,333,26,67
250,333,26,67
250,333,26,67
250,332,26,67
250,332,26,67
250,332,26,67
251,332,26,67
251,331,26,67
251,331,26,67
251,331,26,67
251,330,26,67
251,330,26,67
251,330,26,67
252,330,26,67
252,329,26,67
251,329,26,67
251,328,26,67
251,327,26,67
250,327,26,67
250,326,26,67
249,326,26,67
249,325,26,67
248,324,26,67
248,324,26,67
246,324,26,67
244,324,26,67
243,323,26,67
241,323,26,67
239,323,26,67
237,323,26,67
236,323,26,67
234,323,26,67
232,323,26,67
230,323,26,67
228,323,26,67
228,327,26,67
227,331,26,67
225,328,26,67
223,325,26,67
222,322,26,67
215,320,26,67
215,321,26,67
215,321,26,67
214,322,26,67
214,322,26,67
216,316,25,70
218,309,24,74
216,312,25,72
214,315,25,70
213,308,25,69
205,305,26,67
204,310,26,72
199,309,26,71
195,308,26,69
190,307,26,68
191,305,26,67
182,306,26,67
181,309,26,67
180,311,26,67
179,303,26,67
176,303,26,67
169,306,26,67
170,306,26,67
163,307,26,67
163,311,26,67
162,311,26,67
162,311,26,67
161,312,26,67
161,312,26,67
160,312,26,67
159,312,26,67
158,311,26,67
159,312,26,67
160,313,26,67
159,314,26,67
158,311,26,67
158,311,26,67
158,311,26,67
157,313,26,67
157,316,26,67
156,318,26,67
159,319,26,67
162,320,26,67
170,327,26,67
168,324,26,67
165,321,26,67
168,321,26,67
159,320,26,67
158,319,26,67
157,318,26,67
161,325,26,67
146,320,26,67
145,318,26,67
160,321,26,67
142,324,26,67
152,323,26,67
161,323,26,67
161,330,26,67
172,325,26,67
154,324,26,67
168,330,26,67
171,331,26,67
173,332,26,67
174,329,26,67
172,323,26,67
169,324,26,67
166,325,26,67
167,326,26,67
144,325,26,67
164,325,29,67
155,334,31,67
171,322,31,69
170,324,28,70
172,324,24,70
151,341,32,69
166,323,31,69
166,316,31,68
168,318,29,68
163,312,28,67
163,320,26,67
152,318,26,72
149,314,26,67
149,315,28,69
149,317,30,70
148,320,26,67
143,320,26,67
144,319,29,69
145,318,31,70
142,318,36,71
138,317,40,72
137,321,33,69
135,326,26,67
137,317,30,76
136,319,32,76
134,321,34,76
133,322,36,76
128,326,30,69
125,324,33,70
122,323,37,72
119,322,41,73
117,323,40,72
114,324,38,71
111,326,37,70
108,326,36,72
105,326,36,73
102,326,35,74
104,328,36,75
105,331,37,76
101,330,39,77
97,330,40,79
92,329,41,80
94,329,38,80
96,328,36,81
98,327,33,81
95,326,31,79
92,325,30,77
89,324,28,74
86,322,37,89
85,325,36,86
84,328,36,83
83,331,35,80
81,329,36,83
79,328,36,86
77,326,37,88
76,335,28,74
74,329,41,83
69,332,43,83
65,335,44,83
67,336,42,84
69,337,39,84
71,339,36,85
78,337,28,78
76,342,36,84
70,340,37,82
65,339,37,80
63,342,43,81
60,353,43,81
61,347,44,80
63,341,45,79
69,342,41,79
74,344,37,80
78,326,34,80
91,324,31,80
103,314,31,80
104,318,31,80
94,304,31,80
97,306,31,80
100,309,31,80
113,300,41,72
123,304,36,76
133,309,31,80
134,302,35,80
131,305,40,84
128,307,44,87
129,324,49,76
130,325,47,81
131,326,44,85
128,332,42,74
124,334,43,75
120,336,44,77
117,339,44,78
117,337,42,79
118,336,39,79
102,335,52,80
118,335,37,83
113,333,44,79
107,332,51,74
122,329,44,81
130,325,41,84
137,321,37,87
128,320,37,81
142,319,35,81
148,318,32,75
154,318,30,69
153,317,31,73
151,318,32,78
144,329,33,83
142,331,33,83
141,327,33,83
148,327,33,83
149,325,36,83
150,322,38,82
137,326,41,81
142,324,41,81
145,331,41,81
144,331,42,81
142,331,42,81
140,331,42,81
141,334,42,81
142,337,43,81
136,335,43,79
135,342,43,77
135,339,43,74
134,346,40,63
138,333,36,74
137,331,33,74
133,336,33,74
138,334,33,74
124,339,33,74
131,337,33,74
127,336,33,74
122,335,33,74
120,337,35,74
117,338,37,74
115,340,39,74
107,337,33,74
106,338,39,74
105,340,44,74
102,337,46,74
98,342,42,74
95,340,38,74
92,339,33,74
92,343,33,76
90,341,32,78
89,339,31,80
87,339,31,80
94,336,31,80
102,333,31,80
97,329,31,80
96,331,31,80
94,333,31,80
92,330,30,77
93,335,29,75
94,340,28,72
91,339,29,75
91,336,31,78
91,333,32,81
91,329,33,83
93,331,32,81
96,333,31,78
98,335,30,76
96,331,28,80
96,329,33,78
96,327,37,76
85,318,48,83
107,337,35,80
112,341,43,83
117,345,38,83
122,351,33,67
122,351,33,69
123,337,33,83
135,335,33,83
136,341,33,68
137,337,33,70
136,331,33,77
135,326,33,83
134,334,36,82
139,335,34,80
145,337,32,78
150,339,30,76
159,342,32,77
167,346,35,78
176,350,37,80
185,353,37,80
190,353,37,80
194,353,37,80
196,352,34,85
196,356,35,81
196,360,36,78
196,364,37,74
191,361,34,73
186,358,31,72
181,355,28,70
183,358,28,72
176,356,31,73
168,355,35,74
165,357,35,74
161,361,35,74
160,360,34,74
157,355,33,74
161,357,31,74
164,353,34,78
150,352,36,81
152,350,39,85
145,348,39,85
145,356,39,85
141,355,39,85
137,353,39,85
124,350,39,85
127,357,39,85
133,351,33,85
129,355,34,85
130,353,30,85
128,355,33,85
116,349,39,82
122,353,30,80
115,357,34,77
107,361,39,74
102,367,42,76
103,365,39,79
104,363,35,81
103,363,35,81
102,364,34,81
101,364,34,80
100,364,33,80
96,363,33,80
92,362,33,80
89,361,33,80
86,361,33,80
83,361,33,80
80,361,33,80
78,361,33,80
78,359,30,80
70,356,35,80
62,354,40,80
61,359,43,80
56,360,41,80
54,359,40,80
52,359,38,80
50,360,37,80
48,361,35,80
48,361,33,80
48,362,30,80
48,363,28,80
41,363,37,80
33,364,46,80
26,364,56,80
26,359,52,81
26,353,48,82
26,348,44,83
23,347,44,85
20,345,44,87
17,344,44,89
14,351,43,86
12,358,41,83
9,364,39,80
8,363,38,80
7,361,36,80
5,359,35,80
5,362,39,77
5,364,43,74
