2,268,24,44
2,268,24,46
3,267,24,47
4,267,24,48
5,267,24,49
5,266,24,50
7,266,24,50
8,265,24,50
9,264,24,50
10,263,24,50
11,263,24,50
12,264,24,50
13,265,24,50
15,266,24,50
16,265,24,50
17,264,24,50
17,264,24,50
18,263,24,50
18,263,25,52
18,263,25,55
18,263,25,57
18,263,26,59
20,264,26,55
21,264,26,50
23,265,26,55
24,266,26,59
24,265,26,59
24,264,26,59
24,264,26,59
24,263,26,59
26,261,26,59
29,260,26,59
31,259,26,59
31,260,26,59
31,261,26,59
31,262,26,59
31,263,26,59
31,264,26,59
34,264,26,59
36,264,26,59
38,264,26,59
40,264,26,59
42,264,26,59
44,264,26,59
45,264,26,58
46,263,26,56
47,262,26,55
47,261,26,53
48,261,26,52
49,261,26,53
50,261,26,55
51,261,26,56
52,261,26,58
54,261,26,59
54,260,26,59
55,260,26,59
56,259,26,59
57,259,26,59
58,258,26,59
58,258,26,59
59,257,26,59
60,258,26,59
61,258,26,59
62,259,26,59
63,259,26,59
64,260,26,59
65,261,26,59
66,261,26,52
67,261,26,54
68,261,26,56
69,261,26,57
70,261,26,59
72,260,26,59
73,260,26,59
75,260,26,59
76,259,26,59
78,259,26,59
78,259,26,59
79,259,26,59
79,258,26,59
80,258,26,59
80,258,26,59
81,258,26,59
81,258,26,59
82,258,26,59
82,257,26,59
83,257,26,59
83,257,26,59
83,257,27,56
83,257,29,54
83,257,30,51
83,257,32,54
83,257,33,57
84,257,33,57
85,258,33,57
87,258,33,57
88,259,33,57
89,259,33,57
91,259,33,56
92,259,32,54
94,259,31,53
96,259,30,51
98,259,30,50
98,258,31,51
98,257,32,52
98,256,33,53
98,254,34,54
98,253,35,56
99,255,34,54
100,256,33,53
101,257,32,51
102,259,31,50
102,259,33,50
102,259,35,50
102,259,37,50
102,259,39,50
103,259,39,50
105,260,39,50
106,260,39,50
107,261,39,50
110,261,38,50
112,261,37,50
114,261,36,50
116,261,34,50
118,261,33,50
119,260,33,50
120,260,33,50
121,260,33,50
121,259,33,50
122,259,33,50
124,259,33,50
127,260,33,50
129,260,33,50
131,261,33,50
133,261,33,50
134,261,33,50
135,261,33,50
137,261,33,50
138,261,33,50
139,261,33,50
140,261,33,50
142,261,33,50
143,261,33,50
144,261,33,50
145,261,33,50
146,261,33,50
147,261,33,50
148,261,33,50
149,261,33,50
151,261,33,50
152,261,33,50
153,261,33,50
154,261,33,50
155,260,33,50
157,260,33,50
158,260,33,50
160,260,33,50
162,259,33,50
163,259,33,50
165,259,33,50
168,260,33,50
170,261,33,50
173,262,33,50
176,263,33,50
177,263,33,50
177,263,33,50
178,263,33,50
179,263,33,50
180,263,33,50
180,262,33,50
181,262,33,50
182,262,33,50
183,262,33,50
184,262,33,50
185,261,33,50
186,261,33,50
187,261,33,50
188,261,33,50
189,261,33,50
189,261,35,51
189,261,37,52
191,261,35,52
193,261,33,52
194,261,31,52
196,261,30,52
199,261,30,52
201,262,30,52
203,262,30,52
205,263,30,52
206,263,30,52
208,263,30,52
209,263,30,52
210,263,30,52
211,263,30,52
212,263,30,52
213,263,30,52
214,263,30,52
215,263,30,52
216,264,30,52
217,264,30,52
218,265,30,52
218,266,30,52
220,266,30,52
222,266,30,52
224,266,30,52
226,266,30,52
226,266,30,51
226,266,30,51
226,266,30,50
226,266,30,50
227,265,30,50
229,264,30,50
230,263,30,50
232,262,30,50
233,261,30,50
234,261,30,50
235,262,30,50
235,263,30,50
236,264,30,50
237,264,30,50
239,264,30,50
242,264,30,50
244,263,30,50
246,263,30,50
247,262,30,50
248,262,30,50
249,262,30,50
249,262,30,50
250,262,30,50
251,262,30,50
252,261,30,50
252,261,30,50
253,261,30,50
254,261,30,50
255,261,30,50
255,261,30,50
258,261,30,50
260,261,30,50
262,261,30,50
264,261,30,50
267,261,30,50
267,261,30,50
268,261,30,50
269,261,30,50
270,261,30,50
271,261,30,50
272,261,30,50
272,261,30,50
273,261,30,50
274,261,30,50
276,261,30,50
279,261,30,50
281,261,30,50
283,261,30,50
284,261,30,50
285,261,30,50
286,261,30,50
287,261,30,50
287,261,30,50
288,261,30,50
289,261,30,50
290,261,30,50
291,261,30,50
292,261,30,50
293,261,30,50
294,261,30,50
295,261,30,50
296,261,30,50
297,261,30,50
298,261,30,50
299,261,30,50
300,261,30,50
301,261,30,50
303,261,30,50
304,261,30,50
305,261,30,50
306,261,30,50
308,261,30,50
309,261,30,50
311,261,30,50
312,261,30,50
313,261,30,50
315,261,30,50
316,261,30,50
318,261,30,50
319,261,30,50
321,261,30,50
322,261,30,50
323,261,30,50
325,261,30,50
326,261,30,50
327,261,30,50
328,261,30,50
330,261,30,50
331,261,30,50
332,261,30,50
333,261,30,50
334,261,30,50
336,261,30,50
337,261,30,50
338,261,30,50
339,261,30,50
340,261,30,50
341,261,30,50
342,261,30,50
343,261,30,50
343,261,30,50
344,261,30,50
345,261,30,50
346,261,30,50
347,261,30,50
348,261,30,50
348,261,31,50
348,261,33,51
348,261,34,51
348,261,36,51
348,261,37,52
349,261,37,52
351,261,37,52
352,261,37,52
353,261,37,52
354,261,37,52
355,261,37,52
358,261,37,52
360,261,37,52
362,262,37,52
364,262,37,52
367,263,37,52
368,263,36,52
370,263,34,52
371,263,33,52
373,263,31,52
374,263,30,52
374,263,31,52
374,263,33,52
374,263,34,52
374,263,36,52
374,263,37,52
375,262,37,52
376,262,37,52
377,261,37,52
378,261,37,52
380,261,37,52
381,261,37,52
383,261,37,52
384,261,37,52
386,261,37,52
388,261,37,52
389,261,37,52
391,261,37,52
393,261,37,52
394,261,37,52
395,261,37,52
396,261,37,52
397,262,37,52
398,262,37,52
399,262,37,52
400,262,37,52
401,262,37,52
402,263,37,52
403,263,36,52
404,263,35,52
405,263,34,52
405,263,33,52
406,263,32,52
407,263,31,52
409,262,31,52
411,261,31,52
413,261,31,52
415,260,31,52
417,259,31,52
418,259,31,52
420,258,31,52
421,257,31,52
423,257,31,52
424,256,31,52
426,255,31,52
427,255,31,52
428,256,31,52
430,256,31,52
431,256,31,52
432,257,31,52
433,257,31,52
433,257,32,53
433,257,33,54
433,257,34,55
433,257,35,56
433,257,35,57
433,257,36,58
433,257,37,59
434,257,37,59
435,257,37,59
435,257,37,59
436,257,37,59
437,257,37,59
439,257,37,59
442,257,37,59
444,257,37,59
446,257,37,59
447,257,37,59
448,257,37,59
450,257,37,59
451,257,37,59
452,257,37,59
453,257,37,59
454,257,37,59
456,257,37,59
457,257,37,59
458,257,37,59
459,257,37,59
461,258,37,59
463,259,37,59
465,260,37,59
467,261,37,59
468,260,37,59
470,260,37,59
472,259,37,59
474,259,37,59
476,258,37,59
478,258,37,59
480,257,37,59
480,256,37,59
480,256,37,59
481,255,37,59
481,254,37,59
481,253,37,59
482,253,37,59
484,253,37,59
485,253,37,59
486,253,37,59
487,253,37,59
488,253,37,59
489,253,37,59
491,254,37,59
493,254,37,59
494,254,37,59
496,255,37,59
498,255,37,59
500,255,37,59
501,255,37,59
502,255,37,59
503,255,37,59
503,255,37,59
504,255,37,59
505,255,37,59
506,255,37,59
507,255,37,59
508,255,37,59
509,255,37,59
509,255,37,59
510,255,37,59
511,255,37,59
512,255,37,59
514,255,37,59
515,255,37,59
516,255,37,59
518,255,37,59
519,255,37,59
520,255,37,59
520,255,37,59
520,255,37,59
520,255,37,58
520,255,37,58
520,255,37,58
520,255,37,57
520,255,37,57
520,255,37,57
520,255,37,56
520,255,37,56
520,255,37,56
520,255,37,56
520,255,37,56
520,255,37,56
520,255,37,56
520,255,37,56
520,255,37,56
520,255,37,56
520,255,37,56
520,255,37,56
520,255,37,56
520,255,37,56
520,255,37,56
520,256,37,56
520,256,37,56
520,256,37,56
520,256,37,56
520,256,37,56
520,256,37,56
520,256,37,56
520,256,37,56
520,256,37,56
520,256,37,56
520,256,37,56
520,256,37,56
520,256,37,56
520,256,37,56
520,256,37,56
520,256,37,56
520,256,37,56
520,256,37,56
520,256,37,56
520,256,37,56
520,256,37,56
520,256,37,56
520,256,37,56
520,256,37,56
520,256,37,56
520,256,37,56
520,256,37,56
520,256,37,56
520,256,37,56
520,256,37,56
520,256,37,56
520,256,37,56
520,256,37,56
520,256,37,56
520,256,37,56
521,256,37,56
521,257,37,56
521,257,37,56
521,257,37,56
521,257,37,56
521,257,37,56
521,257,37,56
521,257,37,56
521,257,37,56
521,257,37,56
521,257,37,56
521,257,37,56
521,257,37,56
521,257,37,56
521,257,37,56
521,257,37,56
521,257,37,56
521,257,37,56
521,257,37,56
521,257,37,56
615,253,37,56
616,253,37,56
617,254,37,56
618,254,37,56
619,254,37,56
620,255,37,56
621,255,37,56
622,255,37,56
624,255,36,55
625,255,34,55
627,255,33,54
628,255,31,54
630,255,30,54
630,255,31,54
630,255,33,54
630,255,35,54
630,255,37,54
630,255,39,54
630,255,38,54
631,255,37,54
632,255,37,54
633,255,36,54
633,255,35,54
637,255,35,54
641,254,35,54
644,253,35,54
645,253,35,54
646,253,35,54
647,253,35,54
648,253,35,54
649,253,35,54
650,253,35,54
651,253,35,54
652,253,35,54
653,252,35,54
654,251,35,54
656,251,35,54
657,250,35,54
658,249,35,54
659,248,35,54
659,248,36,54
659,248,37,54
659,248,38,54
659,248,39,54
659,248,39,54
659,248,40,54
659,248,41,54
659,248,42,54
659,248,43,54
659,248,44,54
659,248,44,54
662,248,41,54
665,248,39,54
668,248,36,54
671,248,33,54
674,248,30,54
675,248,30,54
677,248,30,54
678,248,30,54
680,248,30,54
680,248,31,54
680,248,33,54
680,248,35,54
680,248,37,54
680,248,39,54
680,248,39,54
681,248,39,54
682,248,39,54
683,248,39,54
684,248,39,54
685,248,39,54
685,248,39,54
686,248,39,54
687,248,39,54
690,248,37,54
693,248,36,54
695,248,34,54
698,248,33,54
701,248,31,54
704,248,30,54
704,248,30,54
704,248,31,54
704,248,31,54
704,248,32,54
704,248,33,54
704,248,33,54
704,248,34,54
704,248,35,54
704,248,35,54
704,248,37,54
704,248,39,54
704,248,41,54
704,248,43,54
706,248,41,54
707,248,39,54
709,248,37,54
710,248,36,54
711,248,36,54
711,248,35,54
712,248,34,54
713,248,33,54
714,247,33,54
716,246,33,54
717,246,33,54
719,245,33,54
720,244,33,54
721,244,33,54
721,244,33,54
722,244,33,54
723,243,33,54
723,243,33,54
724,243,33,54
724,243,33,54
725,243,33,54
725,243,33,54
726,243,33,54
727,242,33,54
727,242,33,54
728,242,33,54
726,241,33,54
724,240,33,54
