257,123,385,337
265,116,390,337
273,109,395,337
282,102,400,337
290,95,404,337
298,87,409,337
295,90,400,322
292,93,391,307
289,96,382,292
286,98,373,276
283,101,365,261
237,111,378,236
191,122,391,210
145,132,405,184
98,142,418,158
52,153,432,132
61,154,423,150
69,156,415,169
77,158,407,187
86,160,398,205
94,161,390,223
102,163,382,241
126,162,382,246
149,162,382,252
173,161,383,258
196,161,383,264
220,160,383,269
243,160,383,275
248,155,367,281
254,151,350,286
259,147,334,291
264,142,317,297
269,138,300,302
274,134,284,308
258,135,303,312
241,136,323,317
224,137,343,322
208,138,363,326
191,139,383,331
174,141,402,335
170,148,396,328
165,156,389,320
161,164,383,312
156,172,376,304
152,179,369,297
147,187,363,289
155,186,363,289
162,186,363,289
170,185,363,289
178,185,363,289
186,184,363,289
193,184,363,289
195,178,374,289
197,172,386,289
199,166,397,289
200,161,409,289
202,155,420,289
204,149,432,289
188,147,432,292
173,145,432,295
157,143,432,298
142,141,432,301
126,139,432,305
111,137,432,308
93,139,416,309
75,141,401,311
57,142,385,313
39,144,370,315
21,146,354,316
3,148,339,318
9,135,346,324
15,123,354,330
21,111,362,336
27,99,370,342
33,87,377,348
39,75,385,354
38,73,382,349
37,71,378,343
36,69,375,338
35,67,371,332
34,65,368,327
33,63,365,322
39,63,359,314
45,63,353,307
51,63,347,299
56,63,342,292
62,63,336,284
68,63,330,277
80,62,328,268
91,61,325,258
103,60,322,249
115,59,320,240
127,58,317,231
138,56,315,222
163,56,306,205
187,56,297,189
211,56,288,173
236,56,279,156
260,56,270,140
284,56,261,124
290,57,261,128
295,57,261,133
300,57,261,138
305,58,261,142
310,58,261,147
315,58,261,151
315,58,273,137
314,58,285,123
314,57,297,109
313,57,309,95
313,57,322,81
312,56,334,67
284,62,344,83
255,68,354,99
227,74,364,115
199,79,374,131
170,85,384,147
142,91,394,163
150,86,367,173
158,80,339,183
166,75,312,193
174,70,285,203
182,65,258,213
190,60,230,224
166,60,269,225
142,60,307,226
119,60,346,228
95,60,384,229
71,60,422,231
47,60,461,232
47,59,437,232
48,59,413,232
48,58,389,232
48,58,366,232
49,57,342,232
49,56,318,232
59,57,326,232
68,58,334,232
78,58,341,232
88,59,349,232
98,59,357,232
107,60,365,232
127,59,358,232
147,59,351,232
167,58,345,232
186,58,338,232
206,57,332,232
226,56,325,232
226,56,318,218
226,56,312,204
226,56,305,190
226,56,299,176
226,56,292,162
226,56,285,148
226,56,285,142
226,56,285,137
226,56,285,132
226,56,285,126
226,56,285,121
226,56,285,115
237,56,274,110
248,56,263,105
260,56,252,101
271,56,241,96
282,56,230,91
293,56,218,86
295,56,217,93
296,56,216,101
297,56,214,108
299,56,213,116
300,56,211,123
302,56,210,131
255,66,240,123
208,75,271,115
162,85,301,107
115,94,331,100
68,104,362,92
21,113,392,84
20,115,375,95
18,118,359,105
16,120,342,115
15,122,326,126
13,125,309,136
11,127,292,146
20,132,288,146
28,137,284,146
37,142,279,146
45,148,275,146
54,153,271,146
63,158,267,146
62,158,267,147
61,159,267,148
60,160,267,148
59,160,267,149
58,161,267,150
57,161,267,150
56,162,267,151
55,162,267,152
54,163,267,153
53,164,267,153
52,164,267,154
51,165,267,155
52,166,267,155
52,168,267,155
53,170,267,155
54,172,267,155
55,173,267,155
56,175,267,155
64,174,260,155
72,173,254,155
81,172,248,155
89,172,242,155
97,171,236,155
106,170,230,155
101,160,245,162
95,151,259,170
90,141,273,178
85,132,288,186
80,123,302,193
75,113,316,201
103,104,297,198
131,95,277,195
160,86,257,192
188,76,237,189
217,67,218,185
245,58,198,182
246,59,199,185
247,59,201,188
248,60,203,191
248,60,205,194
249,61,206,197
250,62,208,199
251,61,211,198
251,61,213,196
252,61,216,194
253,60,214,195
254,60,213,196
255,59,212,198
256,59,210,199
257,58,209,200
258,58,208,201
259,57,206,202
260,57,205,203
243,64,216,198
227,71,228,193
211,79,239,188
195,86,251,183
179,93,262,178
163,101,274,173
147,108,285,169
135,123,258,152
123,138,232,135
151,127,216,161
179,116,201,187
207,105,186,213
235,94,170,239
247,90,170,233
260,87,170,226
272,83,170,220
285,79,170,214
298,76,170,207
310,72,170,201
310,77,173,189
310,83,175,178
310,88,178,166
310,94,181,154
310,99,183,142
310,105,186,131
309,107,186,126
307,110,186,121
305,112,186,116
303,115,186,111
302,117,186,106
300,120,186,101
300,113,186,101
300,105,186,101
300,98,186,101
300,90,186,101
300,83,186,101
300,75,186,101
293,90,186,106
286,105,186,111
279,119,186,116
272,134,186,121
266,148,186,126
259,163,186,131
258,188,176,135
258,213,166,139
258,238,156,144
258,263,147,148
257,288,137,152
257,313,127,156
248,315,135,159
239,317,143,162
229,319,150,165
220,322,158,168
211,324,166,171
202,326,174,174
203,337,165,164
204,348,157,155
205,359,149,145
229,363,147,136
254,367,146,126
279,371,144,117
290,366,144,117
300,361,144,117
310,356,144,117
321,350,144,117
331,345,144,117
341,340,144,117
336,342,144,117
331,343,144,117
326,344,144,117
321,346,144,117
315,347,144,117
310,349,144,117
321,344,144,117
331,338,144,117
341,333,144,117
352,328,144,117
362,323,144,117
372,318,144,117
370,316,144,114
369,314,144,111
367,313,144,108
365,311,144,105
364,309,144,103
362,307,144,100
353,302,147,100
345,296,150,100
336,290,153,100
327,284,156,100
319,279,159,100
310,273,162,100
311,271,158,105
312,268,154,111
313,266,150,117
314,264,147,123
315,262,143,128
315,259,139,134
315,255,139,134
315,250,139,134
315,246,139,134
315,241,139,134
315,236,139,134
315,232,139,134
313,233,140,137
310,234,141,140
307,235,142,144
304,236,143,147
301,237,144,150
298,239,144,153
307,242,144,153
316,245,144,153
325,249,144,153
334,252,144,153
332,246,144,153
331,240,144,153
331,245,154,134
332,249,163,115
317,257,146,123
302,265,128,130
287,273,110,138
272,282,93,146
263,285,96,146
254,288,99,146
245,291,101,146
236,294,104,146
247,292,107,146
259,290,110,146
238,284,110,150
217,279,110,154
197,273,110,158
205,273,110,154
213,273,110,150
221,273,110,146
240,270,115,144
258,267,119,143
270,264,124,141
282,260,128,139
295,257,133,138
307,254,138,136
307,260,142,139
280,265,155,142
254,270,167,145
227,274,179,148
180,283,173,152
133,292,167,155
65,286,185,155
36,280,175,155
7,275,166,155
6,269,157,155
4,263,148,155
3,258,139,155
4,268,162,157
5,278,184,159
6,288,207,161
31,296,229,163
60,304,243,165
88,313,256,167
93,312,248,167
97,311,240,167
102,311,232,167
106,310,224,167
111,310,216,167
115,309,208,167
120,309,200,167
124,308,192,167
128,307,184,167
133,307,176,167
137,306,168,167
142,306,160,167
148,303,165,168
153,301,170,169
159,298,175,170
165,295,181,171
170,293,186,173
176,290,191,174
169,289,192,181
163,289,194,189
184,297,170,183
205,305,147,177
131,275,187,198
57,246,227,219
27,177,201,227
21,159,206,207
40,183,217,183
59,208,227,159
78,232,238,135
77,260,234,121
76,287,230,107
68,292,227,117
59,297,224,127
64,302,225,137
68,307,227,147
72,313,229,157
76,318,230,167
122,317,215,167
167,316,199,167
163,315,207,167
160,314,215,167
156,313,223,167
152,313,230,167
171,334,227,160
190,356,224,152
209,378,221,145
228,400,218,138
247,421,215,131
266,443,211,124
266,484,211,83
266,539,211,35
260,574,0,0
261,572,3,1
262,570,3,3
262,572,1,1
261,572,1,1
262,572,2,0
263,571,0,3
264,570,0,3
247,572,1,2
266,568,4,1
261,569,1,1
257,569,2,1
253,571,1,2
249,571,0,1
245,572,0,1
239,572,2,2
235,572,0,2
228,574,2,0
224,573,2,1
220,574,3,0
216,574,2,0
211,574,1,1
207,574,3,0
203,573,1,2
199,573,1,1
195,571,0,3
191,574,1,1
187,575,0,0
179,575,1,0
176,574,4,1
171,575,1,1
166,575,1,1
162,574,1,1
159,574,1,1
156,574,1,2
152,573,1,2
147,574,2,1
143,575,3,0
138,574,2,1
277,474,199,96
227,429,281,142
178,383,363,189
128,338,445,236
128,327,452,246
128,316,459,257
128,305,466,267
128,294,473,278
128,282,480,289
128,271,487,299
115,274,487,297
103,276,487,295
90,278,487,293
78,280,487,291
65,283,487,289
52,285,487,287
52,291,477,281
52,297,467,276
52,302,457,270
52,308,448,264
52,314,438,258
52,319,428,253
52,311,428,262
52,302,428,271
52,293,428,279
52,284,428,288
52,275,428,297
52,266,428,306
51,252,428,320
50,237,428,334
48,223,428,347
47,209,428,361
45,195,428,375
44,180,428,389
44,175,430,391
44,170,433,394
44,164,435,397
44,159,437,400
44,154,439,403
44,149,441,406
44,143,444,409
44,138,446,412
44,133,448,414
44,128,450,417
44,122,452,420
44,117,455,423
44,112,457,426
44,107,459,429
44,101,461,432
44,96,463,434
44,91,465,437
44,86,468,440
41,90,468,440
37,94,468,440
34,99,468,440
31,103,468,440
28,107,468,440
25,111,468,440
34,121,481,430
43,130,494,419
52,139,507,408
62,148,520,398
71,157,534,387
80,166,547,377
92,168,521,377
105,170,495,377
118,172,469,377
130,174,444,378
143,176,418,378
156,178,392,378
161,184,377,373
166,190,362,367
172,196,347,361
177,201,332,355
183,207,318,350
188,213,303,344
171,216,334,344
154,219,366,344
137,221,397,344
119,224,429,344
102,227,460,344
85,230,492,344
88,241,478,333
91,251,464,322
94,262,450,311
98,272,437,300
101,283,423,289
104,294,409,279
119,285,399,287
133,276,390,295
148,268,380,303
162,259,370,312
177,251,361,320
192,242,351,328
202,250,334,320
212,259,318,312
223,267,302,304
233,275,285,296
243,284,269,288
254,292,253,280
265,295,253,277
276,298,253,275
287,301,253,272
298,303,253,269
309,306,253,266
321,309,253,263
321,299,270,273
322,288,288,283
322,277,305,292
323,267,323,302
323,256,340,312
324,246,358,322
325,248,369,319
326,250,380,317
327,252,391,315
329,255,402,312
330,257,414,310
331,259,425,308
331,256,420,303
331,253,415,297
331,250,410,292
331,247,405,287
331,244,400,282
331,240,395,277
328,240,395,282
325,240,395,287
321,240,395,292
318,240,395,297
315,240,395,303
312,240,395,308
334,228,385,317
357,215,375,326
379,203,365,335
401,190,355,344
424,177,345,354
446,165,335,363
458,167,321,366
470,169,307,369
481,171,292,372
493,173,278,375
505,175,264,379
517,177,249,382
517,188,254,372
517,199,260,363
517,209,265,353
517,220,270,344
517,231,275,334
517,242,280,325
501,230,285,332
486,219,291,339
471,207,296,346
456,195,301,354
441,183,306,361
425,172,311,368
428,168,311,372
431,164,311,376
434,160,311,380
437,156,311,384
440,152,311,388
443,148,311,392
438,148,321,392
433,149,330,392
428,149,340,392
423,150,349,392
418,150,359,392
413,151,368,392
411,153,362,390
408,155,355,389
406,157,349,387
403,159,343,385
401,161,336,383
398,163,330,382
388,145,327,379
377,127,324,377
367,109,321,375
357,91,318,373
346,73,314,370
336,55,311,368
336,55,303,359
336,55,294,350
336,55,285,340
336,55,277,331
336,55,268,322
336,55,260,313
336,62,280,301
336,70,300,290
336,78,320,279
336,86,340,267
336,93,360,256
336,101,380,244
329,123,371,235
323,146,361,225
316,168,352,216
310,190,342,206
303,213,333,197
297,235,323,187
299,236,315,203
302,237,307,218
304,239,299,234
307,240,291,249
309,241,283,265
312,242,275,280
313,244,283,279
314,246,291,277
315,247,299,275
317,249,307,273
318,251,315,272
319,252,323,270
334,236,305,277
349,219,288,284
364,203,270,291
380,186,252,297
395,169,234,304
410,153,217,311
398,140,222,306
386,127,228,301
374,115,234,296
362,102,240,291
350,90,245,285
338,77,251,280
335,75,251,280
333,72,251,280
330,70,251,280
327,68,251,280
325,66,251,280
322,63,251,280
326,62,247,276
330,60,244,272
333,58,240,268
337,56,236,264
341,55,232,260
345,53,229,256
342,53,232,256
340,52,234,256
337,52,237,256
334,52,240,256
332,52,243,256
329,51,246,256
323,51,250,256
318,50,254,256
312,50,259,256
306,49,263,256
301,48,267,256
295,48,272,256
295,49,275,256
295,50,277,256
295,50,280,256
295,51,283,256
295,52,286,256
295,53,289,256
300,62,280,251
306,71,271,245
311,80,261,240
317,90,252,234
322,99,243,229
327,108,234,224
327,108,232,224
327,108,230,224
327,108,229,224
327,108,227,224
327,108,225,224
327,108,224,224
331,123,224,208
334,139,224,193
338,154,224,178
341,170,224,163
345,185,224,148
348,201,224,132
344,210,221,142
341,219,218,152
337,227,216,162
333,236,213,171
329,245,211,181
326,254,208,191
330,250,208,185
334,246,208,178
339,241,208,172
343,237,208,166
347,233,208,159
352,228,208,153
397,218,205,157
442,207,201,161
488,197,198,165
533,186,194,169
579,176,191,173
624,165,187,177
670,154,184,181
654,168,174,188
639,182,164,195
623,196,154,202
608,209,144,209
592,223,134,216
577,237,124,224
560,249,131,219
543,261,139,214
527,274,146,209
510,286,153,204
493,298,161,199
477,311,168,194
460,323,175,189
441,321,175,186
422,319,175,183
403,317,175,181
384,315,175,178
365,313,175,175
346,311,175,172
340,308,175,169
333,306,175,166
326,303,175,162
319,301,175,159
312,298,175,156
305,295,175,153
305,295,177,156
305,295,179,159
305,295,181,162
305,295,182,164
305,295,184,167
305,295,186,170
305,299,183,164
305,303,181,157
305,307,178,150
305,311,175,144
305,315,173,137
305,319,170,131
320,319,166,131
335,319,161,131
350,319,156,131
365,319,152,131
380,319,147,131
395,319,143,131
402,320,140,131
409,320,136,131
416,320,133,131
423,321,130,131
430,321,127,131
438,321,124,131
441,321,124,131
444,321,124,131
448,320,124,131
451,320,124,131
455,320,124,131
458,319,124,131
464,322,134,140
470,325,145,149
475,328,156,158
481,331,166,167
487,334,177,177
493,337,187,186
493,338,187,186
493,339,187,186
493,340,187,186
493,341,187,186
493,342,187,186
493,344,187,186
499,340,179,181
506,336,171,176
513,332,162,171
520,329,154,166
527,325,146,161
534,321,138,156
523,307,142,168
511,294,146,180
500,280,150,192
489,266,154,203
478,252,158,215
467,239,162,227
471,237,162,222
476,235,162,216
481,233,162,211
485,232,162,205
490,230,162,200
494,228,162,194
486,233,160,189
478,238,159,183
469,243,157,178
461,248,156,173
453,253,154,167
444,258,153,162
447,262,151,167
450,266,150,173
453,270,148,178
456,275,146,183
459,279,144,189
462,283,143,194
445,280,146,194
429,276,150,194
413,272,153,194
396,268,156,194
380,265,160,194
364,261,163,194
360,261,172,194
357,261,180,194
354,261,188,194
351,261,197,194
348,261,205,194
345,261,213,194
357,270,209,190
370,279,205,186
382,289,200,182
395,298,196,178
408,307,192,174
420,316,187,170
418,315,187,170
415,313,187,170
413,312,187,170
410,310,187,170
407,309,187,170
405,307,187,170
401,302,187,175
398,297,187,180
395,292,187,185
391,287,187,190
388,282,187,195
384,276,187,199
380,276,192,195
375,276,196,191
370,276,200,187
366,275,205,182
361,275,209,178
357,275,213,174
368,273,202,177
379,271,191,181
390,269,181,185
401,267,170,189
413,265,159,192
424,263,148,196
425,262,148,196
426,262,148,196
427,261,148,196
428,260,148,196
429,260,148,196
431,259,148,196
456,254,150,196
481,249,151,196
505,244,153,196
530,239,155,196
555,233,156,196
580,228,158,196
580,228,162,196
580,228,166,196
580,228,169,196
580,228,173,196
580,228,177,196
580,228,181,196
562,224,181,191
544,220,181,186
525,216,181,181
507,212,181,175
489,208,181,170
470,204,181,165
451,209,186,163
432,215,192,161
413,220,198,159
395,225,203,157
376,230,209,155
357,235,215,153
338,235,221,152
319,235,228,151
300,235,234,150
281,235,240,148
262,235,246,147
243,235,253,146
242,237,250,146
240,239,248,146
238,240,246,146
236,242,244,146
235,244,241,146
233,246,239,146
235,251,239,147
237,256,239,148
239,261,239,150
241,266,239,151
243,271,239,152
245,276,239,153
243,274,239,153
240,271,239,153
238,269,239,153
236,266,239,153
233,264,239,153
231,261,239,153
194,276,234,153
157,291,229,153
120,306,224,153
83,321,218,153
46,336,213,153
9,350,208,153
64,350,200,153
119,349,192,153
173,348,183,153
228,348,175,153
283,347,167,153
262,319,174,162
242,291,181,172
221,262,188,181
200,234,196,190
180,206,203,199
145,228,219,188
110,249,235,176
75,271,250,164
41,293,266,153
6,314,282,141
6,300,267,141
7,285,252,141
7,271,238,141
7,257,223,141
8,242,208,141
29,258,223,145
50,274,238,149
72,291,253,153
93,307,269,158
114,323,284,162
136,305,269,162
158,286,254,162
179,268,239,162
201,250,225,162
223,232,210,162
221,245,210,162
220,259,210,162
218,272,210,162
217,286,210,162
215,299,210,162
214,313,210,162
180,295,201,175
146,278,193,189
113,260,185,202
79,243,177,216
45,225,168,229
11,208,160,242
16,232,166,232
21,256,172,222
27,281,178,211
32,305,184,201
37,329,190,191
42,354,196,181
75,341,196,181
108,328,196,181
141,315,196,181
174,302,196,181
207,289,196,181
240,276,196,181
250,278,196,178
259,279,196,175
269,281,196,172
279,282,196,169
289,284,196,166
298,285,196,163
298,292,196,158
298,298,196,152
298,305,196,146
298,311,196,140
298,318,196,135
298,325,196,129
305,318,196,136
311,312,196,143
317,306,196,150
323,299,196,158
330,293,196,165
336,287,196,172
337,286,196,172
337,286,196,172
338,285,196,172
338,284,196,172
339,284,196,172
340,283,196,172
340,283,196,181
340,283,196,190
340,283,196,199
340,283,196,207
340,283,196,216
340,283,196,225
343,293,207,225
347,303,218,225
351,312,228,225
355,322,239,225
359,331,250,225
363,341,261,225
367,350,272,225
395,349,259,223
422,347,247,221
450,345,235,219
477,344,222,217
505,342,210,215
505,342,227,209
505,342,244,203
505,342,261,196
505,342,279,190
505,342,296,184
495,342,304,184
486,342,312,184
477,343,321,184
467,343,329,184
458,344,337,184
451,319,316,203
444,295,295,222
436,271,274,241
429,247,253,260
422,223,232,279
430,214,227,291
439,204,222,304
447,194,218,317
455,185,213,329
463,175,208,342
466,175,208,342
468,176,208,342
471,176,208,342
473,176,208,342
475,177,208,342
486,182,195,348
496,188,183,353
506,193,170,359
517,199,157,364
527,204,144,370
523,204,151,370
520,204,157,370
517,203,163,370
513,203,169,370
510,203,175,370
492,205,180,366
473,207,185,362
455,209,190,358
437,211,195,355
419,213,199,351
417,213,180,351
416,213,160,351
414,213,140,351
413,213,120,351
412,213,100,351
408,214,100,351
404,215,100,351
400,216,100,351
397,217,100,351
393,218,100,351
393,215,110,348
393,213,121,345
393,210,132,343
393,207,142,340
393,204,153,337
399,204,146,337
406,204,140,337
412,204,133,337
419,204,127,337
425,204,120,337
429,203,123,337
433,201,126,337
436,199,128,337
440,197,131,337
431,196,120,337
431,195,143,337
431,194,165,337
435,203,158,333
440,211,151,329
445,220,143,326
450,228,136,322
455,237,129,318
444,238,146,313
433,239,163,307
422,240,180,302
411,241,196,296
400,242,213,291
418,246,195,291
435,250,176,291
453,253,158,291
471,257,139,291
489,261,120,291
496,264,114,291
502,268,107,291
509,271,101,291
515,275,94,291
522,278,88,291
523,280,88,289
525,282,88,286
526,284,88,284
527,286,88,282
529,289,88,280
529,316,88,252
529,344,88,225
529,372,88,197
529,400,88,169
529,428,88,141
519,433,91,136
510,439,95,131
501,444,99,127
492,450,103,122
482,455,107,117
470,437,157,135
458,419,207,153
446,401,257,172
434,382,307,190
422,364,358,208
428,326,360,245
433,288,363,282
439,250,366,319
444,211,369,357
450,173,371,394
450,168,378,387
450,164,384,379
450,159,391,372
450,154,398,365
450,149,404,358
434,164,400,350
418,179,396,343
402,195,393,335
386,210,389,327
370,225,385,320
387,237,354,309
404,248,323,298
421,260,292,287
438,272,261,276
455,283,230,265
468,271,201,276
482,259,171,288
495,247,142,300
508,235,112,312
522,223,83,323
514,227,83,323
506,230,83,323
498,233,83,323
490,237,83,323
482,240,83,323
474,246,92,319
465,252,101,314
456,258,110,310
448,264,120,305
439,270,129,301
437,271,135,299
435,273,141,298
434,275,146,296
432,276,152,295
430,278,158,293
428,280,164,292
426,282,170,290
424,283,176,289
422,285,182,287
420,287,187,285
425,292,187,281
431,297,187,276
436,302,187,271
441,307,187,266
446,313,187,261
446,313,202,261
446,313,216,261
446,313,230,261
446,313,244,261
446,313,258,261
465,292,231,281
484,272,205,301
503,252,178,321
522,231,152,341
541,211,126,361
510,201,164,349
480,190,203,337
450,180,241,325
420,170,280,313
389,160,318,301
382,147,316,304
374,134,313,308
367,121,311,311
359,109,308,315
352,96,306,318
355,88,293,318
358,80,279,318
362,72,266,318
365,64,252,318
369,56,239,318
369,56,239,311
369,56,239,304
369,56,239,296
369,56,239,289
369,56,239,282
362,56,250,282
355,56,262,282
348,56,273,282
341,56,284,282
334,56,296,282
328,58,303,281
322,59,309,280
316,60,316,279
310,61,323,277
304,62,330,276
298,63,337,275
287,61,350,270
275,59,363,265
263,57,376,260
251,55,389,254
240,53,402,249
244,60,405,254
248,67,409,258
252,74,412,263
256,80,415,267
260,87,418,272
261,92,421,272
261,97,424,272
261,102,427,272
262,107,430,272
262,111,433,272
257,112,432,274
252,113,430,276
247,115,428,279
242,116,426,281
236,117,425,284
236,117,422,273
236,117,419,262
236,117,416,252
236,117,414,241
236,117,411,230
251,124,408,217
265,132,405,204
280,139,402,191
294,147,399,178
309,154,395,165
304,168,395,165
299,181,395,165
294,195,395,165
289,208,395,165
284,221,395,165
292,221,384,186
300,221,372,207
308,221,360,228
316,221,349,249
324,221,337,270
349,230,309,270
374,239,281,270
398,247,253,270
423,256,226,270
448,264,198,270
479,263,198,270
511,261,198,270
543,259,198,270
574,258,198,270
606,256,198,270
595,250,212,280
585,243,227,289
574,237,241,299
563,231,256,308
553,225,270,318
552,227,260,317
551,228,250,317
550,230,240,316
549,232,230,315
548,233,220,315
529,233,207,315
510,233,194,315
492,233,181,315
473,233,168,315
455,233,155,315
444,233,165,315
434,233,175,315
424,233,186,315
413,233,196,315
403,233,206,315
403,236,199,311
403,238,193,307
403,241,186,303
403,243,179,300
403,246,172,296
399,238,174,292
396,230,176,289
392,223,178,285
388,215,180,282
384,208,182,279
380,217,182,262
375,226,182,246
371,235,182,230
366,243,182,214
362,252,182,198
360,258,182,193
358,263,182,187
356,268,182,182
354,273,182,177
352,278,182,172
352,278,177,166
352,278,172,160
352,278,167,153
352,278,162,147
352,278,156,141
358,273,166,158
364,269,175,175
370,264,184,193
376,259,194,210
382,254,203,227
418,247,209,227
453,240,216,227
489,232,222,227
524,225,229,227
560,218,236,227
566,216,246,227
573,215,256,227
580,213,265,227
587,211,275,227
594,209,285,227
584,209,281,227
574,209,276,227
564,208,271,227
554,208,266,227
544,208,261,227
539,218,252,213
534,228,243,199
529,238,233,186
523,248,224,172
518,258,215,158
535,255,199,158
551,253,184,158
568,250,169,158
584,248,153,158
601,246,138,158
621,235,154,158
641,224,171,158
662,213,188,158
682,202,205,158
702,190,222,158
687,194,222,158
671,197,222,158
656,200,222,158
640,203,222,158
625,206,222,158
619,206,212,158
614,205,202,158
608,205,192,158
603,205,182,158
597,204,172,158
598,198,176,151
599,193,180,144
601,187,184,137
602,181,188,129
603,175,193,122
586,173,203,122
570,171,213,122
554,169,224,122
538,167,234,122
522,165,244,122
509,154,228,124
496,143,212,127
484,133,196,129
471,122,180,132
458,111,163,134
470,111,175,134
481,110,187,134
492,109,199,134
504,109,211,134
515,108,224,134
531,111,224,134
548,113,224,134
564,116,224,134
581,119,224,134
597,122,224,134
609,128,217,131
620,135,211,127
631,141,205,124
643,148,199,120
654,154,193,117
654,160,199,117
653,165,205,117
652,170,211,117
652,175,218,117
651,180,224,117
651,185,230,117
629,189,230,117
607,193,230,117
586,197,230,117
564,200,230,117
542,204,230,117
518,191,230,126
494,177,230,135
469,164,230,144
445,151,230,153
420,137,230,162
394,140,226,157
367,143,222,152
340,146,218,147
313,150,214,142
286,153,210,138
275,158,210,138
263,163,210,138
251,168,210,138
239,173,210,138
228,178,210,138
225,186,200,138
222,194,191,138
218,201,182,138
215,209,173,138
212,216,163,138
212,216,160,142
212,216,157,146
212,216,154,151
212,216,151,155
212,216,148,160
203,216,160,160
194,216,173,160
185,216,185,160
177,216,197,160
168,216,210,160
174,204,202,167
181,192,194,175
187,179,186,183
194,167,178,190
200,154,170,198
220,149,162,201
239,143,153,204
259,138,144,207
279,132,136,210
298,127,127,213
302,127,124,213
305,127,120,213
309,127,117,213
312,127,113,213
315,127,110,213
300,144,123,208
284,161,136,204
268,177,149,199
252,194,162,194
236,211,175,189
238,213,164,177
240,215,152,164
243,217,140,152
245,219,129,140
247,221,117,127
255,221,117,127
264,220,117,127
272,219,117,127
281,219,117,127
290,218,117,127
292,221,117,124
294,224,117,122
296,226,117,119
298,229,117,116
300,232,117,113
294,232,122,122
289,232,127,131
283,232,132,140
278,232,138,149
272,232,143,158
277,229,141,156
281,227,140,155
286,225,139,153
290,222,137,151
295,220,136,150
309,219,127,150
324,219,119,150
338,219,110,150
353,218,101,150
367,218,93,150
397,216,93,150
427,215,93,150
457,213,93,150
487,211,93,150
517,209,93,150
530,210,97,141
543,211,100,132
556,211,104,124
569,212,108,115
582,213,112,107
582,209,116,112
582,205,120,118
582,202,124,124
582,198,128,130
582,194,132,136
585,188,134,130
588,183,137,125
591,177,139,119
594,172,141,114
597,166,143,108
600,173,143,115
603,179,143,121
606,186,143,128
608,193,143,134
611,199,143,141
607,194,145,141
603,188,148,141
599,183,150,141
595,178,153,141
591,172,156,141
586,167,158,141
582,162,161,141
578,156,163,141
574,151,166,141
570,146,169,141
554,145,160,141
538,144,151,141
521,143,142,141
505,142,133,141
489,141,124,141
478,137,124,141
468,132,124,141
457,128,124,141
446,124,124,141
436,120,124,141
434,115,124,141
432,110,124,141
431,105,124,141
429,99,124,141
427,94,124,141
419,87,135,141
411,80,146,141
403,74,158,141
396,67,169,141
388,60,181,141
389,59,181,141
391,58,181,141
393,57,181,141
395,56,181,141
396,55,181,141
400,63,181,134
404,70,181,127
408,78,181,120
411,86,181,113
415,94,181,107
416,101,181,102
417,109,181,98
418,116,181,94
419,123,181,90
420,130,181,86
421,132,192,86
422,134,203,86
423,135,215,86
424,137,226,86
425,139,237,86
430,134,232,101
434,129,226,117
438,123,221,132
442,118,215,148
446,113,210,163
452,107,210,163
457,101,210,163
463,95,210,163
468,88,210,163
474,82,210,163
489,86,208,160
504,90,206,156
519,94,204,152
534,97,202,148
549,101,199,144
563,104,193,144
577,107,186,144
591,109,180,144
604,112,173,144
618,115,167,144
596,118,164,144
573,121,161,144
551,124,159,144
529,127,156,144
506,130,153,144
474,115,153,138
441,99,153,131
408,84,153,125
376,68,153,118
343,53,153,112
336,58,153,105
329,64,153,97
322,69,153,90
315,75,153,83
309,80,153,76
307,88,153,70
304,96,153,65
302,104,153,59
300,112,153,54
298,120,153,48
298,119,153,51
298,117,153,53
298,116,153,55
298,115,153,58
298,113,153,60
298,112,153,63
298,110,153,65
298,109,153,67
298,108,153,70
298,106,153,72
302,105,153,72
307,104,153,72
311,103,153,72
315,102,153,72
319,101,153,72
326,103,153,72
334,106,153,72
342,108,153,72
349,111,153,72
357,113,153,72
364,118,147,72
372,123,141,72
379,129,135,72
387,134,130,72
395,139,124,72
403,139,128,75
411,139,133,78
419,139,137,80
428,139,142,83
436,139,146,86
448,135,146,86
460,132,146,86
472,129,146,86
484,125,146,86
496,122,146,86
503,119,146,88
510,116,146,91
517,113,146,93
523,111,146,96
530,108,146,98
537,115,146,98
543,122,146,98
550,129,146,98
557,135,146,98
563,142,146,98
598,151,143,106
633,160,141,113
668,168,138,121
703,177,135,128
738,185,132,136
735,190,132,136
731,194,132,136
727,199,132,136
723,203,132,136
720,208,132,136
705,207,124,136
691,207,117,136
677,207,109,136
663,206,101,136
649,206,93,136
635,203,93,136
621,200,93,136
608,197,93,136
594,194,93,136
580,190,93,136
563,183,93,136
545,175,93,136
528,167,93,136
510,159,93,136
493,151,93,136
483,151,93,136
474,151,93,136
465,151,93,136
455,151,93,136
446,151,93,136
425,147,105,136
405,143,117,136
384,139,129,136
364,134,141,136
343,130,153,136
326,128,153,126
309,126,153,115
292,124,153,105
276,122,153,95
259,120,153,84
262,117,153,84
266,115,153,84
269,112,153,84
272,109,153,84
276,106,153,84
292,109,153,75
309,112,153,65
325,116,153,55
342,119,153,46
358,122,153,36
383,123,148,50
407,124,143,63
432,125,139,76
456,126,134,90
481,127,129,103
489,129,129,103
498,131,129,103
507,133,129,103
516,135,129,103
525,137,129,103
533,141,137,103
540,145,145,103
548,149,153,103
555,152,161,103
563,156,169,103
554,151,170,99
545,146,171,96
536,142,173,92
527,137,174,88
518,132,175,84
509,127,177,80
500,122,178,77
492,118,180,73
483,113,181,69
474,108,182,65
459,103,182,65
444,98,182,65
429,92,182,65
414,87,182,65
400,82,182,65
400,86,182,65
400,90,182,65
400,95,182,65
400,99,182,65
400,103,182,65
400,107,182,65
400,111,182,65
400,115,182,65
400,119,182,65
400,123,182,65
390,124,174,74
380,125,166,83
370,126,158,92
360,126,149,101
350,127,141,110
332,121,155,98
315,115,170,86
297,108,184,74
280,102,199,62
262,96,213,50
275,98,210,49
288,100,207,48
300,102,204,47
313,104,201,46
326,106,198,45
341,106,188,56
357,106,178,67
372,105,169,79
388,105,159,90
403,105,150,101
404,98,150,101
405,92,150,101
406,86,150,101
407,80,150,101
408,74,150,101
426,77,150,101
444,80,150,101
462,83,150,101
480,86,150,101
498,89,150,101
511,96,144,109
525,103,139,117
539,111,133,125
553,118,128,133
566,125,122,141
575,121,115,141
584,116,107,141
592,112,99,141
601,107,92,141
609,103,84,141
580,103,96,141
550,103,108,141
521,104,119,141
491,104,131,141
462,105,143,141
467,116,143,141
472,127,143,141
477,138,143,141
482,149,143,141
487,160,143,141
486,160,143,141
485,161,143,141
484,162,143,141
483,162,143,141
482,163,143,141
479,155,143,141
476,148,143,141
473,140,143,141
470,133,143,141
467,125,143,141
471,126,142,134
476,127,141,128
480,128,140,121
485,129,139,115
489,130,138,108
492,129,144,108
495,129,151,108
498,128,158,108
501,127,165,108
504,126,172,108
507,125,179,108
510,124,186,108
512,123,193,108
515,123,199,108
518,122,206,108
541,126,202,116
563,131,197,123
585,135,193,131
608,140,188,139
630,144,184,146
623,144,180,146
616,144,176,146
608,144,173,146
601,144,169,146
594,144,165,146
582,141,149,146
570,137,132,146
558,134,116,146
546,130,99,146
534,127,83,146
530,127,91,146
527,127,99,146
523,127,107,146
520,127,116,146
517,127,124,146
516,123,134,146
515,119,145,146
515,115,156,146
514,110,166,146
513,106,177,146
516,108,204,146
518,110,231,146
520,111,259,146
523,113,286,146
525,115,313,146
526,121,313,146
526,127,313,146
526,132,313,146
527,138,313,146
527,144,313,146
543,148,294,153
559,151,275,160
574,154,256,167
590,158,237,174
606,161,218,181
606,161,222,181
606,161,226,181
606,161,230,181
606,161,233,181
606,161,237,181
602,156,224,181
597,151,210,181
593,146,196,181
588,141,182,181
584,135,169,181
569,122,186,166
555,108,203,151
540,94,220,136
526,80,237,121
511,67,254,107
516,65,250,107
520,63,246,107
524,62,241,107
528,60,237,107
532,58,232,107
532,58,228,107
532,58,224,107
532,58,220,107
532,58,216,107
532,58,211,107
532,58,211,118
532,58,211,130
532,58,211,142
532,58,211,153
532,58,211,165
520,63,211,169
508,67,211,172
496,72,211,175
484,76,211,179
472,80,211,182
462,83,211,182
452,85,211,182
442,87,211,182
432,89,211,182
422,91,211,182
414,93,209,182
407,96,207,182
399,99,205,182
391,101,203,182
384,104,201,182
376,107,199,182
369,109,197,182
361,112,195,182
353,115,193,182
338,115,229,182
324,116,265,182
309,116,301,182
294,116,337,182
279,117,373,182
311,108,358,187
342,100,343,191
373,92,328,196
405,84,313,200
436,75,297,205
472,72,284,218
508,69,271,231
544,66,257,245
580,63,244,258
616,60,230,272
638,58,209,250
660,56,187,228
681,54,165,206
703,52,144,184
725,50,122,162
710,54,158,188
694,58,194,215
679,63,230,242
664,67,267,269
649,72,303,296
636,68,284,289
622,64,265,281
609,61,247,274
595,57,228,267
582,53,210,260
573,71,224,267
563,89,239,275
554,107,253,282
545,124,268,290
536,142,282,297
543,124,242,286
551,106,202,274
558,88,161,262
566,69,121,251
573,51,81,239
563,64,95,246
553,77,110,253
542,89,124,260
532,102,139,267
522,115,153,273
494,114,171,291
467,113,188,308
439,113,206,326
412,112,223,344
384,111,241,361
389,98,239,333
394,85,237,304
399,71,236,275
403,58,234,247
408,44,232,218
423,51,207,238
438,57,183,258
453,63,158,278
467,69,133,298
482,75,108,318
475,78,112,337
467,80,117,355
460,83,121,374
452,85,125,392
444,87,129,411
435,81,125,365
425,74,121,318
416,68,117,272
406,61,112,225
396,55,108,179
372,62,146,207
347,68,184,236
323,75,222,264
299,82,260,293
274,89,297,322
299,81,260,315
324,73,223,308
349,64,186,302
375,56,149,295
400,48,112,289
374,45,136,289
348,42,160,289
322,40,184,289
297,37,208,289
271,34,232,289
250,37,244,275
229,40,256,261
208,42,268,248
187,45,280,234
166,48,292,220
133,50,305,214
100,51,318,207
67,53,330,200
34,55,343,194
1,56,356,187
20,58,380,187
40,60,403,187
60,62,427,187
79,63,451,187
99,65,475,187
185,71,437,215
272,77,400,242
359,83,362,269
445,88,325,296
532,94,287,323
516,113,301,292
500,133,314,261
485,152,327,229
469,171,341,198
453,190,354,167
393,176,354,188
333,162,354,209
272,147,354,231
212,133,354,252
152,118,354,273
122,112,349,277
92,105,345,281
62,99,340,285
32,92,335,289
3,86,330,292
36,91,356,273
69,97,381,254
102,103,406,236
135,109,432,217
168,115,457,198
255,127,392,224
342,140,326,250
430,152,260,276
517,164,195,302
604,177,129,328
586,176,153,305
569,175,176,282
551,174,200,258
533,173,224,235
515,172,248,211
533,148,254,237
552,123,261,263
571,99,267,289
589,75,274,315
608,51,280,340
585,51,314,324
563,51,348,307
541,50,382,291
518,50,416,274
496,50,450,258
481,56,457,239
466,63,464,219
451,70,470,200
435,77,477,181
420,84,483,162
429,84,463,178
438,84,442,194
447,84,421,210
456,84,401,226
465,84,380,242
492,96,353,242
519,107,326,242
545,119,298,242
572,131,271,242
599,142,244,242
587,149,232,258
576,155,220,273
564,162,208,289
552,168,196,304
541,175,184,320
522,174,209,320
503,173,235,320
484,172,260,320
465,171,286,320
446,170,311,320
454,169,326,317
462,168,341,314
470,168,356,311
478,167,370,307
486,166,385,304
497,170,385,290
508,173,385,275
520,176,385,261
531,179,385,247
542,182,385,232
558,186,375,228
573,189,365,225
589,193,355,221
604,197,345,217
620,201,335,213
594,190,342,238
569,179,349,263
543,168,356,287
518,157,363,312
493,146,370,337
490,158,327,331
488,170,284,325
486,182,241,318
484,194,198,312
482,206,155,306
476,207,177,309
469,208,200,312
463,209,223,314
456,210,246,317
450,211,268,320
450,213,277,309
450,214,285,299
450,215,294,289
450,217,303,279
450,218,311,268
406,213,320,265
363,208,328,262
320,204,337,259
276,199,346,256
233,194,354,253
228,195,348,264
223,195,342,275
218,196,336,286
214,197,329,297
209,197,323,308
247,197,323,305
284,196,323,302
322,195,323,300
360,195,323,297
398,194,323,294
439,200,323,294
480,207,323,294
521,214,323,294
562,220,323,294
603,227,323,294
564,221,334,289
526,216,344,284
487,210,354,280
449,205,365,275
410,199,375,270
399,174,354,285
388,148,332,300
377,123,311,314
366,97,290,329
355,72,268,344
367,70,231,305
379,69,193,265
391,68,156,226
403,66,118,187
415,65,81,148
406,64,115,150
397,62,149,153
387,61,183,155
378,59,217,158
369,58,251,160
371,78,275,177
374,98,299,194
376,118,323,211
378,138,347,229
381,158,371,246
403,173,371,246
425,188,371,246
448,203,371,246
470,218,371,246
493,233,371,246
470,204,357,246
446,175,342,246
423,146,327,246
400,117,312,246
377,87,297,246
381,96,279,256
386,105,260,267
390,113,242,277
394,122,223,287
398,130,205,297
393,150,218,291
388,169,231,284
384,188,245,278
379,207,258,271
374,227,272,265
387,224,272,270
400,221,272,274
413,218,272,279
426,216,272,284
439,213,272,289
425,182,272,280
412,152,272,272
398,121,272,263
384,90,272,254
370,60,272,246
368,68,257,268
366,76,243,291
364,85,228,313
362,93,214,335
360,101,199,358
362,114,222,350
364,127,244,343
365,140,267,335
367,153,289,327
369,166,311,320
417,167,300,320
464,167,289,320
512,167,277,320
560,168,266,320
608,168,254,320
618,146,254,304
628,125,254,287
639,103,254,271
649,81,254,255
659,60,254,239
596,69,287,239
533,78,321,239
471,87,354,239
408,96,387,239
345,105,420,239
292,112,394,259
239,119,369,278
187,126,343,298
134,133,318,317
82,141,292,337
79,135,298,323
75,130,304,308
72,124,310,294
69,119,316,279
66,113,322,265
55,138,277,270
45,162,233,274
34,186,188,279
23,211,144,284
13,235,100,289
11,237,75,218
8,239,51,146
6,240,26,75
4,242,2,4
4,244,3,6
3,246,1,2
4,247,2,2
4,248,2,1
0,241,2,1
0,248,4,0
0,245,1,2
0,234,4,21
0,236,8,15
0,239,10,3
0,237,15,4
0,240,0,1
0,242,4,3
0,245,7,4
0,248,10,6
0,250,17,12
1,252,9,1
1,252,6,3
2,250,4,4
2,253,0,3
3,255,3,1
3,258,6,1
4,261,4,1
5,264,3,2
5,266,4,2
6,268,5,2
6,270,6,2
6,273,5,5
5,276,5,7
4,279,4,10
5,282,3,7
5,285,2,4
5,288,1,1
6,291,1,4
6,294,1,7
1,297,7,6
0,300,13,4
0,303,13,7
0,306,13,9
1,309,8,12
3,312,3,14
5,315,2,7
6,318,0,0
6,318,3,4
5,318,5,7
4,318,4,5
8,323,0,8
9,329,3,3
71,420,144,154
20,340,235,216
23,286,270,245
27,232,304,273
30,178,339,302
33,123,374,331
64,123,339,331
95,122,303,331
126,121,268,331
157,120,233,331
198,188,197,299
239,256,161,267
240,253,169,265
242,251,178,262
254,252,178,262
266,252,178,262
279,253,178,262
291,254,178,262
274,237,211,262
257,220,243,262
240,203,276,262
223,185,309,262
215,176,302,259
207,167,296,255
199,158,289,252
192,149,283,248
202,141,273,240
212,133,264,232
223,125,254,224
233,117,245,216
238,112,260,216
244,108,276,216
250,104,291,216
255,99,307,216
260,102,297,212
266,104,288,209
271,106,279,205
276,108,269,202
295,104,253,208
314,100,237,214
334,97,222,221
353,93,206,227
372,89,190,233
382,88,178,233
391,86,165,233
401,85,153,233
410,84,140,233
407,89,166,210
404,93,193,187
401,98,219,165
398,103,245,142
406,94,220,157
413,84,194,171
421,75,169,186
428,66,143,201
436,56,118,216
440,56,118,216
444,55,118,216
448,54,118,216
452,54,118,216
456,53,118,216
490,49,164,186
523,45,211,156
556,41,257,126
588,41,243,123
619,41,230,119
614,41,236,115
609,41,243,111
600,42,243,111
591,43,243,111
582,43,243,111
573,44,243,111
563,46,248,111
554,47,252,111
544,48,256,111
534,50,260,111
529,50,260,109
524,51,260,107
520,52,260,104
515,53,260,102
515,53,251,110
515,53,241,119
515,53,231,127
515,53,221,135
515,53,210,135
515,53,199,135
515,53,189,135
515,53,178,135
515,53,178,132
515,53,178,128
515,53,178,125
515,53,178,121
523,52,185,117
531,50,192,114
540,49,199,110
548,47,205,106
556,46,212,102
560,47,212,107
564,47,212,113
569,48,212,118
573,49,212,123
577,50,212,128
580,50,203,126
582,50,194,124
585,50,186,122
575,50,194,121
564,50,202,119
554,50,210,117
543,50,219,115
533,50,227,113
522,50,235,111
484,50,243,109
465,48,233,109
447,47,223,109
428,46,212,109
410,45,202,109
391,44,192,109
388,47,182,103
385,50,172,97
382,53,163,91
379,55,153,84
376,58,144,78
378,58,136,78
381,58,128,78
384,58,120,78
387,58,112,78
389,58,104,78
407,57,104,78
425,57,104,78
444,56,104,78
462,56,104,78
480,55,104,78
498,54,104,78
516,54,104,78
534,53,104,78
575,62,104,78
579,75,106,81
583,89,108,84
586,103,110,88
590,117,112,91
594,130,114,94
594,136,114,94
594,142,114,94
594,148,114,94
594,154,114,94
594,160,114,94
586,177,120,94
577,195,125,94
569,212,131,94
561,230,136,94
553,247,142,94
531,254,142,92
509,260,142,90
487,267,142,88
465,273,142,85
443,280,142,83
456,277,141,86
469,274,140,89
482,272,140,92
495,269,139,94
508,266,138,97
530,261,129,97
551,257,121,97
573,252,112,97
595,247,103,97
616,242,94,97
585,232,103,95
553,222,112,94
521,212,121,92
490,202,129,90
458,192,138,89
451,193,136,89
444,194,133,89
438,195,130,89
431,196,127,89
424,197,125,89
431,206,121,82
438,214,116,75
445,222,112,69
453,230,108,62
460,239,104,56
457,239,104,56
455,240,104,56
453,241,104,56
450,241,104,56
448,242,104,56
411,247,107,62
374,252,110,68
338,258,113,74
301,263,117,80
264,268,120,86
228,273,123,92
233,276,125,93
239,280,126,94
245,283,128,95
251,286,130,96
256,289,132,97
262,293,133,98
268,296,135,99
274,299,137,100
279,302,138,101
303,306,138,107
326,309,138,114
326,309,176,114
