390,107,67,46
389,107,67,46
389,108,67,46
388,108,67,46
388,108,67,46
387,108,67,46
387,109,67,45
386,109,67,45
386,109,66,44
385,109,66,44
385,109,66,43
384,110,66,43
384,110,66,42
384,111,66,42
383,111,66,42
383,111,66,42
383,112,66,42
383,112,65,42
383,112,65,42
382,112,64,42
382,112,64,42
382,112,64,42
382,112,64,42
381,112,64,41
381,113,64,41
381,113,64,41
380,113,64,41
380,113,64,41
380,112,64,41
379,112,64,41
379,111,64,41
379,111,64,41
378,109,64,42
378,108,64,43
377,107,64,44
377,106,64,45
376,105,64,46
377,104,66,47
377,102,67,48
378,101,68,49
378,100,69,50
379,98,71,51
379,97,72,52
391,102,72,52
402,106,72,51
414,111,72,51
426,116,72,50
438,120,72,50
441,126,73,51
445,132,73,52
448,138,74,53
452,144,75,55
456,150,76,56
455,149,75,55
455,148,75,55
455,147,74,55
455,146,74,54
455,145,74,54
452,142,74,53
450,139,74,51
447,137,74,50
445,134,74,49
443,131,74,48
438,129,72,47
433,127,71,46
427,125,69,45
422,123,68,45
417,120,66,44
416,119,66,44
415,119,66,43
414,118,66,43
413,117,66,42
412,116,66,42
411,114,67,44
411,112,69,47
411,110,70,49
411,108,71,51
410,106,72,53
410,105,74,55
410,103,75,57
410,101,76,60
409,99,77,62
409,97,79,64
411,97,75,63
412,97,72,61
414,97,68,59
416,97,65,58
417,97,61,56
420,99,58,56
422,101,55,56
425,103,52,56
427,104,49,56
430,106,46,55
430,108,46,55
430,110,46,54
430,112,46,53
430,113,46,52
431,115,46,52
431,116,46,51
431,117,46,50
432,117,46,50
432,118,46,49
432,119,46,49
433,119,46,49
433,118,46,49
434,118,46,49
434,118,46,49
434,118,46,49
435,118,46,49
435,118,46,49
436,118,46,49
436,117,46,49
437,117,46,49
437,117,46,49
437,117,46,49
438,117,46,49
438,117,46,49
439,117,46,49
439,116,46,49
439,116,46,49
440,116,46,49
440,116,46,49
441,116,46,49
441,116,46,49
441,116,46,49
442,115,46,49
442,115,46,49
443,115,46,49
443,115,46,49
444,115,46,49
447,114,46,49
451,114,46,49
454,114,46,49
458,113,46,49
460,113,46,49
463,113,46,49
465,113,46,49
468,112,46,49
471,112,46,49
472,112,46,49
473,112,46,49
474,112,46,49
475,112,46,49
477,111,46,49
478,112,46,49
479,112,46,50
480,113,46,51
481,113,46,51
482,114,46,52
482,114,46,51
483,115,46,50
484,115,46,49
484,116,46,48
485,116,46,47
484,116,48,48
484,116,49,49
483,115,51,50
482,115,52,51
482,115,54,52
481,114,55,52
480,114,55,52
480,114,55,51
479,114,55,50
479,114,55,50
478,114,55,49
478,114,55,50
477,113,54,50
477,113,54,51
477,112,54,51
476,112,54,52
476,111,53,52
476,111,53,52
476,111,53,51
476,111,53,50
476,111,53,49
476,111,53,49
475,111,53,49
473,111,53,49
472,111,53,49
470,111,53,49
468,111,53,49
467,112,53,49
465,112,53,49
464,113,53,49
462,113,53,49
461,114,53,49
459,114,53,49
458,114,53,49
457,114,53,49
456,114,53,49
455,115,53,49
454,115,53,49
453,115,53,49
452,114,53,49
452,114,53,49
451,114,53,50
451,113,53,50
450,113,53,51
450,113,53,51
451,113,53,51
451,113,53,51
451,113,53,51
451,113,53,51
451,113,53,51
451,113,53,51
451,113,53,51
451,113,53,51
451,113,53,51
451,113,52,51
451,112,52,51
450,111,52,51
450,110,52,51
450,109,52,51
449,108,52,51
449,107,52,51
447,107,50,51
446,107,47,51
445,107,44,51
444,107,41,51
442,106,38,51
441,106,36,51
442,107,35,51
443,108,34,51
444,109,33,51
438,110,33,51
432,111,34,51
427,112,35,51
421,113,36,51
416,114,37,51
414,114,37,51
413,115,37,51
411,116,37,51
410,117,37,51
409,118,37,51
409,118,37,51
408,119,37,51
408,120,37,51
408,120,37,51
408,121,37,51
408,121,37,51
408,121,37,51
408,120,37,51
408,120,37,51
408,120,37,51
407,120,37,51
407,120,37,51
407,121,37,51
407,121,37,51
407,121,37,51
407,121,37,51
407,122,37,51
407,122,37,51
407,122,37,51
407,122,37,51
407,123,37,51
407,123,37,51
407,123,37,51
407,124,37,51
407,124,37,51
407,124,37,51
407,124,37,51
407,125,37,51
407,125,37,51
407,125,37,51
408,125,37,51
408,125,37,51
408,125,37,51
408,126,37,51
409,126,37,51
409,126,37,51
409,126,37,51
409,126,37,51
410,126,37,51
410,126,37,51
411,125,37,51
411,124,37,51
412,123,37,51
412,122,37,51
413,120,37,51
414,120,37,51
415,120,37,51
416,120,37,51
417,120,37,51
418,120,37,51
419,120,37,51
419,119,37,51
420,118,37,51
421,117,37,51
422,116,37,51
420,111,37,50
418,106,37,49
416,101,37,49
414,96,37,48
413,91,37,47
413,94,37,46
413,98,37,45
413,101,37,43
414,104,37,42
414,107,37,41
413,113,38,36
411,119,40,30
410,125,42,25
409,131,44,20
408,137,46,14
408,133,46,21
408,129,46,28
408,125,46,35
408,122,46,41
408,118,46,48
405,116,46,48
403,114,46,48
401,112,46,48
398,111,46,48
398,114,46,48
398,118,46,48
398,121,46,48
397,125,46,48
397,128,46,48
392,126,46,48
387,124,46,48
382,122,46,48
378,119,46,48
373,117,46,48
407,115,46,48
355,103,46,48
346,98,46,48
344,100,46,48
341,101,46,48
339,102,46,48
339,102,46,48
340,103,46,48
340,103,46,48
340,104,46,48
341,104,46,48
341,105,46,48
342,105,46,48
342,106,46,48
343,106,46,48
343,107,46,48
342,106,46,48
342,106,47,48
341,106,47,49
340,105,47,49
340,105,48,49
339,104,48,49
338,104,48,49
338,104,49,49
337,103,49,50
336,103,49,50
336,103,50,50
335,102,50,50
334,102,51,50
334,101,51,50
333,101,51,51
332,101,52,51
327,100,49,51
321,99,46,51
316,99,44,51
310,98,41,51
305,98,38,51
300,96,42,53
296,94,46,55
292,92,49,57
288,90,53,59
284,89,57,61
282,89,57,61
280,90,58,61
278,90,59,61
276,91,59,61
274,91,60,61
274,91,58,60
275,91,56,59
275,91,54,59
275,92,52,58
275,92,50,57
276,92,48,56
276,92,46,56
276,92,44,55
276,92,42,54
277,92,40,54
284,97,40,54
292,102,40,54
299,107,40,54
306,111,40,54
314,116,40,54
322,114,47,44
331,113,54,34
340,116,54,34
349,119,54,34
358,122,54,34
367,125,54,34
376,128,54,34
389,130,55,34
401,133,56,35
414,136,56,35
426,139,57,36
439,141,58,36
439,141,58,36
440,141,58,36
440,140,58,36
441,140,58,36
441,140,58,36
438,139,58,36
435,138,58,36
432,137,58,36
428,137,58,36
425,136,58,36
424,138,59,39
423,140,60,41
422,141,62,43
421,143,63,46
419,145,64,48
406,147,65,48
392,149,65,48
378,151,66,48
365,153,66,48
351,154,67,48
340,152,65,49
328,151,63,50
316,149,61,51
305,147,59,52
303,146,58,52
302,146,57,52
301,146,55,52
300,146,54,52
303,147,53,55
306,148,51,57
310,149,50,59
313,150,48,61
317,151,46,64
320,151,46,62
322,152,46,61
325,152,45,59
328,153,45,58
329,153,45,57
330,153,45,57
330,154,45,57
331,154,45,57
332,154,45,57
333,155,43,55
334,156,42,54
335,157,40,52
336,158,39,51
337,159,37,49
337,161,37,47
337,162,37,45
337,164,37,43
337,166,37,41
337,168,37,40
337,168,36,40
338,168,36,40
338,168,35,40
339,168,35,40
339,168,34,40
342,169,34,40
344,169,34,40
347,170,34,40
349,170,34,40
352,171,34,40
352,171,34,40
351,171,34,40
351,172,34,40
351,172,34,40
350,172,34,40
351,172,36,40
352,171,38,40
353,170,40,40
354,170,41,40
355,169,43,40
355,168,45,40
356,167,46,40
357,167,48,40
358,166,50,40
359,165,52,40
360,165,53,40
361,164,55,40
372,155,55,40
383,146,55,40
395,138,55,40
406,129,55,40
417,120,55,40
421,112,55,43
424,103,55,47
427,95,55,51
430,86,55,55
436,91,55,55
441,96,55,55
446,101,55,55
452,105,55,55
452,106,55,54
453,107,55,53
453,108,55,52
454,110,55,51
454,111,55,50
452,107,55,50
449,104,56,50
447,100,56,50
445,97,56,50
442,93,56,50
440,90,57,50
438,89,58,50
435,87,59,50
433,86,60,50
431,85,62,50
429,84,63,50
427,83,64,50
425,81,65,50
424,81,66,51
424,80,67,52
423,80,67,52
422,80,68,53
422,79,69,54
421,79,69,55
421,78,70,56
420,78,70,57
419,77,71,58
419,77,72,58
418,77,72,59
417,76,73,60
417,76,74,61
416,75,74,62
415,75,75,63
415,74,76,64
410,74,78,64
406,74,80,64
402,74,82,64
398,74,84,64
399,76,82,64
400,78,81,64
401,80,79,64
403,81,77,64
404,83,75,64
405,85,73,64
405,85,72,64
405,85,72,64
405,85,71,64
405,85,70,64
405,85,69,64
405,85,69,64
415,86,66,64
425,87,64,64
435,88,61,64
445,89,59,64
455,90,56,64
465,91,54,64
475,92,52,64
480,94,52,62
484,97,52,61
489,100,52,60
494,103,52,59
498,106,52,57
503,109,52,56
508,111,52,55
506,112,52,55
505,112,52,55
503,112,52,54
502,112,52,54
500,112,52,54
499,112,52,54
497,113,52,54
496,113,52,54
494,113,52,53
493,113,52,53
491,113,52,53
490,114,52,53
488,114,52,53
487,114,52,53
486,114,52,52
484,114,52,52
483,114,52,52
481,115,52,52
480,115,52,52
478,115,52,51
477,115,52,51
475,115,52,51
474,116,52,51
472,116,52,51
473,118,52,51
473,120,52,51
473,122,52,51
474,123,52,51
474,125,52,51
474,127,52,51
475,129,52,51
475,131,52,51
475,131,52,51
476,130,52,51
476,130,52,51
477,129,52,51
477,129,52,51
478,128,52,51
478,128,52,51
479,127,52,51
479,127,52,51
480,126,52,51
480,126,52,51
480,125,52,51
481,124,52,51
481,124,52,51
482,123,52,51
481,122,52,51
480,121,52,51
479,120,52,51
478,120,52,51
477,119,52,51
476,118,52,51
475,117,52,51
474,116,52,51
474,115,52,51
473,114,52,51
472,113,52,51
471,112,52,51
470,111,52,51
469,110,52,51
467,110,52,51
466,110,52,51
464,110,52,51
463,110,52,51
461,110,52,51
459,110,52,51
458,110,52,51
454,110,52,51
451,111,52,51
447,112,52,51
444,113,52,51
441,113,52,51
437,114,52,51
434,115,52,51
437,113,52,51
441,111,52,51
444,109,52,51
448,107,52,51
452,106,52,51
455,104,52,51
473,107,52,51
483,109,52,51
493,111,52,51
502,113,52,51
512,115,52,51
522,116,52,51
532,118,52,51
532,121,52,48
532,123,52,46
530,121,52,47
528,119,52,48
526,117,52,49
524,115,52,50
522,113,52,51
520,111,52,52
518,109,52,53
516,107,52,54
514,104,52,55
512,102,52,57
510,100,52,58
503,100,52,58
496,101,52,58
490,101,52,58
483,101,52,58
476,101,52,58
478,101,51,58
481,101,50,58
484,101,48,58
486,101,47,58
489,101,46,58
491,101,45,58
494,101,44,58
496,101,43,58
499,101,42,58
502,101,41,58
502,101,46,58
502,101,50,58
502,101,54,58
502,101,58,58
502,101,63,58
502,101,67,58
502,101,71,58
502,101,76,58
502,104,74,59
502,107,73,60
502,110,72,62
502,113,70,63
502,116,69,65
502,119,68,66
494,123,73,61
486,127,78,55
478,131,83,50
471,135,88,44
463,139,93,39
451,140,93,41
439,140,93,43
427,141,93,45
415,142,93,48
403,143,93,50
391,143,93,52
379,144,93,54
378,146,93,54
377,147,93,54
376,148,93,54
375,150,93,54
374,151,93,54
373,153,93,54
371,153,90,54
370,153,88,54
368,154,85,54
367,154,83,54
365,154,80,54
364,154,77,54
363,155,77,55
361,156,77,55
360,157,77,56
359,157,77,57
357,158,77,57
356,159,77,58
355,160,77,58
359,159,77,57
364,158,77,56
369,157,77,56
374,156,77,55
379,155,77,54
383,154,77,53
388,154,77,52
408,155,77,52
429,156,77,52
449,158,77,52
470,159,77,52
490,160,77,52
510,162,77,52
531,163,77,52
528,163,82,51
526,163,87,50
523,163,92,49
521,162,96,48
519,162,101,47
516,162,106,46
508,160,98,45
500,157,91,44
491,155,83,43
483,153,76,42
475,150,68,41
467,148,61,40
458,146,53,40
450,143,46,39
444,140,46,39
438,137,46,39
432,134,46,39
427,132,46,39
421,129,46,39
417,129,46,39
413,129,46,39
410,129,46,39
406,129,46,40
402,129,46,40
399,130,46,40
395,130,46,41
392,130,46,41
388,130,46,41
384,130,46,41
381,130,46,42
377,131,46,42
373,131,46,42
370,131,46,42
366,131,46,43
362,131,46,43
353,134,46,43
345,136,46,43
336,139,46,43
327,141,46,43
318,143,46,43
309,146,46,43
300,148,46,43
308,146,46,43
315,143,46,43
323,140,46,43
331,137,46,43
338,135,46,43
346,132,46,43
353,129,46,43
361,126,46,43
368,123,46,43
372,124,47,42
377,124,48,40
381,125,49,39
385,125,50,38
389,126,51,37
393,126,53,35
397,127,54,34
401,127,55,33
406,128,56,32
410,128,57,30
414,129,58,29
416,129,58,29
419,129,58,29
421,129,58,29
423,130,58,29
425,130,58,29
428,130,58,29
430,130,58,29
432,131,58,29
435,131,58,29
437,131,58,29
439,132,58,29
442,132,58,29
444,132,58,29
452,137,58,32
461,142,58,34
469,147,58,36
478,152,58,38
486,157,58,41
494,162,58,43
503,167,58,45
511,172,58,48
520,177,58,50
520,176,58,48
520,175,58,47
520,175,58,45
521,174,58,44
521,173,58,42
521,172,58,40
522,172,58,40
523,172,58,40
524,172,58,40
526,172,58,40
527,172,58,40
528,172,58,40
529,172,58,40
530,172,58,40
531,172,58,40
525,170,58,41
519,168,58,41
513,166,58,42
507,163,58,42
501,161,58,42
495,159,58,43
489,156,58,43
483,154,58,43
477,152,58,44
480,152,57,44
482,153,56,45
484,153,56,45
487,153,55,45
489,154,54,46
491,154,53,46
494,154,52,46
491,156,52,45
489,157,52,44
486,159,52,43
484,160,52,42
481,162,52,40
478,163,52,39
476,165,52,38
479,166,50,38
482,168,49,38
486,169,48,38
489,171,47,38
492,172,46,38
495,173,45,38
499,175,44,38
502,176,43,38
505,178,42,38
508,179,40,38
508,179,40,38
507,179,40,38
506,179,39,38
505,179,39,38
505,179,39,38
504,179,38,38
503,179,38,38
502,179,38,38
502,179,38,38
502,179,38,38
501,179,38,38
501,179,38,38
501,179,38,38
500,179,38,38
500,179,38,38
500,179,38,38
499,179,38,38
499,178,38,38
498,178,38,38
498,177,38,39
497,176,38,39
496,175,38,40
495,174,38,40
495,173,38,41
494,172,38,41
493,172,38,42
492,171,38,42
492,170,38,42
491,169,38,43
490,168,38,43
490,167,38,44
487,165,38,44
484,164,38,44
482,162,38,44
479,160,38,44
477,158,38,44
474,156,38,44
471,155,38,44
469,153,38,44
466,151,38,44
466,151,38,44
466,151,38,44
466,151,38,44
465,151,38,44
465,151,38,44
465,150,38,44
465,150,38,44
464,150,38,44
464,150,38,44
464,150,38,44
464,150,38,44
460,150,38,44
457,150,38,44
453,150,38,44
450,149,38,44
446,149,38,44
443,149,38,44
439,149,38,44
436,149,38,44
432,149,38,44
428,148,38,44
422,145,38,44
416,141,38,44
410,138,38,44
404,134,38,44
398,130,38,44
392,127,38,44
386,123,38,44
380,119,38,44
374,116,38,44
367,112,38,44
354,114,45,44
341,115,52,44
327,117,59,44
314,119,66,44
300,120,73,44
287,122,80,44
289,121,79,43
291,121,78,42
293,120,77,41
295,120,76,40
296,119,75,40
298,118,74,39
300,118,74,38
302,117,73,37
304,117,72,36
306,116,71,35
308,116,70,34
310,115,69,34
312,115,68,33
314,114,67,32
318,115,68,36
321,117,69,40
324,118,70,44
328,120,71,49
331,121,73,53
335,123,74,57
338,124,75,61
340,126,75,61
341,127,75,61
343,128,75,61
344,129,75,61
345,131,75,61
347,132,75,61
348,133,75,61
350,134,75,61
351,135,75,61
355,135,75,60
359,134,75,58
363,133,75,57
367,133,75,55
371,132,75,54
375,131,75,52
379,131,75,51
383,130,75,50
387,129,75,48
394,130,73,47
400,130,72,46
407,131,70,45
414,131,68,44
420,132,67,43
427,132,65,42
427,136,65,42
427,139,65,42
427,143,65,42
427,147,65,42
427,150,65,42
427,154,65,42
428,158,65,42
428,161,65,42
428,162,65,42
428,164,65,42
428,165,65,42
429,166,65,42
429,167,65,42
429,168,65,42
430,167,65,42
431,165,65,42
432,164,65,42
432,162,65,42
433,161,65,42
434,159,65,42
435,158,65,42
435,156,65,42
412,146,77,43
390,137,89,45
367,127,100,46
344,117,112,47
321,107,124,49
329,143,86,25
289,105,65,64
267,109,96,83
257,120,94,77
246,132,92,71
235,144,90,64
208,141,96,75
189,158,104,83
171,176,113,92
152,194,121,101
133,211,129,109
313,415,57,109
113,332,123,96
119,373,125,96
126,415,127,96
133,457,129,95
138,463,132,93
144,469,134,90
150,474,137,88
155,480,139,85
143,498,137,68
131,516,135,51
119,533,133,35
116,536,142,36
112,539,151,37
