214,207,108,220
214,208,112,215
212,207,113,214
223,204,112,217
227,199,112,219
243,191,107,219
249,188,104,219
254,189,104,219
257,190,100,215
251,191,99,209
257,188,104,211
253,184,104,212
253,187,117,211
254,187,118,211
257,185,118,212
257,185,118,212
259,191,108,204
256,187,110,208
262,188,104,205
264,186,105,207
274,186,100,201
288,185,91,205
293,184,92,206
296,186,96,203
303,182,92,207
308,189,97,201
309,185,99,201
312,189,100,198
316,197,102,193
321,200,102,195
325,201,99,199
329,203,96,199
332,203,94,188
333,201,89,190
332,198,87,196
335,197,83,193
332,197,87,195
333,198,92,194
337,199,99,188
337,200,102,190
346,204,91,187
340,205,100,185
343,208,96,181
350,206,92,183
355,209,91,182
363,208,87,182
371,210,89,180
380,207,83,182
380,207,86,184
382,206,91,182
384,206,89,182
385,206,89,182
387,208,91,176
389,210,94,173
389,209,94,174
397,210,86,173
398,209,91,173
401,209,83,170
408,208,78,170
410,208,78,169
411,208,74,171
411,209,71,171
413,209,70,168
410,211,70,166
406,210,74,167
406,211,74,167
395,213,81,166
398,215,76,162
397,213,78,164
395,212,83,164
397,214,84,162
400,211,83,163
401,209,83,164
410,212,74,162
410,211,71,162
408,212,78,162
413,223,73,159
413,226,71,159
410,229,78,160
411,233,71,158
411,237,70,159
411,245,68,156
406,247,68,155
403,250,70,153
401,252,66,155
395,254,66,156
385,254,66,159
374,253,66,154
361,253,66,156
350,251,70,154
340,251,71,152
332,252,70,150
329,254,70,147
324,256,73,146
322,252,71,151
317,255,73,147
311,256,71,153
309,258,70,149
314,256,63,152
311,257,66,149
311,260,65,145
303,259,66,145
301,259,66,146
301,259,63,146
303,258,60,146
304,260,60,146
303,258,62,145
306,261,62,141
308,260,63,140
311,258,63,140
311,257,66,141
317,260,68,142
322,261,60,142
327,265,60,140
327,267,63,137
330,270,58,137
329,276,60,133
329,274,63,132
325,274,65,135
329,275,62,135
327,275,66,134
330,274,70,136
338,274,65,137
343,275,63,137
342,274,66,137
346,274,65,140
353,278,65,136
358,279,60,135
359,280,63,134
361,282,58,135
363,279,63,136
369,282,58,132
372,281,58,136
374,282,60,133
374,285,60,128
377,281,58,130
379,277,58,132
380,275,57,129
382,273,57,133
384,274,55,129
384,273,57,131
382,273,57,127
382,274,58,127
382,277,57,123
387,273,53,129
385,274,57,125
382,275,58,125
384,275,60,124
389,273,53,126
385,277,57,122
384,274,57,123
385,276,57,122
389,277,55,125
392,278,55,124
393,280,53,122
397,280,55,122
405,281,49,121
401,281,57,121
406,280,55,122
411,282,53,118
413,283,57,118
423,283,57,118
427,283,58,118
432,282,58,121
437,285,57,117
439,285,62,116
448,286,57,116
448,285,60,115
455,287,58,113
460,287,53,113
458,285,57,116
460,286,55,112
460,286,63,115
465,284,58,114
466,284,58,113
471,283,50,117
476,284,52,113
474,281,55,116
481,282,47,115
479,282,57,117
482,283,52,117
487,283,53,112
489,284,52,112
491,284,57,111
494,285,52,111
495,283,53,112
500,281,55,112
502,282,58,113
507,283,52,110
507,281,52,113
507,280,52,114
512,283,53,109
518,286,55,107
525,287,52,108
529,287,57,107
531,284,57,105
537,286,55,108
542,286,57,107
547,287,57,106
557,288,53,111
562,287,53,113
573,293,47,111
575,298,50,106
578,296,49,112
580,300,50,111
581,303,50,111
588,302,49,108
589,304,47,106
589,305,50,105
589,303,50,108
589,304,52,105
596,299,49,110
597,301,49,105
597,299,50,107
602,297,49,109
601,298,49,113
602,300,52,108
605,307,47,100
602,309,53,105
599,310,53,105
601,311,49,106
596,311,52,103
580,313,57,101
576,311,50,101
570,309,50,101
563,309,47,100
555,309,52,101
542,311,49,102
537,309,47,102
533,309,47,102
526,312,49,96
521,308,47,101
502,309,50,98
499,310,45,96
489,310,45,99
481,315,50,97
471,313,47,98
455,318,47,100
447,317,47,102
439,317,45,102
426,318,47,103
416,318,49,104
401,314,49,100
390,314,50,101
382,313,47,99
379,313,45,97
376,311,45,95
364,310,45,100
359,308,44,100
356,305,45,104
353,306,50,99
351,304,44,101
348,302,45,99
345,302,44,101
342,303,50,97
340,301,45,100
340,302,42,99
337,301,47,99
333,305,50,93
335,304,44,95
335,305,45,91
337,304,44,94
338,303,42,97
340,303,44,98
342,304,44,94
343,303,45,93
346,304,45,93
351,301,45,93
353,303,47,93
355,304,45,93
353,302,50,90
356,301,49,94
358,306,44,90
355,305,49,92
356,305,47,93
359,304,42,92
356,304,47,94
358,303,47,91
359,303,47,93
364,302,45,97
361,302,47,95
364,303,45,95
364,305,44,92
367,306,45,88
367,304,42,92
372,306,40,92
371,302,47,94
372,304,47,90
376,302,42,93
376,303,45,93
379,304,47,92
380,302,49,90
384,304,47,92
380,307,57,87
390,303,49,91
390,304,58,88
395,305,53,88
395,305,58,85
398,305,58,85
406,302,55,87
411,304,55,78
416,303,47,84
414,301,52,84
411,301,57,85
413,299,58,89
418,300,52,91
414,301,57,90
410,301,58,90
416,304,57,82
418,304,55,81
418,304,60,83
416,303,63,83
424,303,60,81
426,304,58,83
429,305,60,83
429,306,68,83
431,305,63,81
434,305,63,81
439,304,66,82
442,306,68,83
452,310,62,78
455,307,60,87
458,312,60,82
455,305,62,88
463,305,57,86
466,308,57,83
466,313,62,70
482,307,45,82
484,311,52,81
492,307,47,84
491,304,55,86
502,314,47,86
507,313,50,82
503,315,55,81
518,319,55,84
513,320,52,83
515,318,55,86
516,321,57,83
528,324,49,80
537,317,45,84
547,316,53,80
552,312,49,83
552,313,49,75
557,313,47,80
557,313,37,81
559,315,39,77
557,314,40,78
555,316,45,76
559,312,42,78
562,314,40,74
562,314,40,78
563,313,40,79
560,313,42,76
562,313,42,80
565,313,39,79
570,313,34,78
570,312,37,77
567,308,40,81
571,307,36,77
573,306,36,78
570,306,40,76
573,302,37,79
571,305,39,78
570,305,39,78
570,306,42,74
568,305,44,74
568,302,42,78
570,305,40,68
571,301,45,73
580,305,50,71
588,304,49,73
597,306,52,73
605,305,55,76
617,308,50,69
639,307,47,78
648,307,49,80
656,306,49,80
664,308,52,79
678,308,45,78
691,311,42,76
712,314,42,76
719,313,44,77
730,311,42,79
740,313,37,77
745,314,42,73
761,313,37,76
761,315,42,73
761,312,45,77
764,312,42,79
764,314,42,70
764,311,45,77
764,313,49,76
761,310,49,79
756,311,47,79
756,312,42,78
745,313,45,79
743,315,42,74
740,315,40,75
735,316,40,74
733,314,42,76
725,316,42,71
722,314,40,73
720,314,39,73
714,313,42,71
712,312,42,76
716,310,32,75
712,311,39,69
714,313,36,69
707,312,39,73
709,312,34,73
699,315,39,73
699,316,36,71
691,316,40,71
690,318,40,70
690,320,39,67
685,321,34,73
682,322,37,68
682,322,36,70
678,325,39,65
677,323,39,69
677,323,39,67
672,323,42,70
670,323,44,69
675,324,36,68
670,323,40,69
669,323,44,65
673,323,39,68
670,322,37,69
670,321,39,66
670,320,42,71
670,320,39,69
672,321,39,69
673,320,37,69
675,319,39,68
682,318,39,69
693,321,40,74
699,321,39,74
711,321,34,69
716,320,39,74
719,322,45,74
738,325,44,68
743,327,45,70
753,328,42,66
761,328,40,68
764,328,44,68
777,328,40,70
787,328,36,70
787,328,40,67
793,328,40,69
795,329,42,67
798,326,42,70
801,325,42,73
803,325,42,75
803,327,40,75
808,328,37,67
809,327,34,70
806,328,36,67
809,329,36,66
808,327,37,67
809,326,34,65
811,325,34,69
809,324,36,66
811,324,32,65
808,323,37,64
811,321,34,63
813,320,34,67
811,320,34,62
808,319,37,62
808,318,34,65
803,319,34,63
800,319,34,63
798,317,32,67
795,319,34,67
795,318,31,66
787,316,36,69
784,315,37,71
779,321,34,65
777,317,39,66
774,319,36,65
771,321,37,65
769,319,36,61
762,321,34,63
762,321,29,62
758,323,31,62
750,324,40,61
741,323,32,65
738,322,36,63
737,325,29,60
728,323,34,62
727,323,31,65
720,324,32,60
714,323,39,66
714,320,29,66
711,327,31,59
707,325,28,60
693,324,29,64
688,325,29,59
680,325,28,59
672,321,29,63
662,319,31,61
646,319,31,62
639,317,29,63
630,314,36,71
618,316,37,68
614,325,34,59
609,331,34,53
596,330,42,55
588,328,29,58
581,327,32,61
578,331,29,55
563,328,36,59
560,320,34,65
554,323,32,63
544,325,36,62
541,323,32,62
528,327,36,61
521,327,36,63
515,328,40,61
513,327,32,58
507,327,32,61
500,327,34,57
500,327,31,59
499,327,32,59
495,327,39,60
497,328,39,57
497,324,39,59
497,321,42,57
500,321,37,59
502,319,37,59
505,319,36,58
503,320,36,59
503,319,36,60
505,320,36,60
505,319,36,60
510,321,31,55
512,320,32,58
515,319,29,57
512,320,36,56
515,318,32,60
513,319,36,57
515,319,37,59
513,320,40,56
518,319,32,60
516,317,36,59
518,316,31,59
518,317,34,57
516,318,36,58
520,316,29,58
520,315,32,57
520,316,34,57
523,315,31,59
525,315,32,57
523,315,34,56
523,314,34,58
526,314,34,57
525,314,37,56
529,315,36,53
531,315,36,56
531,317,37,55
534,315,34,56
533,316,36,56
534,316,34,56
536,315,32,57
534,314,36,57
534,314,32,58
534,313,34,59
531,314,36,56
528,314,37,54
525,314,37,56
526,315,34,58
525,315,34,53
523,315,32,58
525,315,31,57
516,315,40,57
520,314,34,57
516,314,37,62
520,313,31,59
521,316,29,60
516,315,37,56
518,319,36,55
516,316,37,58
518,315,34,59
518,316,36,55
518,316,34,56
518,317,36,56
523,316,34,56
525,317,36,57
526,319,39,53
531,319,32,53
531,318,34,54
529,317,37,54
533,317,36,57
536,318,34,56
534,318,36,57
531,317,39,54
534,319,36,52
536,317,36,51
534,318,36,53
537,316,31,54
533,317,39,54
533,317,39,54
536,316,34,57
536,317,31,57
539,317,31,56
539,317,31,55
541,320,31,55
542,321,29,55
544,323,29,54
542,322,31,58
544,323,31,58
549,325,29,59
552,326,29,56
555,329,26,51
559,327,28,56
557,328,32,53
560,325,29,55
560,324,32,52
562,323,32,56
563,324,32,54
567,323,32,53
567,322,32,55
567,322,36,55
567,320,37,59
567,319,36,58
565,319,37,55
568,319,34,57
567,320,34,55
565,319,34,57
565,321,34,54
565,323,32,54
568,321,28,56
562,321,34,56
563,322,34,54
563,320,32,57
567,319,28,59
565,320,31,56
563,319,36,55
570,317,29,57
567,317,36,61
567,317,37,60
568,316,36,55
570,315,34,57
568,314,37,59
573,315,32,56
575,314,32,54
573,315,34,53
575,311,34,55
576,312,31,53
576,312,34,54
576,310,34,58
578,311,34,52
576,311,37,54
581,311,32,53
581,312,34,50
580,311,37,54
583,310,32,54
586,310,31,53
584,309,32,54
586,309,29,50
583,306,34,52
589,306,28,51
591,306,29,51
594,304,28,53
594,305,31,52
593,305,34,53
593,306,34,50
