482,199,52,119
481,202,50,117
481,199,52,119
481,199,52,118
479,200,52,119
478,201,52,119
478,200,52,118
478,201,53,119
476,200,53,120
476,199,53,119
474,198,53,119
473,198,53,119
471,198,53,119
471,198,53,119
469,198,55,118
468,198,57,119
468,199,53,118
466,198,55,120
466,198,53,120
466,198,53,120
466,198,52,119
465,198,52,119
465,198,52,119
465,199,53,119
465,199,52,120
465,200,50,118
465,199,50,118
465,200,47,121
466,199,49,120
465,198,52,120
466,199,49,118
466,199,53,121
466,200,50,117
469,200,50,117
469,200,50,122
469,200,50,120
471,200,49,119
473,195,49,124
473,195,49,124
474,196,49,124
482,195,44,128
479,196,49,125
478,196,49,123
476,194,47,123
476,194,47,117
478,195,52,115
478,196,49,113
473,197,53,109
474,195,52,114
473,197,53,116
473,195,53,108
474,195,52,107
478,195,52,106
479,194,52,107
484,193,52,107
484,195,52,107
484,196,52,109
484,196,53,109
486,194,53,109
484,197,53,111
484,194,57,111
487,196,55,111
482,196,57,112
484,198,57,113
489,197,57,114
482,200,58,87
489,199,55,93
486,201,63,95
486,201,63,95
503,197,50,99
502,196,55,102
502,196,57,101
505,196,52,99
503,194,58,108
500,195,60,102
507,193,53,112
508,193,52,111
507,194,57,106
512,196,52,108
512,195,52,113
512,195,52,113
508,195,57,105
512,195,53,110
515,198,50,106
518,197,49,108
515,195,53,102
516,198,50,106
518,197,47,102
518,197,50,106
518,197,52,104
516,197,53,107
516,197,58,103
526,198,50,99
523,198,53,102
523,200,53,101
529,200,50,101
528,199,55,115
531,201,49,98
528,200,53,101
529,198,53,101
533,197,52,104
531,197,52,105
531,197,49,104
534,198,52,105
537,197,49,101
536,197,45,105
533,196,52,104
534,197,50,108
529,199,50,103
534,196,50,106
533,195,52,110
533,196,49,105
533,198,45,101
531,197,49,104
529,198,49,103
529,198,49,103
529,198,49,103
528,199,49,103
529,199,49,103
528,197,53,108
526,196,57,108
528,198,53,105
528,198,53,105
525,197,57,108
520,196,62,107
521,197,62,107
520,198,62,108
518,195,62,110
518,197,63,109
520,197,58,109
521,198,60,110
523,197,60,111
518,197,63,114
523,197,58,109
525,198,57,111
525,197,55,111
525,195,50,114
525,197,52,113
526,198,55,111
526,197,50,110
525,198,52,111
525,196,52,114
526,197,55,112
525,199,55,112
525,198,58,112
523,197,57,112
525,199,57,110
525,198,58,110
525,198,60,109
528,198,55,110
525,201,52,109
525,200,52,110
521,199,57,110
520,199,60,109
520,199,60,109
523,197,62,109
520,197,63,110
523,197,62,111
512,197,68,111
523,196,62,111
525,198,53,106
521,196,57,108
525,196,53,112
520,195,57,114
523,196,53,114
516,197,53,114
515,197,53,115
515,199,53,114
516,199,53,115
515,197,52,114
513,196,52,115
508,196,53,113
510,197,52,115
510,197,52,115
505,197,52,114
507,198,52,114
510,198,47,114
508,200,47,113
507,198,44,112
505,197,47,114
502,198,49,113
507,198,47,113
507,198,47,113
502,197,50,113
502,198,49,113
503,198,50,113
502,196,52,113
500,199,53,114
500,202,53,115
499,202,53,115
499,201,52,115
500,198,52,116
497,200,52,116
499,200,52,117
499,198,52,118
503,198,53,119
502,199,50,114
502,197,50,113
499,197,50,109
500,199,53,108
502,199,49,109
502,199,52,102
499,199,53,108
499,202,52,104
499,206,53,101
499,204,55,111
503,198,49,111
502,199,47,112
500,204,53,107
499,197,58,112
502,199,52,108
499,200,57,107
497,197,57,113
497,197,57,113
502,199,57,105
503,198,52,111
507,198,49,107
507,197,45,107
499,198,53,107
507,197,47,108
502,196,50,103
507,195,50,111
505,197,57,123
503,196,55,123
505,195,53,124
508,195,55,124
512,198,53,123
512,196,53,124
516,195,52,122
512,195,53,122
510,193,52,122
515,197,52,122
516,196,52,124
513,197,52,121
515,197,55,125
518,195,52,120
518,197,50,120
518,200,52,119
518,198,52,121
518,197,52,120
520,194,52,122
516,195,52,121
515,197,52,120
516,196,52,119
516,197,52,121
516,195,52,121
518,195,52,121
515,197,53,122
516,196,50,116
515,195,52,111
516,197,49,109
516,197,53,113
516,196,45,113
518,197,45,108
513,196,53,115
518,195,52,115
516,196,55,112
512,196,55,118
515,197,53,125
512,197,50,110
513,198,47,110
513,197,52,107
513,194,47,111
513,194,47,111
510,196,49,108
507,198,53,105
505,197,55,125
507,198,52,120
502,198,49,116
500,198,53,112
500,198,47,113
500,198,47,109
499,198,45,112
495,197,53,103
495,199,50,114
495,197,50,115
497,197,52,117
499,198,52,111
497,197,52,116
495,198,53,111
495,199,57,112
497,199,49,105
499,200,57,122
497,198,53,125
499,197,49,120
499,199,50,121
499,199,50,121
500,199,55,121
497,197,55,123
491,198,57,121
495,198,53,122
494,199,58,124
494,200,57,126
486,200,57,124
489,203,57,125
486,201,57,130
484,200,55,131
484,207,58,126
474,203,62,128
476,203,62,127
476,201,55,133
468,205,60,131
468,202,58,129
468,202,62,128
468,203,57,132
466,204,55,129
461,204,58,128
465,199,55,135
465,205,57,132
463,204,52,137
460,205,60,135
457,205,53,128
455,203,55,132
448,202,58,129
447,207,57,126
442,206,63,132
442,204,62,129
440,204,60,134
435,210,65,126
435,205,62,133
437,205,60,133
432,208,62,127
434,206,58,129
429,206,62,129
429,214,74,122
427,210,78,126
426,208,66,127
429,211,68,126
429,210,66,124
427,208,63,127
421,209,65,127
426,209,65,123
427,209,73,123
427,209,68,126
423,211,73,125
426,212,66,120
426,213,71,123
429,214,70,121
427,214,65,121
424,213,71,124
424,211,70,123
424,211,70,123
427,213,58,122
429,215,57,121
429,215,58,121
435,211,53,121
434,208,53,124
434,214,55,120
437,217,55,117
440,219,50,116
444,211,52,121
445,215,50,119
444,202,58,134
448,217,52,121
442,203,58,136
447,206,55,136
448,204,58,130
447,205,60,131
448,204,62,131
450,205,55,125
448,204,57,125
448,206,60,128
450,202,57,130
452,202,55,131
452,201,57,133
455,203,53,130
453,201,53,138
452,201,57,123
452,203,55,128
452,202,55,125
448,202,58,129
452,205,55,126
453,202,52,127
450,202,55,130
447,202,60,125
448,203,55,128
450,204,52,130
448,202,55,131
445,204,57,130
445,203,58,131
447,202,57,132
445,203,58,132
445,202,60,136
447,202,57,133
445,204,62,133
445,202,62,135
445,200,60,135
445,204,62,131
444,204,65,130
448,204,57,129
445,203,62,131
442,204,70,132
447,198,65,135
445,202,63,131
445,203,68,129
448,201,65,133
448,201,65,133
448,201,66,133
452,203,65,128
448,202,70,133
452,202,68,131
455,201,62,133
457,201,63,133
455,201,65,136
460,201,58,136
460,202,60,135
461,202,58,137
463,200,57,138
460,203,60,138
461,202,62,136
465,202,60,135
463,201,63,137
465,200,58,136
466,200,62,135
466,201,63,140
469,201,58,135
466,201,62,134
466,201,60,134
466,201,60,134
466,201,63,138
466,201,65,134
466,201,66,137
466,202,63,134
468,202,55,134
465,204,62,130
466,203,58,133
465,204,58,131
466,204,53,133
463,206,58,131
466,204,57,135
466,204,57,135
461,205,60,136
460,205,62,137
463,205,62,131
461,205,63,135
463,203,60,133
463,205,65,129
466,203,58,137
469,206,60,133
468,204,63,137
469,205,63,142
468,201,62,139
466,203,70,134
471,202,68,134
473,201,71,136
478,201,76,139
474,205,79,137
476,206,79,139
476,206,79,139
489,203,70,139
481,203,73,140
495,203,58,137
497,205,60,138
499,206,58,139
499,205,62,136
500,205,63,139
503,204,62,138
507,205,58,138
507,206,58,138
508,206,60,138
507,206,63,140
508,206,60,139
508,206,63,138
510,207,58,138
510,206,66,137
510,206,65,137
513,206,63,137
515,206,66,139
520,206,60,137
518,207,57,137
521,205,57,140
521,206,58,138
525,207,57,136
525,206,60,140
528,204,62,140
523,206,66,139
526,207,63,136
528,206,65,139
529,206,60,138
534,205,58,137
534,203,58,138
534,200,57,140
531,200,58,144
528,201,62,139
525,203,65,138
526,201,65,140
523,202,65,140
520,205,71,137
521,205,70,136
515,205,71,136
503,205,84,137
512,207,76,135
500,206,86,134
502,207,83,134
497,206,87,134
495,208,86,131
489,206,89,133
494,206,84,133
486,210,89,129
487,208,81,132
484,207,84,129
482,208,84,135
486,206,79,138
481,210,83,134
489,211,74,130
484,211,83,135
481,207,84,137
481,206,81,137
478,207,86,135
476,206,79,137
474,206,84,137
474,205,81,138
474,207,73,135
473,206,71,137
473,209,66,136
465,210,71,136
465,209,74,135
466,208,73,139
466,211,74,138
465,212,74,135
466,210,65,134
461,208,66,136
461,209,65,135
461,207,66,131
458,205,62,134
455,208,65,132
444,206,76,140
440,207,83,139
429,208,84,138
431,210,94,138
427,213,96,134
423,211,92,139
423,210,87,138
414,210,96,138
421,211,84,138
411,212,84,135
406,211,79,134
405,213,74,133
400,210,73,139
401,209,65,135
400,209,65,136
397,210,66,141
392,207,71,140
395,208,66,140
390,210,71,137
387,209,73,137
384,207,73,138
380,206,68,134
377,202,73,133
377,202,68,134
379,203,63,135
372,200,63,129
369,201,62,135
366,203,73,133
363,201,73,133
358,204,71,133
356,207,68,124
356,209,68,127
351,210,71,130
353,211,71,134
351,214,76,135
346,217,73,137
343,215,81,145
342,220,83,145
340,218,84,149
340,221,83,147
340,220,84,145
340,222,86,146
337,223,86,149
338,221,84,146
340,225,81,149
337,220,84,146
335,223,83,153
335,225,86,144
335,225,86,144
338,229,78,137
338,232,87,139
337,233,84,138
338,234,74,141
335,234,76,125
340,231,76,134
338,232,70,129
337,230,79,129
340,232,76,129
342,233,73,128
343,232,74,129
345,233,73,135
343,232,73,133
345,224,78,133
345,221,79,141
345,222,83,142
343,226,84,141
348,227,81,146
350,225,79,144
350,227,76,146
353,226,74,143
351,226,71,140
355,224,68,135
356,222,70,138
356,221,70,138
358,220,70,145
361,222,70,139
367,227,65,124
372,222,63,133
377,224,62,131
377,225,65,127
376,224,70,138
380,221,68,134
379,220,71,145
385,220,66,139
392,218,63,139
392,217,65,133
393,215,65,138
403,218,60,136
403,217,63,140
410,221,62,136
413,224,58,133
416,221,60,136
413,222,63,132
419,220,63,140
414,223,68,137
423,220,62,136
426,215,63,137
432,217,58,136
442,218,53,138
442,218,58,137
442,220,66,137
444,213,62,144
450,213,62,141
447,214,68,137
469,214,65,141
478,214,66,140
474,215,76,139
471,217,86,136
478,217,81,135
478,220,81,134
476,220,78,134
482,215,78,139
481,214,78,138
489,212,71,138
494,217,70,138
500,212,62,141
510,212,63,141
520,207,60,144
521,209,53,142
523,211,60,141
521,211,60,140
529,213,55,137
531,213,52,137
534,213,53,134
534,211,55,134
541,212,53,134
541,212,60,138
541,212,60,137
542,212,63,136
547,211,63,140
546,211,74,141
547,211,78,139
552,212,76,141
552,212,76,139
554,212,70,140
557,210,71,141
559,211,71,139
555,209,71,143
560,208,63,142
563,212,70,137
559,209,79,141
560,209,79,142
562,209,73,144
571,210,68,140
583,209,60,142
575,212,68,140
570,210,74,143
576,208,71,144
581,205,65,148
589,208,63,142
591,210,62,148
594,206,58,146
597,207,57,146
596,212,63,145
593,213,62,145
599,211,57,147
599,217,55,144
607,213,49,144
607,214,52,146
609,212,52,143
614,211,55,152
617,212,45,148
617,208,52,154
622,210,50,142
615,209,60,144
618,210,60,147
620,211,58,143
622,210,65,146
620,213,68,143
623,213,65,145
625,215,66,139
625,217,71,140
636,221,58,131
635,217,66,136
638,214,62,137
639,219,63,130
643,213,60,133
639,211,68,130
641,210,70,133
649,207,63,134
648,208,68,133
651,208,68,137
646,210,66,139
646,213,73,130
652,213,68,128
652,211,70,131
664,209,62,130
664,211,62,131
661,206,66,136
670,211,63,130
672,208,65,131
675,206,68,145
670,206,73,143
678,206,71,144
677,205,71,143
677,207,70,142
680,209,68,139
683,207,66,142
686,209,62,139
688,206,63,141
682,207,71,140
678,204,76,144
685,204,70,146
690,206,66,144
691,207,66,142
686,207,74,142
693,205,66,145
695,205,70,145
690,204,66,146
691,205,66,145
690,205,66,142
695,204,63,146
691,203,63,143
691,205,65,140
682,205,76,137
683,206,73,136
673,205,79,137
682,204,71,138
677,206,83,132
673,205,84,136
678,205,74,133
682,204,70,133
683,205,76,134
683,206,78,130
685,205,74,132
688,203,73,128
678,203,79,133
680,203,83,130
701,206,65,129
704,207,74,139
701,208,76,144
706,209,70,147
711,206,68,150
711,207,68,148
714,210,62,145
720,210,62,143
722,208,58,146
720,207,62,149
722,209,63,145
724,207,62,146
724,209,63,144
724,206,60,150
728,207,57,146
725,207,60,146
724,206,65,149
724,206,68,147
720,208,74,144
724,204,68,146
728,206,57,146
725,206,62,146
716,206,74,146
717,205,71,146
716,207,68,145
717,205,68,148
717,205,68,149
714,207,70,145
717,207,68,147
716,208,70,146
722,206,58,148
716,203,63,151
719,206,60,146
717,206,62,147
714,208,62,146
717,207,60,147
712,208,66,146
709,207,66,146
712,207,63,147
711,206,65,148
706,207,71,145
709,207,66,144
706,208,68,145
709,208,66,144
707,209,66,144
709,207,66,146
706,208,66,146
709,207,62,148
712,208,60,146
711,207,63,147
714,207,62,148
714,207,58,148
719,207,57,148
720,208,58,148
719,208,62,148
722,210,60,150
724,210,58,149
720,208,65,148
720,207,68,149
728,210,62,147
727,207,60,149
722,208,66,151
720,210,70,149
722,211,65,150
725,211,60,149
722,211,62,149
720,211,66,148
720,212,66,152
717,212,66,149
716,213,70,150
712,213,70,149
714,215,63,144
709,218,70,147
704,221,73,146
709,222,70,148
709,223,70,150
703,223,76,148
706,222,76,146
701,223,74,146
696,221,76,148
695,224,74,144
695,224,73,145
695,223,70,145
704,223,58,147
701,221,66,149
703,222,57,149
698,221,71,149
706,221,60,149
704,222,62,145
704,220,63,151
703,219,65,147
711,217,55,150
709,219,58,149
704,219,63,150
704,217,62,149
704,221,65,146
706,217,62,148
703,214,65,151
706,218,62,150
703,213,62,153
704,215,62,150
709,214,62,153
707,215,60,151
704,214,63,151
703,214,66,151
699,217,68,149
703,217,65,152
693,218,76,150
691,215,76,155
691,219,78,149
695,219,71,155
695,220,71,151
696,222,73,145
693,221,76,147
691,224,76,146
695,225,70,147
693,227,73,150
695,226,71,147
699,229,68,148
698,228,68,146
693,226,68,145
691,228,71,144
691,221,68,152
691,222,74,150
695,223,70,148
693,223,76,147
696,223,70,147
691,222,73,148
695,224,73,148
693,222,63,149
695,222,62,150
695,219,58,150
688,220,70,149
683,221,74,151
690,219,65,150
685,224,66,147
683,220,65,150
686,220,71,152