0,278,71,144
22,274,49,149
42,272,59,154
43,280,91,143
66,277,79,149
102,276,49,147
110,274,79,149
108,278,101,148
125,275,85,150
162,272,53,151
178,272,64,153
178,274,95,149
194,276,83,147
216,272,66,151
249,269,53,152
247,272,89,147
255,275,95,145
282,273,76,145
319,271,45,151
321,272,82,149
326,274,98,149
345,275,85,147
388,270,45,154
391,273,78,151
397,276,91,147
415,273,77,147
456,270,50,148
465,263,66,155
471,284,86,135
484,272,78,149
503,269,51,151
479,266,59,150
444,272,89,148
425,266,85,146
426,272,59,143
415,265,57,149
383,268,81,151
354,270,91,140
348,271,65,137
352,260,51,125
317,268,51,124
300,257,53,127
314,251,53,135
327,272,47,125
326,266,53,127
350,272,41,116
369,264,38,123
377,267,34,115
394,261,37,119
414,262,33,112
433,257,30,111
445,254,33,123
459,257,32,118
480,256,29,108
496,256,30,119
507,249,35,118
521,249,33,108
537,254,34,101
557,252,31,97
564,246,31,96
550,249,31,109
530,247,29,91
511,247,41,111
493,259,41,115
463,256,35,95
447,251,35,103
447,256,31,97
452,252,33,103
461,250,33,109
472,252,40,99
483,258,74,110
491,258,70,111
488,259,46,110
460,269,48,93
433,268,39,87
405,268,40,85
383,276,40,86
398,280,37,81
409,278,67,84
417,282,71,89
432,282,53,84
451,287,38,83
463,282,29,83
467,286,30,81
471,287,39,95
477,289,55,97
492,290,51,99
507,290,51,116
516,288,49,109
525,290,45,89
535,291,41,95
545,292,39,101
540,293,47,109
513,294,67,116
488,298,68,113
474,301,56,113
446,303,60,105
419,301,61,117
401,307,59,120
381,308,62,115
369,320,64,112
333,324,72,105
309,324,69,114
281,324,68,131
253,326,65,126
233,326,67,121
240,325,61,117
242,329,66,129
247,328,66,125
250,340,69,129
252,340,66,107
246,347,71,107
250,350,65,105
233,352,83,116
246,350,68,111
256,348,57,108
256,342,59,122
259,346,56,109
264,353,51,106
262,350,53,109
269,352,48,113
272,350,45,104
274,346,44,107
279,344,39,109
278,348,39,103
284,343,35,102
283,340,40,109
284,342,39,91
278,340,49,99
284,339,39,101
281,341,40,97
288,335,31,100
283,336,41,90
285,342,39,91
285,338,41,97
286,337,37,94
290,339,35,97
290,338,37,96
290,340,34,95
290,338,35,91
290,341,33,89
292,345,35,89
291,346,35,80
292,337,32,97
292,336,31,90
290,336,33,93
294,337,28,89
290,339,33,87
290,335,31,99
290,336,31,92
291,336,30,101
294,341,28,91
294,338,28,93
296,336,25,95
296,337,32,97
294,338,33,95
297,337,33,98
294,338,31,97
296,335,35,98
295,338,34,97
296,336,33,100
294,336,32,105
296,339,34,97
296,339,35,97
294,338,33,95
294,340,36,96
294,340,36,99
293,338,39,104
291,337,42,106
289,340,41,98
290,341,41,89
292,342,39,89
293,341,42,94
295,340,36,94
296,340,37,94
294,342,40,101
292,340,41,101
294,340,39,102
291,342,45,104
292,343,46,105
292,344,47,104
294,341,43,109
294,342,43,109
294,341,41,103
290,340,44,108
294,342,37,105
290,342,40,101
292,342,39,97
289,342,42,96
290,341,41,101
292,342,31,81
290,342,41,104
290,340,40,111
287,343,44,103
288,344,45,117
289,342,44,110
290,343,49,111
288,340,45,104
288,343,41,102
288,342,43,107
287,342,43,103
286,342,46,104
286,343,45,104
284,341,49,115
280,341,45,111
279,340,43,114
278,339,41,113
274,338,43,111
272,340,45,107
266,340,49,114
266,338,47,110
266,340,48,103
265,340,47,98
264,341,46,101
262,340,47,109
261,342,48,103
261,344,46,107
258,344,50,100
254,344,56,97
250,347,60,102
246,354,67,95
244,354,69,105
242,355,70,103
244,356,67,103
243,359,67,95
238,359,71,104
238,360,75,99
237,360,72,101
236,363,72,87
238,361,69,96
236,361,72,99
238,361,73,92
234,363,73,85
238,362,70,92
237,364,70,93
235,362,75,95
235,361,73,96
235,362,73,85
236,363,75,95
236,362,74,92
238,362,71,91
236,362,71,93
236,362,71,91
236,361,73,88
237,362,73,92
239,363,69,93
238,362,71,95
237,362,72,89
238,362,71,87
237,362,71,93
239,361,70,93
241,360,69,98
246,356,62,98
244,355,65,102
246,355,63,101
252,350,57,104
256,348,57,111
260,344,51,110
261,344,51,120
264,340,47,109
261,343,51,110
266,341,47,105
262,342,50,109
264,342,49,108
265,342,47,107
262,345,50,105
264,345,50,103
262,345,53,105
263,344,51,117
262,344,53,114
262,345,51,111
263,342,52,115
262,343,54,111
264,344,53,121
262,343,53,113
264,343,50,100
265,342,47,112
264,342,52,110
264,342,53,105
262,342,50,104
263,342,47,113
262,340,51,115
263,342,50,115
263,342,51,109
265,340,49,112
264,344,49,117
257,344,59,104
242,344,73,125
244,344,68,119
243,345,69,113
248,348,63,113
244,348,69,119
249,349,65,112
245,347,68,117
262,348,49,109
264,346,46,107
260,348,49,103
258,348,53,104
260,348,51,105
258,348,53,109
260,346,53,104
260,303,53,116
260,314,56,112
260,319,55,105
262,312,50,104
263,312,51,97
265,309,48,105
267,305,47,99
268,303,45,102
269,304,42,97
268,300,42,104
272,300,41,104
266,298,46,113
269,297,41,103
268,295,40,116
266,295,43,99
267,292,45,111
267,298,45,99
268,299,43,103
271,296,43,109
272,298,45,109
271,298,45,119
269,298,45,114
268,298,45,118
264,301,49,116
265,305,51,121
268,303,48,117
266,304,52,121
260,303,57,122
259,306,60,133
259,306,59,118
256,306,62,126
262,304,57,125
259,304,60,123
264,306,54,113
263,305,53,108
262,303,59,137
264,302,51,118
265,301,51,122
268,300,53,129
270,300,50,121
275,293,45,122
275,294,45,119
273,292,49,123
274,294,44,118
272,292,48,125
264,290,56,123
266,285,55,129
264,281,59,139
266,276,57,132
264,278,59,123
268,274,55,139
270,269,55,139
272,271,50,130
272,270,49,132
279,275,42,122
284,266,43,131
285,254,46,128
286,266,47,125
295,260,45,123
304,266,45,123
308,269,51,131
313,266,49,133
331,265,54,135
335,272,54,143
348,270,49,121
349,272,51,133
360,266,49,128
374,268,41,121
370,276,41,118
361,283,51,105
363,284,47,107
362,276,51,101
359,280,50,113
356,276,49,104
347,274,53,106
343,278,53,115
337,276,51,111
331,279,53,115
313,277,48,110
308,279,46,115
297,278,45,108
297,282,47,105
287,278,44,103
282,280,45,109
280,282,47,108
280,277,46,102
282,282,46,98
278,281,50,106
274,280,47,105
268,280,54,110
271,280,50,106
273,279,51,115
275,279,51,117
274,277,53,118
280,282,51,107
278,275,51,121
282,279,48,113
287,278,43,107
283,281,43,102
284,281,43,106
286,278,44,101
288,278,38,105
284,277,43,103
287,282,42,99
282,281,42,99
288,287,41,105
290,291,38,95
294,284,38,104
296,288,37,102
300,286,39,100
293,286,39,103
288,290,40,99
292,292,37,93
286,290,43,93
292,295,39,89
290,292,40,93
290,290,36,91
286,293,40,95
287,289,41,104
290,288,35,89
288,290,32,91
290,290,32,93
286,290,36,93
290,294,33,84
287,288,35,97
285,290,37,92
291,289,37,89
287,288,39,93
284,287,37,98
282,289,42,99
287,287,37,105
282,288,42,106
289,287,39,106
284,287,40,97
279,280,42,103
258,276,60,99
249,276,63,105
220,266,77,110
214,269,71,105
203,266,76,110
186,268,71,104
172,269,70,100
170,262,69,97
189,259,65,98
194,257,69,106
218,255,52,99
226,256,50,102
236,252,45,97
238,253,54,109
250,250,50,101
263,247,45,97
260,241,52,114
258,237,57,104
272,231,59,97
289,236,53,87
292,229,49,83
263,227,41,83
248,229,39,76
238,224,33,73
217,226,38,89
186,227,37,94
162,229,38,104
170,227,36,107
178,226,39,124
185,227,39,105
197,231,40,104
215,231,40,117
233,231,35,97
244,234,39,95
260,233,34,93
278,234,37,87
300,234,38,88
310,237,44,98
319,245,41,102
333,242,39,100
349,244,41,101
339,246,41,106
323,248,46,101
314,254,45,107
310,254,47,102
288,251,45,94
259,256,47,107
228,259,49,109
206,263,59,101
179,265,50,119
156,268,48,127
134,272,47,121
117,272,44,112
90,272,51,123
104,280,49,121
120,285,52,128
132,288,53,125
144,290,53,123
162,292,53,124
178,293,55,127
192,294,51,124
202,298,55,135
214,300,57,134
228,305,59,133
240,308,63,133
253,315,63,126
262,322,65,127
280,323,65,131
291,332,73,128
