586,227,31,59
583,226,28,65
567,226,34,64
563,228,37,62
557,227,43,69
561,226,27,72
558,225,27,69
551,226,24,59
545,225,24,58
543,227,26,57
536,225,26,57
530,225,29,66
526,226,32,66
525,226,29,56
517,225,29,57
515,225,29,56
513,225,30,57
508,227,30,58
503,227,31,59
499,225,31,59
492,226,31,59
488,227,31,60
484,226,32,61
480,225,32,62
477,224,32,62
472,223,32,61
467,224,32,61
466,225,22,56
463,226,21,57
459,224,26,58
454,226,23,56
450,225,24,57
447,225,23,56
446,226,23,54
441,225,23,55
436,227,21,56
432,225,23,56
428,229,21,59
419,228,32,60
415,229,32,61
411,227,32,62
409,230,32,61
405,228,28,65
403,228,28,66
399,230,28,63
389,230,34,64
386,230,37,63
391,228,27,66
381,230,30,62
376,230,35,62
369,229,36,62
370,230,32,62
367,230,26,63
364,228,29,61
359,230,32,62
358,230,31,60
354,226,32,62
348,227,32,62
344,229,34,61
341,228,32,61
336,228,38,62
337,228,29,62
334,229,26,63
326,230,32,61
326,229,32,61
325,229,32,61
320,227,27,65
317,228,30,61
310,229,38,62
308,229,35,60
308,229,32,62
309,227,26,63
304,228,28,63
299,230,31,61
300,225,28,63
297,227,29,61
290,228,33,59
289,229,33,61
292,227,32,61
289,225,33,61
290,225,32,60
287,225,31,59
286,226,31,60
288,225,28,59
287,225,26,59
286,226,24,58
283,225,30,57
283,224,31,59
281,225,31,59
283,223,33,57
282,222,30,58
283,222,29,59
284,223,27,58
283,223,26,58
282,224,28,56
280,224,28,55
277,224,30,56
279,224,27,56
276,221,31,55
278,225,27,53
279,224,26,57
278,224,27,54
278,222,26,57
277,222,26,56
275,221,28,57
273,220,29,56
275,222,27,55
273,221,29,55
275,219,30,57
277,219,26,55
278,220,24,56
278,220,27,56
276,219,29,52
275,219,30,56
