377,284,31,70
377,287,32,70
380,287,31,70
382,286,31,70
385,285,29,68
389,286,29,69
392,284,31,71
392,284,31,71
389,284,44,73
389,282,49,73
392,282,50,73
390,280,53,75
390,282,55,74
392,282,57,74
397,281,50,75
403,282,44,74
414,279,39,78
414,281,39,78
418,282,37,75
418,282,40,76
423,284,37,74
421,282,47,75
421,281,50,73
421,281,52,73
424,280,53,76
427,281,50,74
426,280,55,74
432,282,49,73
429,283,57,70
439,283,45,70
447,283,42,73
450,284,42,70
453,284,39,70
453,285,40,69
457,285,40,68
458,285,42,66
460,284,40,68
463,283,39,67
452,282,52,71
469,281,29,68
468,281,42,71
468,280,42,68
473,279,42,69
474,279,40,67
474,277,42,68
476,279,44,67
481,283,42,64
486,281,37,67
484,280,40,67
486,280,42,67
489,283,42,67
494,282,42,67
495,281,37,66
497,282,39,66
499,282,40,64
500,282,44,63
500,281,44,64
503,281,40,63
503,278,44,63
505,280,44,63
515,281,36,65
513,279,40,65
516,281,37,62
516,281,37,61
516,280,39,62
521,283,37,61
523,281,39,63
521,280,40,61
523,280,40,60
521,281,44,59
526,279,42,62
523,281,47,61
526,279,44,62
526,280,50,61
528,281,50,62
528,282,53,62
542,281,37,62
541,278,40,60
544,278,37,61
550,282,34,61
547,280,37,58
547,279,40,61
550,280,39,62
550,278,42,60
554,279,39,60
555,280,37,61
559,277,34,61
562,278,32,59
562,281,36,60
563,281,37,58
563,281,42,56
565,280,40,58
568,279,34,59
567,280,37,55
568,279,37,59
575,278,32,59
573,279,36,57
575,278,37,57
576,278,36,59
580,278,36,57
580,278,40,58
583,278,37,59
586,278,37,58
586,277,37,56
588,278,37,54
594,279,36,55
596,276,34,56
597,280,37,58
597,276,36,56
599,277,34,54
599,278,40,55
601,277,32,55
607,279,32,54
607,278,34,54
604,279,36,53
607,278,36,54
607,279,36,54
614,277,39,55
617,278,37,55
618,278,37,54
620,277,36,55
620,276,37,55
620,276,37,57
622,278,42,55
627,278,37,54
627,275,39,58
625,276,47,57
631,278,36,59
635,278,39,58
631,278,42,59
638,279,36,58
638,279,39,60
638,278,47,59
643,277,42,59
641,274,42,59
643,278,40,59
644,277,40,60
648,277,42,60
648,277,42,57
651,278,40,60
651,278,40,56
654,280,39,55
654,277,40,57
656,278,40,55
657,279,42,56
661,278,42,54
662,276,39,56
667,277,36,60
667,277,37,58
665,276,44,59
667,276,40,58
675,274,36,61
675,272,40,58
677,275,40,59
677,274,40,59
682,272,39,60
680,276,44,49
685,278,39,55
686,278,40,51
688,278,40,56
691,277,37,55
693,276,39,51
695,277,40,56
701,276,39,54
698,275,42,55
699,275,42,54
698,278,44,58
703,276,42,53
704,278,45,50
707,275,40,54
709,275,44,52
712,279,39,51
716,279,40,50
717,276,40,55
719,276,42,54
720,274,42,57
722,276,42,53
724,275,40,55
728,275,37,60
727,274,39,67
728,277,37,64
728,275,44,69
733,277,42,65
738,278,40,66
740,277,37,69
741,277,36,66
741,277,39,67
745,278,39,61
743,276,40,66
745,275,40,70
748,276,39,67
748,276,39,68
746,277,47,65
748,278,44,64
751,277,45,64
753,280,45,64
751,278,49,63
751,276,45,64
751,278,52,64
761,276,44,65
761,277,45,65
766,278,40,64
766,275,40,68
769,275,39,68
769,277,40,66
771,276,39,66
775,275,40,68
772,276,49,65
775,277,47,65
775,277,45,65
772,277,52,65
774,278,50,65
774,278,52,63
784,277,47,65
784,274,45,66
785,274,45,67
788,276,45,66
790,276,49,66
792,276,44,66
790,275,49,66
792,273,50,66
793,277,50,64
793,277,49,64
798,278,47,63
803,275,40,67
800,274,49,65
803,275,47,65
808,276,42,63
809,276,45,64
813,276,39,64
813,273,42,69
813,274,45,67
818,277,42,64
818,276,47,65
816,276,45,64
816,272,50,69
818,276,47,66
818,275,53,64
822,274,45,65
827,272,47,64
829,277,44,60
829,276,50,66
835,273,40,68
839,273,44,67
839,274,42,68
839,273,42,67
840,275,42,67
843,276,42,65
843,275,45,68
843,274,47,66
843,277,52,65
847,275,52,65
847,274,47,65
852,272,47,69
853,277,47,63
860,274,49,66
860,275,47,62
863,274,44,61
868,273,37,66
869,276,36,65
871,274,37,64
876,277,31,59
876,274,39,65
877,274,32,65
877,275,40,66
