432,270,18,19
434,271,19,21
435,270,19,22
435,269,19,24
435,269,21,23
435,269,21,24
437,269,16,25
435,269,21,23
439,267,21,25
435,268,26,25
437,266,24,27
440,268,21,27
440,266,23,26
440,266,23,26
444,268,21,24
444,267,21,23
444,266,23,25
444,267,23,24
445,266,21,27
447,266,21,25
447,268,21,24
447,268,23,23
450,269,19,23
450,268,23,24
452,267,21,26
452,269,19,24
453,268,21,25
455,267,19,27
453,266,23,28
457,267,19,25
457,269,21,26
457,268,23,26
457,266,21,29
457,267,23,26
458,268,23,25
460,268,21,25
460,269,23,25
463,269,19,23
463,268,21,24
465,266,21,28
463,267,21,30
466,268,23,29
471,264,28,28
468,261,26,32
461,268,24,25
463,268,23,24
465,270,21,25
463,270,23,24
460,273,24,26
466,270,21,25
465,269,21,25
465,270,18,20
465,268,19,24
471,269,18,23
474,269,23,24
473,267,26,26
476,266,23,30
474,267,24,29
479,266,23,30
481,268,21,24
479,268,23,26
481,266,24,26
481,269,23,26
479,268,26,26
482,267,24,26
481,270,24,24
486,268,21,24
484,269,24,24
484,268,26,26
486,269,24,24
489,269,26,23
487,267,24,26
489,267,26,28
489,267,24,29
487,268,29,28
487,269,26,25
487,268,28,27
489,267,28,28
491,267,26,28
492,268,28,25
494,269,28,25
494,267,26,26
497,269,23,23
495,270,24,23
497,267,26,25
497,268,26,23
497,266,26,28
500,268,23,25
502,268,24,24
502,268,23,24
502,268,26,25
503,269,24,23
503,268,24,24
503,268,28,26
503,268,26,27
503,268,26,27
507,268,24,28
507,269,28,25
508,268,24,25
508,268,26,25
512,267,24,25
510,267,28,26
512,266,26,30
513,268,23,25
513,268,24,26
516,267,21,25
513,266,26,28
518,269,19,22
515,267,24,24
518,268,23,26
520,267,23,29
520,268,23,25
520,267,23,26
518,268,23,26
521,268,24,27
521,269,23,27
523,267,21,28
526,268,21,25
523,265,24,28
528,266,19,24
526,266,19,24
526,265,21,24
526,266,19,24
531,267,19,23
528,267,19,23
528,267,19,24
528,264,19,23
529,267,19,24
531,270,19,24
531,269,19,24
534,265,19,31
534,268,19,24
536,268,19,23
536,270,19,23
537,269,19,23
536,266,21,29
534,262,24,34
539,261,19,31
537,261,21,32
539,260,21,31
542,262,18,33
542,268,19,24
542,271,19,24
549,271,19,24
537,269,19,24
541,270,19,24
536,272,21,25
539,270,19,24
544,269,21,24
546,269,21,24
549,270,19,25
546,270,19,24
546,269,19,25
547,267,19,25
550,271,19,24
549,269,19,25
552,269,19,24
552,269,19,23
552,271,19,23
552,270,19,23
555,267,19,24
554,269,19,24
555,270,19,24
555,270,19,24
557,269,19,24
559,271,19,24
555,269,24,24
560,269,19,24
560,269,19,24
560,270,19,24
562,268,19,24
562,267,19,24
563,268,19,23
563,271,19,23
565,270,19,23
567,268,19,23
565,268,19,24
565,270,19,23
568,268,19,24
568,269,19,24
568,268,19,24
570,268,19,24
571,269,19,24
571,267,19,24
568,267,24,29
571,268,23,24
571,267,23,24
571,266,24,29
575,267,19,24
571,267,28,27
573,268,24,24
575,269,21,23
575,270,24,23
576,270,23,25
576,268,24,25
576,269,26,23
578,270,26,24
578,268,24,26
576,268,26,26
580,269,24,27
580,267,26,28
581,269,24,25
581,267,26,28
581,267,28,29
581,270,26,25
580,269,31,27
583,267,24,27
584,267,26,29
581,269,29,30
584,269,28,29
588,268,23,27
586,269,26,28
588,270,24,26
586,269,28,28
586,266,26,31
589,268,29,27
593,268,23,28
591,268,28,27
591,269,24,26
593,268,28,27
593,267,26,30
593,268,28,27
594,268,28,27
596,268,26,29
597,267,28,29
596,268,24,27
597,270,26,25
597,269,28,28
599,267,29,27
601,267,24,28
601,268,24,27
601,268,26,28
601,268,31,27
602,268,26,28
601,267,31,28
605,266,26,30
605,268,26,27
605,267,28,28
605,268,29,27
607,267,26,28
609,267,24,26
609,268,28,26
610,269,24,26
609,268,29,26
609,266,31,29
612,266,26,27
612,266,26,27
612,266,29,28
614,268,24,28
614,266,29,27
617,267,24,26
615,266,26,26
617,267,24,25
615,267,28,25
617,267,28,27
618,265,28,27
622,267,26,27
622,267,26,28
622,267,28,29
620,266,29,28
627,267,23,26
630,267,19,26
627,265,24,27
630,268,21,26
630,265,19,26
631,266,19,26
630,264,19,26
631,264,19,26
633,267,19,26
630,267,26,26
633,265,26,30
635,268,24,26
636,267,23,26
638,266,19,26
638,268,23,25
638,268,24,23
638,268,24,26
638,266,24,25
641,265,19,26
643,266,19,27
643,268,19,26
644,267,19,26
644,266,19,26
644,266,19,27
646,267,19,26
648,269,19,22
646,267,21,23
649,268,19,26
649,268,19,23
651,266,19,24
651,269,19,23
652,268,18,22
654,267,18,23
652,265,19,25
652,266,19,26
656,267,19,26
656,266,19,27
657,265,19,27
657,265,19,27
659,265,16,26
659,266,19,26
661,265,19,26
659,265,19,26
661,267,19,26
665,268,19,25
664,265,19,25
664,266,19,26
667,266,19,26
661,267,19,26
665,264,19,27
667,266,19,26
665,267,19,27
665,265,21,26
664,265,21,26
665,269,19,26
669,267,21,27
672,264,21,27
670,266,21,27
670,265,21,25
672,265,21,25
672,266,21,27
673,265,21,27
675,267,21,26
673,265,21,26
672,268,21,26
675,267,21,26
675,266,21,27
675,267,21,27
675,264,21,28
677,266,21,27
678,267,21,27
677,265,23,28
682,266,21,27
682,266,21,27
680,260,21,28
680,265,23,28
683,267,21,28
682,265,21,27
685,263,21,28
685,264,21,28
