125,169,32,66
126,167,34,69
126,168,36,71
128,169,42,68
130,169,40,73
134,174,37,65
141,175,32,67
142,175,32,67
142,175,37,69
144,172,34,70
139,169,40,77
138,168,50,75
133,170,57,71
136,174,57,70
142,177,50,74
154,180,42,71
165,180,42,74
167,179,47,70
170,177,47,71
172,174,52,75
170,173,57,73
178,174,50,68
176,172,52,68
194,175,39,70
194,174,44,77
202,173,39,79
196,172,58,81
202,176,60,75
204,174,66,78
210,177,65,77
219,179,65,79
227,182,50,79
240,183,47,77
244,184,47,74
246,184,49,80
243,184,53,78
248,183,53,83
251,184,60,79
254,185,50,81
249,186,50,79
241,187,62,81
235,184,63,82
244,188,55,77
248,190,58,82
251,190,66,79
257,193,71,75
269,194,57,71
283,198,53,81
298,197,42,75
301,193,49,78
306,192,53,83
317,193,49,83
321,191,53,87
321,195,62,85
327,195,55,87
343,200,47,84
337,202,60,81
356,201,49,83
355,200,60,88
355,203,70,86
358,207,81,83
369,207,73,86
379,210,66,85
390,208,60,91
393,211,55,87
395,204,49,91
382,202,62,88
364,199,68,90
353,200,71,86
342,202,79,86
346,199,74,91
359,203,49,88
359,205,52,87
350,204,66,87
364,202,63,88
353,204,73,86
348,204,79,89
346,205,81,86
364,204,62,84
350,207,71,88
348,205,70,91
369,207,53,87
369,208,60,85
367,208,65,85
366,208,71,89
364,207,81,91
364,210,83,88
367,208,70,92
376,208,58,91
384,203,55,97
369,200,70,90
367,197,68,94
366,194,81,92
367,197,83,86
377,198,84,85
392,202,78,95
408,208,58,94
414,212,57,92
421,219,55,90
408,220,66,91
405,221,74,93
401,224,76,87
406,222,81,96
416,228,78,93
431,230,63,91
440,235,55,89
445,237,52,90
435,237,73,90
431,237,71,94
426,238,79,88
431,234,76,95
439,238,78,90
444,238,71,89
460,236,55,95
469,238,52,87
463,234,58,92
458,233,70,88
460,230,71,92
457,228,84,92
458,228,83,93
469,226,76,94
481,227,60,95
499,227,50,93
505,227,50,92
500,226,70,94
499,223,74,94
497,223,87,92
500,224,84,90
510,226,73,95
536,228,49,94
542,231,39,90
539,231,47,92
533,230,62,95
531,234,68,89
534,233,79,87
533,229,79,92
537,225,83,94
544,226,66,92
562,224,47,95
554,225,50,89
554,226,52,88
544,224,65,93
546,226,71,90
568,228,53,86
583,230,47,92
594,233,39,83
597,236,44,84
604,240,39,82
605,239,34,82
601,237,42,83
599,237,53,83
605,232,52,91
605,232,57,88
620,234,42,91
627,234,37,87
623,233,44,88
622,233,45,88
631,237,44,79
639,236,40,81
644,236,47,85
651,239,49,83
665,236,42,89
667,239,39,86
669,241,37,82
665,238,47,85
664,235,45,85
664,231,60,86
691,231,34,73
699,234,31,61
703,237,31,62
711,240,31,62
720,237,31,63
727,236,31,62
738,235,31,62
733,237,31,63
740,236,32,63
746,235,31,63
748,240,31,63
745,238,31,63
745,237,32,64
748,237,32,63
746,239,37,79
746,236,42,83
751,234,37,80
753,236,34,68
748,236,37,66
748,235,37,67
743,235,36,66
738,231,37,67
727,231,40,65
719,233,37,60
716,231,37,70
717,229,36,76
717,228,36,74
720,226,34,75
719,228,36,79
716,233,39,73
717,236,34,67
712,238,37,70
707,238,37,69
707,239,39,70
703,236,45,70
709,237,42,70
714,236,40,73
719,239,39,68
719,237,45,74
722,239,39,70
724,240,44,69
724,238,45,70
730,237,42,68
730,235,42,67
733,235,42,68
740,237,37,60
738,237,44,67
740,237,40,66
741,232,44,71
743,232,45,70
743,229,47,69
750,229,42,68
753,229,42,68
756,230,42,67
759,231,42,67
764,232,42,66
762,229,45,69
764,227,45,68
769,228,45,68
771,229,40,63
774,229,40,66
780,228,39,66
784,229,32,65
785,231,34,61
784,230,40,66
788,229,39,67
787,228,40,69
790,229,40,64
796,227,37,65
798,227,40,67
801,228,36,69
805,231,36,63
805,233,36,65
806,233,36,63
805,233,34,61
800,229,32,63
788,229,32,62
784,227,28,63
779,230,31,64
777,230,34,57
777,230,32,58
775,229,32,63
771,230,36,62
767,231,37,63
769,236,34,59
766,238,37,59
766,238,29,62
759,242,34,61
754,243,34,58
748,245,34,61
741,245,32,57
737,244,32,59
735,243,29,57
733,242,31,54
735,244,31,54
733,246,31,55
732,247,28,57
728,249,28,57
727,250,28,56
728,248,28,56
724,250,31,56
724,249,28,55
722,247,28,54
724,249,28,54
724,249,28,54
730,249,28,54
728,248,24,52
727,246,29,53
732,248,24,43
730,250,29,47
730,252,32,45
733,252,31,48
733,253,31,45
735,253,32,52
737,254,29,40
738,254,28,41
738,253,31,47
738,254,32,46
740,252,31,47
741,252,28,47
741,252,31,43
740,251,34,51
743,253,31,46
745,251,29,44
745,249,32,46
746,249,32,46
746,245,29,49
745,247,28,42
743,248,31,39
748,248,24,42
746,246,31,43
746,242,32,45
750,243,28,42
750,242,29,39
750,242,29,47
751,243,28,50
751,247,29,53
753,246,28,45
754,244,24,47
751,245,31,45
753,242,32,48
753,241,28,49
751,242,31,46
753,243,32,51
754,243,32,49
756,245,29,53
756,243,29,47
758,244,28,45
761,243,29,45
759,241,31,44
762,241,28,53
762,243,28,52
759,247,32,46
762,247,28,47
759,249,37,46
762,246,31,46
762,245,31,45
766,241,31,50
764,244,29,42
766,245,26,42
767,244,28,46
769,245,23,44
771,245,28,40
769,244,26,44
769,241,26,37
772,242,23,33
772,242,28,36
769,242,26,38
769,243,28,40
769,243,28,36
769,244,26,43
769,245,29,39
769,241,24,41
767,240,28,44
769,240,26,40
767,240,28,42
767,240,26,43
764,241,31,43
767,241,28,43
766,241,29,44
764,242,29,41
764,241,31,42
767,241,24,40
766,240,26,40
762,239,31,45
764,239,29,41
766,239,26,39
758,239,32,46
759,237,31,47
762,237,26,35
762,236,21,34
766,236,21,33
759,239,28,39
756,239,28,34
754,238,34,39
753,240,34,37
753,236,28,39
754,240,26,35
751,240,26,31
751,240,29,41
750,236,24,38
751,239,23,39
748,239,24,33
743,238,32,38
741,237,32,40
743,235,29,42
743,236,29,42
740,234,28,41
738,234,29,40
735,234,31,41
737,235,32,42
737,235,28,41
735,236,29,40
732,238,32,36
732,238,26,39
728,235,31,39
730,233,28,42
730,233,24,35
724,235,34,42
724,234,32,45
725,235,23,34
728,235,23,30
719,234,26,31
720,231,23,33
719,236,26,33
720,233,23,33
722,232,19,33
720,236,23,33
714,236,28,31
714,231,21,29
711,233,23,30
709,231,24,32
703,230,34,36
706,229,28,37
703,226,34,40
704,228,26,36
701,229,29,35
703,229,24,34
701,230,23,31
695,224,28,37
699,225,21,32
698,228,23,34
695,221,19,36
693,228,26,28
688,229,21,26
691,226,21,30
686,225,23,32
688,227,19,29
686,228,21,29
686,222,21,31
677,225,21,30
677,223,23,30
680,224,23,32
675,221,24,31
673,226,26,30
678,218,24,35
670,223,21,29
672,223,23,29
662,224,28,29
669,221,23,33
664,221,24,29
661,222,19,29
664,220,21,31
662,224,21,28
544,203,21,29
662,220,18,28
659,220,19,26
659,220,24,28
656,220,21,30
652,223,23,30
654,221,26,35
652,221,23,31
651,223,24,29
646,222,23,29
644,220,23,30
