503,306,23,61
504,305,23,61
504,304,23,62
504,303,23,62
505,302,23,63
505,301,23,64
506,301,23,64
506,300,23,65
506,299,23,65
505,300,23,65
504,301,23,65
503,302,23,65
502,302,23,66
502,303,25,66
502,303,26,66
502,303,27,67
502,304,28,67
502,304,30,68
502,304,30,68
502,304,30,68
501,305,30,68
501,305,30,68
500,305,30,68
500,306,29,67
501,306,29,67
501,307,29,67
501,307,29,67
502,307,28,67
502,308,28,67
502,308,28,67
503,308,28,66
503,309,28,66
503,309,27,66
504,309,27,66
504,310,27,66
504,310,27,66
505,310,26,66
505,311,26,66
505,311,26,66
505,311,26,66
506,311,26,66
506,311,26,66
506,311,26,66
506,311,26,66
506,311,26,66
506,311,26,66
506,311,26,66
506,311,26,66
506,312,28,66
506,312,29,66
506,313,31,66
506,313,33,66
506,313,34,66
507,313,34,66
507,313,34,66
507,313,34,66
507,313,34,66
507,313,34,66
507,313,34,66
507,313,33,66
507,313,33,66
507,313,33,66
508,313,33,66
508,313,33,66
508,313,33,66
508,314,33,66
509,314,32,66
509,314,32,66
509,314,32,66
510,314,31,66
510,314,31,66
510,314,31,66
511,315,31,66
511,315,30,66
511,315,30,66
512,315,30,67
512,315,30,68
512,315,30,68
513,315,30,69
513,315,30,70
513,315,30,71
513,315,30,71
514,315,30,72
514,315,30,72
514,316,30,72
514,316,30,72
514,317,30,72
514,318,30,72
514,318,30,72
514,318,30,72
514,318,30,72
514,318,30,72
514,318,30,72
514,319,30,72
514,319,30,72
514,319,30,72
514,319,30,72
514,319,30,72
514,320,30,72
514,320,30,72
514,320,30,72
514,321,30,72
515,321,31,72
516,321,31,73
516,321,32,73
517,321,32,73
517,321,33,74
518,321,34,74
518,322,34,74
518,322,34,74
518,323,34,74
518,323,34,74
518,324,34,74
518,324,34,74
518,324,34,74
517,324,34,74
517,324,34,74
517,324,34,74
517,325,34,74
517,325,34,74
516,325,34,74
516,325,34,75
516,325,34,75
516,325,34,76
516,324,34,77
516,324,34,77
516,324,34,78
516,324,34,78
516,324,34,79
516,324,34,79
517,325,34,79
517,325,34,79
518,326,34,79
518,326,34,78
519,327,34,78
519,328,34,78
519,328,34,78
520,329,34,77
519,329,34,77
519,329,34,77
519,329,34,77
519,329,34,77
519,329,34,77
518,329,34,77
518,329,34,77
518,329,34,77
518,329,34,77
518,329,34,77
517,329,34,77
517,329,34,77
517,329,34,77
517,329,34,77
517,329,34,77
517,329,34,77
517,329,34,77
517,329,34,77
516,329,34,77
516,329,34,78
516,329,34,79
516,329,34,79
516,329,34,80
516,329,34,80
516,329,34,81
516,329,34,81
516,329,34,82
516,329,34,82
516,329,34,83
516,329,34,83
516,329,34,84
516,329,34,84
516,329,34,85
517,329,34,85
517,330,34,85
517,330,34,85
517,330,34,85
517,330,34,85
517,330,34,85
517,330,34,85
518,330,34,85
518,330,34,85
518,330,34,85
518,330,34,85
518,330,34,85
518,330,34,85
518,331,34,85
519,331,34,85
519,331,34,85
519,331,34,85
519,331,34,85
519,331,34,85
519,331,34,85
519,331,34,85
519,331,34,85
520,331,34,85
520,331,34,85
520,331,34,86
520,331,34,87
520,331,34,89
520,331,35,90
520,331,35,91
520,331,35,91
520,331,35,90
520,331,35,89
521,331,35,89
521,331,35,88
521,331,35,87
521,331,35,87
521,331,35,86
522,331,35,85
522,331,35,85
522,331,35,84
522,331,35,83
522,331,35,91
523,332,35,91
523,333,35,91
523,334,35,91
524,335,35,91
524,336,35,91
524,336,35,91
525,336,36,91
525,336,36,91
525,336,36,91
526,337,37,91
526,337,37,91
526,337,37,91
527,337,37,91
527,337,38,91
527,338,38,91
527,338,38,91
527,338,38,91
528,338,38,91
528,338,39,91
528,338,39,91
528,338,39,91
528,338,39,91
528,339,39,91
528,339,40,91
528,339,40,91
529,339,40,91
529,339,40,91
529,339,40,91
529,339,41,91
529,339,41,91
529,339,41,91
530,339,41,91
530,339,41,91
531,339,41,91
531,339,41,91
532,339,41,91
533,339,41,91
534,339,41,91
535,339,40,91
535,339,40,91
536,339,40,91
537,339,40,91
537,339,40,91
537,339,40,91
537,339,40,91
537,339,40,91
537,339,40,91
538,339,40,91
538,339,40,91
538,339,40,91
538,339,40,91
538,339,40,91
539,340,40,91
539,340,40,91
540,341,40,91
540,341,40,91
541,342,40,91
541,342,40,91
542,342,40,91
542,342,40,91
543,342,40,91
544,342,40,91
544,342,40,91
545,342,40,91
546,342,40,91
547,343,40,91
548,343,40,91
548,343,40,91
549,343,40,91
549,343,40,91
549,343,40,91
549,343,40,91
549,343,40,91
549,343,40,91
550,343,40,91
550,343,40,91
550,343,40,91
550,343,40,91
551,343,40,91
551,343,40,91
551,344,40,91
551,344,40,91
552,344,40,91
552,345,41,93
552,345,42,94
553,346,43,95
553,347,44,96
553,347,45,97
554,348,46,98
554,349,47,99
554,349,40,91
554,348,43,97
554,347,46,103
555,347,46,103
555,347,46,103
555,347,46,103
556,348,46,103
556,348,46,103
557,348,46,103
557,348,46,103
557,349,46,103
558,349,46,103
558,349,46,103
558,349,46,103
559,349,48,104
560,349,50,105
560,348,52,106
561,348,54,107
561,347,54,107
562,347,54,107
562,346,54,107
563,345,54,107
563,344,54,107
563,343,54,107
564,343,54,107
566,349,54,107
569,350,54,107
570,350,54,107
571,350,54,107
572,350,54,107
573,350,54,107
573,350,54,107
574,350,54,107
575,350,54,107
576,350,54,107
577,349,54,107
578,349,54,107
573,349,54,107
574,350,54,107
574,350,54,107
575,350,54,107
575,351,54,107
576,351,54,107
577,352,54,107
577,352,54,107
578,352,54,107
578,353,54,107
579,353,54,107
579,353,54,107
580,354,54,107
581,354,54,107
581,355,54,107
582,355,54,107
582,355,54,107
583,356,54,107
584,356,54,107
585,356,54,107
587,356,54,107
589,357,54,107
591,357,54,107
592,357,54,107
594,357,54,107
596,357,53,107
598,357,52,107
599,356,52,107
601,356,51,107
601,356,51,107
600,357,51,107
600,357,51,107
600,357,51,107
599,358,51,107
599,358,51,107
599,358,51,107
598,359,51,107
599,359,51,107
599,359,51,107
599,359,51,107
600,360,51,107
600,360,51,107
600,360,51,107
601,360,51,107
601,361,51,107
601,361,51,107
602,361,51,107
602,361,51,107
604,362,51,107
605,362,51,107
606,363,51,107
608,363,51,107
609,364,51,107
610,364,51,107
610,364,52,109
610,364,54,111
610,363,55,113
610,363,56,115
610,363,58,117
610,363,59,118
610,363,60,120
610,363,62,122
610,363,62,122
611,364,62,122
611,365,62,122
611,366,62,122
612,367,62,122
611,367,62,122
611,367,62,122
611,367,62,122
610,367,62,122
610,367,62,122
610,367,62,122
610,368,62,122
609,368,62,122
609,368,62,122
609,368,62,122
610,369,62,122
612,370,62,122
613,370,62,122
614,371,62,122
616,372,62,122
616,372,62,122
617,372,62,122
618,372,62,122
618,372,62,122
620,372,62,122
621,373,62,122
622,373,62,122
624,373,62,122
624,374,62,122
624,374,62,122
625,374,62,122
625,375,62,122
625,375,62,122
626,376,62,122
626,376,62,122
626,376,62,123
626,377,62,124
625,377,63,125
625,377,63,126
625,378,64,128
624,378,64,129
624,378,65,130
624,378,65,131
623,379,66,132
623,379,66,133
623,379,66,134
622,380,67,135
622,380,62,122
622,380,66,129
622,380,70,135
623,380,70,135
624,381,70,135
625,382,70,135
626,382,70,135
627,383,70,135
628,383,70,137
628,383,71,139
628,384,71,141
628,384,72,142
628,384,72,144
628,384,73,146
629,385,74,148
629,385,74,150
629,385,75,151
629,386,75,151
629,387,75,150
629,388,75,149
629,389,75,149
629,390,75,149
628,390,75,149
628,390,74,149
628,390,74,149
628,390,74,149
627,391,74,149
627,391,74,149
627,391,74,149
627,391,74,149
626,392,74,149
626,392,73,149
627,392,73,149
627,393,73,149
628,393,73,149
629,394,73,149
629,394,73,149
630,395,73,149
631,395,75,149
633,395,77,149
634,395,78,149
635,395,80,149
635,395,80,149
635,396,80,149
635,397,80,149
635,397,80,149
635,398,80,149
635,399,80,149
635,399,80,149
635,400,80,149
636,400,80,149
636,401,80,149
636,401,80,149
636,401,80,149
636,402,80,149
637,402,80,149
637,402,80,149
637,403,80,149
637,403,80,149
637,403,80,149
637,404,80,149
638,404,80,149
638,405,80,149
638,405,80,149
638,405,80,149
639,406,80,158
640,406,80,168
641,407,80,167
641,407,80,166
642,408,80,167
642,408,83,166
643,409,85,165
643,409,87,164
643,410,90,162
643,411,92,161
644,411,92,159
645,411,92,158
646,411,92,162
648,411,92,159
649,411,92,157
651,411,92,164
653,412,92,164
654,412,92,165
655,412,92,162
655,412,92,160
655,413,92,160
656,413,92,160
658,416,92,154
657,413,92,157
657,413,92,160
657,413,92,160
657,413,92,160
657,413,92,160
657,413,92,161
657,413,92,161
656,413,92,161
654,414,92,161
653,414,92,161
652,414,92,161
651,414,92,161
650,414,92,161
649,415,92,161
650,415,92,161
652,415,92,161
653,415,92,161
655,415,92,161
657,415,92,161
658,415,92,161
660,415,92,161
663,415,92,161
665,415,92,161
667,415,92,161
670,416,92,159
673,418,92,157
675,420,92,156
678,421,92,154
678,421,92,154
678,421,92,154
678,421,92,154
677,421,92,154
677,421,92,154
677,421,92,154
677,421,92,154
677,421,92,154
677,421,92,154
676,421,92,154
676,421,92,154
676,421,92,154
676,421,92,154
676,421,92,154
676,421,92,154
675,421,92,154
675,422,92,153
675,424,92,152
675,425,92,150
675,426,92,149
675,427,92,148
675,428,92,147
675,429,92,146
675,431,92,145
675,432,92,143
676,432,92,143
677,432,92,143
677,432,92,143
678,432,92,143
679,432,92,143
679,432,92,143
680,432,92,143
681,432,92,143
683,432,92,143
686,432,92,143
689,432,92,143
691,432,92,143
694,432,92,143
696,432,92,143
698,433,92,143
700,433,92,144
702,433,92,143
703,433,92,143
705,434,92,143
706,434,92,143
707,434,92,142
709,434,92,142
710,435,92,142
710,435,92,141
710,436,92,141
710,436,92,140
710,437,92,139
710,438,92,139
710,438,92,138
706,439,97,137
702,440,102,137
697,440,107,136
693,441,113,135
689,442,118,135
685,442,123,134
685,443,123,133
686,444,123,132
687,445,123,131
687,446,123,130
688,447,123,130
689,448,123,129
689,449,123,128
689,449,123,127
689,450,123,126
689,451,123,126
689,452,123,125
693,452,122,124
698,452,122,124
703,453,122,124
708,453,122,124
713,453,121,123
713,453,121,123
713,454,121,123
713,454,121,123
714,454,121,122
714,454,121,122
714,454,121,122
715,456,121,121
716,457,121,120
717,458,121,119
718,459,121,118
720,460,121,117
721,461,121,115
721,461,120,115
722,461,119,115
722,461,118,115
722,461,117,115
723,461,116,115
723,461,115,115
723,461,115,115
724,461,115,115
724,461,115,115
724,461,115,115
724,461,115,115
725,461,115,115
725,461,116,115
725,462,118,115
725,462,119,115
725,462,121,115
725,462,122,114
725,462,124,114
726,462,124,114
728,462,123,114
730,462,123,114
731,462,123,114
733,462,122,114
735,462,122,114
736,462,122,114
738,462,121,114
739,464,121,112
741,466,121,110
