118,341,53,129
113,344,55,121
118,342,53,127
120,343,55,128
121,343,52,131
117,344,55,128
118,344,55,128
118,342,57,131
120,345,55,128
118,343,58,132
120,343,55,129
120,344,57,130
120,345,60,130
121,343,60,134
121,345,60,133
121,346,60,131
123,346,60,132
128,345,58,132
128,347,58,132
130,346,58,132
131,346,58,133
131,346,60,131
131,345,62,135
131,344,63,136
131,346,65,132
133,346,66,133
133,344,66,137
134,345,65,133
138,343,66,136
139,344,60,139
139,345,60,137
139,347,63,137
138,347,65,135
138,347,63,135
142,347,62,136
142,346,65,138
142,346,66,137
142,347,66,137
146,346,63,138
146,347,63,139
149,346,63,139
151,347,62,141
151,348,63,140
151,349,65,140
152,349,63,139
155,348,60,141
157,348,63,142
159,347,62,142
159,347,63,143
160,344,63,144
162,346,63,143
165,345,60,145
165,345,62,146
165,347,63,147
170,350,60,145
173,351,55,148
170,352,60,148
170,352,60,148
172,350,57,148
173,350,57,148
173,350,60,148
176,351,57,147
178,349,55,148
180,348,53,150
181,348,57,150
178,348,62,149
180,348,62,148
181,351,65,146
180,350,70,147
183,351,68,144
186,349,66,149
191,350,62,146
191,350,58,149
193,350,57,147
194,350,58,148
194,353,58,147
188,375,62,130
196,352,63,148
194,352,66,147
194,352,65,146
194,353,65,144
193,352,66,147
191,351,66,148
186,349,70,150
189,347,63,151
186,344,66,152
189,345,63,151
188,345,66,150
181,344,74,154
185,345,73,153
193,345,58,153
189,342,63,156
183,341,70,155
188,340,68,153
193,341,65,152
194,341,63,153
196,341,66,155
198,343,66,150
201,341,68,153
204,342,65,153
202,341,66,155
201,342,74,152
204,343,74,152
207,342,78,153
206,339,84,154
207,339,86,153
210,339,92,151
212,336,97,154
220,338,99,151
225,339,104,152
223,337,104,154
228,336,96,155
232,337,96,156
236,338,94,156
248,338,91,158
248,341,92,157
249,338,84,159
257,339,86,159
257,340,87,157
264,340,84,157
277,338,79,159
274,339,83,161
275,338,81,161
275,338,87,161
277,341,89,158
278,339,84,162
275,341,78,163
278,340,91,164
280,340,92,164
295,341,89,164
303,341,79,165
301,339,86,166
303,336,81,169
303,337,83,168
306,337,78,172
304,338,84,175
312,338,78,176
312,339,79,175
321,337,76,177
319,340,83,173
321,337,79,177
327,336,79,177
330,334,78,181
330,335,79,179
327,335,89,180
332,334,87,182
332,334,92,182
330,335,96,181
325,336,99,178
327,335,112,183
337,336,100,184
346,336,97,183
358,334,84,185
358,335,81,185
359,336,92,183
359,333,86,191
361,334,96,192
363,334,102,193
364,333,110,191
367,334,110,192
372,334,105,193
377,332,104,195
387,331,96,195
389,333,91,195
393,334,79,192
393,331,79,196
397,331,79,197
392,331,97,200
380,331,108,199
395,330,84,203
374,331,100,202
364,332,86,202
351,334,94,201
340,331,99,206
335,333,105,203
338,333,107,204
340,334,105,204
335,332,110,212
329,337,118,208
325,334,115,211
317,334,115,212
303,337,126,213
304,337,112,213
303,337,110,215
299,334,108,219
303,332,97,220
312,332,81,219
298,333,86,219
298,331,86,222
288,330,104,224
280,327,113,231
278,328,104,234
277,332,105,228
275,327,102,231
278,327,102,231
275,324,107,234
290,323,89,235
290,322,96,239
291,326,100,235
275,325,108,246
257,332,113,242
257,332,107,241
240,336,104,234
223,335,110,241
225,334,107,242
220,338,115,238
230,336,112,240
238,335,105,241
228,334,110,242
230,333,108,243
235,335,102,241
233,331,104,245
232,333,112,243
233,335,105,241
228,333,108,242
220,331,113,245
214,329,113,246
198,331,120,245
199,330,112,245
198,328,91,247
188,326,96,250
183,326,92,249
175,322,100,252
173,323,105,251
167,325,102,251
159,325,102,251
159,323,100,253
154,320,105,256
151,320,108,256
154,318,108,258
165,320,102,256
176,318,97,258
172,318,107,258
173,317,105,259
173,319,113,257
172,319,118,257
168,321,112,255
168,321,104,255
164,320,112,255
173,319,110,257
176,315,115,261
181,314,126,262
189,311,125,265
202,311,121,265
212,312,120,264
210,313,130,263
222,315,117,261
227,317,133,259
236,315,130,261
230,315,133,261
235,314,134,262
241,312,130,264
248,312,118,264
256,311,104,265
248,309,110,267
246,309,117,267
246,308,117,268
235,309,128,267
235,308,128,268
232,307,123,269
210,307,133,269
198,305,133,271
189,301,130,275
185,296,125,280
181,293,121,283
181,289,123,287
180,288,120,288
185,286,113,290
173,290,128,286
170,292,131,284
167,294,138,282
173,292,138,284
176,294,151,282
188,287,146,289
204,279,139,297
214,266,131,310
233,264,120,312
240,261,128,315
259,259,125,316
265,255,130,321
278,248,128,328
288,231,133,345
261,205,183,371
257,178,204,398
274,164,196,402
287,156,207,395
306,161,188,391
356,174,159,387
390,183,139,393
406,180,141,396
410,179,151,397
405,175,159,401
403,174,178,402
418,172,181,378
414,168,251,408
427,178,223,398
447,185,198,391
508,192,167,384
531,188,160,388
541,182,160,393
575,172,142,365
575,164,181,373
594,160,176,379
607,165,183,389
618,162,186,403
644,159,180,402
657,154,172,411
686,152,159,420
706,149,172,425
722,151,164,425
741,152,162,423
745,154,160,422
753,152,167,419
787,150,134,426
790,149,139,426
759,157,164,418
759,168,159,407
761,179,149,397
777,186,160,390
800,201,152,373
834,217,125,357
839,234,120,340
855,265,104,309
866,282,92,292
852,301,107,273
842,321,117,253
785,333,125,243
856,350,102,224
782,371,120,205
720,388,139,188
665,399,155,177
599,409,181,167
580,361,102,215
521,346,102,230
484,351,108,224
492,372,100,200
419,370,104,206
393,374,118,202
353,375,128,201
259,369,141,207
215,365,131,211
191,357,134,219
172,345,146,231
155,328,146,248
146,299,146,277
133,286,159,287
108,264,164,311
87,257,170,319
99,255,151,321
96,246,125,330
94,241,123,335
94,236,125,340
96,232,113,344
92,223,136,353
84,210,133,366
71,198,240,378
58,176,253,400
42,164,270,412
63,150,253,426
81,144,243,432
84,138,244,438
89,114,167,462
86,116,238,458
79,110,207,465
57,122,199,454
36,124,319,450
28,132,322,444
37,130,308,446
53,133,272,443
79,131,233,445
112,129,191,447
118,128,167,448
126,127,178,447
138,133,155,443
151,133,149,443
162,138,183,436
162,146,272,428
162,153,267,423
170,162,267,413
202,170,233,406
236,174,220,402
269,181,196,395
285,175,170,401
282,175,144,400
283,165,155,411
282,162,155,414
282,160,154,416
282,160,154,416
264,159,253,415
259,160,272,412
238,165,283,411
248,164,265,411
259,165,246,409
283,164,214,412
312,162,178,410
332,163,151,409
332,170,144,406
333,174,157,401
335,175,168,399
337,177,167,393
348,179,155,387
