22,317,102,141
51,309,97,134
73,299,93,132
102,289,95,132
136,279,80,130
154,272,82,124
179,262,81,119
201,256,78,115
220,247,73,113
240,241,70,99
256,234,69,79
276,227,62,93
287,224,61,91
300,216,60,99
312,209,61,95
327,204,60,93
341,198,57,90
353,193,51,87
366,187,51,86
373,181,53,87
382,177,50,87
392,172,49,82
398,168,51,82
405,166,47,81
413,161,47,77
419,157,45,77
422,157,46,73
429,153,41,73
436,147,41,74
438,145,38,70
444,142,36,69
447,140,34,66
448,133,37,69
451,130,35,69
451,130,35,64
455,125,32,64
455,124,32,66
455,121,33,61
456,117,30,62
458,114,31,62
458,114,31,62
456,110,30,60
453,110,30,56
452,109,30,56
450,103,31,59
449,105,31,52
448,103,30,54
446,103,30,54
443,99,32,56
442,102,30,50
439,101,31,50
435,98,32,53
432,98,33,50
429,97,32,47
431,97,29,48
427,98,29,46
426,94,30,47
422,95,31,43
422,93,29,44
418,94,31,43
419,93,28,41
416,88,29,45
416,87,27,46
414,84,26,45
414,82,24,46
414,82,24,44
413,80,27,45
412,79,28,45
411,80,28,42
411,78,28,42
411,77,27,43
411,77,28,42
410,76,29,40
410,78,27,40
409,77,31,40
406,74,31,39
409,73,29,38
411,73,22,34
409,71,23,36
406,69,26,36
406,67,24,36
404,66,26,38
403,66,24,34
402,66,22,33
398,66,29,34
397,64,26,36
397,64,24,35
394,63,24,34
394,64,22,33
392,63,23,33
389,62,26,35
386,64,27,34
387,62,24,34
384,62,24,34
381,63,24,32
380,61,22,34
377,61,21,34
373,61,21,33
369,59,20,34
366,60,20,33
361,58,21,34
