204,240,52,52
219,244,42,49
220,243,44,50
222,243,45,51
223,242,49,53
227,242,52,54
232,243,49,53
233,242,50,53
243,242,45,56
244,242,50,53
246,242,47,53
249,243,49,52
253,242,52,55
243,241,52,52
264,243,47,57
269,243,45,57
274,243,45,58
270,243,55,54
274,243,53,57
285,243,45,54
288,243,49,59
291,243,52,57
295,241,50,61
296,242,53,58
293,241,52,61
283,241,50,61
267,241,52,61
251,241,55,62
236,239,55,67
228,242,55,65
217,239,52,66
202,240,50,64
196,240,52,65
193,239,50,67
191,239,52,67
189,238,53,75
189,238,57,73
191,239,62,70
198,239,52,70
191,240,57,71
189,240,55,70
183,239,58,76
176,241,65,75
173,240,65,76
172,241,63,76
170,240,66,77
173,241,66,77
175,240,70,78
183,239,68,78
181,239,68,78
181,239,73,81
176,239,73,81
178,238,68,83
173,238,70,84
164,238,76,84
157,238,74,84
151,238,78,86
141,238,84,88
138,240,81,86
133,240,76,91
125,237,78,93
115,239,79,92
107,237,86,94
102,238,89,95
99,235,86,97
94,235,86,98
92,235,86,99
83,233,89,104
84,231,89,107
81,230,89,107
79,231,91,107
76,232,92,106
76,234,96,109
78,232,99,111
78,231,99,114
76,232,97,113
76,231,94,118
76,232,99,119
70,231,105,122
65,233,107,122
65,232,104,125
60,232,110,127
55,231,112,129
45,232,117,131
37,232,118,135
32,231,123,139
28,230,128,141
24,230,133,143
18,232,138,141
23,230,136,147
16,232,142,148
16,232,144,149
13,232,147,152
5,234,154,157
2,235,155,160
0,232,155,163
2,230,154,169
0,230,164,172
0,227,172,177
0,225,173,182
2,228,170,178
0,228,180,176
0,225,173,185
0,232,164,182
32,232,146,193
32,232,160,198
50,242,155,206
2,247,217,208
0,251,227,215
2,250,219,221
0,252,219,226
0,251,212,230
0,256,201,236
0,259,198,236
0,262,198,245
0,267,201,251
2,276,210,249
2,288,233,255
0,300,265,257
2,306,306,266
13,317,343,259
49,325,348,251
70,331,353,245
84,329,364,247
97,322,363,254
100,308,364,267
115,302,364,273
126,303,367,273
133,305,369,271
142,306,363,269
154,314,363,262
168,320,355,254
178,319,350,257
185,322,346,254
196,329,335,247
202,336,335,240
206,340,324,236
210,343,314,233
210,345,303,231
199,342,295,234
181,338,285,238
167,334,274,242
154,330,265,245
141,326,256,245
142,328,243,238
151,329,236,228
162,331,225,226
168,331,219,222
180,329,209,214
189,322,201,211
199,318,196,208
212,311,186,202
222,308,176,196
228,305,176,191
241,304,162,184
259,301,162,179
282,301,159,177
309,295,151,171
342,296,147,168
367,299,141,162
379,306,142,160
390,314,131,155
390,321,133,152
400,319,131,151
414,314,128,148
431,307,125,144
473,300,120,139
494,302,121,134
508,302,120,136
520,302,108,131
533,302,108,132
552,302,102,128
570,302,99,124
581,304,105,124
596,304,108,123
610,303,97,123
622,304,100,120
635,305,100,116
651,305,96,115
662,305,96,116
672,306,94,113
685,307,92,108
696,307,91,109
704,306,96,108
719,305,89,107
725,305,92,104
733,306,89,102
743,307,91,102
754,306,84,100
762,308,84,98
771,309,81,97
779,310,79,95
787,309,86,95
792,308,83,96
800,308,79,92
809,309,71,92
816,309,73,91
819,309,74,91
829,310,74,88
835,311,74,86
842,310,70,88
847,310,76,88
855,310,71,87
864,310,66,87
869,311,71,82
879,312,70,84
882,313,71,84
879,309,70,82
879,311,79,83
884,314,73,78
882,310,68,80
886,311,63,80
879,313,68,78
864,308,65,76
847,304,58,76
839,304,65,76
845,310,62,73
843,310,71,77
847,314,70,71
852,313,70,69
856,312,66,68
860,309,65,71
860,302,76,79
864,309,81,69
864,304,74,77
869,304,76,84
876,307,73,74
882,308,70,73
882,309,74,70
884,310,71,76
898,309,60,71
902,313,58,65
910,312,50,63
