1,278,127,116
41,277,126,122
69,275,133,120
105,274,132,119
152,270,128,119
199,267,121,117
234,263,118,117
267,261,112,114
299,257,105,114
331,252,94,112
349,251,92,112
377,246,83,110
401,240,76,110
418,236,73,107
437,233,68,105
452,228,64,104
469,224,62,101
480,220,60,101
492,217,57,98
500,213,59,98
507,210,59,95
513,207,56,93
517,204,54,89
517,199,55,90
517,195,55,91
516,193,57,87
516,188,55,88
512,184,56,87
510,181,54,85
505,177,55,82
500,173,53,82
496,170,51,79
491,167,49,79
483,162,49,77
478,161,46,77
472,159,47,77
465,154,47,77
459,152,45,71
453,150,44,72
446,148,45,71
441,145,44,70
437,142,41,71
431,140,43,68
429,136,41,69
427,134,39,66
426,130,38,68
424,130,39,66
421,127,38,62
419,125,37,61
419,124,35,61
416,121,37,59
416,119,36,60
416,117,35,58
416,114,35,57
416,112,35,57
417,110,35,56
418,108,34,56
419,106,34,56
422,104,33,54
424,103,33,55
425,101,35,52
429,98,32,53
432,98,31,52
434,96,33,50
436,95,33,50
439,93,30,50
442,92,32,50
444,90,31,50
447,88,31,49
449,87,31,46
451,85,31,48
454,84,28,48
455,82,29,46
459,81,27,47
460,78,28,47
462,77,28,46
462,77,29,45
464,75,28,45
468,74,26,45
468,73,26,44
470,72,27,44
471,71,27,42
475,70,28,43
476,69,28,43
478,68,29,42
485,67,26,41
488,66,24,41
493,65,23,41
497,63,24,40
500,62,26,40
504,61,24,38
508,61,24,40
512,60,22,39
515,59,23,38
517,59,23,36
521,57,23,36
524,57,24,36
527,56,23,34
530,56,23,32
535,56,21,35
537,54,21,34
543,55,20,33
