522,253,13,24
520,252,12,25
516,252,13,27
513,252,12,27
510,252,12,27
506,254,13,27
503,254,13,28
502,254,14,28
501,256,13,26
499,256,13,26
497,257,13,28
476,258,12,27
455,258,13,27
417,260,17,26
421,260,15,27
421,261,16,28
419,259,15,30
416,261,14,28
413,261,14,28
408,262,17,29
407,261,15,31
404,262,15,31
401,262,16,31
399,263,15,31
394,265,17,29
389,264,17,32
386,266,15,31
383,267,16,32
380,268,16,31
378,268,14,30
371,269,16,30
369,270,15,29
365,271,15,31
362,271,15,30
360,274,14,32
356,272,15,35
354,272,16,35
349,273,17,36
345,274,16,35
342,274,16,38
339,276,16,36
336,277,17,36
333,277,16,37
330,278,18,37
327,280,17,36
324,281,16,37
322,282,16,38
316,283,18,39
312,284,19,40
307,286,18,40
303,287,18,40
298,289,18,40
294,291,18,40
289,292,19,42
285,294,19,41
281,296,20,41
278,298,19,40
274,298,20,41
272,298,20,43
268,300,22,43
265,301,23,43
263,301,22,43
259,303,22,44
257,304,22,45
254,306,23,45
251,306,21,45
248,308,21,47
244,310,23,47
240,311,25,48
239,311,23,47
234,313,25,48
230,314,25,49
228,316,23,50
223,318,25,50
219,319,26,50
214,320,25,52
211,323,26,50
207,325,26,51
201,326,27,52
199,327,26,53
196,328,26,54
193,329,26,55
190,331,26,57
185,333,27,56
181,335,28,57
178,337,27,58
175,340,28,57
170,324,25,58
164,280,26,60
156,234,29,59
155,205,29,60
155,189,29,62
154,192,30,62
153,194,30,63
152,197,33,62
154,200,31,62
154,202,31,65
191,206,31,68
223,209,25,66
218,212,34,69
219,215,34,69
220,216,34,72
220,218,36,72
221,179,36,78
222,137,36,76
224,96,36,83
223,77,36,75
225,78,36,77
225,82,39,78
226,57,37,73
226,16,37,73
228,0,36,57
227,0,38,59
226,0,40,64
225,0,42,68
224,0,44,71
225,0,44,75
224,0,43,82
224,0,43,87
223,0,43,90
219,3,46,90
216,5,47,95
211,10,48,95
208,11,49,99
202,16,53,96
195,18,55,101
185,24,56,99
176,27,59,102
201,31,64,104
219,36,67,103
237,37,67,105
256,41,70,109
267,43,79,108
271,51,92,107
279,52,94,107
283,53,100,109
284,55,107,109
284,55,112,113
285,59,116,113
281,60,120,114
280,61,124,112
276,63,122,108
273,60,122,109
272,61,125,110
273,58,122,110
277,57,118,110
284,55,116,107
291,49,109,112
300,47,109,111
304,46,107,109
315,44,103,107
321,42,105,106
330,40,103,105
339,38,103,103
345,38,105,99
351,36,107,100
319,36,110,98
291,35,108,96
269,38,104,92
235,40,112,88
200,72,114,84
183,127,119,83
169,167,116,84
153,180,116,80
131,182,126,82
132,183,128,86
132,163,121,84
132,172,121,88
141,174,118,94
143,181,105,96
139,192,116,97
135,193,118,96
135,190,118,96
128,189,128,101
124,193,144,94
141,193,136,91
124,197,135,92
101,193,134,89
117,194,133,94
129,194,139,96
106,194,138,101
105,192,137,111
105,194,127,109
100,195,120,108
108,195,110,108
107,194,115,103
99,195,101,91
99,195,103,90
95,196,101,88
93,193,99,86
91,194,100,83
