390,142,15,32
387,143,17,31
386,144,19,29
384,144,18,31
381,145,18,31
379,144,19,32
377,147,19,31
373,146,20,32
371,148,18,31
369,146,19,33
367,148,18,33
364,150,20,30
362,148,19,33
361,147,19,33
358,148,21,33
355,149,21,34
353,149,20,34
351,150,20,34
346,150,22,36
343,148,24,34
341,151,26,34
339,152,21,34
337,151,18,32
335,150,21,39
332,154,20,34
330,154,21,35
326,153,22,36
325,152,21,40
322,154,21,36
320,154,22,38
317,155,22,40
313,154,24,42
311,154,23,39
310,156,22,39
308,156,22,40
305,158,22,38
303,158,21,37
299,160,24,38
296,161,24,37
295,161,23,40
294,161,22,40
290,164,27,40
289,164,24,39
287,164,24,39
285,163,23,41
284,164,23,39
281,163,23,38
278,164,27,39
278,166,27,40
280,163,22,45
278,165,23,45
278,167,23,44
276,167,22,44
275,169,22,44
275,169,22,44
273,170,22,45
273,168,23,50
272,171,22,46
271,171,23,46
270,172,23,46
269,174,24,46
269,175,26,45
269,176,28,45
269,177,24,45
271,177,23,45
271,178,24,46
273,180,24,47
273,178,26,50
278,180,26,49
276,182,29,49
278,183,30,49
279,185,28,47
282,187,27,48
283,185,28,51
283,185,28,54
284,186,29,50
286,188,29,53
286,190,31,51
288,189,31,52
293,191,28,52
290,193,30,52
292,193,30,50
293,193,30,53
292,196,33,53
294,196,32,56
294,198,28,52
295,199,31,56
294,198,31,57
293,198,34,61
290,202,30,57
290,204,31,56
285,204,39,62
284,205,43,62
284,207,37,60
280,209,43,60
278,211,43,62
277,212,40,66
275,212,45,66
275,214,39,61
272,215,40,66
270,216,45,67
271,217,45,68
269,220,46,68
271,221,41,66
267,224,46,68
266,225,46,69
265,225,48,71
265,228,51,71
266,230,48,70
263,232,52,72
265,234,50,73
265,237,44,75
268,236,41,75
268,240,36,74
266,241,40,77
260,244,48,73
263,246,41,77
260,246,43,77
260,248,49,82
256,251,45,81
255,253,47,81
254,256,49,82
256,258,47,82
255,261,49,84
252,264,53,82
251,266,50,84
252,267,49,85
251,272,54,87
250,275,57,88
250,276,52,90
251,278,52,93
252,280,51,93
253,284,55,94
251,288,61,98
253,292,62,98
254,294,63,102
252,299,64,101
253,303,59,103
253,306,60,106
252,309,60,107
253,314,64,111
259,320,60,111
262,323,53,114
264,328,54,115
260,332,56,120
264,336,52,121
266,342,53,122
