418,354,52,126
410,354,55,126
403,354,59,127
395,353,52,126
388,354,47,126
381,355,49,126
374,355,52,126
370,355,49,125
366,355,46,125
361,354,43,124
357,355,43,124
352,355,44,124
347,355,44,124
343,356,46,124
340,356,49,124
336,357,51,123
335,357,49,123
334,357,46,123
334,357,44,123
333,356,45,124
331,356,46,124
330,355,46,124
330,345,46,128
330,335,46,131
330,325,46,134
330,325,46,134
330,325,46,135
330,325,46,135
330,325,46,135
330,325,46,135
330,325,46,135
330,325,46,135
330,325,46,135
330,325,46,135
330,325,46,135
330,325,46,135
330,325,46,135
330,325,46,135
330,325,46,136
331,325,46,136
331,325,45,136
332,325,45,136
332,325,45,136
333,325,44,136
333,325,44,136
333,325,44,136
333,325,43,136
333,325,43,136
333,325,43,136
333,325,43,136
333,326,43,136
333,326,43,136
333,326,43,136
332,326,43,136
332,326,42,136
332,326,42,136
332,326,42,136
332,326,42,136
332,326,42,136
332,326,42,136
332,326,42,136
332,326,42,136
332,326,42,136
332,326,42,136
332,326,41,136
332,326,41,136
332,326,41,136
332,326,41,136
332,326,41,137
332,326,41,137
332,326,41,137
332,326,41,136
332,326,41,136
331,326,42,136
331,326,42,136
330,326,42,136
330,326,42,136
330,327,43,136
329,327,43,136
329,326,42,135
328,325,41,135
328,325,40,135
327,324,39,134
323,324,41,134
320,324,43,134
316,324,45,134
313,324,49,134
309,324,52,133
304,323,53,131
299,323,46,131
294,322,45,130
289,322,43,130
286,324,42,129
284,327,41,128
278,326,41,126
273,325,40,125
268,325,40,124
263,324,40,122
259,324,41,124
256,324,41,125
253,324,42,126
249,323,43,128
244,323,43,128
240,323,42,128
235,323,42,128
231,323,43,128
227,323,43,128
223,323,44,129
218,324,44,129
214,325,44,129
210,326,44,129
206,327,44,129
200,326,43,130
195,326,41,130
189,325,40,131
185,325,40,131
180,325,40,131
176,325,40,131
169,327,40,131
162,328,40,131
155,329,40,131
151,329,40,131
147,330,40,131
143,330,40,131
138,331,39,131
133,332,37,131
126,331,38,131
119,331,39,130
111,330,40,130
107,330,40,131
103,330,40,132
99,330,41,133
95,330,42,135
90,329,42,136
86,329,43,138
83,329,43,137
79,330,42,137
76,330,42,137
67,330,46,136
59,331,49,135
50,331,53,134
50,331,50,133
49,331,46,132
