678,222,45,84
678,221,45,83
678,219,45,84
677,221,45,82
675,223,45,82
675,221,44,84
673,221,44,82
680,221,37,85
680,221,37,85
678,223,42,82
680,219,34,88
680,219,34,89
680,220,34,87
673,218,39,86
673,219,39,87
673,218,39,87
670,218,40,88
669,219,44,87
670,218,40,88
669,221,40,82
667,218,42,86
664,218,44,86
665,218,44,86
665,219,44,85
665,218,44,87
664,218,45,86
662,217,45,86
662,220,44,84
661,222,44,83
661,221,45,84
661,218,45,86
659,219,44,86
659,221,44,84
657,222,44,82
656,221,44,83
657,225,45,81
656,222,44,82
652,222,49,83
652,222,44,82
656,221,39,84
652,220,42,87
649,220,44,86
649,218,42,89
648,219,44,86
648,218,44,88
646,218,45,88
643,219,45,87
644,220,45,86
643,223,45,86
641,218,47,88
639,218,49,89
641,220,49,89
644,219,40,86
643,218,42,88
643,219,42,88
639,217,44,91
641,219,44,88
639,215,40,92
638,218,45,91
638,217,42,92
639,217,40,94
638,220,44,91
635,218,49,91
633,220,47,87
635,218,50,90
636,221,45,87
631,218,49,90
630,218,50,91
633,219,45,90
630,219,45,90
631,220,44,90
631,219,44,90
628,219,44,90
630,221,40,89
630,220,39,89
630,221,37,87
627,218,39,91
627,220,39,89
623,222,40,88
622,222,44,88
623,220,44,88
620,222,45,87
618,222,45,88
617,221,47,90
615,221,44,88
614,221,44,91
610,223,45,89
609,225,45,89
609,222,42,88
605,222,45,89
605,225,42,84
602,227,44,85
601,226,47,84
599,228,49,82
596,229,52,82
596,230,52,81
593,229,55,82
594,229,50,83
591,228,52,83
591,227,50,83
593,226,47,86
593,229,40,84
586,230,42,83
589,231,37,79
589,230,37,85
591,230,36,84
589,227,36,87
589,227,34,88
591,226,31,89
588,230,32,86
584,231,34,85
576,240,36,77
580,227,36,76
571,233,42,71
573,236,42,67
575,248,39,66
565,243,40,70
562,239,39,75
560,241,42,74
559,233,45,83
552,231,52,84
550,232,50,81
549,228,57,90
552,229,52,87
550,229,55,88
546,230,57,89
542,233,63,85
546,233,57,87
546,234,57,84
544,233,55,85
542,234,52,85
539,233,50,84
537,237,47,85
536,239,49,89
536,234,47,87
534,232,42,87
534,237,40,83
529,236,45,84
526,236,45,87
525,236,44,88
523,237,45,82
523,237,42,86
523,238,49,85
523,236,44,87
520,232,47,89
520,235,52,85
520,232,45,86
516,231,49,89
516,232,44,90
518,233,42,87
515,232,42,86
512,231,42,90
513,234,40,89
510,232,39,86
507,231,44,90
505,232,45,88
500,232,52,88
499,232,50,91
500,230,49,92
500,230,49,93
499,234,47,89
500,234,44,89
495,233,53,90
494,233,53,89
497,233,49,90
494,233,52,88
491,232,53,89
491,233,49,90
489,234,50,90
487,232,52,91
487,230,50,93
487,229,52,94
486,228,52,96
486,236,53,87
486,233,52,91
481,231,55,93
478,233,53,92
474,233,57,92
476,236,57,89
478,233,52,93
482,233,47,92
482,239,49,88
478,234,53,90
476,235,53,90
474,236,53,89
476,236,50,86
474,237,50,87
473,233,53,89
474,232,50,93
476,233,49,91
471,235,53,89
474,237,49,86
474,234,50,91
473,232,52,91
471,235,52,90
471,233,52,92
473,236,49,88
469,235,57,90
474,237,45,87
471,234,50,91
469,236,52,89
469,234,49,88
466,236,53,88
468,237,50,90
466,233,52,94
466,234,53,91
465,237,52,89
465,236,50,90
468,237,47,90
465,239,47,84
466,236,45,84
466,240,45,84
461,240,49,87
461,239,47,85
461,239,47,87
458,240,47,87
455,239,49,89
448,239,53,87
444,238,60,88
444,241,60,88
444,239,58,89
442,241,60,86
444,241,58,87
440,241,57,87
442,241,57,89
440,238,63,89
439,239,60,91
442,240,55,89
437,240,52,88
437,242,55,86
431,240,50,87
431,239,50,88
432,239,49,89
429,238,50,90
424,240,52,87
423,240,53,88
427,241,44,87
424,240,47,87
423,242,49,87
423,241,47,86
419,243,49,89
423,244,44,85
418,241,47,87
419,239,45,92
418,241,47,87
418,240,47,90
421,238,45,93
413,242,45,85
411,243,45,84
418,250,45,85
413,251,45,85
413,251,45,85
414,252,47,86
406,241,47,94
405,247,45,84
411,247,45,84
405,243,47,87
398,243,47,86
398,242,47,86
406,239,47,87
406,239,49,87
403,241,49,88
411,247,45,85
410,245,45,84
411,249,45,82
408,239,53,94
405,239,50,92
401,241,55,91
401,239,52,92
398,239,62,95
401,239,73,93
401,237,78,96
395,239,84,95
397,237,81,94
397,238,78,94
393,238,83,96
390,238,89,94
389,240,89,90
390,238,84,97
393,237,83,96
387,238,92,93
384,237,91,95
384,237,92,98
385,236,94,100
387,239,87,93
393,240,81,92
392,238,87,93
389,240,89,96
389,241,84,90
393,239,81,95
390,236,89,95
389,238,94,94
390,239,84,92
393,237,79,92
397,238,79,94
400,236,76,96
398,238,78,92
398,237,81,95
398,242,81,90
398,240,79,92
398,243,74,87
390,228,84,102
387,229,57,103
385,231,53,100
380,229,55,101
382,235,53,94
382,232,50,98
389,234,52,96
390,236,50,92
387,237,50,92
387,234,49,94
384,234,52,96
385,240,52,92
384,237,53,95
384,233,53,99
379,231,55,100
380,229,55,101
379,230,55,102
377,230,55,101
371,229,40,100
367,228,47,101
364,230,47,102
363,229,50,102
364,230,42,101
361,231,45,101
361,230,47,102
359,233,47,99
358,235,45,95
355,238,49,93
353,238,49,93
353,237,47,95
350,243,50,89
350,241,45,91
348,237,52,94
342,239,50,93
340,243,55,88
335,237,57,94
333,237,55,94
332,240,55,94
329,243,60,88
330,239,55,92
325,243,63,88
329,252,60,81
325,247,62,84
324,247,58,86
327,242,52,90
325,244,50,88
324,247,50,85
327,245,49,87
324,248,39,85
321,249,40,85
319,253,44,82
321,247,40,84
321,246,40,86
319,247,39,84
311,252,45,79
309,255,47,74
308,255,49,74
309,255,45,75
308,253,47,76
304,257,47,70
304,255,47,77
301,257,52,74
301,256,49,76
303,254,47,78
301,256,47,76
299,261,45,71
299,258,45,73
298,257,44,75
295,256,50,79
296,257,42,76
296,258,40,78
293,256,47,80
290,256,47,79
287,255,49,79
282,255,53,79
282,254,55,82
282,252,55,80
278,252,57,82
280,247,53,88
278,247,52,88
278,253,53,81
277,253,49,83
277,253,49,83
277,249,50,86
275,251,53,82
274,252,49,82
274,250,49,84
274,249,49,86
274,244,50,87
270,243,50,88
270,244,50,87
269,244,52,88
270,247,49,87
269,246,49,88
272,235,42,99
262,236,49,97
262,236,49,98
261,240,50,92
262,239,45,94
262,240,45,93
262,245,42,86
259,239,45,93
262,238,44,94
256,241,50,92
257,245,45,92
256,253,44,82
259,254,40,79
254,256,47,76
254,254,45,80
253,252,47,78
251,246,49,88
253,251,44,81
253,252,40,81
249,253,44,83
254,249,39,86
251,251,49,84
248,244,44,90
246,249,45,84
246,254,44,77
244,252,47,80
243,254,47,78
240,252,49,80
238,251,50,82
238,250,52,84
240,246,45,87
240,245,49,89
240,246,49,87
240,246,45,89
240,244,45,89
238,247,49,85
241,253,44,80
236,246,49,87
238,252,49,81
236,249,49,85
235,246,49,89
235,246,49,89
233,245,44,88
233,247,44,87
233,248,44,87
232,248,47,88
232,247,44,87
233,247,44,83
232,244,44,86
230,244,45,88
233,240,40,91
233,241,42,91
232,243,44,89
230,245,49,90
230,243,45,90
230,247,47,88
230,247,45,89
230,246,47,86
230,248,47,87
232,246,49,88
232,247,49,88
232,247,47,87
232,247,47,88
232,247,47,87
232,247,47,87
233,247,45,88
233,247,42,88
235,248,44,87
233,250,44,84
232,246,45,88
233,247,47,87
235,248,45,87
233,247,49,85
233,245,44,88
232,246,45,88
232,249,47,87
232,245,49,90
235,245,44,92
233,246,45,89
232,247,49,88
232,248,47,86
235,249,47,85
233,252,45,83
233,252,45,83
230,250,47,84
233,251,45,82
232,251,45,83
232,253,47,79
232,252,49,81
230,250,49,84
227,250,53,85
233,249,45,85
228,251,50,82
230,255,49,77
228,253,49,80
233,251,45,82
233,250,45,83
233,252,45,83
230,249,50,83
228,247,52,83
232,249,49,83
228,248,53,84
228,248,52,84
227,248,55,85
232,250,47,83
232,250,47,83
230,248,57,84
232,249,53,85
232,250,50,88
233,250,52,84
235,248,52,85
232,253,55,80
236,246,49,86
236,249,49,86
236,244,50,90
236,246,49,88
235,246,49,87
235,245,49,88
240,246,47,87
238,248,49,82
238,246,49,85
240,250,45,81
236,247,50,84
240,246,42,83
238,246,45,83
241,246,42,83
241,245,44,84
241,246,42,83
240,245,45,84
240,244,47,86
241,245,45,84
238,248,45,84
236,248,45,84
236,245,47,84
236,245,45,84
236,250,45,82
240,250,45,82
236,250,45,83
236,248,45,84
228,250,53,82
232,249,47,85
233,248,47,83
232,245,47,86
232,244,49,86
235,245,39,83
238,241,34,88
235,241,39,86
233,240,40,89
232,241,40,88
235,241,40,88
232,241,42,87
232,239,44,91
235,241,39,86
232,239,42,89
232,238,42,91
233,237,40,91
233,238,39,92
236,240,36,89
232,240,40,87
230,240,42,89
232,242,42,89
228,242,44,87
230,241,42,88
227,239,45,89
227,239,45,88
227,240,45,90
228,243,44,87
223,247,49,83
222,248,49,81
223,254,45,74
225,244,40,85
223,252,42,78
222,242,45,88
222,251,47,77
220,250,47,79
219,250,47,78
219,247,50,83
217,253,52,75
219,252,45,78
217,252,49,77
215,249,52,81
217,251,49,78
214,249,49,82
212,252,53,79
215,250,49,80
212,251,47,81
209,253,50,82
210,249,49,83
212,246,44,87
212,249,45,83
209,249,44,86
209,249,42,84
209,250,42,83
207,251,44,82
207,250,44,83
209,248,40,85
210,252,42,83
210,250,39,84
207,247,44,84
207,250,37,82
209,251,39,81
207,249,40,83
209,251,39,79
207,250,39,82
207,251,40,83
206,254,44,79
207,251,42,83
207,252,39,79
209,253,39,79
206,254,39,80
206,251,39,82
209,251,36,82
204,248,40,84
202,247,42,85
204,248,40,85
204,248,42,86
202,252,45,81
199,252,47,79
199,250,47,82
201,251,47,78
199,251,45,81
201,251,45,80
204,251,40,80
201,253,45,75
202,249,44,79
202,253,42,77
206,250,40,78
204,252,40,79
206,249,39,84
206,250,36,80
202,251,39,80
202,249,42,85
204,252,40,79
202,252,40,80
202,249,39,82
201,250,40,81
202,250,39,80
201,249,42,79
199,249,42,82
198,250,44,83
199,251,40,80
194,251,44,81
198,254,40,78
196,253,42,78
196,253,44,78
194,254,42,79
194,253,47,78
196,247,44,84
193,247,45,86
194,246,47,87
193,248,47,85
194,251,49,85
193,242,49,87
193,241,49,87
198,242,40,85
196,243,40,87
196,245,42,84
196,243,39,85
196,248,39,82
196,244,40,86
194,243,42,84
196,241,40,87
194,242,42,86
191,245,42,85
191,243,44,87
191,248,42,82
189,246,45,82
189,249,44,81
189,246,44,83
189,245,47,83
189,247,44,84
188,253,42,76
188,253,39,76
186,252,45,74
185,251,44,79
181,252,44,77
180,253,47,75
176,251,49,79
178,253,49,77
181,253,42,76
183,251,40,77
180,244,42,87
178,242,47,89
178,242,44,90
176,244,47,86
173,240,52,90
173,238,53,92
178,238,44,94
172,240,53,84
178,239,44,91
176,241,45,88
176,240,45,89
175,241,47,87
173,241,49,89
175,241,47,86
173,242,47,86
173,242,49,89
172,242,49,86
175,242,42,88
172,243,45,85
172,243,47,86
173,242,45,90
173,251,39,80
172,247,40,80
168,245,42,87
168,247,44,82
168,246,44,83
167,246,45,81
170,247,42,82
167,247,45,80
170,246,40,84
172,246,36,85
168,249,37,77
168,250,32,80
167,250,37,77
167,250,37,77
165,251,37,79
164,250,45,77
164,250,42,74
165,250,40,78
165,249,40,79
162,248,44,78
164,248,39,79
160,248,39,82
160,247,42,80
159,247,45,82
159,247,44,79
157,250,44,81
155,250,44,80
155,250,44,80
155,250,44,80
154,248,45,81
154,250,44,81
155,251,45,81
154,247,42,85
152,246,44,83
154,245,44,87
152,246,47,83
152,247,44,84
152,248,42,84
151,247,45,84
151,247,45,84
151,248,42,81
152,250,37,79
154,253,39,77
152,252,40,76
151,253,42,76
154,254,37,78
154,257,37,74
154,253,36,78
152,254,37,73
149,253,42,75
149,252,42,74
149,252,40,75
149,248,42,79
149,249,39,80
147,251,42,77
149,252,37,77
151,253,36,79
149,252,39,76
149,252,39,80
147,252,42,76
146,252,42,76
146,254,42,77
146,255,40,76
146,253,40,76
146,254,39,78
144,255,40,76
142,254,42,77
142,255,44,73
142,252,44,76
142,252,44,75
141,249,44,79
141,248,44,79
139,250,44,80
141,248,44,81
138,248,45,82
139,248,42,81
136,247,45,81
139,249,42,82
134,247,45,83
136,250,42,80
136,250,42,79
134,249,44,79
134,253,44,76
134,245,44,82
133,251,45,77
134,254,42,74
133,254,45,77
136,253,42,75
133,252,44,77
131,251,44,81
133,247,44,84
131,250,44,83
126,252,52,78
131,252,42,78
131,254,40,77
134,254,39,75
133,252,40,75
133,253,42,77
133,254,42,76
133,253,42,81
134,260,39,70
134,257,39,73
133,255,40,76
134,260,40,65
134,260,39,66
136,257,40,71
134,256,40,75
133,259,42,76
134,258,40,75
134,258,40,75
134,258,42,75
133,254,44,77
136,253,39,79
136,255,40,76
133,254,42,74
133,252,44,80
134,253,40,76
134,252,42,77
133,253,40,75
134,252,39,77
134,253,40,79
134,252,39,79
136,253,39,81
131,252,44,80
133,251,42,82
131,253,42,81
136,254,40,82
130,249,47,85
130,255,44,81
133,253,40,80
131,252,42,80
133,253,37,79
131,253,42,78
131,252,40,80
133,250,42,82
131,252,44,74
130,254,45,74
133,251,37,78
133,252,40,79
131,250,40,78
131,252,45,76
134,252,40,78
134,254,40,75
134,253,44,75
133,250,44,79
133,249,44,79
134,253,44,74
134,252,40,78
133,255,44,76
133,255,44,76
134,253,42,75
136,252,40,75
136,251,40,80
134,253,45,76
138,253,39,78
139,256,37,74
138,256,42,74
134,254,47,73
138,254,40,73
138,249,42,78
136,247,45,79
138,250,44,77
141,251,39,76
141,251,39,77
139,254,42,70
138,250,44,77
138,251,44,77
139,249,42,77
139,251,40,76
136,250,44,76
138,249,40,77
134,246,44,78
139,249,36,76
136,249,42,75
134,249,44,76
136,251,42,73
136,250,42,74
139,251,37,73
138,252,39,70
139,252,37,71
138,252,39,71
134,252,39,70
133,251,40,70
133,248,44,78
133,247,44,80
133,246,40,80
131,247,42,77
134,251,40,73
133,248,42,73
133,248,44,73
133,248,40,77
130,248,44,74
130,247,44,79
133,246,40,80
131,248,40,78
128,248,44,80
130,248,44,79
131,248,39,76
130,249,42,78
128,249,44,76
130,250,39,76
130,252,39,70
128,253,37,70
126,252,40,73
126,252,40,71
128,253,37,68
128,256,37,66
125,255,40,67
125,250,42,75
125,257,37,66
123,252,37,71
121,253,39,73
123,255,39,70
121,254,37,73
120,253,42,68
120,250,44,76
121,250,39,74
121,252,36,73
121,252,36,73
118,251,39,73
120,254,37,69
120,250,36,75
118,251,37,75
115,252,39,73
115,253,39,70
115,253,37,71
115,255,37,69
112,254,40,73
110,254,42,73
112,252,42,73
110,251,42,74
110,251,42,73
112,250,40,75
112,249,40,74
112,249,40,77
110,247,39,75
108,248,44,75
108,248,44,75
110,253,40,68
112,248,37,75
110,248,39,76
110,249,39,77
113,250,36,76
113,250,37,75
112,250,39,76
110,247,40,77
112,249,39,77
113,248,36,78
112,248,39,78
113,248,34,75
113,249,36,78
113,250,34,75
112,256,37,70
112,251,37,76
113,255,36,70
112,254,37,71
110,254,39,71
110,254,39,71
110,253,39,73
113,251,34,74
108,255,40,70
108,255,39,69
110,251,39,71
108,252,39,75
108,252,40,73
107,250,44,76
108,250,39,77
107,250,40,74
105,250,44,76
105,250,40,76
105,251,39,77
105,251,42,74
107,251,37,75
104,251,40,76
104,254,39,70
105,251,40,75
104,251,42,76
102,251,45,76
104,251,42,74
102,253,44,76
102,255,44,71
104,253,39,76
105,251,39,74
104,254,39,73
105,252,39,75
104,252,40,70
104,250,39,75
105,252,39,74
104,251,42,75
104,252,40,73
102,253,44,68
105,255,39,70
107,253,40,73
105,252,42,73
107,253,40,74
107,253,40,73
108,252,40,69
108,254,42,66
108,253,40,68
112,255,37,68
110,256,42,68
112,253,37,66
112,255,39,66
110,254,39,66
110,256,39,67
112,255,39,68
113,255,37,67
110,254,44,65
112,255,44,66
110,250,40,69
110,253,39,70
108,253,47,67
110,252,40,69
112,251,42,68
112,249,39,75
112,249,39,75
107,251,45,71
105,252,49,67
110,248,40,77
108,247,42,77
110,247,40,78
107,251,47,70
108,249,44,74
107,249,49,69
108,248,42,76
105,260,42,64
104,260,44,62
107,263,39,59
107,262,40,62
107,262,40,60
105,265,42,59
107,264,39,58
107,265,37,56
108,266,37,55
105,256,42,66
107,250,39,71
107,253,40,68
110,257,37,63
105,261,39,63
107,260,36,64
107,260,39,62
105,261,39,57
107,262,34,59
104,262,39,60
105,265,34,59
105,267,28,54
104,267,36,55
104,271,32,51
102,256,36,64
100,256,40,63
100,253,37,70
99,255,39,68
99,255,39,65
97,254,44,67
97,252,39,68
96,255,40,68
96,258,40,64
94,258,40,66
92,253,40,69
92,252,42,70
92,256,42,67
91,258,40,65
86,257,45,66
87,251,44,74
87,253,45,69
84,257,47,69
86,252,44,73
84,259,45,65
83,247,45,73
84,247,45,75
83,248,44,74
86,253,39,73
89,255,32,69
86,246,39,77
87,246,39,78
87,248,37,75
87,252,36,71
87,249,37,78
87,250,36,75
91,247,32,80
87,247,37,81
89,247,34,83
89,257,37,65
86,258,36,68
87,264,34,61
87,263,34,63
86,266,32,59
86,266,32,58
87,266,29,57
86,262,34,65
81,258,37,68
83,264,39,62
84,263,36,62
83,263,37,65
83,264,36,64
81,267,39,60
81,267,36,62
81,264,39,61
79,268,39,58
79,268,40,53
81,264,37,57
83,263,39,60
83,266,36,54
81,266,42,57
83,264,37,59
81,262,36,62
86,264,31,60
83,267,37,53
83,260,36,61
81,260,39,63
83,260,36,62
83,266,39,56
83,262,37,59
83,256,37,65
83,256,34,68
81,259,36,67
83,259,36,65
78,266,42,58
78,263,39,63
76,268,42,59
79,263,39,60
78,264,40,59
78,265,42,58
79,260,40,61
78,263,42,59
78,263,40,60
79,258,42,63
78,260,40,61
76,261,44,61
76,258,44,65
76,262,40,60
76,263,44,58
78,263,40,57
78,266,39,54
79,265,40,56
79,262,39,58
81,259,39,66
81,262,42,59
79,261,40,64
83,255,36,73
83,256,36,67
81,257,39,68
81,254,42,73
81,258,42,70
83,257,39,70
81,254,42,73
83,254,42,77
84,253,37,73
83,252,39,75
84,251,36,73
83,254,36,70
83,253,37,71
84,252,36,74
83,253,37,69
84,252,36,68
83,254,37,67
81,256,37,67
81,253,39,67
79,254,40,68
83,254,36,68
79,256,39,65
81,253,32,71
78,259,39,63
76,260,39,60
76,257,40,65
74,254,44,67
74,253,40,69
74,254,42,66
74,253,42,67
74,255,40,64
74,256,40,65
73,253,47,66
74,257,49,63
73,254,45,67
71,253,47,67
71,253,39,69
73,254,39,67
74,255,39,67
74,255,37,66
74,254,34,66
74,256,36,65
74,257,34,65
73,259,37,65
73,255,36,66
74,256,31,65
74,258,36,66
74,255,32,66
74,261,31,60
73,257,36,65
73,264,32,60
74,258,31,65
73,260,32,62
73,261,34,61
74,260,31,62
71,262,31,61
73,266,32,55
73,266,31,57
70,259,34,64
68,261,36,61
70,261,34,61
70,264,34,61
70,263,32,61
68,262,39,62
68,269,36,54
66,269,37,54
70,264,31,57
66,265,34,59
65,268,34,56
66,265,34,58
65,260,37,60
63,260,39,62
65,262,40,61
65,261,36,62
63,264,40,58
62,259,40,62
63,254,39,68
62,253,39,69
62,253,37,69
62,254,37,68
60,255,37,68
63,256,34,67
60,255,37,69
62,256,36,65
60,253,36,70
60,255,37,70
60,255,37,69
60,256,37,69
62,256,37,68
62,258,37,67
62,257,37,68
62,254,37,68
62,255,37,69
62,256,37,68
65,255,36,66
65,256,37,64
66,256,37,65
68,256,34,64
66,255,37,66
63,252,44,67
65,255,44,66
63,252,44,71
65,252,40,69
65,252,40,70
66,252,40,69
66,252,40,70
66,251,42,70
63,251,45,69
68,252,40,69
68,249,39,70
68,249,39,70
70,251,37,69
70,252,39,69
68,252,39,70
74,251,32,70
73,252,34,69
74,254,32,67
76,254,31,67
74,252,32,70
74,252,34,69
76,253,32,67
76,250,34,71
76,250,34,69
76,250,34,71
79,252,31,69
78,252,32,68
81,252,28,67
81,251,29,68
83,252,28,70
81,251,31,70
81,252,31,66
79,253,34,65
83,257,32,70
81,253,36,69
79,252,37,71
84,253,32,70
84,251,34,71
83,253,36,69
81,255,36,65
81,256,40,64
81,255,40,66
83,250,39,73
83,254,37,67
86,253,36,69
86,256,37,65
91,261,29,59
87,259,36,61
87,260,36,61
86,262,37,60
89,268,39,54
87,257,40,65
89,257,40,66
89,258,39,64
87,258,40,63
89,257,44,66
89,257,40,65
96,254,36,66
94,255,37,65
97,253,34,68
96,253,37,66
99,255,34,67
100,247,32,76
100,246,36,76
99,248,34,74
104,251,34,71
97,248,36,75
92,248,42,73
92,251,40,71
100,255,34,65
100,251,36,68
100,251,36,68
97,248,39,74
96,247,39,75
96,247,40,73
99,247,40,75
102,250,36,70
99,244,39,77
97,245,42,76
99,245,42,78
99,246,44,75
100,247,42,74
99,245,44,77
99,244,44,79
99,248,42,78
100,248,44,76
104,247,42,78
104,247,40,76
104,250,39,75
108,249,36,74
105,248,39,78
108,249,37,73
105,254,39,66
105,253,39,68
107,255,39,64
110,254,36,67
108,254,37,67
110,255,36,64
110,254,36,63
110,254,36,67
110,254,39,65
108,257,37,64
112,256,36,64
112,257,36,63
112,257,37,65
113,255,32,64
112,255,36,64
113,253,32,68
112,255,39,63
113,251,34,66
113,250,40,69
113,250,37,70
117,253,34,67
115,256,37,67
113,258,40,66
115,253,37,71
118,254,36,68
117,255,37,67
115,258,42,65
118,255,39,65
117,253,39,65
117,255,37,65
117,254,37,65
118,255,37,63
118,256,39,62
120,256,37,62
118,258,37,60
120,256,37,61
120,257,37,60
120,259,36,58
120,257,36,61
121,258,36,59
121,258,36,60
121,257,36,60
121,256,36,61
121,257,36,60
123,257,36,60
123,256,36,61
125,257,34,61
125,256,34,61
125,255,34,62
125,253,36,65
128,253,31,64
125,253,34,66
128,262,31,56
131,260,28,58
130,258,29,60
128,256,31,62
130,256,28,63
131,255,28,63
130,254,31,65
133,254,26,65
134,255,24,63
134,255,24,63
133,259,28,60
131,255,29,63
134,256,31,62
134,255,29,63
130,255,39,62
134,254,34,65
136,251,29,65
136,254,29,64
138,258,32,60
138,254,31,63
138,254,32,63
136,256,36,64
139,252,32,65
134,258,39,59
136,261,37,58
134,254,37,66
141,255,36,64
142,254,36,66
0,0,0,0
142,255,36,65
144,254,36,64
146,257,32,64
144,258,36,61
142,259,34,60
144,261,32,59
146,259,36,58
147,261,29,57
149,260,31,62
147,254,32,60
149,260,34,55
151,255,29,58
152,257,29,59
149,261,36,55
151,257,32,60
152,258,34,58
152,262,34,58
149,255,36,65
155,257,31,63
152,256,36,65
151,260,37,59
