164,212,70,136
160,210,66,134
154,210,74,134
146,208,83,139
139,208,83,136
125,207,91,135
118,211,94,134
117,211,89,131
108,215,96,126
97,217,91,125
100,217,79,127
89,214,86,125
92,209,78,131
86,208,83,132
83,208,74,132
79,210,79,131
76,208,74,129
68,211,78,131
68,215,78,128
65,219,76,125
62,221,83,121
62,222,68,127
57,220,78,128
57,215,78,131
57,213,76,132
58,215,74,131
60,211,66,135
58,215,68,130
62,222,63,129
62,222,62,126
57,224,70,128
57,221,70,126
62,223,65,125
60,219,66,125
55,217,73,130
60,217,70,129
58,220,71,126
62,220,68,129
58,225,76,124
63,226,73,124
63,228,78,124
70,227,76,121
66,226,81,120
74,225,73,118
76,223,71,120
76,223,79,117
78,224,79,117
79,225,81,117
83,226,79,116
87,230,78,115
91,231,76,118
96,227,76,122
97,225,78,116
100,224,83,118
104,222,81,119
107,223,81,121
117,223,78,120
120,226,79,119
120,229,87,115
128,230,76,114
136,232,71,111
144,227,78,113
157,227,70,116
160,226,68,117
164,226,70,114
168,226,68,114
172,226,70,120
175,226,70,118
181,229,70,118
180,229,73,119
188,232,74,115
207,226,65,121
215,225,62,123
215,226,70,121
215,225,73,121
217,225,78,118
223,228,76,119
228,230,74,117
232,232,78,114
236,232,76,115
246,232,68,114
262,228,63,116
269,232,68,112
265,227,74,118
267,227,70,115
265,226,78,118
270,228,78,114
283,233,71,109
285,232,74,112
293,232,68,114
301,234,63,113
308,233,70,107
314,230,66,112
321,228,66,115
324,229,71,112
325,228,76,113
324,230,83,112
332,232,78,109
335,232,78,109
346,235,70,105
355,237,62,105
364,234,60,108
367,230,63,108
369,231,65,107
371,231,65,109
382,229,62,108
389,226,63,111
389,226,65,112
397,233,60,105
401,233,65,106
405,234,65,106
418,230,62,110
424,231,65,106
426,229,68,108
429,230,73,107
424,229,86,109
431,230,91,106
434,230,91,107
437,230,89,107
440,232,91,105
440,235,91,102
469,237,70,100
479,236,55,104
487,236,45,101
489,234,50,101
494,232,47,107
494,227,58,109
499,229,58,105
497,230,65,104
495,231,70,103
499,231,74,101
500,233,74,100
502,232,76,102
503,235,74,98
507,228,70,104
510,230,66,102
523,228,55,102
521,229,58,102
525,231,58,102
523,227,60,107
529,227,62,103
531,225,65,109
536,227,63,108
541,226,57,106
534,228,65,105
536,228,63,103
537,226,65,107
544,230,60,98
547,229,55,100
549,229,55,101
550,230,49,102
555,228,53,102
555,227,58,104
554,225,60,106
557,229,52,104
557,228,50,102
557,226,55,105
559,224,52,106
557,226,58,104
559,223,60,107
559,228,58,102
559,226,66,105
559,226,65,103
560,227,65,103
562,230,65,100
563,227,63,103
563,221,65,109
563,224,66,105
567,225,63,105
567,230,62,101
570,228,57,101
568,225,60,103
568,224,62,103
568,226,63,104
575,223,57,107
571,225,60,104
570,220,60,110
571,224,60,106
571,223,60,104
575,220,62,111
575,222,63,104
575,226,65,102
575,224,68,105
573,222,74,107
575,223,71,107
578,225,73,107
576,226,73,101
580,227,79,104
583,227,74,105
580,225,83,103
584,230,76,103
581,222,78,108
584,230,79,105
584,230,76,102
580,231,83,101
583,228,81,105
581,227,81,104
586,229,81,102
581,228,87,102
586,226,83,107
586,228,87,103
589,228,81,101
584,230,91,101
588,226,83,102
596,227,79,99
597,231,71,102
593,231,70,102
596,229,68,103
597,229,66,104
593,231,74,102
596,228,71,106
589,230,78,106
584,230,76,104
580,229,78,107
576,228,83,106
575,234,84,101
570,237,87,98
560,236,97,99
559,239,100,96
555,239,100,99
550,241,107,98
547,243,107,96
539,245,104,95
536,245,99,94
531,245,94,94
529,244,87,95
526,242,84,97
520,240,79,102
516,238,78,103
512,236,81,105
508,237,84,105
503,236,86,103
497,236,87,104
495,238,81,104
491,238,86,103
487,243,73,99
481,243,74,99
474,241,68,99
466,239,70,103
463,236,70,107
463,235,68,108
457,236,73,107
448,233,79,108
445,232,76,108
439,233,76,111
432,235,79,109
432,235,79,109
431,233,57,112
421,232,63,112
410,236,66,111
410,237,60,108
395,231,63,117
390,227,63,120
389,234,66,112
385,234,66,112
382,234,70,111
379,233,65,114
379,231,57,113
377,230,60,116
369,232,49,112
366,230,47,114
364,231,52,115
361,229,45,117
361,230,49,118
353,229,53,118
351,229,52,118
351,227,53,118
350,228,53,118
346,228,55,117
343,228,58,115
343,228,57,118
343,230,53,116
342,231,55,116
342,230,55,115
342,232,52,117
340,233,52,115
338,232,52,114
337,231,52,119
342,232,49,119
340,225,49,126
340,225,47,125
337,223,52,125
337,225,52,124
337,227,49,125
338,227,50,123
342,230,47,120
340,229,50,123
340,233,47,121
342,227,50,125
338,228,57,125
337,226,58,126
337,224,63,129
338,226,63,125
338,223,63,131
337,224,74,125
338,222,73,129
340,223,73,129
353,224,62,127
351,223,71,126
356,225,81,127
355,226,81,126
355,227,83,125
355,227,83,125
356,227,81,127
361,225,81,128
364,224,78,130
363,222,81,129
372,223,66,128
372,219,66,134
376,217,68,135
384,220,57,136
382,221,58,133
385,222,53,131
380,225,63,131
382,226,63,130
380,221,68,136
380,224,70,133
379,222,68,137
376,219,70,138
379,221,74,133
379,218,74,137
380,218,76,138
384,221,74,135
382,220,78,137
385,221,74,136
392,222,70,136
392,222,73,137
392,222,70,136
390,221,74,138
397,214,68,142
398,215,66,141
395,211,74,146
393,212,79,144
397,211,76,145
397,213,102,148
397,217,102,140
395,220,107,142
392,218,113,144
397,220,107,142
393,218,112,141
392,214,115,147
392,214,115,147
392,212,117,146
384,214,126,144
379,214,131,146
380,213,131,147
377,213,134,147
379,215,138,146
374,217,144,149
380,218,146,145
380,218,147,145
385,218,139,146
385,218,139,146
387,213,146,148
387,213,142,149
389,212,142,150
389,211,146,150
389,211,146,150
395,213,138,149
395,214,139,149
397,213,134,152
401,218,131,148
398,217,138,153
397,213,139,151
395,212,144,156
390,212,147,151
390,212,147,151
397,212,146,153
395,210,144,153
398,210,142,154
401,211,138,156
408,210,136,158
408,214,136,153
401,213,142,152
408,210,136,161
405,212,147,154
410,209,138,159
413,208,141,162
401,207,154,161
410,204,142,162
410,206,142,164
411,202,142,168
408,202,144,165
410,207,147,162
405,203,151,168
408,201,144,170
405,205,146,167
406,204,147,169
405,205,146,168
406,201,149,173
398,199,152,175
403,199,146,174
400,197,152,176
401,197,147,176
403,196,149,176
400,198,146,176
401,199,139,175
410,195,128,175
408,195,126,177
413,194,115,179
416,196,102,181
426,197,91,182
434,194,86,183
440,199,81,179
439,198,76,179
445,195,81,180
450,194,83,181
453,191,89,183
452,190,92,183
453,190,96,184
463,191,87,184
466,191,87,183
468,194,87,183
468,194,108,180
469,193,110,183
476,193,92,181
476,189,94,184
474,190,99,185
476,188,89,186
476,190,89,186
471,189,94,186
479,194,84,183
476,192,92,182
491,192,83,186
479,194,96,181
487,193,94,183
497,191,92,191
492,193,99,191
497,192,92,193
502,189,89,192
502,188,94,197
503,186,94,199
505,187,79,197
507,187,96,196
507,184,100,197
512,185,105,197
516,187,107,196
513,188,102,192
515,192,104,188
515,188,102,195
515,189,104,194
518,190,104,193
521,188,102,196
526,188,92,194
531,186,99,198
529,184,100,199
531,182,104,197
528,182,113,202
534,181,104,201
534,180,108,204
536,181,105,204
534,184,112,200
537,178,108,206
536,184,113,202
534,183,113,203
534,181,113,206
534,180,112,207
537,181,107,206
529,180,123,208
536,178,117,208
534,176,115,211
536,176,115,213
533,178,117,208
533,178,117,208
529,176,121,214
529,178,126,208
531,182,125,203
533,181,118,214
528,183,126,210
526,182,130,211
526,181,126,218
520,182,131,215
523,184,130,209
529,185,120,209
529,184,113,211
528,184,130,207
526,190,131,203
523,191,133,201
525,190,126,205
521,188,134,211
521,188,134,212
525,187,123,219
521,186,130,219
523,186,128,217
525,185,121,215
516,177,136,228
516,177,130,227
515,174,128,229
508,173,138,230
510,172,139,232
512,172,138,232
513,176,125,231
507,178,146,232
510,181,136,230
508,181,138,232
512,181,136,233
510,181,139,232
512,180,146,232
510,172,146,242
512,166,149,247
516,154,138,263
515,151,136,262
518,151,133,264
516,150,142,269
525,149,130,275
518,152,144,278
520,150,147,277
521,143,149,289
516,141,154,289
515,137,152,291
516,127,162,304
529,126,165,311
528,125,151,314
523,130,173,314
528,128,175,319
534,128,165,315
542,124,160,325
546,119,165,330
552,110,162,343
559,108,154,336
560,102,162,354
568,103,162,368
570,104,162,369
581,106,155,366
578,111,164,363
581,106,165,366
594,89,155,385
597,80,160,393
601,68,172,406
609,65,167,413
604,63,183,425
609,64,181,448
618,71,193,446
617,69,201,446
622,71,210,448
636,65,193,444
643,48,204,467
648,39,215,474
