355,24,22,33
358,26,21,32
359,24,22,39
360,24,23,40
362,26,22,37
363,25,21,38
364,26,21,36
363,26,22,37
364,27,23,37
365,26,22,37
363,27,22,39
366,28,22,36
368,29,21,36
367,28,21,35
369,30,22,35
372,31,20,34
373,30,20,36
373,32,21,35
376,32,21,35
376,30,21,35
378,33,20,34
380,33,21,35
384,33,22,38
386,34,20,36
388,34,23,37
391,36,23,38
394,36,22,39
396,35,22,44
397,36,23,46
398,38,27,50
400,38,27,47
402,40,26,48
404,40,26,45
406,41,28,42
410,42,24,42
412,44,29,43
415,43,27,40
416,44,28,43
418,46,27,43
419,46,28,42
424,45,24,44
425,48,27,44
426,49,26,40
431,48,21,43
434,50,23,41
433,50,26,40
436,50,22,43
437,52,24,45
439,52,26,45
442,53,23,43
445,55,24,41
447,55,26,42
451,56,23,44
455,55,27,43
461,56,22,35
465,55,26,38
471,56,22,33
477,57,22,40
482,59,22,38
489,58,22,33
494,60,22,39
498,61,23,39
504,63,34,48
507,61,38,52
512,61,40,53
519,61,39,53
525,63,35,51
527,64,32,46
533,64,33,51
535,66,31,53
535,66,31,52
533,66,33,53
533,68,32,53
533,68,30,53
531,71,30,51
527,68,33,56
521,70,33,55
518,71,38,54
515,73,36,54
508,72,36,56
503,74,35,59
497,75,39,59
492,77,35,59
485,78,32,56
478,78,32,55
472,79,33,52
466,81,35,53
464,85,31,46
458,85,35,50
455,87,33,46
448,88,35,52
445,88,34,50
439,90,36,50
438,93,38,50
434,96,39,52
435,95,37,50
433,98,35,48
433,98,33,52
429,102,37,54
430,103,35,59
428,106,39,57
429,108,37,62
428,111,35,66
425,113,38,75
424,114,37,72
422,116,38,74
418,121,40,71
415,121,41,76
414,125,38,73
409,129,40,77
405,132,41,75
400,133,41,80
393,135,45,84
388,140,40,81
380,143,44,83
365,150,48,82
359,154,47,84
348,157,47,88
342,161,43,93
328,170,47,90
317,170,52,97
297,179,57,101
287,188,55,93
276,189,55,99
262,195,51,100
251,198,46,108
229,206,60,108
219,214,51,110
197,222,60,116
176,230,65,111
150,237,74,118
130,245,77,122
114,250,73,128
95,256,80,132
73,265,81,130
50,276,79,137
19,281,86,123
1,295,74,112
