21,203,64,93
23,245,54,110
37,288,54,111
48,289,47,106
51,284,43,103
61,275,36,108
64,274,41,106
67,275,56,105
73,276,51,107
83,274,46,104
95,272,44,106
97,272,55,104
100,273,63,103
104,272,57,104
113,268,55,106
119,270,52,104
124,272,47,102
129,269,44,101
137,267,37,101
146,259,36,103
150,258,35,102
153,258,34,102
157,257,35,97
162,255,35,100
166,256,41,98
169,255,37,99
175,253,35,97
180,250,33,100
181,249,35,97
183,251,35,97
183,250,35,97
184,247,35,97
187,248,43,97
186,246,52,98
194,246,46,96
194,244,45,97
197,243,46,95
202,243,44,98
203,242,48,96
212,241,41,95
215,240,48,95
221,238,41,98
227,235,48,99
228,240,47,94
238,240,36,92
249,239,33,93
252,236,34,96
256,237,35,93
296,235,36,95
330,235,35,90
332,233,36,93
332,233,34,91
330,230,37,96
332,231,34,95
331,230,33,93
329,231,35,90
328,228,31,91
325,226,29,84
321,228,30,85
322,224,31,87
321,222,31,93
322,225,28,85
320,224,30,86
320,223,26,87
315,221,31,87
314,219,31,88
312,219,28,89
312,219,27,89
310,219,30,87
310,219,27,87
311,219,26,84
