482,45,13,21
481,45,14,22
481,44,16,22
480,44,17,23
480,43,18,23
480,43,17,23
480,43,17,23
481,43,16,23
481,42,16,22
482,42,16,22
483,42,16,23
484,42,17,24
485,41,18,24
486,41,19,25
487,41,20,25
487,41,19,25
487,41,19,25
487,42,18,25
487,42,17,25
487,42,17,25
488,42,17,25
489,43,17,25
490,43,17,25
491,43,18,25
492,43,18,24
492,43,18,24
492,43,18,24
492,43,18,24
492,43,19,24
492,43,19,23
493,43,19,23
494,44,18,23
494,44,18,23
495,44,18,23
496,44,18,23
497,44,18,23
498,44,18,23
498,44,18,23
499,44,19,22
500,44,19,22
500,45,19,22
500,45,18,22
501,45,18,22
501,45,18,21
502,45,18,21
502,45,18,22
503,45,19,22
504,45,19,22
504,45,20,23
505,45,20,23
505,46,20,23
505,46,20,23
505,46,20,23
505,46,20,22
505,47,20,22
506,47,20,22
506,47,20,21
506,47,19,21
507,47,19,20
507,48,19,20
508,48,19,21
508,48,19,21
509,48,19,22
509,48,19,23
510,48,19,23
510,48,20,23
510,48,21,22
510,48,22,22
510,48,22,22
510,48,23,21
511,47,23,21
512,47,22,21
513,47,21,20
514,47,21,20
515,47,20,20
516,47,21,20
517,47,21,20
518,48,22,19
519,48,23,19
519,49,23,19
520,49,23,19
520,49,22,20
521,49,22,20
521,49,22,21
522,49,21,21
522,49,21,21
523,49,21,21
523,49,20,21
523,49,20,21
524,49,20,21
524,49,20,22
524,49,21,22
525,49,21,22
525,49,22,23
525,49,22,23
525,49,22,23
526,49,22,23
526,49,22,23
527,49,21,22
527,49,21,22
528,49,22,23
528,49,22,23
529,49,22,24
529,49,23,24
529,49,23,24
530,49,23,24
531,49,22,24
531,49,22,24
532,50,22,24
533,50,21,24
534,50,21,24
535,50,22,24
535,50,22,24
536,50,22,24
537,50,22,24
538,50,22,24
539,50,22,24
541,50,22,23
542,50,22,23
543,50,22,22
543,50,22,23
544,50,21,23
545,50,21,24
545,50,20,24
546,50,20,24
546,50,20,24
546,50,20,24
546,50,21,24
546,51,21,24
546,51,21,23
547,51,21,24
547,51,21,24
547,52,20,25
548,52,20,25
548,52,20,25
548,52,20,25
548,52,20,25
548,53,19,25
547,53,19,25
547,53,19,25
547,53,19,25
547,53,19,25
547,53,19,25
546,53,19,25
546,53,19,25
546,53,19,25
546,53,19,25
546,53,19,25
546,53,19,25
546,53,19,24
546,53,19,24
546,54,19,23
546,54,19,22
546,54,19,22
546,54,19,21
546,54,19,21
546,54,20,22
546,54,20,22
546,54,21,22
546,54,21,22
547,54,21,22
547,55,21,22
547,55,21,22
548,55,22,22
548,55,22,22
549,56,22,22
549,56,22,22
550,56,22,22
550,56,22,22
551,56,22,22
551,56,22,23
552,56,22,23
553,56,23,23
554,56,23,24
555,56,23,24
556,56,23,24
557,56,23,24
558,56,23,25
558,56,23,25
559,56,23,25
560,57,23,25
562,57,23,25
563,57,23,25
564,57,23,25
565,57,23,25
566,57,23,25
567,57,23,25
568,57,23,25
569,57,23,25
570,58,23,25
571,58,23,25
571,58,23,25
571,58,23,25
572,58,23,25
572,58,23,25
572,58,23,25
573,58,23,25
573,58,23,25
573,58,23,25
574,58,23,25
574,58,23,26
574,58,23,26
574,58,23,26
574,58,23,26
574,58,23,27
574,58,23,27
575,58,23,27
575,58,23,27
575,59,23,27
575,59,23,28
575,59,23,28
575,59,23,28
576,59,23,28
576,59,23,28
576,59,23,28
576,59,23,28
576,59,23,28
577,60,23,28
577,60,23,28
577,60,23,28
576,60,23,27
576,60,23,27
575,60,23,27
574,61,23,27
574,61,23,27
573,61,23,26
572,61,23,26
572,62,22,26
571,62,22,26
570,62,22,25
571,62,22,25
571,62,22,25
571,62,22,25
571,62,22,25
571,63,22,25
571,63,22,25
571,63,22,25
571,63,22,25
571,63,22,25
572,63,22,25
571,63,22,25
570,63,22,25
570,63,22,25
569,64,22,25
569,64,22,25
568,64,22,25
568,64,22,25
567,64,22,25
567,64,22,25
566,64,22,25
564,64,23,26
562,64,23,27
559,64,24,27
557,64,24,28
555,64,24,29
553,64,25,29
551,63,25,30
548,63,26,31
546,63,26,31
544,63,27,32
543,64,27,32
542,65,27,32
541,66,27,32
540,67,27,32
539,68,27,32
539,68,27,32
538,69,27,32
537,70,27,32
536,71,27,32
535,72,27,32
532,72,27,32
529,71,27,33
526,71,27,33
523,70,27,33
520,70,27,33
517,69,27,33
514,69,27,34
511,68,27,34
508,68,28,34
505,68,28,34
503,68,26,33
501,69,25,33
499,70,23,32
497,70,22,31
495,71,20,30
492,70,21,29
490,70,21,29
487,69,22,28
484,68,23,27
482,68,23,27
480,68,23,27
477,68,23,28
477,68,23,28
476,68,22,28
476,68,22,28
475,68,21,28
475,68,21,28
474,68,20,28
472,68,21,28
470,68,21,28
469,68,22,28
467,68,23,28
465,68,23,28
464,68,24,27
463,68,24,27
462,68,25,27
462,68,25,27
461,68,25,27
461,68,25,27
461,68,25,27
461,68,25,27
461,68,25,27
461,68,25,27
461,67,25,27
461,67,25,27
461,67,25,27
461,67,25,27
461,66,25,28
460,66,25,28
460,66,25,28
459,66,25,28
459,66,25,28
459,66,25,28
457,67,25,28
455,68,25,28
454,68,25,28
452,69,25,28
451,70,25,28
450,70,25,28
449,71,25,28
449,71,25,28
448,72,25,28
447,72,25,28
446,72,25,28
445,73,25,28
444,73,25,28
443,74,25,28
442,74,25,28
441,74,25,28
441,74,25,28
441,74,25,28
440,74,25,28
440,74,25,28
438,74,25,28
437,75,25,28
436,75,25,28
434,75,25,28
433,75,25,28
432,75,25,28
430,75,25,28
429,75,25,28
428,75,25,28
426,75,25,28
425,76,25,28
424,76,25,28
423,76,25,28
422,76,25,28
421,76,25,28
419,77,25,28
418,77,25,28
416,77,25,28
415,77,25,28
413,78,25,28
412,78,26,28
410,78,27,28
409,78,27,28
408,78,28,28
406,79,29,28
404,78,29,28
402,78,29,28
400,78,29,28
398,78,29,29
396,78,29,29
396,78,29,29
395,78,29,29
394,78,29,29
393,78,29,29
392,79,29,29
390,79,28,29
387,80,28,29
385,80,27,29
382,80,27,30
380,81,27,30
379,82,27,30
379,82,27,30
378,83,27,30
378,84,27,30
378,84,27,30
375,85,27,30
373,86,27,30
371,87,27,30
369,88,27,30
366,89,27,30
357,88,27,30
347,87,27,30
338,86,27,30
336,86,27,30
337,89,27,30
335,89,27,30
334,89,27,30
333,88,27,30
333,86,27,30
332,85,27,30
331,86,28,30
329,86,29,31
327,86,29,31
326,87,30,32
324,87,31,32
323,87,32,33
321,88,33,33
320,88,33,33
319,88,33,33
318,88,33,33
318,88,33,33
317,88,33,33
315,88,32,33
314,88,31,34
313,88,30,34
311,88,29,34
310,88,28,34
309,88,28,34
307,88,28,34
306,89,28,34
305,89,28,34
303,90,28,34
302,90,28,34
302,90,28,34
301,90,28,34
300,90,28,34
299,90,28,34
298,90,28,34
297,91,28,34
296,91,28,34
294,92,28,34
293,92,28,34
292,93,28,35
291,93,28,35
290,94,28,35
289,95,28,35
288,95,28,35
286,95,28,35
285,95,28,35
284,95,28,35
282,94,28,35
281,94,28,35
280,94,28,35
280,94,28,35
279,94,28,35
278,94,28,35
278,94,28,35
277,95,28,35
277,95,28,35
276,96,28,35
276,96,28,35
276,96,28,35
276,97,28,35
277,97,28,35
278,98,28,35
279,98,28,35
280,99,28,35
280,99,28,35
281,99,28,35
281,100,28,35
282,100,28,35
282,101,28,35
283,101,28,35
283,102,28,35
284,103,28,35
284,103,28,35
284,104,28,35
284,104,28,35
284,104,28,35
283,104,28,35
283,104,28,35
282,104,28,35
281,104,29,35
280,104,30,35
278,104,32,35
277,104,33,35
276,104,34,35
276,104,34,35
276,105,34,35
276,105,34,35
276,105,34,35
276,105,34,35
275,106,34,35
275,107,34,35
274,108,34,35
274,109,34,35
273,110,34,35
273,110,34,35
273,110,34,35
273,110,34,35
273,111,34,35
273,111,34,35
273,111,34,35
273,111,34,35
273,111,34,35
272,112,34,35
272,112,34,35
272,112,34,35
271,112,34,35
271,113,34,35
270,113,34,35
270,113,34,35
270,113,34,35
270,114,34,35
270,114,34,35
270,115,34,35
270,115,34,35
270,116,34,35
269,116,34,35
269,117,34,35
268,117,34,35
268,117,34,35
267,118,35,36
265,118,35,37
264,118,35,38
263,118,35,39
261,119,35,40
261,119,35,40
261,119,34,40
261,120,33,40
260,120,33,40
260,121,32,40
259,121,32,40
259,121,32,40
258,121,32,40
257,122,32,40
257,122,32,40
257,123,32,40
256,123,32,40
256,124,32,40
256,125,32,40
256,125,32,40
255,125,33,40
254,126,34,40
254,126,35,40
253,126,36,40
252,126,37,40
252,127,37,40
252,128,38,40
252,128,39,40
251,129,39,40
251,130,40,40
251,130,40,40
252,131,40,40
252,131,40,40
252,131,40,40
252,132,40,40
253,133,39,40
255,133,39,40
256,134,38,40
257,135,37,40
258,135,37,40
259,136,36,40
260,136,36,40
261,137,36,40
261,137,36,40
262,137,35,40
263,138,35,40
263,138,35,40
263,139,35,40
263,139,35,40
263,140,35,40
263,140,35,41
263,140,35,42
263,140,35,43
263,141,35,43
262,141,35,44
262,142,35,44
261,143,35,44
260,143,35,44
260,144,35,44
259,145,35,44
258,145,35,44
256,146,35,44
255,146,35,44
254,146,35,44
252,146,35,44
252,147,35,44
252,147,35,44
252,148,35,44
252,148,35,44
252,148,35,44
250,149,37,45
248,150,38,46
246,150,39,47
243,151,41,48
241,152,42,49
239,152,42,49
238,153,42,49
236,154,42,49
234,154,42,49
232,155,42,49
230,156,42,49
227,156,42,49
224,157,42,49
222,158,42,49
219,158,42,49
215,160,43,49
211,161,43,50
207,162,43,50
203,163,44,51
199,164,44,51
194,164,44,51
189,165,44,51
184,165,44,51
179,166,44,51
174,166,44,51
171,167,44,51
169,167,44,51
167,168,44,51
165,168,44,51
163,168,44,51
160,169,44,51
158,169,44,51
155,169,44,51
153,169,44,51
150,170,44,51
147,169,44,51
143,169,44,51
139,169,44,51
135,169,44,51
131,168,44,51
128,170,45,52
125,171,47,54
122,172,48,55
119,173,49,56
116,174,50,58
114,175,51,58
111,175,51,59
109,176,52,60
106,177,53,60
104,177,53,61
101,178,53,61
98,179,53,61
95,180,53,61
92,181,53,61
89,182,53,61
85,182,53,61
80,182,53,61
76,182,53,61
72,183,53,61
67,183,53,61
63,183,53,62
61,181,52,62
60,181,51,63
100,180,51,66
129,182,50,64
160,178,51,67
190,181,51,67
230,182,51,67
261,183,51,71
268,182,51,71
267,183,51,71
266,184,51,71
266,185,51,71
265,185,51,71
264,186,50,71
263,186,50,71
263,187,49,71
260,188,49,71
258,190,49,71
256,191,49,71
253,193,49,71
249,194,49,71
246,195,49,71
242,196,49,71
238,197,49,71
236,198,49,71
234,199,49,71
231,199,49,71
229,200,49,71
227,201,49,71
224,202,49,71
220,204,49,71
217,206,49,71
213,208,49,71
210,210,49,71
205,211,51,71
201,213,53,71
196,214,54,71
192,216,56,71
187,217,57,71
184,219,57,71
181,220,57,71
178,221,57,71
175,222,57,71
171,224,57,71
169,225,57,71
166,226,57,71
163,227,57,71
160,229,57,71
158,230,57,71
153,230,58,71
149,231,59,71
145,232,60,71
140,232,61,71
136,233,62,71
131,234,62,71
125,235,62,71
120,237,62,71
115,238,62,71
110,239,62,71
103,240,62,71
96,241,62,71
88,242,62,71
81,243,62,71
74,244,62,71
66,246,62,71
58,247,62,71
50,249,62,71
42,251,62,71
34,253,62,71
28,255,62,71
50,253,62,71
60,253,62,71
96,256,62,71
125,255,62,71
148,256,62,71
171,256,68,77
198,256,68,77
222,256,68,77
249,258,68,77
272,261,68,77
300,258,68,77
327,256,68,77
345,259,68,77
363,262,68,77
359,262,68,77
355,262,68,77
347,264,68,77
338,265,68,77
330,266,68,77
321,267,68,77
314,269,68,77
307,271,68,77
300,273,68,77
292,273,68,77
284,273,68,77
276,273,68,77
271,275,68,77
265,276,68,77
259,278,68,77
251,280,68,78
243,282,68,79
235,283,68,79
235,261,68,80
226,214,68,80
221,220,68,80
212,227,68,80
202,227,68,80
193,228,72,83
183,229,75,85
173,230,79,88
165,232,79,88
158,234,79,88
150,236,79,88
146,237,79,91
142,238,79,94
164,236,79,97
196,235,79,97
229,234,79,97
233,241,79,97
225,241,79,97
216,241,79,97
205,243,79,97
193,245,79,97
184,247,79,97
175,248,79,97
161,250,83,103
147,251,88,110
137,252,87,111
127,253,86,113
115,256,86,111
104,258,86,110
93,261,86,108
85,233,86,108
76,197,90,106
67,201,94,107
58,205,99,109
50,208,103,110
40,210,101,106
30,211,99,102
20,213,97,99
36,212,98,101
64,212,98,104
91,211,99,106
121,211,99,106
142,211,103,108
166,212,103,108
190,213,103,108
213,213,103,108
237,217,103,108
261,222,103,108
279,223,106,108
297,223,108,108
315,223,110,108
334,224,113,108
325,224,113,108
317,225,113,108
309,225,113,108
299,227,112,108
288,229,111,108
278,231,110,108
267,233,110,108
255,234,110,108
244,236,110,108
228,235,107,113
212,234,105,117
209,237,105,117
205,240,105,117
202,242,105,117
223,241,106,117
243,240,107,117
264,239,108,117
284,244,108,117
304,248,108,117
322,245,108,117
340,242,108,117
360,245,109,117
380,247,110,117
400,250,111,117
409,251,111,117
417,253,111,117
426,255,111,117
408,254,114,117
390,254,117,117
372,253,120,117
354,253,124,117
338,255,124,117
323,257,124,117
307,259,124,117
292,262,124,117
276,264,124,117
259,265,124,117
242,265,124,117
244,266,124,117
246,268,124,117
247,269,124,117
249,270,124,117
265,275,124,120
282,279,125,123
298,284,125,127
295,284,125,127
293,284,125,127
290,284,125,127
276,274,125,127
262,264,125,127
247,255,125,127
235,263,124,127
222,272,122,127
205,270,121,127
188,268,120,127
171,267,118,127
174,269,118,127
178,271,118,127
182,273,118,127
194,272,121,127
205,271,124,127
217,270,127,127
197,271,125,127
178,271,123,127
158,272,127,127
138,272,132,127
118,247,129,127
99,204,127,127
80,160,124,127
64,128,125,127
48,95,126,127
31,95,124,127
15,95,122,127
8,93,118,127
1,90,115,127
1,90,94,127
1,90,73,127
1,90,67,127
1,90,61,127
1,90,75,127
1,90,95,127
1,90,114,127
18,82,120,135
34,83,121,134
50,85,123,132
69,81,119,133
86,75,115,134
105,75,115,134
123,76,115,134
138,76,113,134
153,76,112,134
169,75,115,134
185,74,118,134
201,73,121,134
219,72,115,134
236,69,113,134
253,66,111,134
270,63,108,134
288,63,107,134
305,64,106,134
322,63,110,134
339,62,113,134
357,61,116,134
376,58,114,134
395,55,111,134
414,52,108,134
421,52,106,134
428,52,103,134
434,53,101,134
420,51,102,134
406,50,104,134
392,48,105,134
378,49,104,134
363,49,103,134
349,49,102,134
337,49,102,134
325,49,102,134
313,48,102,134
296,60,102,134
284,98,102,134
270,139,100,134
256,180,97,134
244,185,102,134
232,184,100,132
220,183,99,130
208,182,97,128
194,182,97,128
179,181,97,128
166,179,97,128
152,176,97,128
154,176,97,128
156,177,97,128
158,177,97,128
171,175,97,128
183,174,97,128
202,174,97,128
220,175,97,128
243,171,103,122
266,167,110,115
285,168,104,115
305,169,98,115
326,166,97,115
347,164,96,115
363,164,92,115
380,164,88,115
362,161,92,115
345,159,96,115
327,157,100,115
316,159,95,115
305,161,91,115
293,159,91,115
280,157,91,115
270,158,89,115
260,158,88,115
249,159,86,115
269,154,86,115
288,150,86,115
308,145,86,115
334,148,86,115
360,145,86,115
386,141,86,115
413,141,86,115
440,141,86,115
446,139,86,115
451,136,86,115
457,134,86,115
447,133,86,115
438,133,86,115
429,133,86,115
421,130,86,114
412,127,86,113
404,127,86,112
396,127,86,111
388,125,86,110
381,123,86,110
373,122,86,109
367,120,85,108
360,119,84,108
354,118,83,108
349,118,81,107
345,118,80,107
341,118,79,107
338,114,77,106
335,111,76,106
332,107,75,105
329,107,75,104
326,107,75,103
322,107,75,102
316,105,75,102
310,103,75,102
306,101,75,102
301,99,75,102
297,98,75,102
293,96,75,102
287,95,75,101
281,94,75,101
276,93,75,100
271,129,75,100
266,166,75,100
264,196,75,100
260,198,72,100
257,200,70,100
252,199,69,98
246,198,67,97
240,197,66,95
233,195,66,95
225,192,66,95
219,226,66,95
214,259,66,95
210,260,66,95
206,261,66,95
201,260,66,95
195,259,66,95
189,259,66,94
184,258,66,94
178,257,66,93
172,255,66,93
167,254,66,93
161,252,66,93
190,251,66,92
219,250,66,90
250,249,66,90
281,248,66,90
313,247,66,90
325,245,66,90
337,242,66,90
332,242,66,90
328,242,66,90
324,241,66,90
316,240,66,90
309,239,66,90
302,239,66,90
294,238,66,90
287,238,66,90
284,238,64,88
282,238,62,85
279,238,60,83
273,238,60,82
267,238,60,80
261,237,60,80
255,236,60,80
249,235,60,80
253,235,60,80
292,232,60,80
331,229,60,80
369,227,60,80
407,226,60,80
437,224,60,80
467,222,60,80
469,220,60,80
471,217,60,80
465,216,60,80
460,215,60,80
454,215,60,80
450,214,60,80
445,214,60,80
440,214,60,80
434,212,60,80
428,211,60,80
423,209,60,80
418,208,60,80
413,206,60,80
410,205,58,78
407,204,56,77
405,204,54,76
401,203,54,76
397,203,54,76
393,202,54,76
390,201,54,76
386,200,54,76
382,199,54,76
379,199,54,76
376,199,54,76
372,199,54,76
369,198,54,75
365,197,54,75
361,196,54,74
357,196,54,74
354,195,54,73
351,193,53,73
349,191,51,73
347,189,50,73
344,188,50,73
340,188,50,73
337,187,50,73
333,186,50,73
329,186,50,72
325,185,50,72
321,185,50,71
319,185,50,71
316,185,50,71
314,185,50,71
311,185,50,71
308,184,50,71
305,183,50,71
303,182,50,71
298,181,50,71
294,180,50,71
290,178,50,71
326,177,50,73
359,177,50,73
393,177,50,73
420,175,50,73
459,163,50,73
482,167,50,73
498,168,50,73
514,168,50,73
513,168,50,73
512,167,50,73
509,167,50,73
506,167,50,73
503,167,50,73
500,166,50,73
497,166,50,73
494,165,50,73
491,164,50,73
488,164,50,73
486,164,50,73
484,164,50,73
483,164,50,73
481,164,50,73
477,164,50,71
474,164,50,68
470,162,50,71
468,198,50,73
467,240,50,73
465,281,50,73
462,281,50,73
459,281,50,73
457,281,50,73
454,281,50,73
452,281,50,73
450,281,50,73
448,281,50,73
446,281,50,73
443,281,49,73
441,280,49,73
439,279,48,73
437,279,47,73
434,279,47,70
432,279,47,67
430,279,47,64
426,279,47,64
423,278,47,64
419,278,47,64
416,278,47,64
413,277,47,64
411,276,47,64
409,274,47,64
406,274,47,64
402,274,47,64
399,274,47,64
397,274,47,64
396,274,47,64
394,274,47,64
393,274,47,64
391,273,47,64
388,273,47,64
385,272,47,64
383,272,47,64
380,272,47,64
377,271,47,64
375,271,46,63
374,271,45,62
372,270,43,60
371,270,42,59
369,270,41,58
367,270,41,58
365,269,41,58
362,269,41,58
360,268,41,58
358,268,41,58
355,268,41,58
353,268,41,58
350,268,41,58
348,268,41,58
345,268,41,58
341,268,41,58
338,268,41,58
336,267,40,57
334,267,39,56
331,267,38,54
329,266,38,54
326,266,38,54
323,266,38,54
320,266,38,54
317,265,38,54
314,265,38,54
311,265,38,54
308,265,38,54
305,265,38,54
301,265,38,54
300,264,38,54
299,263,38,54
297,262,38,54
296,261,38,54
295,261,37,54
293,260,37,54
292,260,36,54
291,259,36,54
289,259,35,53
288,259,35,53
287,259,35,53
286,259,35,53
285,259,35,53
284,259,35,53
283,258,35,53
282,258,35,53
281,257,35,52
280,257,35,52
279,256,35,52
278,255,35,52
277,254,35,52
276,253,35,52
275,252,35,52
274,252,35,52
273,251,35,52
272,251,35,52
271,250,35,52
271,250,34,51
271,249,34,50
270,249,33,50
270,248,32,49
269,248,31,48
268,247,31,48
267,247,31,48
265,246,31,48
264,245,31,48
263,245,31,48
263,244,31,48
263,243,31,48
262,243,31,48
262,243,31,48
262,242,31,48
262,242,31,48
262,242,31,48
262,241,31,48
261,241,32,48
260,240,32,48
259,240,33,48
258,239,34,48
257,239,34,48
257,239,34,47
257,239,34,46
256,239,34,46
256,239,34,45
256,239,34,44
256,238,34,44
255,237,34,44
255,236,34,44
254,235,34,44
254,233,34,44
254,233,34,44
255,233,34,44
256,232,34,44
256,232,34,44
257,231,34,44
257,230,34,44
258,229,34,44
258,229,34,44
258,228,34,44
258,227,34,44
261,227,34,44
264,227,34,44
266,227,34,44
269,227,34,44
271,227,34,44
273,227,34,44
274,227,34,44
276,227,33,44
277,227,33,44
279,227,33,44
281,226,33,44
283,226,33,44
285,226,33,44
286,226,33,44
286,226,33,44
287,226,33,44
288,226,33,44
290,225,32,43
291,225,31,42
293,224,30,40
295,223,29,39
294,223,29,39
294,222,29,39
293,222,29,39
293,222,29,39
292,222,29,39
291,221,29,39
291,222,29,39
291,222,29,39
291,222,29,39
290,222,29,39
290,222,29,39
290,221,29,39
289,220,29,39
289,219,29,39
288,219,29,39
288,218,29,39
287,218,29,37
285,218,29,35
284,218,30,32
284,218,30,32
285,217,30,32
285,217,30,32
286,217,30,32
286,216,30,32
287,216,30,32
287,216,30,32
288,215,30,32
289,215,30,32
290,215,30,32
290,215,30,32
291,215,30,32
291,215,30,32
291,215,30,32
291,216,30,32
291,216,30,32
292,216,29,32
293,216,28,32
293,216,27,32
294,216,26,32
295,216,25,32
295,216,25,32
295,216,25,32
295,216,25,32
295,216,25,32
295,216,25,32
295,216,25,32
295,215,25,32
296,215,25,32
296,215,25,32
296,214,25,32
297,214,25,32
297,214,25,32
297,213,25,32
298,213,25,32
298,212,25,32
298,212,25,32
299,212,25,32
299,211,25,32
299,211,25,32
299,211,25,32
299,210,25,32
299,210,25,32
299,210,25,32
299,210,25,32
299,209,25,32
299,209,25,32
300,209,25,32
300,209,25,32
301,209,24,32
301,209,24,32
302,209,24,32
302,209,23,32
303,209,23,32
303,209,23,31
304,209,23,31
304,209,22,31
305,209,22,31
305,209,22,31
306,209,22,31
307,209,22,31
307,209,22,31
308,209,22,31
309,208,22,31
309,208,22,31
310,208,22,31
311,208,22,31
311,208,22,31
312,208,22,31
313,208,22,31
314,207,22,31
315,207,22,31
316,207,22,31
317,207,22,31
318,206,22,31
318,206,22,31
319,206,22,31
320,206,22,31
321,205,22,31
320,205,21,31
321,203,21,30
322,204,21,30
324,205,20,30
325,204,20,29
368,204,20,29
386,204,19,29
403,204,19,28
398,205,19,28
398,204,19,28
398,204,19,28
399,204,19,28
399,203,19,28
399,203,19,28
399,203,19,28
399,202,19,28
400,202,19,28
400,202,19,28
400,201,19,28
400,201,19,28
401,201,19,28
401,201,19,28
401,200,19,28
401,200,19,28
401,200,19,28
402,200,19,28
402,200,19,28
402,199,19,28
402,199,19,28
403,198,19,28
404,198,19,28
404,197,19,28
405,196,19,28
406,196,19,28
406,195,19,28
407,194,19,28
408,194,19,28
408,193,19,28
409,192,19,28
409,193,19,28
410,193,19,28
410,193,19,28
411,193,19,28
411,194,19,28
412,194,19,28
412,194,19,28
412,194,19,28
413,194,19,28
413,195,19,28
413,194,19,28
414,194,19,28
414,194,19,28
414,193,19,28
414,193,19,28
414,193,19,28
414,192,19,28
414,192,19,28
414,192,19,28
414,191,19,28
414,191,19,28
414,191,19,28
414,191,19,28
414,191,19,28
414,191,19,28
414,191,19,28
414,191,19,28
414,191,19,28
414,191,19,28
414,191,19,28
415,191,19,28
415,191,19,28
415,191,19,28
415,190,19,28
416,190,19,28
416,190,19,28
417,190,19,28
418,190,19,28
419,189,19,28
420,189,19,28
