587,465,99,20
587,465,99,20
587,465,99,20
587,464,99,20
587,464,99,20
587,464,99,20
587,464,99,20
587,463,99,20
587,463,99,20
587,463,99,20
587,463,99,20
587,462,99,20
587,462,99,20
587,462,99,20
587,461,99,20
588,460,98,22
589,459,97,23
590,457,95,25
592,456,94,26
593,454,93,28
594,453,92,29
596,451,90,31
604,447,81,34
613,444,72,38
622,440,64,42
625,427,65,46
627,414,67,50
630,402,69,55
645,378,55,42
630,350,64,47
621,343,58,49
612,336,52,51
608,336,52,51
604,337,52,51
611,333,52,51
618,330,52,51
625,327,52,51
629,329,60,51
629,329,61,51
629,329,63,51
629,329,65,51
627,327,67,53
625,325,69,55
620,320,79,60
616,315,89,65
618,313,92,67
621,311,95,69
638,311,65,64
654,311,36,60
648,314,42,57
642,316,47,55
636,319,53,52
636,319,54,52
636,319,55,52
636,319,56,52
635,319,57,48
634,319,58,45
631,319,61,44
629,319,63,43
627,319,65,42
625,319,67,41
623,319,70,41
620,319,72,40
618,319,74,39
616,319,76,38
616,318,78,39
616,316,81,41
616,315,83,42
615,314,83,43
615,313,84,44
614,313,85,45
613,312,86,45
614,309,85,49
615,306,85,52
616,302,84,55
613,301,90,58
610,299,97,62
612,297,98,66
607,299,103,65
602,301,108,65
595,305,111,64
588,310,113,62
582,314,116,61
579,317,119,60
576,321,122,59
573,324,125,58
567,323,125,65
561,322,125,72
555,320,125,79
554,320,119,89
553,320,114,99
552,320,108,116
552,320,108,127
557,324,103,135
569,326,90,133
580,328,78,131
583,328,72,133
587,328,66,135
589,330,70,133
590,332,74,131
597,332,69,139
603,332,64,148
603,332,62,148
603,332,60,148
603,332,60,144
603,332,60,141
606,326,59,145
608,320,58,149
608,320,58,149
608,320,58,149
608,319,58,150
608,319,58,150
608,319,58,150
608,319,58,150
608,318,58,151
608,318,58,151
608,318,58,151
610,318,59,156
611,318,60,160
611,318,57,157
611,318,55,154
611,318,52,151
611,316,52,153
611,315,52,154
611,314,52,155
611,313,52,156
611,311,52,158
611,310,52,159
612,310,51,159
613,310,50,159
613,310,50,159
614,310,49,159
615,310,48,159
616,310,47,159
617,310,46,159
618,310,45,159
618,310,45,159
621,310,42,159
624,310,39,159
626,310,37,159
631,310,32,159
637,310,26,159
643,310,20,159
641,310,23,159
640,310,25,159
640,310,27,159
640,310,28,159
642,309,26,160
639,308,29,161
640,307,28,162
638,306,30,163
635,305,33,164
632,304,36,165
631,304,41,165
629,304,47,165
627,304,51,165
626,304,56,165
625,304,60,165
614,304,67,165
603,304,74,165
592,304,82,165
582,304,89,165
572,302,96,167
570,301,97,168
575,300,90,169
573,299,90,170
568,299,93,167
563,299,97,163
558,299,100,160
554,299,103,156
552,297,101,157
550,295,98,158
548,293,96,159
545,292,94,160
543,290,92,161
543,292,92,160
543,293,92,158
543,295,92,156
543,297,92,154
543,299,92,153
549,301,84,155
554,303,77,157
560,305,70,159
559,305,72,160
558,305,73,160
558,305,75,161
554,305,80,161
550,305,85,161
547,305,90,161
543,305,94,161
540,305,99,161
540,305,96,164
540,305,93,167
540,305,88,165
541,305,84,163
542,305,82,163
543,305,80,163
544,305,79,163
545,305,78,163
545,305,77,163
546,305,76,163
548,303,74,164
550,302,72,166
552,300,71,168
554,299,69,169
561,299,66,169
569,299,64,169
577,299,61,169
580,302,63,165
579,302,67,166
579,301,72,167
578,300,78,168
570,299,90,169
566,299,95,169
568,299,92,169
578,299,82,169
588,299,72,169
588,300,75,168
588,302,78,166
588,303,81,164
588,305,84,163
587,308,89,159
585,312,93,155
584,315,98,151
584,315,102,140
584,315,106,128
582,313,107,130
580,311,109,132
578,311,111,132
576,311,114,132
574,311,116,132
574,311,114,129
574,311,113,126
574,309,113,128
574,309,109,137
574,309,106,145
574,308,100,146
574,306,94,148
574,305,94,146
574,304,94,144
574,302,94,142
580,306,88,134
577,308,91,126
574,309,94,118
574,309,94,111
570,317,102,99
566,325,110,88
563,333,118,76
540,337,141,78
538,342,142,80
542,342,137,89
545,342,131,98
555,350,121,91
565,358,111,84
575,366,100,78
579,366,97,72
601,366,75,66
566,366,103,125
566,366,92,125
564,366,81,116
554,360,93,116
524,360,130,100
524,357,153,90
524,357,174,78
536,342,174,86
560,323,153,112
594,319,112,132
629,310,84,142
629,310,79,142
629,341,79,112
629,357,79,95
629,369,102,74
629,376,123,62
629,378,126,64
629,378,131,74
629,378,135,80
629,378,126,80
596,365,159,93
555,342,89,93
540,292,131,139
523,280,153,149
519,207,134,161
499,203,149,134
477,203,182,121
466,178,183,108
451,138,193,145
437,117,182,154
437,117,139,154
423,136,120,149
407,175,132,126
401,217,136,108
383,239,149,100
354,280,168,89
302,311,189,98
336,311,150,118
316,311,132,141
284,347,158,165
250,364,158,169
246,479,144,74
241,496,142,57
170,519,187,56
161,525,230,55
