422,405,36,71
422,405,38,71
427,403,35,71
431,401,33,69
433,400,33,69
437,396,29,70
441,398,28,65
443,396,31,68
447,394,29,68
450,392,29,69
451,390,32,67
455,391,30,66
457,388,31,68
459,388,31,65
459,386,31,67
462,385,31,67
463,385,30,65
461,383,34,69
463,384,31,67
463,384,31,65
463,382,31,67
463,382,32,63
463,380,32,65
464,380,30,67
465,378,30,67
465,376,31,63
467,376,29,63
470,374,29,62
471,373,29,63
471,372,29,63
473,370,29,65
475,370,28,61
476,369,28,62
476,368,28,62
476,366,31,62
478,368,29,59
479,366,29,60
481,366,30,59
481,362,29,63
485,362,29,62
485,361,29,61
487,360,29,63
488,358,29,60
489,356,29,61
489,355,29,58
491,355,28,61
492,353,27,63
493,353,29,63
492,351,29,61
493,350,28,59
493,351,28,59
495,348,27,61
494,348,25,59
493,349,28,57
493,346,27,59
494,346,27,57
494,344,24,57
495,344,25,57
493,341,23,59
493,341,23,55
493,340,22,57
491,340,22,58
489,339,21,57
489,338,21,55
488,336,19,55
488,337,19,55
487,336,19,54
485,336,20,53
483,333,21,54
483,334,21,53
482,334,19,53
482,332,19,53
481,332,19,53
482,333,17,50
480,330,19,52
480,330,17,50
479,327,18,55
478,327,19,53
479,328,18,51
479,324,18,53
477,326,18,51
476,325,18,51
477,326,19,48
477,324,17,51
475,321,20,51
475,322,21,50
473,322,21,49
472,322,22,48
472,318,21,51
472,319,22,49
471,318,22,51
472,317,21,51
472,316,21,51
471,316,21,48
469,317,22,49
468,316,23,49
467,313,21,53
468,316,23,49
466,314,22,47
466,312,23,48
465,314,23,46
465,311,21,48
465,312,21,47
464,310,23,47
464,311,21,47
465,310,20,47
463,307,23,49
463,306,21,48
465,306,19,46
465,303,21,48
465,307,19,43
465,306,21,45
466,304,20,44
467,305,18,46
467,304,19,44
467,300,20,48
467,302,21,47
468,300,19,45
467,299,20,47
469,299,19,46
467,299,19,48
469,299,19,46
469,298,19,45
469,298,20,43
469,295,19,48
469,297,21,43
468,296,19,44
470,296,19,43
469,295,20,43
469,294,21,43
471,294,20,43
469,293,22,43
471,295,20,41
471,292,20,43
471,292,22,43
470,295,22,39
471,292,20,41
471,291,21,41
473,292,21,39
472,290,22,41
473,290,21,39
472,289,21,41
471,288,23,41
471,290,23,41
473,288,23,41
472,287,22,41
471,287,22,41
471,286,22,41
471,285,22,42
472,286,21,41
470,283,25,43
471,284,23,44
471,284,21,43
469,282,21,43
469,282,20,41
469,282,21,41
468,278,21,45
467,280,22,41
467,278,21,42
465,280,21,41
465,280,21,39
464,280,21,39
463,278,21,40
465,278,21,40
465,280,21,36
465,277,21,41
468,276,19,41
469,273,19,42
471,274,20,39
473,272,17,41
475,272,16,43
475,273,17,39
477,269,16,44
477,273,15,38
477,269,15,41
479,270,15,39
479,269,15,40
479,269,19,40
479,268,17,41
479,267,17,41
479,268,18,39
481,268,18,39
481,266,18,41
481,268,17,39
481,266,17,42
482,268,15,38
482,264,15,39
481,262,15,41
481,263,15,41
483,263,15,41
482,264,15,37
482,260,15,42
483,259,14,43
483,262,15,38
484,260,15,39
484,260,15,40
485,260,15,39
485,259,14,41
486,260,14,39
487,257,15,42
485,258,15,39
484,259,17,39
485,259,17,39
483,260,18,37
484,256,18,38
483,256,17,41
484,256,17,38
484,259,17,37
481,257,19,36
483,258,17,34
481,257,18,38
481,256,17,39
481,257,17,37
480,257,17,34
480,252,17,40
478,254,18,38
477,254,19,38
477,254,18,38
476,256,19,35
477,250,19,39
476,252,19,37
475,252,18,37
475,252,18,38
475,252,19,39
