301,16,51,24
297,16,53,23
294,17,54,22
291,16,53,21
288,16,54,22
284,17,55,22
281,17,55,22
278,16,55,22
276,16,53,22
272,14,54,23
270,16,55,22
268,16,53,23
265,16,55,23
264,17,54,24
261,17,54,24
259,17,54,24
256,16,54,24
249,16,58,23
250,16,54,24
248,17,54,24
246,17,56,23
245,18,55,23
243,18,55,23
239,18,55,23
238,18,55,23
236,18,55,23
235,18,55,23
233,18,55,23
231,18,55,23
231,18,55,23
227,18,55,23
228,18,53,24
228,19,51,26
225,19,51,26
222,19,51,26
223,18,48,25
224,18,45,25
226,18,41,25
228,18,37,26
227,19,37,26
225,19,37,26
223,18,37,23
225,18,34,23
227,18,32,24
228,19,31,24
228,19,29,25
228,19,29,25
228,19,30,25
228,19,30,25
228,19,30,25
228,19,30,25
228,19,30,25
228,19,30,25
228,19,30,25
228,19,30,25
228,19,30,25
228,19,30,25
228,19,30,25
228,19,31,25
228,19,31,25
228,19,31,25
228,19,31,25
228,19,31,26
229,21,31,25
229,22,31,24
230,23,31,24
231,24,31,23
231,24,31,23
231,24,31,23
231,24,32,23
231,24,32,23
231,24,32,23
231,24,33,24
231,24,33,24
232,26,33,24
232,26,34,24
232,26,34,24
232,26,35,24
232,26,36,25
232,26,38,24
232,26,39,24
232,26,40,24
232,29,41,21
234,29,41,21
235,29,41,21
238,29,39,22
240,29,37,23
240,29,40,20
242,30,39,20
244,31,39,21
246,32,38,21
246,32,38,21
247,32,38,21
249,32,38,21
252,32,38,21
253,33,37,21
255,33,37,21
255,34,37,21
255,34,37,21
257,34,37,22
259,35,37,22
259,35,37,22
260,35,37,22
260,35,37,22
261,35,37,22
263,35,37,22
264,36,37,22
265,37,37,22
266,37,37,22
267,38,37,22
267,38,38,23
268,38,39,24
269,39,39,24
270,40,39,24
270,40,39,24
271,40,39,24
272,40,39,24
272,40,39,24
273,40,39,24
274,41,39,24
274,41,39,25
275,41,40,26
275,41,39,26
276,42,39,26
277,42,39,26
277,42,39,26
278,42,39,26
278,42,39,26
279,42,39,26
279,43,39,26
280,43,39,26
280,43,39,26
279,44,39,26
279,44,39,26
280,44,39,26
281,44,39,26
281,44,39,26
281,44,39,26
282,45,39,26
282,45,39,26
282,45,39,26
283,45,39,26
283,45,39,26
284,45,39,26
285,45,39,26
285,45,39,26
285,46,40,27
285,46,40,28
285,46,41,28
285,46,41,29
285,47,41,30
285,47,42,30
285,47,42,31
285,47,43,31
285,47,43,32
286,47,43,32
287,48,43,31
288,48,43,31
288,48,43,31
289,48,43,31
289,48,43,31
289,48,43,31
290,49,43,31
290,49,43,31
291,49,43,31
292,50,43,31
293,50,43,31
294,51,43,31
294,51,43,31
295,51,43,31
295,51,43,31
296,52,43,31
296,52,43,31
296,52,43,31
297,53,43,32
298,53,43,33
299,53,43,34
300,53,43,35
301,53,44,36
303,53,44,35
305,54,45,35
307,54,46,35
307,54,49,36
307,54,52,36
307,54,54,36
309,55,54,36
311,55,54,36
313,55,57,36
313,55,61,38
315,56,61,38
318,57,61,38
320,57,61,38
321,58,60,38
323,58,58,39
326,58,58,41
328,58,55,43
329,58,53,44
330,58,53,43
330,59,53,43
330,59,52,42
330,59,50,41
330,59,49,41
330,59,48,40
329,59,48,40
329,59,48,40
328,59,48,40
327,60,47,40
327,61,47,40
326,60,45,40
325,61,45,40
325,61,45,40
323,61,46,40
321,61,47,40
321,61,46,40
321,61,45,39
321,62,46,38
321,63,46,38
321,63,48,39
321,64,48,39
320,65,48,39
320,64,48,39
320,64,48,39
319,64,49,40
319,64,49,40
318,64,49,40
318,64,49,40
318,64,49,40
318,64,49,41
318,64,49,41
318,64,49,41
318,64,49,42
318,64,49,42
318,64,49,42
318,64,50,42
318,64,50,43
318,64,50,43
318,64,50,43
318,64,50,44
318,64,50,44
318,64,50,44
318,64,50,45
318,64,50,45
318,64,50,44
319,65,51,44
319,66,51,43
320,66,51,43
321,66,51,43
322,66,51,43
323,66,52,43
323,66,53,43
324,66,54,43
325,66,55,44
325,67,55,44
326,67,55,44
326,67,55,44
326,67,56,44
328,68,56,44
329,69,57,44
330,69,57,45
331,70,57,45
332,70,57,45
333,70,57,45
335,71,57,45
337,71,57,45
338,72,57,45
340,72,57,45
340,72,60,47
341,72,60,47
343,73,60,47
346,74,59,48
348,75,58,49
350,76,58,49
351,77,58,49
353,78,58,49
354,77,61,51
357,79,61,50
359,80,60,49
363,81,60,49
366,82,61,49
366,82,63,50
368,82,63,50
371,84,63,51
374,85,63,50
374,85,68,51
378,85,68,51
379,86,71,58
382,87,70,57
385,88,70,56
386,89,71,58
388,89,73,60
388,94,73,58
389,94,73,61
389,94,74,63
390,94,74,65
389,96,74,65
389,98,74,65
390,101,74,65
391,104,74,65
389,106,76,67
388,108,77,68
386,111,80,71
384,114,82,74
383,116,84,75
381,118,87,75
378,120,88,76
375,122,89,76
373,126,90,78
371,129,91,81
370,132,91,81
364,134,91,81
362,138,92,83
354,143,97,87
353,142,97,87
346,146,99,90
343,149,104,91
328,155,111,94
322,162,111,94
313,167,111,94
306,172,120,96
294,178,120,96
282,184,128,99
272,189,137,99
260,194,140,104
248,200,142,105
227,209,152,113
214,214,158,118
197,216,165,122
167,240,179,118
148,238,183,120
123,244,193,126
101,255,196,129
68,258,210,143
43,268,217,146
6,280,232,154
