146,319,223,124
177,306,213,127
209,293,204,130
234,283,197,126
260,273,190,123
280,263,188,120
301,256,182,117
321,250,175,114
342,244,169,111
357,238,165,108
372,232,161,104
388,226,157,101
403,221,153,101
418,216,149,101
433,211,144,101
444,206,142,100
456,202,140,99
467,197,137,99
477,195,132,95
487,192,126,92
496,190,120,89
506,187,112,86
516,185,105,83
526,183,98,80
534,181,91,78
542,178,85,77
549,176,79,75
554,174,75,74
558,172,71,72
563,170,67,70
566,170,62,66
569,171,58,62
573,172,54,59
575,172,52,57
578,172,49,54
580,172,47,52
580,171,46,52
580,170,46,51
579,169,46,51
579,168,46,51
579,167,45,50
579,166,45,50
578,165,45,49
578,164,44,49
578,163,44,49
577,162,44,48
577,161,44,48
577,161,43,47
576,160,43,47
576,159,43,47
576,158,43,46
575,157,42,46
575,156,42,46
575,155,42,45
574,154,42,45
574,153,41,44
574,152,41,44
573,151,41,44
573,150,41,43
573,149,40,43
572,148,40,42
572,147,40,42
572,146,39,42
571,145,39,41
571,145,39,41
571,144,39,41
570,143,38,40
570,142,38,40
570,141,38,39
563,135,44,44
562,133,44,44
562,129,44,48
558,129,44,48
555,129,44,48
552,130,44,48
550,127,46,48
549,125,47,48
547,123,49,49
545,122,53,50
543,120,58,50
541,119,62,51
540,116,61,51
540,113,59,51
539,111,58,51
536,109,58,53
534,106,59,55
531,104,60,58
529,104,61,57
527,104,63,56
525,104,64,55
520,104,68,53
515,104,71,50
510,104,74,48
505,103,76,48
501,103,78,48
497,102,80,48
494,100,79,48
491,99,79,48
488,97,79,48
485,100,79,48
482,102,80,48
478,104,81,48
477,104,81,48
476,104,81,48
474,104,81,48
468,102,81,48
463,99,81,48
457,96,81,48
453,95,82,48
448,94,83,48
443,93,84,49
440,94,84,48
436,95,84,47
433,96,83,47
428,96,83,47
423,95,83,47
419,94,83,48
415,94,83,48
410,93,83,48
406,93,83,48
402,93,85,47
398,92,87,46
394,92,89,45
390,92,89,45
385,93,89,45
381,93,89,45
378,93,88,45
374,94,86,45
371,94,85,45
365,93,86,46
359,91,87,46
353,90,88,47
351,90,86,45
348,90,85,44
345,91,84,43
342,90,84,43
339,89,84,42
335,89,84,42
332,88,82,42
329,88,81,42
325,88,79,42
322,88,79,42
318,88,79,42
315,87,77,42
312,87,76,42
309,86,74,42
306,86,74,42
303,86,73,42
300,86,72,42
298,86,70,42
296,85,68,42
294,84,67,42
294,84,64,42
294,84,61,42
294,84,59,42
294,84,59,42
294,84,57,40
294,84,54,38
294,84,52,35
294,84,50,35
294,84,47,35
294,84,44,35
291,83,46,35
289,83,48,35
286,82,50,35
286,82,50,35
286,82,50,35
286,82,50,35
286,82,49,35
286,82,48,35
286,82,48,35
286,82,47,35
286,82,46,34
286,82,45,33
286,82,45,33
286,82,45,33
286,82,45,33
286,82,45,33
286,82,45,33
286,82,45,33
286,82,45,33
