160,155,137,180
162,155,138,179
164,154,139,179
166,154,140,178
168,153,141,178
166,152,142,179
164,150,143,180
162,149,144,181
160,147,145,182
158,146,146,183
154,148,146,183
150,151,146,183
146,154,145,183
142,156,145,183
138,159,144,183
138,162,144,182
138,165,144,180
138,168,144,178
138,171,144,176
138,174,144,174
136,174,145,175
135,174,145,176
133,175,146,177
132,175,146,179
130,176,146,180
126,175,149,180
121,175,151,180
116,174,153,180
111,174,155,180
106,174,157,180
104,174,154,180
102,174,151,180
100,175,147,180
97,175,144,180
95,176,141,180
91,176,141,182
87,176,141,184
83,176,141,186
79,176,141,189
75,176,141,191
76,176,142,191
78,176,143,191
79,176,144,191
81,176,145,191
82,176,146,191
84,176,146,189
86,176,146,188
88,176,145,186
90,176,145,185
92,176,144,183
93,174,144,183
95,173,144,183
97,172,144,183
99,171,144,183
101,170,144,183
100,168,144,183
100,167,144,183
100,166,144,183
99,164,144,183
99,163,144,183
99,163,147,182
99,163,149,181
99,163,151,180
99,163,153,179
99,163,156,178
104,164,152,179
109,165,149,180
113,166,146,181
118,167,142,182
123,168,139,183
128,173,141,182
133,177,143,180
139,181,144,178
144,186,146,176
149,190,148,174
152,196,148,173
156,201,147,172
159,206,147,171
162,211,147,170
166,216,146,169
163,216,147,171
160,216,149,173
158,215,150,175
155,215,151,177
153,214,152,180
151,214,153,179
149,214,154,177
147,214,155,176
145,214,156,175
143,214,157,174
144,216,158,173
144,217,158,172
145,219,159,171
145,220,159,170
145,222,159,169
145,221,159,169
145,220,159,169
145,220,159,169
145,219,159,169
145,218,159,169
146,218,159,169
147,218,159,169
147,218,158,170
148,218,158,170
149,218,157,170
150,218,157,170
151,218,157,170
152,218,157,169
153,218,157,169
155,218,157,169
158,217,153,169
162,217,148,169
166,216,143,169
169,215,138,169
173,214,133,169
183,216,123,170
193,218,114,171
203,220,104,172
202,220,106,173
201,220,107,174
202,218,108,175
202,216,109,176
203,214,110,176
204,213,110,177
205,211,111,178
206,214,112,179
208,217,113,180
209,220,113,181
210,223,114,182
212,226,115,183
219,227,114,185
227,229,113,187
234,231,112,189
242,233,110,191
249,235,109,193
253,229,110,194
257,223,110,195
261,217,110,196
265,211,111,197
269,205,111,198
269,205,110,192
269,205,110,186
269,205,109,180
269,205,108,174
269,205,107,169
270,203,110,172
270,201,112,174
270,200,114,177
271,198,116,180
271,196,119,183
275,197,117,184
279,199,116,185
283,200,114,186
288,202,113,186
292,203,111,187
295,214,111,191
299,226,111,194
293,245,114,188
288,264,116,182
282,283,119,176
262,297,122,177
242,311,126,177
222,325,130,178
202,339,133,179
182,353,137,180
169,346,133,183
156,339,129,186
143,331,125,189
130,324,121,192
117,316,117,194
129,293,119,196
140,270,121,198
152,246,123,200
163,223,126,202
175,200,128,204
183,197,128,204
190,194,128,204
198,192,128,204
206,189,128,204
214,187,128,204
213,187,128,200
213,187,129,196
213,188,129,193
212,188,129,189
212,188,130,185
203,189,130,185
195,189,130,184
186,190,130,184
178,190,130,184
169,190,130,183
165,191,128,183
160,193,127,182
155,194,125,181
150,195,124,180
145,196,122,180
139,200,119,179
133,205,117,179
127,209,114,178
122,214,111,177
116,218,108,177
110,223,106,176
104,227,103,176
98,231,100,175
92,236,97,175
86,240,94,174
71,250,98,173
56,259,102,171
42,268,106,170
27,277,109,168
12,287,113,167
16,285,112,167
21,283,111,167
25,281,110,168
30,279,109,168
34,277,107,169
37,276,107,169
40,275,107,169
43,274,107,169
46,273,107,169
49,272,107,169
46,270,108,170
44,269,108,171
41,267,109,172
39,266,109,173
36,264,109,174
35,265,109,174
33,265,109,174
32,266,109,174
30,266,109,174
29,266,109,174
26,270,109,173
24,273,109,171
22,276,109,170
20,280,109,168
17,283,109,167
15,290,110,165
13,298,112,164
11,305,113,162
9,313,114,161
6,320,115,159
14,321,113,159
21,323,111,159
29,324,109,158
36,326,107,158
43,327,106,157
54,326,102,157
65,325,99,157
76,324,96,157
86,323,92,157
97,322,89,157
102,321,89,157
107,320,89,157
113,319,89,157
118,317,89,157
123,316,89,157
125,316,89,157
127,316,89,157
129,316,89,157
130,316,89,157
132,316,89,157
132,314,92,159
132,313,96,160
131,311,99,161
131,309,102,162
130,307,106,163
130,307,106,163
129,306,106,163
128,306,106,163
127,306,106,163
127,305,106,163
126,305,106,163
126,305,106,163
125,305,106,163
125,305,106,163
116,311,106,163
108,313,106,161
101,315,106,159
93,317,106,156
86,320,106,154
79,322,106,152
68,324,106,152
58,326,106,152
47,327,106,152
37,329,106,152
27,331,106,152
24,330,106,155
21,329,106,158
18,328,106,161
15,327,106,164
12,326,106,167
12,326,109,167
12,326,112,168
12,326,116,169
12,326,119,170
12,326,122,170
12,329,129,157
12,332,136,144
12,336,143,132
12,339,150,119
12,342,157,106
19,340,159,101
26,339,160,97
33,337,161,93
40,335,162,89
47,333,163,85
50,331,163,85
52,329,163,85
55,327,163,85
57,326,163,85
60,324,163,85
62,324,163,85
65,324,163,85
67,324,163,85
69,324,163,85
71,324,163,85
67,324,163,85
63,324,163,85
59,325,163,85
55,325,163,85
51,326,163,85
51,323,163,85
51,320,163,85
51,318,163,85
51,315,163,85
51,313,163,85
51,311,163,85
52,309,163,85
52,307,163,85
52,305,163,85
53,303,163,85
52,301,163,85
51,300,163,85
50,298,163,85
50,296,163,85
49,294,163,85
48,294,163,85
48,294,163,85
47,294,163,85
47,294,163,85
46,294,163,85
46,294,163,85
45,294,163,85
45,294,163,85
44,294,163,85
43,294,163,85
41,294,157,85
39,294,150,85
37,294,144,85
35,294,138,85
32,294,132,85
33,293,128,90
35,291,124,96
36,290,120,101
37,288,117,106
38,287,113,111
38,286,122,113
38,286,132,115
38,286,141,117
38,285,150,119
38,285,159,120
52,284,160,113
66,283,160,105
80,283,160,97
94,282,161,89
108,281,161,81
130,274,161,81
151,268,161,81
173,261,161,81
194,254,161,81
216,248,161,81
223,246,161,81
231,244,161,81
239,242,161,81
247,240,161,81
255,238,161,81
256,238,161,81
258,238,161,81
260,238,161,81
262,238,161,81
264,238,161,81
254,251,161,81
244,263,161,81
235,276,161,81
214,299,161,81
193,322,161,81
176,328,159,91
158,334,156,101
140,340,153,112
122,346,151,122
105,351,148,132
98,348,147,139
91,345,147,146
85,341,146,153
78,338,145,160
71,335,144,167
76,326,150,169
81,317,156,170
86,308,161,172
90,299,167,174
95,290,172,176
95,278,182,168
95,266,192,160
94,254,202,153
94,241,212,145
93,229,222,137
92,228,222,130
90,226,222,123
88,225,221,116
86,223,221,109
84,222,220,102
90,216,216,102
97,211,212,103
103,205,207,103
109,200,203,103
116,194,198,104
129,187,189,106
143,179,179,107
157,172,169,109
170,164,160,111
184,157,150,113
190,151,145,119
195,145,140,126
201,139,136,132
206,133,131,138
212,127,126,144
212,123,127,155
212,118,129,166
212,113,130,177
212,108,132,187
212,103,133,198
227,103,128,197
242,103,122,195
256,102,117,194
271,102,111,192
286,101,106,191
294,101,106,190
302,101,106,189
310,101,106,189
319,101,106,188
327,101,106,187
334,101,106,187
341,101,106,187
348,100,106,187
355,100,106,187
362,100,106,187
363,101,106,187
364,102,106,187
365,103,106,187
366,104,106,187
368,105,106,187
362,105,115,189
356,104,124,191
351,103,133,193
348,110,144,182
345,116,156,170
344,133,153,159
342,150,151,147
341,166,149,135
339,183,147,123
338,200,144,111
337,201,142,117
336,203,139,122
335,204,137,128
333,206,134,133
332,207,132,139
316,214,148,146
299,222,165,152
282,229,182,159
266,237,198,166
249,244,215,172
238,254,203,174
226,264,192,176
215,274,180,178
203,284,169,180
192,294,157,182
186,296,151,172
180,299,144,162
174,301,137,152
168,303,131,142
162,305,124,132
156,299,126,129
151,292,129,126
145,285,131,124
140,279,133,121
134,272,135,119
136,259,141,132
137,247,147,144
139,234,153,157
140,221,159,170
142,209,165,183
151,204,173,170
160,198,181,156
169,193,189,142
179,188,197,129
188,183,206,115
179,194,211,133
171,204,216,151
162,215,221,169
154,226,226,187
145,237,232,206
133,263,219,192
120,289,207,177
107,316,195,163
95,342,183,149
82,368,170,135
99,354,179,140
116,340,188,145
132,326,197,150
149,312,206,154
166,298,215,159
188,249,209,156
210,201,203,152
232,152,197,148
255,104,191,144
277,55,185,141
271,54,186,141
265,53,187,141
259,52,187,141
253,51,188,141
247,50,189,141
239,68,180,141
231,86,170,142
223,104,161,142
215,122,152,142
206,140,143,143
207,131,144,146
207,121,145,150
208,111,146,154
208,102,147,157
208,92,148,161
207,77,187,145
206,61,226,129
219,63,199,112
186,59,198,96
153,55,198,80
144,68,195,92
135,82,192,105
126,95,189,117
117,108,186,130
108,122,183,143
133,137,173,136
157,153,162,129
182,168,151,122
206,184,140,114
230,200,130,107
227,183,141,114
224,166,152,122
220,150,163,129
217,133,174,136
214,116,185,143
198,147,184,133
181,178,182,123
165,210,181,114
149,241,179,104
132,272,178,94
160,288,172,103
188,303,167,111
208,268,149,130
229,233,132,149
249,198,115,169
247,169,123,175
246,139,130,181
255,138,135,131
252,101,154,161
232,90,157,189
204,103,157,184
175,116,157,179
146,128,157,174
117,141,157,170
123,161,167,193
114,185,182,165
104,210,197,137
130,208,134,183
133,218,151,174
136,227,169,165
162,220,166,133
188,213,163,101
205,211,174,99
208,198,181,117
201,179,170,146
188,161,183,158
175,144,196,170
163,126,209,182
179,126,133,176
169,124,202,183
168,166,229,136
215,156,128,145
203,168,145,124
229,204,146,104
269,201,132,107
248,196,142,127
226,190,153,147
205,184,164,166
183,178,174,186
162,172,185,206
184,161,161,191
180,153,180,171
175,146,199,151
189,135,172,148
203,124,144,144
203,151,124,106
205,159,124,118
206,166,124,130
173,199,145,137
140,231,167,144
141,210,174,159
143,189,181,174
144,168,188,189
146,147,195,204
147,126,202,219
173,117,184,206
199,108,166,193
225,100,148,180
252,91,130,167
245,113,152,154
226,149,158,154
207,185,164,155
188,221,170,156
168,258,176,157
149,294,182,157
159,279,156,166
169,263,130,175
160,247,166,173
143,217,231,167
145,216,226,94
141,150,160,148
160,124,108,176
161,116,124,187
168,120,125,153
175,124,126,119
165,146,131,115
155,168,136,112
145,190,142,109
135,213,147,105
125,235,152,102
125,235,163,102
124,235,173,102
124,235,184,102
123,235,195,102
123,235,206,102
132,211,192,109
141,187,178,115
150,164,164,122
159,140,151,129
168,116,137,135
155,127,156,135
142,138,175,134
129,148,194,134
116,159,213,134
103,170,232,133
141,171,172,161
179,173,112,188
154,189,163,127
159,191,171,122
182,157,165,144
179,153,147,136
175,148,130,128
172,144,112,120
170,142,107,122
168,166,102,146
165,171,111,154
163,177,120,163
161,182,129,171
159,187,137,179
156,192,146,187
165,184,150,176
174,176,155,166
183,169,159,155
192,161,163,144
180,174,169,149
169,187,175,153
158,201,182,157
147,214,188,162
136,227,194,166
125,240,200,170
139,232,199,162
153,224,197,153
167,216,196,144
181,208,194,135
195,200,193,126
185,207,190,129
175,214,188,132
164,221,186,135
154,228,184,138
143,235,182,141
135,225,174,149
127,215,167,158
119,205,160,166
111,195,153,175
103,185,146,183
84,195,177,155
65,205,207,126
46,214,237,97
57,209,217,116
67,203,196,135
83,206,193,142
99,209,189,149
114,212,185,156
130,215,182,163
145,218,178,170
137,208,178,170
128,198,178,170
119,188,178,170
140,182,120,170
112,176,178,170
112,195,187,133
112,214,196,96
151,203,196,107
157,180,193,118
164,157,189,128
174,153,170,145
184,150,152,163
157,160,156,164
130,171,159,164
103,181,163,165
117,172,159,160
131,163,155,154
145,153,151,149
159,144,147,144
173,135,143,139
163,143,144,143
152,151,146,146
142,159,147,150
132,167,149,154
121,176,150,157
103,170,150,161
84,164,150,165
107,159,153,157
130,155,156,150
153,150,159,143
140,156,159,140
127,161,159,137
115,167,158,135
102,173,158,132
90,179,157,130
103,180,154,135
117,181,152,141
131,182,149,147
145,183,146,153
158,151,152,191
168,148,162,180
177,146,172,170
186,143,182,160
195,140,192,149
205,137,202,139
211,138,186,155
217,139,170,171
246,124,120,184
225,125,164,169
221,131,176,117
221,131,162,119
221,131,148,120
214,131,148,120
206,131,148,120
199,131,148,120
191,154,147,114
183,178,147,109
176,201,146,103
168,224,145,97
160,248,144,91
150,228,152,121
140,208,161,151
129,189,169,182
153,166,147,177
177,142,126,172
172,141,148,162
168,140,170,152
163,139,193,141
159,138,215,131
155,137,237,120
189,134,183,126
224,131,129,132
189,129,178,138
158,138,207,132
145,152,206,127
131,166,205,123
118,180,204,119
105,194,203,114
104,208,190,110
158,222,120,106
151,217,120,118
144,213,120,130
137,208,120,142
130,204,120,154
123,200,120,167
123,188,122,173
124,177,124,179
124,166,126,184
125,155,128,190
125,144,130,196
117,145,135,196
110,146,141,195
103,146,146,194
95,147,152,193
88,148,157,193
85,148,160,196
83,148,163,199
80,148,165,203
77,148,168,206
75,148,170,209
67,148,178,207
60,148,185,204
53,148,193,202
45,148,200,199
38,148,207,196
33,148,212,191
29,148,216,185
25,148,221,180
20,148,225,174
16,148,230,169
22,134,228,162
27,120,226,156
33,106,224,150
39,91,222,143
45,77,220,137
47,80,223,143
50,83,225,149
52,86,227,155
54,89,229,161
56,92,232,167
59,102,232,162
62,111,232,157
64,121,232,152
67,131,232,147
69,140,232,143
97,147,213,136
124,154,194,129
152,161,176,122
179,168,157,114
206,176,139,107
207,179,137,109
208,183,134,110
209,187,132,112
209,190,130,113
210,194,128,115
209,193,125,115
208,192,122,116
207,191,119,116
206,190,116,116
205,188,113,117
198,188,113,117
191,188,113,117
185,188,113,117
178,188,113,117
171,188,113,117
167,190,113,117
162,191,113,117
158,192,113,117
153,193,113,117
149,194,113,117
143,195,113,117
137,195,113,117
130,196,113,117
126,194,113,117
121,192,113,117
122,185,113,117
123,177,113,117
123,170,113,117
124,163,113,117
125,155,113,117
132,144,117,118
140,134,121,120
147,123,125,121
155,112,129,123
162,101,133,124
170,100,133,124
179,98,133,124
188,97,133,124
196,96,133,124
205,94,133,124
215,93,133,124
226,92,133,124
237,91,133,124
248,90,133,124
258,88,133,124
262,88,134,125
266,87,136,126
270,86,137,127
275,86,138,129
279,85,139,130
275,85,139,130
272,85,139,130
269,85,139,130
265,85,139,130
262,85,139,130
254,93,139,130
246,102,139,130
239,110,139,130
231,119,139,130
223,127,139,130
216,139,139,129
209,151,139,127
202,163,139,126
195,175,139,125
188,187,139,124
187,193,139,124
186,200,139,124
185,207,139,124
183,213,139,124
182,220,139,124
179,224,139,125
176,228,139,126
172,232,139,126
169,236,139,127
166,240,139,128
164,245,139,128
162,250,139,128
160,255,139,128
158,260,139,128
156,264,139,128
147,266,140,128
139,268,142,128
130,270,143,128
121,272,145,128
112,274,146,128
105,275,146,128
99,276,146,128
92,277,146,128
85,278,146,128
79,279,146,128
68,278,146,128
58,276,146,128
47,275,146,128
37,273,146,128
27,272,146,128
23,272,135,126
19,272,124,125
16,272,113,123
12,272,102,122
8,272,91,120
8,272,79,103
8,272,67,85
8,272,55,67
8,272,43,49
8,272,31,31
8,279,30,44
8,285,28,57
8,292,26,70
8,299,24,83
8,306,22,96
8,313,20,109
8,332,37,107
8,351,54,106
8,357,83,102
8,363,113,98
8,368,143,94
31,362,143,94
54,355,143,94
76,349,143,94
99,342,143,94
106,339,143,96
114,336,143,97
121,332,143,99
129,329,143,100
136,326,143,102
137,325,143,100
138,324,143,99
139,323,143,97
140,323,143,96
142,322,143,94
145,317,139,97
148,312,136,100
152,307,133,103
155,303,129,106
158,298,126,109
161,288,133,121
164,278,141,132
167,268,148,144
170,258,156,155
173,248,163,167
182,245,160,169
190,243,157,170
199,240,154,172
207,237,151,174
216,235,148,176
223,234,147,170
230,233,145,163
237,233,144,157
244,232,142,151
251,231,141,144
244,226,152,139
237,221,163,134
230,217,174,129
223,212,185,124
216,207,196,119
214,212,197,120
213,217,197,122
211,221,197,124
210,226,198,126
208,231,198,128
203,236,204,132
197,241,210,135
192,247,216,139
186,252,222,143
180,257,228,146
187,264,220,143
194,270,212,139
200,277,203,135
207,284,195,132
214,290,187,128
226,292,175,128
239,293,163,128
252,295,152,128
264,296,140,128
277,298,128,128
272,295,145,132
267,293,163,135
262,290,180,139
258,287,197,143
253,285,215,146
256,288,207,142
259,291,200,137
263,294,193,133
266,297,185,129
269,300,178,124
274,292,177,127
279,284,176,129
284,276,174,132
289,269,173,134
293,261,172,137
296,259,170,136
299,257,169,136
302,255,167,135
305,253,165,134
308,251,163,133
308,251,164,135
308,250,164,137
308,249,165,139
308,248,166,141
308,248,167,143
303,248,171,141
298,248,176,139
293,248,180,137
288,248,184,135
282,248,189,133
294,246,193,131
306,244,197,129
318,242,201,127
330,240,205,124
342,238,209,122
352,238,213,117
363,238,216,113
374,237,219,108
385,237,223,103
395,237,226,98
388,236,226,98
381,235,226,98
374,234,226,98
367,234,226,98
360,233,226,98
348,239,224,100
336,245,222,101
323,251,220,103
311,257,219,104
299,263,217,106
271,271,221,102
243,279,226,98
216,287,230,94
188,295,234,91
160,303,239,87
157,289,240,90
154,274,240,94
151,260,241,97
148,246,242,100
145,231,243,104
167,221,246,104
189,210,249,104
211,200,252,104
233,190,254,104
255,179,257,104
252,181,257,101
250,184,257,99
248,186,257,97
246,188,257,95
243,190,257,93
243,190,257,95
243,190,257,97
243,190,257,99
243,190,257,101
243,190,257,104
242,190,251,108
240,189,245,112
239,188,239,116
238,187,232,120
236,187,226,124
234,188,215,124
232,190,204,124
230,192,194,124
229,194,183,124
227,196,172,124
215,203,184,118
203,211,197,112
191,218,209,105
179,226,221,99
168,233,233,93
151,241,234,96
134,249,236,99
117,257,237,103
101,266,238,106
84,274,239,109
88,276,233,103
92,279,226,97
96,281,220,91
100,284,214,86
105,287,207,80
119,267,194,99
133,247,182,117
148,228,169,136
162,208,156,155
177,188,143,174
176,182,154,172
175,176,165,170
173,170,176,169
172,163,187,167
171,157,198,165
171,158,196,170
170,160,193,174
170,161,190,179
170,163,188,184
169,164,185,189
169,166,184,189
169,167,182,189
169,168,181,189
169,169,179,189
169,170,178,189
168,169,176,187
166,168,173,186
165,168,171,184
163,167,169,183
162,166,167,182
162,168,167,182
162,169,167,182
162,171,167,182
162,172,167,182
162,174,167,182
164,177,166,182
166,180,166,182
168,184,166,182
169,187,165,182
171,190,165,182
180,194,162,179
190,197,158,176
199,200,155,173
208,204,152,170
218,207,148,167
222,207,146,167
226,207,144,167
230,207,143,167
234,207,141,167
238,207,139,167
243,207,139,167
249,207,139,167
255,207,139,167
260,207,139,167
266,207,139,167
276,213,138,161
285,219,136,154
295,226,135,148
298,226,135,148
301,226,135,148
298,224,132,150
294,222,129,151
291,220,126,153
288,218,123,154
284,216,120,156
285,216,121,156
286,216,122,157
287,216,122,157
288,216,123,158
289,216,123,158
290,216,124,159
291,216,124,159
292,216,125,160
293,216,125,161
293,216,126,161
295,217,125,160
296,218,124,159
298,220,123,158
299,221,122,157
301,222,120,156
303,223,117,149
306,225,114,142
309,226,112,134
311,228,109,127
314,229,106,120
314,215,106,125
314,200,106,129
314,186,106,134
314,171,106,138
314,157,106,143
314,156,102,141
315,155,99,139
315,154,96,137
315,153,92,135
316,151,89,133
319,150,87,131
322,148,86,129
325,146,84,127
328,144,83,124
330,142,81,122
335,141,81,122
339,139,81,122
344,138,81,122
348,136,81,122
353,135,81,122
356,131,81,122
359,128,81,122
363,125,81,122
366,121,81,122
369,118,81,122
366,112,81,122
362,106,80,122
358,99,79,122
355,93,79,122
351,87,78,122
348,89,79,116
346,92,79,110
343,94,80,103
340,97,81,97
338,100,81,91
350,119,81,102
362,139,81,113
373,158,81,124
385,178,81,135
397,198,81,146
418,238,83,148
439,278,85,149
461,318,87,151
482,358,89,152
503,398,91,154
514,399,92,151
525,400,94,149
536,401,95,146
547,402,97,143
558,403,98,141
543,386,104,138
527,369,111,135
512,352,117,132
496,335,123,129
481,318,130,126
451,289,135,126
422,260,141,127
393,230,146,127
363,201,152,127
334,172,157,128
338,180,157,116
342,189,157,104
345,197,157,92
349,206,157,80
353,214,157,69
362,216,157,69
372,218,157,69
382,220,157,69
391,222,157,69
401,224,157,69
410,224,151,69
419,225,144,70
428,226,137,71
436,227,131,71
445,227,124,72
438,228,116,81
430,230,108,90
423,231,100,99
416,232,91,108
408,233,83,117
388,233,92,119
368,234,101,120
347,234,110,122
327,234,119,124
306,235,128,126
309,231,128,119
312,227,128,113
314,224,128,106
317,220,128,99
319,216,128,93
351,211,96,70
341,202,111,74
331,193,126,78
322,184,141,81
312,176,156,85
305,179,154,87
299,182,153,89
292,186,152,91
285,189,151,93
279,192,150,94
279,200,146,94
279,208,142,94
280,217,138,94
280,225,134,94
280,233,130,94
289,231,129,95
298,229,129,95
307,227,129,96
316,226,128,96
325,224,128,96
320,214,133,98
316,204,138,100
312,195,143,102
307,185,149,104
303,176,154,106
300,169,150,105
297,163,147,105
294,157,144,104
291,150,140,104
288,144,137,104
274,134,137,104
260,125,137,104
247,115,137,104
233,106,137,104
219,96,137,104
228,117,140,95
236,139,142,87
244,160,145,78
252,182,147,70
260,203,150,61
276,209,142,67
292,214,134,73
308,220,126,79
324,226,117,85
340,231,109,91
348,227,107,94
356,224,105,97
364,220,103,101
372,216,100,104
380,213,98,107
382,211,100,107
383,210,102,107
384,208,104,107
385,207,106,107
386,205,107,107
389,203,107,110
391,200,106,113
394,197,105,116
396,195,104,119
399,192,104,122
399,191,101,122
398,190,99,122
398,189,96,122
398,188,93,122
397,187,91,122
397,188,89,122
397,190,86,122
397,192,84,122
397,194,82,122
397,196,80,122
396,197,80,122
395,199,80,122
394,200,80,122
393,202,80,122
392,203,80,122
390,205,80,122
388,206,80,122
386,208,80,122
384,209,80,122
382,211,80,122
376,211,84,125
369,211,89,127
362,211,93,130
356,211,97,133
349,211,102,135
338,207,105,134
328,204,109,133
317,201,112,132
306,197,115,131
295,194,119,130
298,186,120,129
300,178,121,129
302,170,122,129
304,161,123,128
306,153,124,128
