8,268,33,64
3,266,34,66
2,266,34,66
2,265,34,66
1,264,34,66
1,265,34,66
1,266,34,66
1,267,34,66
1,268,34,66
2,269,33,67
4,270,31,67
5,270,31,67
6,271,31,67
8,271,31,67
8,271,33,68
8,271,34,69
8,271,35,70
8,271,35,70
9,270,35,70
10,270,35,70
10,270,35,70
11,270,35,70
11,269,35,70
12,269,35,70
12,269,38,69
15,268,38,69
18,266,37,69
21,265,36,68
23,265,36,68
24,264,36,68
25,261,37,69
22,261,37,69
20,261,37,69
17,261,37,69
9,263,37,69
6,262,37,69
1,264,37,69
1,264,31,72
2,265,30,71
3,266,29,70
7,267,31,69
11,267,33,69
20,267,33,69
28,268,33,69
33,267,33,69
34,268,33,69
35,269,33,69
33,274,33,69
32,274,33,69
30,275,33,69
25,274,33,69
20,273,33,69
20,273,33,69
20,272,33,68
20,272,33,68
20,272,33,68
20,272,33,68
20,272,33,67
19,269,32,68
18,267,31,68
18,264,31,68
16,261,33,67
16,260,33,67
16,259,33,67
17,259,33,67
19,258,34,66
20,258,34,65
22,257,34,63
25,257,34,63
27,257,34,63
31,255,34,63
32,255,37,64
33,254,39,65
37,253,37,64
39,253,37,61
40,252,37,58
44,253,37,58
46,253,37,58
48,253,37,58
49,256,33,58
50,258,30,59
52,259,30,58
55,261,30,58
55,261,30,59
55,261,31,61
55,261,31,61
55,262,31,61
55,262,31,61
55,263,31,61
55,263,33,60
55,263,35,60
56,263,34,59
57,264,34,58
58,265,33,57
59,265,32,56
60,265,32,56
60,265,32,56
60,265,32,56
60,265,32,56
62,265,32,56
64,264,32,56
63,264,34,56
62,264,35,56
61,264,36,56
60,264,37,56
61,265,37,56
62,265,37,56
63,265,37,56
64,266,37,56
65,266,37,56
66,266,37,56
68,266,37,56
72,266,33,56
76,265,29,56
76,265,29,56
76,265,30,56
76,265,31,56
76,265,31,56
76,265,32,56
76,265,33,56
76,265,34,56
76,265,35,56
76,265,38,54
77,263,36,54
77,261,34,54
78,259,34,57
79,258,34,57
80,256,34,57
82,255,34,57
83,259,30,52
83,256,32,55
83,254,34,57
88,257,32,51
87,256,36,55
89,258,34,49
89,258,35,50
89,257,35,50
91,258,34,51
93,258,32,52
89,256,38,54
92,257,31,52
96,258,23,50
93,256,30,54
93,258,28,52
93,260,27,50
94,260,28,51
94,260,29,52
94,259,31,52
94,259,30,52
94,259,29,52
94,259,29,51
94,258,28,51
94,258,27,51
94,258,27,50
94,258,26,50
94,257,26,49
94,257,25,49
95,258,25,49
95,259,25,49
95,259,31,49
95,259,32,50
95,261,33,49
95,261,34,48
95,261,35,48
96,259,35,49
96,257,35,50
96,257,28,51
95,256,27,51
94,256,26,51
93,255,25,51
93,254,25,50
93,254,25,49
92,253,26,49
92,253,26,49
92,252,27,49
91,252,27,49
94,251,27,49
95,250,28,51
96,249,27,51
97,248,26,51
97,248,27,51
97,248,27,50
100,248,26,49
102,247,25,48
103,247,25,48
103,246,25,48
104,245,25,48
105,244,25,48
105,244,26,49
105,244,27,49
106,245,27,49
107,246,27,49
109,246,28,49
111,247,30,48
113,249,28,44
115,248,28,45
116,248,28,45
120,248,28,45
122,247,30,48
125,246,25,48
126,246,25,48
129,245,25,48
129,244,26,50
129,243,26,51
132,242,26,51
133,241,25,51
133,240,24,51
135,239,24,51
136,238,24,51
137,238,24,51
139,238,24,51
139,236,24,46
140,235,24,46
144,233,24,46
147,230,24,46
148,230,34,48
151,228,34,48
150,227,34,48
149,226,34,48
149,227,25,50
149,232,25,49
151,235,25,49
155,237,25,47
159,243,26,45
164,246,26,45
169,248,26,48
175,248,26,50
180,249,26,51
188,248,26,51
192,244,25,51
196,241,22,51
195,239,23,49
195,236,23,49
193,234,23,47
187,234,23,47
183,235,24,46
180,236,24,46
177,236,24,46
175,238,24,46
175,238,24,46
173,236,24,46
173,236,26,46
174,237,26,46
176,237,27,45
175,237,27,46
174,237,27,46
174,236,26,46
175,235,26,46
178,233,24,47
180,231,24,47
184,230,25,46
189,226,25,46
193,221,25,46
197,218,25,46
205,216,25,46
205,217,25,46
206,217,25,46
205,220,25,46
204,221,25,46
203,223,25,46
204,223,25,46
204,223,25,46
204,222,25,46
205,222,25,46
204,222,25,46
203,223,25,46
202,223,25,46
202,223,25,46
204,222,25,46
206,221,25,46
206,220,25,46
206,218,25,46
205,218,25,46
204,218,25,46
204,218,25,46
203,218,25,46
202,218,25,46
202,218,25,46
201,218,25,46
201,218,25,46
201,217,25,46
202,215,25,46
201,216,25,46
201,216,25,46
201,217,25,46
200,217,25,46
200,218,25,46
200,218,25,46
199,217,25,46
199,215,25,46
198,213,25,46
198,211,25,47
197,209,24,49
198,210,24,48
198,211,24,46
199,212,24,45
199,212,24,45
199,211,24,45
199,211,24,45
199,210,24,45
200,210,24,45
200,209,24,45
200,208,24,45
200,208,24,45
198,208,25,44
195,209,25,44
194,208,26,44
193,208,26,44
191,207,27,44
190,206,28,43
187,206,28,43
186,205,28,43
184,203,28,43
183,202,27,42
181,202,27,42
180,201,27,42
178,201,23,43
177,201,22,42
176,201,21,42
173,202,23,42
171,202,26,42
169,202,28,42
169,202,28,42
169,202,28,42
169,202,28,42
167,203,28,42
165,203,28,42
162,203,28,42
161,203,28,42
161,203,26,42
161,203,25,43
161,203,24,44
157,204,25,44
156,204,28,44
154,204,30,44
153,205,30,44
152,206,30,44
151,206,30,44
148,204,28,44
146,204,26,44
146,203,24,43
145,202,21,44
142,201,21,44
142,200,21,44
139,200,22,44
137,201,22,44
136,201,23,44
135,201,25,44
135,201,25,44
135,202,26,44
135,202,26,44
135,205,26,44
133,208,20,42
133,208,20,42
128,208,22,43
127,207,22,43
126,207,23,44
124,206,23,44
122,203,25,46
121,202,25,46
120,201,25,46
118,201,25,46
118,202,25,46
117,204,22,45
117,206,20,44
116,207,20,44
114,207,20,44
114,209,20,44
114,210,20,44
114,211,20,44
115,212,20,44
113,213,22,44
110,214,24,44
108,213,24,44
105,215,25,44
102,216,25,44
95,217,25,43
91,221,24,43
83,224,24,43
78,229,23,41
74,232,23,41
70,235,24,44
63,236,24,44
57,236,24,44
49,238,23,46
49,239,23,46
47,243,23,46
47,245,23,46
47,245,22,45
44,244,22,45
41,245,22,45
38,245,22,45
37,246,22,45
37,248,22,45
36,251,22,45
38,249,22,45
37,249,23,46
36,248,25,47
36,248,25,47
36,248,26,46
36,250,28,46
35,251,25,45
29,251,26,45
21,251,25,45
14,251,25,45
8,251,25,45
5,250,21,46
5,253,21,46
9,253,21,46
9,254,21,46
9,254,21,46
9,255,21,46
8,256,25,49
6,256,26,47
5,256,26,46
2,255,26,46
1,253,19,46
1,253,13,43
1,253,13,43
1,253,13,43
1,254,13,43
1,254,13,43
1,255,13,43
1,255,13,43
1,256,13,43
1,256,13,43
1,256,13,43
1,257,13,43
1,257,13,43
1,258,13,43
1,258,13,43
1,259,13,43
1,259,13,43
1,259,13,43
1,260,13,43
1,260,13,43
1,261,13,43
1,261,13,43
1,262,13,43
1,262,13,43
1,263,13,43
1,263,13,43
1,263,13,43
1,264,13,43
1,264,13,43
1,265,13,43
1,265,13,43
1,266,13,43
1,266,13,43
1,266,13,43
1,267,13,43
1,267,13,43
2,268,13,43
2,268,13,43
2,269,13,43
2,269,13,43
2,269,13,43
2,270,13,43
2,270,13,43
2,271,13,43
2,271,13,43
2,272,13,43
2,272,13,43
2,272,13,43
2,273,13,43
2,273,13,43
2,274,13,43
2,274,13,43
2,275,13,43
2,275,13,43
2,275,13,43
2,276,13,43
2,276,13,43
2,277,13,43
2,277,13,43
2,278,13,43
2,278,13,43
2,278,13,43
2,279,13,43
2,279,13,43
2,280,13,43
2,280,13,43
2,281,13,43
2,281,13,43
2,281,13,43
2,282,13,43
2,282,13,43
2,283,13,43
2,283,13,43
2,284,13,43
3,284,13,43
3,284,13,43
3,285,13,43
3,285,13,43
3,286,13,43
3,286,13,43
3,287,13,43
3,287,13,43
3,287,13,43
3,288,13,43
3,288,13,43
3,289,13,43
3,289,13,43
3,290,13,43
3,290,13,43
3,290,13,43
3,291,13,43
3,291,13,43
3,292,13,43
3,292,13,43
3,293,13,43
3,293,13,43
3,293,13,43
3,294,13,43
3,294,13,43
3,295,13,43
3,295,13,43
3,296,13,43
3,296,13,43
3,296,13,43
3,297,13,43
3,297,13,43
3,298,13,43
3,298,13,43
3,299,13,43
3,299,13,43
3,299,13,43
3,300,13,43
4,300,13,43
4,301,13,43
4,301,13,43
4,302,13,43
4,302,13,43
4,302,13,43
4,303,13,43
4,303,13,43
4,304,13,43
4,304,13,43
4,305,13,43
4,305,13,43
4,306,13,43
4,306,13,43
4,306,13,43
4,307,13,43
4,307,13,43
4,308,13,43
4,308,13,43
4,309,13,43
4,309,13,43
4,309,13,43
4,310,13,43
4,310,13,43
4,311,13,43
4,311,13,43
4,312,13,43
4,312,13,43
4,312,13,43
4,313,13,43
4,312,13,43
4,312,13,43
4,311,13,43
4,311,13,43
3,310,13,43
3,310,13,43
3,309,13,43
3,309,13,43
3,308,13,43
3,307,13,43
2,307,13,43
2,306,13,43
2,306,13,43
2,305,13,43
2,305,13,43
1,304,13,43
1,304,13,43
1,303,13,43
1,303,13,43
1,302,13,43
1,302,13,43
0,301,13,43
0,301,13,43
0,300,13,43
0,299,13,43
0,299,13,43
0,294,13,43
0,293,16,42
1,292,19,41
2,292,21,41
0,282,21,42
2,281,23,44
2,279,24,44
2,277,25,44
1,277,26,46
0,277,27,48
0,277,28,50
0,274,27,51
0,272,27,53
0,269,27,54
0,269,24,53
0,269,24,53
0,269,23,53
0,269,23,53
0,268,22,54
0,266,20,55
1,265,19,56
1,262,20,58
1,262,25,56
1,260,29,57
1,260,31,57
1,260,32,56
1,260,34,55
1,260,35,54
1,260,35,54
2,259,35,54
2,259,35,54
3,258,35,54
3,258,35,54
4,258,34,54
4,257,34,53
4,256,33,53
4,255,32,53
3,254,31,53
3,253,31,53
3,252,31,53
3,251,31,53
3,250,31,53
3,250,35,53
3,250,39,53
8,250,37,53
9,249,37,53
10,248,37,53
12,247,37,53
12,247,39,54
12,246,38,54
13,245,38,54
14,243,37,54
13,244,36,55
12,244,34,55
11,245,33,55
11,245,31,55
7,250,33,50
3,251,33,50
2,250,32,53
1,250,32,53
1,250,32,53
1,251,32,53
0,251,29,53
0,251,27,53
0,251,26,53
0,251,25,53
0,251,25,53
0,251,26,53
0,251,26,53
0,251,27,53
0,251,24,53
0,251,20,53
0,251,21,54
0,251,21,54
0,251,21,54
0,251,21,54
0,251,21,54
0,251,22,54
0,251,22,54
1,251,22,54
1,251,22,55
1,251,23,55
1,251,23,55
2,251,23,55
2,251,23,55
2,251,23,55
2,251,24,55
3,251,24,55
3,251,24,56
3,251,24,56
3,251,24,56
4,251,25,56
4,251,25,56
4,251,25,56
4,251,25,56
5,251,26,56
5,251,26,57
5,251,26,57
5,251,26,57
6,251,26,57
6,251,27,57
6,251,27,57
14,253,31,53
22,253,31,53
28,255,31,53
39,254,31,53
52,254,31,53
67,252,31,53
81,250,31,53
89,247,31,53
97,245,31,53
114,244,31,53
127,242,31,53
132,242,31,53
134,242,31,51
137,239,31,51
139,238,31,50
140,237,31,50
142,236,28,50
140,236,29,50
138,235,30,50
136,235,31,51
136,233,31,51
135,233,31,49
134,232,31,48
134,229,31,49
135,227,30,51
135,225,28,50
136,224,27,50
140,220,27,50
142,218,27,50
142,218,30,51
143,217,30,51
144,216,30,51
139,219,30,51
133,223,30,51
131,222,30,51
129,220,30,51
127,218,30,51
127,215,30,51
127,211,30,51
126,210,30,51
121,211,30,51
116,211,30,51
112,209,30,51
106,213,30,51
102,215,30,51
102,215,31,51
102,221,31,51
100,227,31,51
96,227,31,51
93,224,31,51
93,220,31,51
94,214,31,52
97,206,28,51
95,204,31,49
91,199,31,49
85,201,31,48
78,207,31,44
70,209,37,46
66,211,30,47
65,211,30,47
63,212,33,47
64,215,33,47
65,215,33,47
67,215,33,47
69,214,33,47
71,214,33,47
71,214,34,51
75,217,31,48
75,218,31,48
76,219,31,47
77,220,31,47
77,223,31,45
78,225,31,43
82,226,30,45
86,228,29,47
89,233,29,47
95,240,29,47
95,242,29,47
94,243,29,47
97,243,29,47
100,242,29,47
104,243,29,47
112,245,29,47
123,250,29,47
132,251,29,47
140,252,29,47
144,251,29,47
152,250,29,47
156,247,28,49
157,245,28,49
163,249,26,50
163,249,26,50
163,249,26,50
164,249,26,50
164,250,27,51
164,250,27,51
166,250,27,51
167,251,27,51
167,251,27,47
167,249,27,47
168,250,26,46
170,251,25,44
166,248,25,44
163,244,20,44
160,243,20,44
153,244,20,44
153,248,21,41
152,247,21,41
158,249,22,42
164,251,23,42
172,248,23,42
178,247,23,42
182,242,23,42
184,241,23,42
186,244,23,43
186,246,23,45
187,246,23,45
188,247,23,45
191,243,20,45
193,242,20,45
194,240,20,45
195,238,20,45
196,236,20,45
195,231,20,45
192,229,21,42
191,231,21,42
189,234,20,41
189,235,20,41
189,236,20,41
190,234,20,41
192,234,20,41
193,233,20,41
195,234,21,42
197,234,20,41
199,235,20,41
200,235,20,41
200,236,22,41
200,237,23,41
200,237,26,41
201,238,28,41
201,238,29,40
202,238,29,40
202,240,29,40
201,240,29,40
200,240,29,40
199,240,29,40
199,240,29,41
199,239,29,41
200,238,29,41
201,237,29,41
202,235,28,41
204,234,28,41
206,235,27,40
208,235,25,39
209,235,25,39
210,235,24,40
211,235,23,40
212,235,22,40
216,233,22,40
220,232,22,40
224,231,23,41
227,230,23,41
231,230,23,41
235,229,23,41
239,231,23,41
244,231,22,41
248,231,22,41
252,231,22,41
252,231,25,42
254,229,25,42
256,229,25,42
258,229,25,42
258,229,25,41
258,229,26,41
257,227,26,41
257,226,25,42
257,226,23,42
257,226,20,42
255,223,20,42
254,223,20,42
252,223,21,42
251,223,22,43
250,222,23,43
249,222,23,43
249,222,23,43
249,221,23,43
248,221,23,43
246,221,23,43
243,222,23,43
242,221,23,43
241,221,23,43
239,220,23,43
237,219,23,43
235,218,23,43
231,215,27,44
230,215,26,44
228,214,25,44
226,215,26,44
224,216,27,44
224,214,24,44
224,212,22,43
224,211,22,43
223,210,23,43
223,210,24,44
223,210,25,44
223,211,25,44
223,211,25,44
224,210,25,44
225,208,26,45
225,206,26,46
226,204,26,47
227,202,24,46
227,200,21,45
225,200,21,45
223,200,21,45
209,202,22,45
195,205,22,42
185,208,23,42
179,209,23,42
172,211,23,42
169,211,25,44
169,211,25,43
169,212,25,43
170,212,25,42
172,213,22,42
174,213,20,42
176,219,20,40
177,222,22,40
182,225,22,40
189,227,22,40
198,228,22,40
206,227,22,40
211,227,22,40
215,224,22,40
219,221,22,42
221,218,22,42
221,215,22,43
219,215,22,43
218,214,22,43
216,214,22,43
215,214,22,43
212,215,19,45
207,214,21,45
203,217,22,45
199,217,22,45
194,216,22,45
188,217,22,45
182,218,25,43
179,220,25,43
176,220,25,43
173,220,23,45
170,222,22,45
168,223,22,43
169,222,19,43
169,220,20,45
170,219,20,47
178,220,22,47
182,220,22,47
187,220,22,47
189,220,22,47
191,221,22,47
185,223,19,44
181,223,19,44
176,225,19,44
172,226,19,44
169,227,19,44
166,224,19,44
160,228,19,44
155,230,23,44
153,231,23,44
151,233,22,44
150,235,22,44
149,237,22,45
149,239,23,45
148,241,23,45
146,243,22,45
148,246,19,45
149,250,19,45
152,252,19,44
156,254,19,44
160,256,19,44
163,257,19,44
167,257,19,44
164,256,19,44
161,258,19,44
158,257,21,47
157,257,21,47
155,254,21,47
154,254,21,46
153,254,20,46
152,253,20,46
148,252,22,47
148,255,22,47
144,254,22,47
143,255,22,47
142,255,22,47
141,255,22,47
141,255,22,47
138,256,26,49
136,256,26,47
135,256,26,47
135,256,26,47
135,256,25,47
135,256,24,47
136,256,24,47
137,256,24,47
139,256,24,47
141,257,24,47
141,259,23,46
140,260,22,46
141,262,22,46
142,264,22,46
141,264,22,46
139,264,22,46
137,265,22,46
134,265,22,46
132,266,23,46
130,266,24,47
130,267,25,47
129,268,26,47
129,270,26,47
129,271,26,47
130,272,26,47
131,272,26,47
130,273,28,48
129,274,28,48
127,275,28,48
127,275,28,47
127,275,25,47
127,275,22,48
126,277,22,48
124,278,22,48
122,278,22,48
119,278,23,48
119,279,23,48
118,279,23,48
118,280,23,48
118,280,23,48
118,281,23,48
118,281,22,47
119,281,22,47
120,281,22,47
120,281,22,47
121,282,22,47
121,282,22,47
121,282,22,47
121,283,22,47
121,283,23,49
121,283,24,50
122,284,24,50
121,283,24,50
120,282,24,50
119,282,24,50
119,281,24,50
119,280,24,50
119,280,23,50
118,280,23,50
118,282,23,50
118,283,23,50
118,283,21,49
118,283,19,48
118,284,19,48
118,285,19,48
118,286,19,48
118,287,19,48
117,288,19,48
117,289,19,48
117,289,19,51
117,289,19,53
118,290,19,53
118,290,19,53
119,291,19,53
119,293,22,53
119,293,25,54
119,295,25,54
120,296,25,54
120,296,24,53
118,299,23,51
117,299,23,51
116,300,23,51
117,299,23,51
118,299,23,51
116,299,23,51
115,300,23,51
114,300,23,51
113,300,23,51
111,301,23,51
109,303,23,51
108,302,23,51
108,302,23,51
108,300,21,52
108,300,21,52
107,301,21,52
106,301,21,52
104,302,21,52
103,303,23,53
102,303,25,53
101,303,25,55
99,303,26,57
98,306,30,58
96,308,30,58
94,311,29,56
92,314,28,54
91,315,28,54
89,317,28,54
88,316,28,54
86,319,28,54
85,320,24,54
85,321,21,53
85,321,21,53
84,322,21,53
84,322,21,53
83,322,21,53
83,323,21,53
83,323,21,53
82,323,21,53
82,323,21,53
82,323,21,53
81,323,21,53
81,324,21,53
77,324,24,53
73,324,28,54
69,324,32,56
67,325,32,57
65,327,31,59
63,328,32,56
62,329,32,56
62,330,32,56
61,331,32,56
61,331,32,56
56,331,32,56
54,332,31,57
53,332,29,58
51,332,28,59
50,332,26,60
50,332,26,60
51,332,26,60
51,332,26,60
52,332,26,60
52,332,26,60
52,332,31,61
56,332,31,61
61,332,30,61
65,332,28,60
67,332,28,60
70,332,28,60
73,333,28,60
76,334,28,60
81,336,28,60
86,337,28,60
95,336,28,60
103,338,28,60
111,337,28,60
116,337,28,60
121,339,28,60
131,342,28,60
131,342,33,63
137,343,33,63
144,340,29,62
146,341,29,62
150,342,29,62
152,341,29,62
153,340,29,62
154,340,29,62
155,340,29,62
154,340,29,62
154,340,29,62
153,340,29,62
152,339,29,62
152,339,29,62
151,339,29,62
151,339,29,62
151,338,29,62
151,338,29,62
151,337,29,62
150,337,29,62
150,336,29,62
150,336,29,62
150,335,29,62
150,335,29,62
150,334,29,62
150,333,29,62
151,332,29,62
151,331,29,62
151,329,29,62
151,327,29,62
150,325,29,62
150,326,29,62
149,327,30,61
148,328,30,61
147,330,31,60
146,331,31,60
146,331,32,59
146,331,33,58
146,331,33,57
138,330,33,57
126,331,35,56
113,334,35,56
92,340,35,56
72,344,35,56
57,352,35,56
36,357,31,52
18,366,27,47
6,366,27,47
3,368,27,47
10,371,27,47
18,370,27,47
32,370,30,47
40,370,32,47
55,371,32,47
74,374,32,47
92,377,31,45
107,380,27,44
120,381,26,48
119,386,28,50
113,390,28,50
109,392,28,50
103,388,28,50
101,387,28,50
101,378,28,50
105,373,32,49
109,369,34,48
117,364,31,53
125,366,28,54
126,366,28,54
127,366,28,54
122,366,28,54
113,372,28,54
107,376,28,54
105,376,28,54
105,371,28,54
107,366,28,54
125,362,28,52
142,358,30,51
161,355,30,51
173,356,35,50
182,356,34,54
193,357,34,54
196,356,34,54
204,355,33,54
208,353,33,54
213,350,31,52
218,349,29,51
220,350,29,51
222,352,29,51
220,354,29,51
211,360,30,51
207,364,30,51
203,368,32,54
207,369,32,54
218,366,32,54
232,362,32,54
242,358,32,51
251,354,31,51
257,350,31,51
260,349,31,51
263,348,31,51
265,346,31,51
263,344,31,51
257,344,31,51
246,345,31,51
235,348,31,51
225,351,31,51
219,352,31,51
212,356,33,53
210,360,33,53
209,362,35,55
218,358,34,52
226,353,34,52
234,349,34,52
243,345,34,52
247,343,34,52
253,338,30,56
257,337,30,56
259,337,30,56
260,338,30,56
260,339,30,56
259,341,30,56
259,342,30,56
259,343,30,56
257,343,31,56
254,343,31,57
253,344,33,56
252,345,34,56
253,344,34,56
253,344,34,56
252,343,34,56
251,343,34,56
251,343,34,56
251,343,34,56
253,342,31,56
254,341,29,56
256,340,29,56
259,339,29,56
261,336,26,56
265,338,28,54
271,337,28,54
274,336,28,54
273,336,28,54
272,336,28,54
272,336,28,54
270,336,28,54
270,335,28,54
271,334,28,54
272,333,28,54
274,332,28,54
275,332,28,54
275,332,28,54
275,332,28,54
275,332,29,54
276,332,29,54
277,332,29,54
277,332,29,54
277,332,30,54
277,332,30,54
277,330,30,54
277,328,30,54
277,328,28,53
277,328,26,53
276,328,27,53
275,328,29,53
274,328,30,54
274,329,31,54
273,329,32,54
280,329,26,53
277,329,28,54
275,329,29,54
276,329,29,54
277,329,29,54
277,329,29,54
277,327,29,54
276,325,29,54
274,325,29,54
273,324,29,54
269,323,29,54
265,323,29,54
262,323,31,49
259,322,31,49
256,323,31,49
253,323,31,49
250,322,31,49
250,322,29,49
250,322,28,50
249,322,25,49
245,320,27,50
242,319,27,50
243,319,27,50
242,319,27,50
242,319,28,51
242,316,28,51
243,314,28,51
245,314,31,54
247,315,31,54
247,315,31,55
247,315,31,56
247,315,31,57
248,314,31,57
249,313,31,57
251,313,31,57
253,310,31,57
256,311,31,57
261,308,31,57
262,308,31,57
264,308,31,57
266,309,31,57
268,310,31,57
270,310,31,57
271,310,31,57
274,307,29,57
278,307,29,57
280,306,28,57
282,305,26,56
281,305,26,56
280,305,26,56
279,305,26,56
278,305,26,56
277,305,26,56
278,305,27,56
278,305,28,57
278,305,28,57
279,305,29,57
281,304,29,57
283,303,29,57
285,302,29,57
288,302,29,57
289,301,29,57
289,301,29,57
288,300,29,57
287,299,29,57
286,300,29,57
286,303,28,56
287,303,28,56
288,302,28,56
288,302,28,56
288,302,27,55
287,302,27,54
287,299,28,57
287,297,28,57
286,296,28,57
287,295,27,59
288,294,26,60
289,294,25,62
286,294,28,63
286,293,28,63
287,293,28,63
287,293,28,63
287,293,28,63
287,293,28,63
287,293,28,63
287,293,28,63
287,293,28,63
287,293,28,63
287,293,28,63
287,293,28,63
287,293,28,63
287,293,28,63
287,293,28,63
287,293,28,63
287,293,28,63
287,293,28,63
287,293,28,63
287,293,28,63
287,293,28,63
287,293,28,63
287,293,28,63
287,293,28,63
287,293,28,63
287,293,28,63
287,293,28,63
287,293,28,63
287,293,28,63
287,293,28,63
287,293,28,63
287,293,28,63
287,293,28,63
287,293,28,63
287,293,28,63
287,293,28,63
287,293,28,63
287,293,28,63
287,293,28,63
287,293,28,63
287,293,28,63
287,293,28,63
287,293,28,63
287,293,28,63
287,293,28,63
287,293,28,63
287,293,28,63
287,293,28,63
287,293,28,63
287,293,28,63
287,293,28,63
287,293,28,63
287,293,28,63
287,293,28,63
287,293,28,63
288,293,28,63
288,293,28,63
288,293,28,63
288,293,28,63
288,293,28,63
288,293,28,63
288,293,28,63
288,293,28,63
288,293,28,63
288,293,28,63
288,293,28,63
288,293,28,63
288,293,28,63
288,293,28,63
288,293,28,63
288,293,28,63
288,293,28,63
288,293,28,63
288,293,28,63
288,293,28,63
288,293,28,63
288,293,28,63
288,293,28,63
288,293,28,63
288,293,28,63
288,293,28,63
288,293,28,63
288,293,28,63
288,293,28,63
288,293,28,63
288,293,28,63
288,293,28,63
288,293,28,63
288,293,28,63
288,293,28,63
288,293,28,63
288,293,28,63
288,293,28,63
288,293,28,63
288,293,28,63
288,293,28,63
288,293,28,63
288,293,28,63
288,293,28,63
288,293,28,63
288,293,28,63
288,293,28,63
288,293,28,63
288,293,28,63
288,293,28,63
288,293,28,63
288,293,28,63
288,293,28,63
288,293,28,63
