899,298,62,190
892,298,68,188
886,298,75,186
879,298,82,185
872,298,88,183
865,298,95,181
864,298,95,181
863,298,95,181
861,298,95,181
860,298,95,181
851,295,95,181
842,293,95,181
833,291,95,181
824,289,95,181
824,290,89,181
823,291,83,181
823,292,76,181
814,295,76,181
806,297,76,181
798,300,76,181
787,301,76,181
775,302,76,181
763,302,76,181
752,303,76,181
744,302,72,181
737,301,68,181
729,300,63,181
721,298,60,181
712,296,57,181
703,294,54,181
693,295,51,181
682,296,48,181
671,297,46,181
660,298,43,181
650,293,43,181
639,288,43,181
629,283,43,181
623,284,43,181
621,284,43,181
619,284,43,181
617,284,43,181
615,284,43,181
610,284,43,181
606,284,43,181
602,284,43,181
595,283,45,181
589,282,47,181
582,281,49,181
576,280,51,181
573,280,53,181
571,280,55,181
569,280,58,181
567,280,60,181
565,280,62,181
563,280,64,181
561,280,66,181
559,280,68,181
557,281,69,180
556,282,69,179
554,282,70,178
553,283,71,176
551,284,71,175
549,285,72,174
549,285,73,174
549,286,74,173
549,287,75,173
549,287,75,173
549,288,76,172
549,288,77,172
549,289,78,171
549,290,79,171
549,290,80,170
549,291,81,170
549,291,82,170
549,292,82,169
549,293,82,168
549,294,82,167
549,295,82,166
549,296,82,165
549,297,82,164
549,298,82,163
549,299,82,162
549,300,82,161
540,299,90,163
531,299,98,164
523,299,106,165
514,299,114,167
520,299,95,167
526,299,76,167
533,299,58,167
528,299,58,167
524,300,58,167
520,301,58,167
512,299,58,167
505,298,58,167
497,297,58,167
480,292,72,169
463,287,86,171
446,282,100,173
435,282,110,173
424,281,121,173
412,281,131,173
412,280,123,173
412,279,115,173
412,279,101,173
412,279,88,173
389,275,89,173
381,278,98,172
373,280,106,171
365,282,114,169
357,285,122,168
358,283,114,170
359,281,107,172
360,279,99,173
360,279,88,173
360,278,76,173
359,277,65,173
356,278,66,173
353,278,68,173
349,278,69,173
349,278,68,173
349,277,66,173
349,276,65,173
349,275,63,173
348,278,61,173
346,281,58,173
345,284,55,173
343,287,52,173
339,287,50,173
335,288,48,173
330,289,46,173
326,289,44,173
325,283,44,179
325,276,44,185
324,270,44,191
324,263,44,197
323,257,44,203
323,250,44,209
323,252,44,207
323,253,44,206
323,255,44,204
323,256,44,203
323,258,44,201
319,260,46,199
315,263,48,196
311,266,50,193
307,269,52,191
303,271,54,188
299,274,56,185
295,277,58,182
291,279,60,180
287,282,62,177
289,278,62,178
291,275,61,179
293,271,61,180
296,267,60,181
298,263,60,182
283,256,82,182
277,263,80,182
292,263,65,182
269,263,88,182
266,263,91,182
263,263,94,182
261,263,97,182
261,262,89,182
261,260,81,182
261,258,73,182
271,260,65,182
280,261,57,182
301,266,57,182
321,270,57,182
267,264,72,182
265,263,68,182
262,262,63,182
260,261,59,182
259,263,60,182
259,264,60,182
258,266,61,182
258,268,61,182
257,269,62,182
257,271,62,182
258,271,62,182
258,271,61,182
258,272,61,182
259,272,60,182
259,272,60,182
260,273,59,182
260,273,59,182
261,273,58,182
261,274,58,182
262,274,57,182
262,275,57,182
262,275,57,182
261,275,57,182
261,275,57,182
261,275,57,182
260,275,57,182
260,275,57,182
259,275,57,182
259,275,57,182
258,276,57,182
258,276,57,182
257,276,57,182
257,276,57,182
256,276,57,182
256,276,57,182
255,276,57,182
255,276,57,182
255,276,57,182
255,275,57,182
256,274,57,182
256,273,57,182
256,272,57,182
257,272,57,182
257,271,57,182
257,271,57,182
257,271,57,182
256,271,57,182
256,271,57,182
256,271,57,182
256,272,57,182
256,272,57,182
255,273,57,182
254,273,57,182
253,274,57,182
252,275,57,182
251,276,57,182
250,276,57,182
248,276,58,182
245,276,60,182
243,276,61,182
240,276,63,182
238,276,64,182
235,276,66,182
233,276,67,182
231,276,69,182
229,276,70,182
227,276,72,182
225,276,73,182
223,276,75,182
221,276,76,182
220,276,78,182
218,276,79,182
216,276,81,182
214,276,82,182
212,276,84,182
210,276,85,182
208,276,87,182
206,276,89,182
209,276,86,182
211,276,84,182
214,276,81,182
216,276,79,182
219,276,76,182
221,276,74,182
216,276,80,182
210,276,87,182
205,276,94,182
199,276,101,182
193,276,108,182
188,276,115,182
186,280,112,179
184,283,110,176
182,286,107,173
179,289,104,170
177,292,102,167
185,295,99,164
193,298,97,161
201,302,94,158
189,302,100,158
178,302,107,158
166,303,113,158
154,303,119,158
149,296,111,167
144,289,102,176
138,281,93,185
135,278,97,185
131,274,100,186
127,271,103,186
127,261,93,197
127,250,82,207
127,240,72,217
127,234,72,225
126,227,72,232
125,220,72,240
125,220,65,240
125,220,59,240
105,221,60,237
108,219,61,235
111,217,62,232
78,211,64,249
88,221,63,236
98,232,62,224
55,235,85,224
46,247,82,212
36,258,79,201
26,269,75,189
26,272,74,187
26,274,73,184
26,277,71,181
26,280,70,179
26,282,68,176
26,285,67,173
26,288,65,171
18,294,65,163
11,300,65,156
3,306,65,148
3,306,65,148
4,305,65,148
4,305,65,148
4,304,65,147
4,304,65,147
4,303,65,147
5,303,65,147
5,302,65,146
5,302,65,146
5,302,65,146
5,301,65,146
6,301,65,145
6,300,65,145
6,300,65,145
6,299,65,145
6,299,65,144
6,298,65,144
7,298,65,144
7,297,65,144
7,297,65,144
7,299,65,141
6,302,64,139
6,304,64,137
5,306,63,134
6,306,65,134
8,306,67,134
9,306,69,134
10,307,69,134
11,308,69,134
13,309,69,134
19,309,65,134
26,309,62,134
33,309,58,134
38,310,58,133
44,311,58,132
49,313,58,130
52,313,58,130
55,313,58,130
58,313,58,130
61,315,58,128
64,317,58,126
67,319,58,124
78,319,55,124
88,319,52,124
99,318,49,124
102,319,49,124
104,319,49,124
107,319,49,124
109,320,49,124
112,320,49,124
115,320,49,124
117,321,49,124
120,321,49,124
122,321,49,124
125,321,49,124
127,322,49,124
130,322,49,124
132,322,49,124
135,323,49,124
138,323,49,124
139,324,49,123
141,324,49,123
143,325,49,122
145,326,49,121
146,327,49,121
148,328,49,120
150,328,49,119
152,329,49,119
154,330,49,118
155,331,49,118
157,331,49,117
159,332,49,116
161,333,49,116
163,334,49,115
164,334,49,114
166,335,49,114
168,336,49,113
170,337,49,112
172,337,49,112
173,338,49,111
175,339,49,110
177,340,49,110
179,340,49,109
181,341,49,108
182,342,49,108
184,343,49,107
185,339,49,111
186,335,49,115
186,331,49,119
168,333,69,118
174,334,64,116
180,336,58,114
186,338,53,112
187,339,52,111
189,340,52,109
190,341,51,107
192,343,50,105
193,347,49,103
194,345,49,106
194,342,49,108
195,340,49,111
195,337,49,113
196,335,49,116
196,332,49,118
196,324,49,120
196,324,49,121
196,323,49,122
195,323,49,123
195,322,49,124
195,322,49,124
195,321,49,125
195,321,49,125
195,320,49,126
195,320,49,126
194,320,49,126
194,320,49,126
193,320,49,126
193,320,49,126
193,320,49,126
192,320,49,126
192,320,49,126
191,320,49,126
190,319,49,126
189,318,49,126
189,318,49,126
188,317,49,126
187,316,49,126
187,316,49,126
186,315,49,126
185,314,49,126
184,314,49,126
184,313,49,126
185,318,49,126
184,318,49,126
184,318,49,126
183,317,49,126
183,317,49,126
182,316,49,126
190,308,49,134
189,309,49,133
189,309,49,132
188,310,49,131
187,310,49,130
186,311,49,129
186,311,49,128
185,312,49,128
184,312,49,127
183,313,49,126
193,305,49,126
194,305,49,126
195,305,49,127
196,304,49,127
198,304,49,128
199,304,49,128
200,304,49,128
201,304,49,129
202,304,49,129
203,304,49,130
204,304,49,130
205,303,49,131
206,303,49,131
208,303,49,132
209,303,49,132
210,303,49,132
211,303,49,133
212,303,49,133
213,302,49,134
214,302,49,134
215,302,49,135
217,302,49,135
218,302,49,136
219,302,49,136
220,302,49,136
221,302,49,137
222,301,49,137
223,301,49,138
224,301,49,138
226,301,49,139
227,301,49,139
228,301,49,140
229,301,49,140
230,301,49,140
231,300,49,141
232,300,49,141
233,300,49,142
234,300,49,142
236,300,49,143
237,300,49,143
238,300,49,143
239,299,49,144
240,299,49,144
241,299,49,145
241,299,49,145
241,299,49,146
241,298,49,146
241,298,49,147
241,298,49,147
241,298,49,147
241,297,49,148
241,297,49,148
241,297,49,149
241,297,49,149
241,296,49,150
241,296,49,150
241,296,49,151
241,296,49,151
241,295,49,151
241,295,49,152
241,295,49,152
241,295,49,153
241,294,49,153
241,294,49,154
240,294,49,154
240,294,49,155
240,293,49,155
240,293,49,155
240,293,49,155
239,293,49,155
238,293,49,155
237,293,49,155
237,293,49,155
236,293,49,155
235,293,49,155
234,293,49,155
233,292,49,158
232,291,49,161
230,290,49,164
229,289,49,167
227,287,49,170
226,286,49,173
225,285,49,176
220,286,50,176
215,287,51,176
211,287,52,176
206,288,52,176
205,288,52,176
203,288,52,176
202,287,52,176
201,287,52,176
201,287,52,176
201,286,52,176
201,286,52,176
201,286,52,176
201,285,52,176
202,286,52,174
203,287,52,173
204,288,52,171
205,289,52,170
206,290,52,168
207,291,52,166
209,291,52,168
212,291,52,169
214,291,52,171
217,290,52,172
219,290,52,174
222,290,52,175
224,290,52,177
227,290,52,178
229,289,52,180
232,289,52,182
234,289,52,183
239,293,52,180
243,296,52,177
248,300,52,174
252,304,52,171
260,304,56,171
268,304,60,171
275,304,64,171
283,305,68,171
291,305,72,171
301,305,68,171
310,305,64,171
320,305,60,171
330,305,56,171
335,304,56,171
339,304,56,171
344,303,56,171
359,303,56,171
374,303,56,171
389,303,56,171
395,302,56,171
400,302,56,171
406,301,56,171
411,301,56,171
430,301,54,171
449,301,51,171
467,301,48,171
465,302,48,171
463,303,48,171
461,304,48,171
460,305,54,171
459,306,60,171
462,313,61,165
464,319,62,158
466,326,63,152
468,332,64,146
468,332,58,152
474,334,59,146
477,334,58,146
479,334,56,146
482,333,55,146
485,333,54,146
487,333,53,146
490,332,51,146
489,333,51,145
488,333,51,145
487,333,51,145
486,333,51,145
485,333,51,145
484,333,51,145
483,333,51,145
482,333,54,145
481,332,57,146
479,332,59,146
478,331,62,147
477,331,65,147
475,330,67,148
474,330,70,149
480,324,64,153
486,319,58,157
488,317,58,161
490,315,58,165
490,312,58,164
491,309,58,163
491,306,58,162
491,307,58,162
492,308,58,162
493,308,58,162
494,308,58,162
495,309,58,162
496,309,58,162
498,310,58,162
499,310,58,162
500,311,58,162
502,312,56,162
504,312,54,162
506,313,51,162
508,314,49,162
510,315,47,162
512,316,44,162
511,312,46,166
510,307,49,169
509,303,51,172
509,299,53,176
508,295,55,179
508,304,55,170
508,314,55,160
508,323,55,151
508,332,55,142
511,333,55,142
514,334,54,142
518,334,54,142
521,335,54,142
525,335,53,142
530,338,55,142
535,340,57,142
540,342,59,142
540,342,71,142
540,342,82,142
540,342,94,142
541,342,94,142
542,342,94,142
543,342,94,142
544,341,94,142
547,346,91,137
549,351,89,132
551,356,87,127
553,361,84,122
556,366,82,117
558,371,80,112
559,371,80,112
559,371,80,112
560,371,80,112
560,371,80,112
561,370,80,112
562,370,80,112
562,370,80,112
563,370,80,112
563,370,80,112
564,370,80,112
563,370,81,112
562,370,82,112
561,370,83,112
560,370,84,112
559,369,85,113
558,369,86,113
557,369,87,113
556,369,88,113
555,369,89,113
552,368,89,113
548,367,89,113
544,367,89,113
541,366,89,113
537,365,89,113
517,364,89,113
497,362,89,113
476,361,89,113
466,360,90,113
456,359,91,114
445,358,92,114
435,357,93,115
425,356,94,115
415,357,102,111
405,359,109,108
395,360,117,104
385,361,125,100
388,359,120,103
391,357,116,105
394,355,111,108
397,353,106,110
400,351,102,113
403,349,97,115
406,347,92,117
409,345,87,120
412,343,83,122
415,341,78,125
418,339,73,127
421,337,69,130
424,335,64,132
427,333,59,135
426,334,59,135
425,334,59,135
425,334,59,135
424,335,59,135
423,335,59,135
422,335,59,135
422,336,59,135
421,336,59,135
420,336,59,135
419,336,59,135
419,337,59,135
418,337,59,135
417,337,59,135
417,338,59,135
416,338,59,135
415,338,59,135
414,338,59,135
414,339,59,135
413,339,59,135
412,339,59,135
406,339,66,140
399,339,74,145
392,338,81,150
384,338,81,148
376,338,81,147
368,338,81,145
360,338,81,144
357,343,85,139
354,347,90,135
352,351,95,130
349,355,100,126
342,357,102,126
336,358,105,126
329,360,108,126
325,360,108,126
320,360,108,126
316,360,108,126
311,360,108,126
307,360,107,126
303,360,106,126
299,360,105,126
295,360,104,126
291,360,103,126
287,360,102,126
284,356,101,130
280,353,99,133
277,349,97,137
274,345,95,141
270,341,93,145
267,337,91,149
269,332,88,153
270,327,86,158
272,322,84,162
273,317,81,167
275,312,79,171
273,308,79,175
271,304,79,178
269,300,79,182
267,296,79,185
274,291,80,189
281,286,82,193
288,280,83,198
295,275,85,202
288,273,88,204
281,271,91,206
275,269,94,208
268,267,97,210
261,265,100,212
257,268,100,207
253,271,100,202
249,274,100,198
244,277,100,193
247,280,100,189
249,283,100,186
251,286,100,182
253,289,100,178
262,291,100,178
270,293,100,178
278,294,100,178
287,296,100,178
291,295,93,181
295,294,87,184
299,294,80,186
303,293,73,189
308,292,67,192
307,292,67,191
306,293,67,191
305,293,67,190
304,293,67,190
303,293,67,189
302,294,67,188
302,294,67,188
301,294,67,187
300,294,67,187
299,295,67,186
298,295,67,185
297,295,67,185
296,295,67,184
296,296,67,184
295,296,67,183
295,296,65,183
295,296,64,183
295,296,62,183
295,296,61,183
295,296,59,183
295,296,58,183
295,296,56,183
292,296,56,183
289,296,56,183
286,296,56,183
283,298,56,181
281,301,56,178
278,303,56,176
276,306,56,173
271,303,56,174
267,301,56,175
262,299,56,176
258,296,56,177
253,294,56,178
250,294,56,178
247,293,56,178
244,293,56,178
241,292,56,178
239,292,56,178
236,291,56,178
232,291,56,178
229,291,56,178
225,291,56,178
222,291,56,178
219,291,56,178
217,292,55,178
216,293,53,178
215,295,51,178
213,296,50,178
212,297,48,178
209,298,48,175
207,300,48,173
204,301,48,170
202,302,48,168
200,304,48,165
197,305,48,162
197,305,48,162
196,304,48,162
196,304,48,162
195,304,48,162
195,303,48,162
194,303,48,162
194,303,48,162
193,302,48,162
193,302,48,162
192,302,48,162
193,302,54,162
194,303,61,162
194,303,67,162
195,304,73,162
196,304,79,162
197,305,86,162
198,305,92,162
198,305,98,162
199,306,104,162
210,306,100,162
220,307,95,162
231,308,91,162
238,307,86,164
246,306,81,166
254,305,76,168
261,304,71,170
267,303,66,170
274,303,62,170
280,302,58,170
286,302,53,170
288,302,53,170
291,302,53,170
293,302,53,170
296,302,53,170
300,302,53,170
304,303,53,170
304,303,53,171
305,302,53,171
306,302,53,172
307,302,53,172
308,302,53,173
309,301,53,173
310,301,53,174
311,301,53,174
