757,387,24,67
763,387,25,64
770,388,27,62
776,389,28,60
784,390,29,62
792,391,30,64
806,391,33,65
820,392,37,65
837,391,34,61
847,392,34,61
853,392,36,62
858,392,37,63
858,395,32,65
857,397,27,67
856,398,27,67
854,398,27,67
852,398,28,65
849,399,29,64
847,399,30,62
844,399,30,61
842,399,30,61
840,399,30,61
839,399,30,61
837,399,30,61
835,399,29,62
833,399,28,63
831,399,27,63
829,399,26,64
826,397,27,65
824,396,29,66
821,395,30,67
819,393,31,68
816,393,32,67
813,393,34,67
811,392,35,66
808,392,36,65
807,393,35,66
806,393,33,66
805,394,31,66
803,395,30,66
801,396,28,67
799,396,26,68
797,397,24,69
793,397,27,69
790,397,31,70
786,397,34,71
785,399,34,69
785,401,33,67
784,403,32,65
782,403,32,65
781,404,32,66
780,404,30,67
778,405,27,67
777,405,24,68
774,405,25,67
771,405,27,67
768,405,28,66
765,405,30,66
762,405,32,66
758,405,34,65
757,406,35,66
756,407,35,67
754,407,35,67
752,407,34,66
750,407,34,65
748,407,33,64
746,406,31,64
744,405,29,65
742,404,27,65
740,408,28,65
738,413,30,65
746,414,29,64
753,415,28,64
761,417,28,63
769,416,28,62
777,416,29,62
780,417,30,63
782,419,30,64
781,420,28,67
781,422,26,69
778,422,27,69
776,422,27,70
771,420,29,70
766,418,31,71
763,417,34,69
759,417,36,67
759,419,35,66
760,420,34,65
764,422,31,67
768,423,29,69
771,423,29,69
774,423,29,69
778,423,29,69
778,424,29,69
779,425,29,69
780,426,29,68
780,427,29,68
781,428,30,68
782,429,30,68
782,429,30,68
782,430,31,68
782,431,32,68
784,432,32,68
786,433,33,68
788,434,33,68
787,433,33,68
786,432,33,68
785,432,33,68
786,431,33,68
787,431,33,68
788,431,33,68
789,431,35,68
789,431,37,68
790,431,39,68
795,431,40,68
800,432,41,68
805,433,42,68
813,434,40,69
822,435,39,70
831,435,37,71
830,437,37,72
829,439,38,73
829,440,38,73
829,440,38,73
829,440,37,73
829,440,37,73
832,438,35,73
834,436,34,72
836,434,32,71
833,434,34,72
830,435,36,72
827,435,37,73
825,436,37,72
822,437,37,72
820,438,36,72
818,438,35,72
815,438,35,72
813,438,34,71
807,436,36,71
802,434,39,70
796,431,42,70
795,434,42,70
794,434,44,70
792,435,46,70
790,437,45,70
788,439,45,70
786,441,44,70
785,443,43,70
784,444,43,70
783,445,42,71
779,445,41,71
775,445,39,70
770,444,37,70
769,444,36,70
768,444,35,70
767,444,34,70
764,445,34,70
761,445,34,70
758,446,34,70
757,446,34,71
755,446,34,71
753,446,33,71
750,446,33,71
747,445,33,71
744,444,33,71
740,445,33,71
736,445,33,71
731,445,33,71
729,446,33,71
726,448,33,71
724,449,33,71
724,453,31,72
725,458,29,73
737,460,30,74
752,462,29,72
757,464,28,72
754,466,28,72
751,466,28,72
747,464,29,73
743,462,30,74
739,461,31,76
737,459,31,76
734,458,31,76
732,457,31,76
731,458,31,75
731,459,31,74
730,459,30,73
734,461,30,73
737,463,30,73
740,464,30,73
740,464,31,73
739,464,32,73
739,464,33,74
738,464,34,74
741,465,33,74
744,465,33,75
746,466,32,75
748,466,33,75
750,466,33,76
752,467,34,76
753,466,32,76
754,466,31,76
755,465,30,76
754,465,32,76
752,465,34,75
751,465,37,74
752,465,36,75
752,465,36,75
752,465,35,75
753,465,34,75
753,465,33,75
754,465,33,75
754,465,32,75
755,465,31,75
757,465,32,75
759,464,32,76
761,464,33,76
757,464,36,76
753,464,40,75
749,464,43,74
749,464,43,75
750,464,42,75
751,464,42,75
751,464,41,76
751,463,40,76
751,461,39,76
752,459,37,76
752,458,36,76
750,459,35,75
749,461,34,75
747,462,33,75
744,462,34,75
740,462,35,75
737,462,37,76
736,462,36,76
735,461,34,76
734,460,33,76
732,461,34,76
731,462,34,76
730,463,35,76
731,463,34,75
733,462,34,75
734,462,33,74
728,459,36,74
721,455,38,74
714,452,40,74
713,452,39,75
712,451,38,75
711,450,37,75
710,452,36,74
709,454,35,73
708,456,34,72
708,454,33,74
707,451,32,76
707,448,31,79
703,447,31,78
699,446,32,77
695,446,33,76
690,447,35,76
685,448,38,75
680,449,41,75
680,452,39,75
680,454,37,75
680,456,34,75
679,455,33,76
678,454,32,77
677,453,31,77
675,452,30,77
672,451,29,77
669,450,27,76
663,451,31,76
656,451,36,76
649,452,40,76
647,453,40,75
645,454,41,75
642,456,42,75
642,456,40,75
642,457,39,74
641,457,37,74
641,455,37,75
640,453,37,77
639,451,37,78
648,451,36,77
657,451,34,76
663,451,34,76
661,449,37,76
658,447,40,76
656,446,42,76
656,445,41,76
664,444,40,76
680,446,39,76
706,446,43,77
727,446,44,80
740,446,39,81
739,446,35,81
737,446,31,82
731,446,35,82
725,446,38,82
723,450,40,80
721,454,42,78
728,456,40,73
730,456,46,76
734,458,57,76
739,458,45,79
742,461,43,78
746,464,42,77
746,463,38,77
746,462,34,77
743,459,33,79
740,455,32,80
737,451,31,82
736,449,32,82
735,447,33,81
733,446,33,80
732,444,34,79
728,445,34,80
725,447,35,80
721,449,36,81
720,449,35,82
718,450,35,83
717,450,34,84
714,450,35,83
711,450,35,83
708,450,35,82
707,450,39,82
705,450,43,83
703,450,47,83
707,449,47,81
711,448,47,80
716,447,47,79
724,449,44,79
732,451,42,80
740,453,39,81
741,453,37,82
742,453,36,84
743,452,34,85
746,452,34,85
749,451,33,86
752,451,33,86
750,452,35,85
748,453,36,84
746,455,37,83
748,455,37,84
750,455,37,85
752,455,37,85
751,457,36,85
750,459,36,85
749,461,36,84
751,462,38,84
752,464,41,84
753,465,44,85
754,467,46,85
755,467,48,86
756,468,49,86
757,468,51,87
755,467,50,88
754,466,49,89
753,465,48,90
756,467,44,89
759,468,39,89
762,469,34,89
766,470,36,89
770,471,37,89
774,473,38,89
774,474,41,88
774,476,44,87
773,478,48,87
777,479,43,87
781,480,39,88
785,481,35,89
784,481,35,90
784,480,35,91
783,480,34,91
782,480,36,91
780,480,37,91
779,480,39,90
780,483,42,89
780,486,45,87
781,489,48,85
781,489,47,85
781,489,45,85
781,489,43,85
780,488,40,86
779,487,37,87
778,486,33,88
776,487,33,87
773,489,33,86
771,490,33,84
773,491,34,83
775,492,35,82
777,493,36,80
780,493,36,80
783,494,37,80
787,494,38,79
787,496,38,78
787,497,38,76
787,498,38,75
798,499,38,74
809,499,38,74
820,499,38,73
823,495,40,77
826,492,42,81
829,488,44,85
823,487,46,86
818,485,48,88
813,484,49,89
813,487,45,86
813,489,41,84
813,492,37,81
809,492,38,81
806,491,39,81
802,491,40,82
799,490,40,83
797,489,40,84
794,488,40,85
794,488,40,84
794,489,40,84
794,490,40,84
797,492,40,82
800,493,40,81
803,495,40,79
801,495,43,77
800,495,46,76
798,495,48,74
795,494,48,73
792,494,48,72
788,493,48,71
786,493,46,72
784,493,44,72
782,494,42,73
780,494,39,73
776,491,39,73
771,489,39,73
767,486,39,73
762,484,41,72
756,481,42,70
751,478,43,69
748,480,43,69
746,482,43,70
743,484,42,70
739,486,42,71
736,488,42,72
733,489,42,73
730,495,41,71
727,500,40,69
724,505,39,67
719,506,40,66
714,507,42,65
710,508,44,64
703,506,47,64
697,504,50,65
691,502,52,65
689,500,51,67
687,498,49,69
686,495,48,71
684,501,45,67
682,507,42,63
680,512,40,59
675,519,40,54
669,525,40,48
663,531,40,43
662,528,39,45
661,525,38,48
659,523,37,50
656,520,38,53
652,518,38,55
649,516,39,57
657,519,38,54
665,522,37,52
672,524,36,49
699,530,36,44
725,535,36,38
732,532,36,42
739,528,36,46
736,526,36,48
733,524,36,50
730,521,36,52
736,523,36,50
741,525,36,48
746,527,36,46
750,529,35,44
753,531,34,43
757,532,33,41
758,532,35,41
759,531,37,41
760,531,39,41
766,531,38,42
773,530,37,42
779,530,36,43
774,528,38,45
770,525,39,47
765,523,41,49
768,524,40,48
771,526,38,48
775,527,37,47
771,522,39,52
768,517,41,57
765,512,43,62
762,509,41,65
759,506,39,67
757,503,37,70
752,503,37,70
748,504,37,70
743,504,37,70
739,504,37,70
735,503,38,70
731,503,39,70
727,505,39,68
722,507,39,66
717,510,40,64
713,507,39,66
709,505,39,68
705,503,38,70
703,497,42,76
701,491,47,82
699,485,51,89
718,487,40,86
738,490,35,84
757,492,30,81
767,492,27,81
763,492,30,81
759,491,33,82
754,491,35,82
748,491,37,82
743,491,40,83
742,491,37,83
742,491,33,83
742,491,30,83
743,491,30,83
745,491,30,83
747,491,30,83
745,491,30,83
742,491,30,83
740,491,30,83
741,493,30,81
741,495,30,79
742,497,30,77
744,497,29,77
746,497,27,76
748,497,25,76
741,503,24,71
739,502,25,72
737,500,27,73
729,501,27,73
726,500,27,73
723,500,27,73
722,500,24,73
725,497,26,75
734,501,27,73
728,501,28,72
729,502,29,69
713,498,29,71
705,496,27,75
706,495,27,77
704,493,28,78
703,491,28,80
704,483,28,79
703,489,28,75
703,495,28,70
702,501,28,66
705,501,28,68
708,501,28,70
710,501,28,73
712,502,30,71
714,504,31,70
715,505,32,68
712,507,32,66
708,509,31,64
705,511,30,62
694,508,30,65
683,504,30,68
672,501,30,71
667,500,31,72
662,499,31,73
657,498,32,74
652,499,32,74
648,499,32,73
644,500,32,72
643,498,33,74
642,496,33,75
641,495,33,77
641,490,35,81
640,485,36,86
639,480,37,91
638,475,36,89
637,471,35,88
636,467,35,86
629,467,40,86
622,468,45,87
615,468,50,87
619,465,49,87
624,462,49,87
628,460,48,87
631,459,45,88
634,458,42,89
637,458,39,90
638,460,40,90
640,463,40,90
641,466,40,90
646,466,47,90
650,467,54,89
655,468,61,88
662,468,61,88
669,469,61,88
674,470,58,88
678,470,56,88
683,471,53,88
701,471,46,90
720,470,39,91
739,470,31,93
751,472,34,95
756,473,37,93
749,473,41,93
731,471,53,93
724,472,55,91
717,473,56,90
726,474,55,90
735,475,54,90
744,476,53,90
748,476,49,90
752,477,45,90
755,477,40,90
751,475,39,90
747,473,37,91
743,471,35,91
745,469,42,91
747,467,50,90
748,465,57,90
754,463,59,90
760,460,61,91
766,458,63,91
777,460,57,91
787,462,51,92
797,464,46,93
796,461,45,93
794,458,45,94
792,455,45,95
796,453,46,94
799,452,47,92
803,451,49,91
807,452,53,89
811,453,57,88
815,453,61,87
836,456,57,87
857,458,52,88
868,460,51,90
879,462,49,91
875,463,48,92
871,463,46,93
867,463,45,94
866,459,46,92
866,455,47,91
866,451,48,90
857,447,54,89
848,443,60,88
846,439,58,88
844,435,56,88
843,431,51,87
842,427,47,87
841,423,42,86
840,425,41,86
838,427,40,86
836,429,39,86
837,436,39,87
837,442,40,87
837,449,41,88
832,449,44,87
827,449,46,87
821,449,49,87
820,447,45,86
819,444,41,85
817,441,37,84
815,440,35,84
812,439,33,84
810,437,31,84
807,440,31,84
803,442,31,84
800,445,31,84
792,446,38,85
785,447,45,85
777,449,51,85
777,448,47,85
777,447,43,85
777,446,39,85
784,444,37,85
791,442,36,85
798,440,35,84
825,448,35,84
851,455,35,84
867,462,35,84
883,470,36,85
877,470,42,84
870,470,48,83
864,470,54,82
866,465,54,84
867,461,54,87
869,456,54,89
868,454,47,88
866,451,39,87
865,449,31,85
863,449,33,82
861,449,35,80
859,449,37,77
863,450,41,81
867,451,46,85
871,452,50,88
874,451,55,91
878,450,60,93
881,449,65,95
881,448,58,93
881,447,52,91
880,446,45,88
876,447,43,87
871,447,41,85
866,448,39,83
862,447,43,83
859,446,47,83
855,445,51,83
851,445,52,82
847,445,53,82
843,444,54,81
842,444,51,83
841,443,48,86
839,442,46,88
835,436,41,86
831,431,36,85
826,425,31,83
822,425,32,84
817,426,34,85
812,426,35,86
808,424,40,86
803,421,45,85
799,419,51,85
802,416,51,84
806,414,51,84
806,415,54,83
806,416,57,81
806,417,60,80
813,418,54,80
821,418,49,81
828,418,43,82
826,419,45,83
823,420,46,85
821,422,48,86
821,425,49,85
822,429,50,84
822,432,52,84
822,437,49,84
821,442,47,84
821,446,45,85
818,445,41,84
816,445,37,82
813,444,34,81
809,443,36,81
805,443,38,80
802,442,40,80
799,443,42,80
797,444,43,79
795,446,44,79
790,445,47,81
785,444,51,83
780,443,54,85
777,444,50,84
773,445,46,84
770,446,42,83
768,450,42,82
767,453,43,81
765,453,43,81
763,453,44,81
761,453,45,80
767,449,44,81
773,445,43,81
779,441,43,81
802,442,40,80
825,443,37,79
836,442,36,81
848,442,35,82
846,443,34,81
845,443,33,80
841,442,36,79
838,440,38,79
834,438,41,79
833,434,42,79
832,429,42,79
831,424,43,79
838,423,41,79
844,422,39,79
851,420,37,79
852,421,35,79
852,422,34,79
853,423,32,79
851,426,33,78
849,429,33,78
847,432,34,77
843,432,38,77
838,432,43,76
833,432,48,76
832,430,44,76
831,429,41,76
829,428,40,76
827,427,39,77
825,426,39,77
825,429,37,78
825,432,36,79
826,435,34,80
822,438,38,79
819,441,42,78
816,444,46,77
813,445,47,76
810,446,49,76
807,447,50,75
816,450,48,76
824,452,47,78
833,454,45,79
839,457,44,80
845,459,42,80
842,459,39,80
840,458,35,80
838,458,36,80
837,458,36,81
835,458,37,81
845,458,37,79
854,459,36,78
864,460,36,76
870,460,38,76
876,460,39,77
882,459,40,77
881,459,38,77
880,459,36,77
880,459,34,77
890,460,34,77
900,461,34,77
910,462,34,77
904,459,35,77
898,456,37,78
896,456,36,78
895,456,34,78
893,456,33,78
892,456,33,78
891,457,33,77
890,457,33,77
887,457,34,77
884,456,35,77
882,456,36,77
879,455,36,77
876,455,37,77
873,454,37,77
870,454,37,77
868,455,37,77
865,455,37,77
862,454,37,76
860,454,37,75
857,453,37,73
854,451,38,75
852,450,39,76
849,449,40,78
846,449,41,76
843,450,43,74
839,450,44,73
835,451,46,73
830,452,48,73
825,453,49,73
824,452,48,73
823,451,47,73
821,450,46,73
820,449,45,74
819,449,44,74
817,448,42,75
814,449,42,74
811,451,41,74
808,452,40,73
803,453,41,75
799,453,42,77
795,458,43,77
791,463,44,76
787,468,46,76
786,473,43,75
785,478,40,73
784,483,37,72
782,484,36,72
781,484,36,72
779,485,35,71
775,482,36,71
771,479,37,71
767,476,39,71
769,474,41,72
770,472,44,73
771,470,47,73
780,469,44,72
813,463,41,71
850,466,39,71
881,472,36,73
892,485,36,73
896,494,36,73
903,494,31,73
913,482,31,73
919,470,31,67
921,461,31,67
923,461,31,67
924,461,31,67
925,461,31,67
926,461,31,67
927,461,31,67
927,461,31,67
927,457,31,65
926,453,31,63
926,449,31,61
928,449,30,61
930,448,28,61
931,448,26,61
929,447,27,62
926,446,27,62
924,446,28,63
922,445,28,63
920,445,28,63
918,444,28,63
916,442,28,63
914,440,28,63
912,438,28,63
909,438,28,63
907,438,29,63
905,437,30,63
903,437,30,63
901,438,30,63
899,440,30,63
897,441,30,63
894,440,31,63
892,438,32,63
889,437,33,63
887,438,31,64
885,438,30,66
883,439,28,67
880,439,28,67
876,439,28,67
872,440,28,67
865,437,30,66
858,434,32,64
851,432,34,62
850,432,33,63
848,432,32,64
846,432,31,65
844,432,30,66
842,432,29,66
840,432,28,67
840,432,28,67
837,432,28,67
835,432,28,67
832,432,28,67
829,432,31,67
827,432,34,66
824,432,36,66
821,432,39,65
819,432,38,65
817,432,36,65
815,432,34,65
815,432,34,65
815,432,33,65
814,432,32,65
811,432,32,65
809,432,32,65
806,432,32,65
801,432,37,65
796,432,42,64
791,432,47,64
791,433,45,64
790,433,43,64
790,434,42,64
789,433,41,66
789,431,40,67
788,430,39,69
786,429,36,69
783,428,33,68
781,428,30,68
778,430,31,66
776,432,31,65
773,434,32,63
771,433,32,63
768,433,32,63
766,433,33,63
764,433,32,63
763,433,32,62
761,432,31,62
759,433,31,62
758,433,30,62
756,433,29,62
753,433,30,62
750,433,31,62
746,433,32,62
745,433,33,62
744,433,34,62
742,433,35,62
741,432,35,63
740,430,36,63
739,429,36,64
737,429,34,64
736,428,31,65
735,428,28,65
733,427,28,65
731,427,28,64
729,426,28,64
727,426,29,62
725,426,30,60
724,426,31,59
722,428,31,58
720,430,31,58
719,432,30,57
718,430,30,59
716,428,29,60
715,426,29,62
713,426,30,61
711,426,31,61
709,425,32,61
707,426,33,61
704,427,34,61
701,427,35,60
698,428,36,60
697,427,36,60
695,426,36,59
694,424,36,59
693,425,34,59
692,426,33,59
692,426,31,59
691,426,31,60
690,425,30,61
689,424,30,61
685,425,32,60
682,425,33,59
678,426,35,58
678,426,32,58
678,426,30,58
678,426,28,58
677,426,28,58
677,425,28,58
676,425,28,58
673,425,27,58
671,424,26,58
669,424,25,58
665,424,26,58
662,423,27,58
659,423,28,57
655,422,29,57
654,422,29,57
652,422,29,57
650,422,30,57
648,422,30,57
647,422,28,57
646,421,26,58
646,421,24,58
644,421,25,57
643,421,25,57
642,421,26,57
641,421,26,56
639,421,26,56
637,421,26,55
635,422,26,54
632,422,26,53
631,422,26,53
630,421,26,53
628,421,26,53
627,420,25,54
625,419,25,54
624,419,24,55
622,418,24,55
619,418,25,55
616,418,27,55
614,418,29,54
611,419,31,54
610,419,29,54
609,419,27,54
608,419,26,54
607,418,25,55
606,418,25,55
605,417,25,56
604,417,25,57
602,416,25,57
599,416,26,57
597,415,27,57
595,416,28,56
594,417,28,55
592,417,29,53
590,418,28,53
589,418,27,52
587,419,26,51
586,418,25,51
585,417,25,52
584,417,24,53
584,416,24,53
580,417,26,53
576,417,29,52
572,418,31,51
572,417,30,51
572,417,28,52
571,417,27,52
571,416,26,53
569,416,25,53
568,416,24,53
567,416,23,53
565,416,22,53
564,416,22,53
562,416,22,53
560,416,23,53
559,416,23,53
555,415,24,53
551,415,24,53
541,414,25,53
526,411,24,54
507,413,24,54
500,414,23,53
492,415,23,53
493,415,23,53
494,416,23,53
494,416,23,53
497,415,23,52
501,414,24,50
504,414,24,49
517,419,20,50
530,425,20,50
543,425,21,50
551,422,21,50
561,417,21,50
567,413,21,50
576,412,21,50
589,415,21,50
603,418,21,50
620,416,21,48
637,415,21,46
641,415,21,46
645,414,21,46
649,414,21,46
658,415,21,47
667,417,21,48
676,418,21,49
684,419,21,49
685,418,22,50
687,417,22,51
690,414,22,49
693,410,22,48
702,412,22,48
710,415,23,48
713,416,22,49
711,416,24,49
709,416,26,48
707,416,28,48
705,416,27,48
704,416,26,48
703,415,25,48
703,412,24,49
702,409,24,51
701,406,23,52
700,406,23,52
698,406,23,52
696,407,23,52
694,407,24,51
693,407,24,50
691,407,25,49
690,407,25,49
689,407,25,49
688,407,25,49
686,407,25,49
685,407,25,49
683,406,25,49
681,406,25,49
679,406,25,49
677,406,26,48
675,407,27,48
672,406,27,48
670,406,28,48
667,406,28,48
664,406,29,48
664,406,26,48
664,406,24,48
664,406,22,48
663,405,22,48
661,404,23,49
660,403,23,49
658,403,23,49
657,402,23,49
655,402,23,49
653,402,24,48
651,402,25,47
649,402,26,46
648,402,25,47
647,402,25,48
646,402,24,49
644,401,24,49
642,401,24,50
641,401,24,50
639,400,24,50
637,399,24,50
635,399,24,50
633,399,24,49
630,399,25,49
628,399,26,48
626,399,25,48
625,399,25,48
624,399,24,48
622,398,23,48
621,398,22,48
619,397,21,48
617,397,21,48
616,397,21,48
615,396,21,48
612,396,21,48
610,397,21,48
607,397,21,48
606,396,21,48
604,396,21,48
602,395,21,48
600,395,22,47
597,395,22,46
594,394,23,46
592,394,22,46
591,394,22,46
590,394,21,46
588,394,22,46
585,394,23,46
583,393,23,46
581,393,23,46
580,392,22,46
578,392,21,47
577,392,22,46
575,393,22,45
573,393,22,44
572,393,21,43
570,393,20,42
569,393,19,40
567,393,19,41
564,393,19,42
562,393,20,42
561,393,20,42
559,393,20,41
557,392,20,40
555,393,20,40
553,393,19,39
551,393,18,39
550,393,18,39
549,393,18,39
548,393,18,39
545,392,18,39
543,391,17,40
540,391,17,40
539,390,17,40
538,390,17,40
537,390,17,40
536,390,17,40
536,390,17,40
535,391,17,40
534,391,18,41
533,391,18,42
532,391,19,42
531,390,19,42
529,390,19,42
528,390,18,42
527,390,18,43
526,390,17,43
524,390,16,43
522,390,16,44
