738,101,32,48
738,102,32,49
738,102,32,49
738,102,31,48
738,102,28,49
738,102,29,48
740,102,29,49
738,103,29,48
738,104,29,47
737,102,29,48
735,103,31,48
737,103,29,48
738,101,26,51
737,102,26,48
737,103,24,50
737,100,26,51
735,102,28,50
733,102,26,49
732,104,31,48
732,102,29,50
730,103,34,48
728,103,34,50
728,102,31,50
728,103,32,49
728,103,32,49
730,104,29,46
728,103,28,47
727,102,32,50
728,102,29,49
728,102,29,50
727,103,29,49
725,101,28,51
728,102,26,50
724,101,28,51
722,103,29,48
722,103,29,49
720,103,31,49
720,102,32,48
716,102,36,50
717,103,32,49
712,103,34,48
712,102,37,50
712,102,37,51
716,101,32,50
714,101,34,51
712,100,36,51
712,101,37,50
711,102,36,48
711,104,36,48
711,103,32,48
711,103,31,49
707,103,34,48
712,101,26,50
707,102,26,49
704,102,31,48
703,102,34,49
703,102,32,47
701,101,34,50
701,102,32,49
701,102,31,47
699,101,32,50
699,101,32,49
698,102,34,46
698,100,32,51
696,100,34,49
695,101,32,50
695,101,32,49
695,103,32,48
695,104,32,48
695,103,34,47
693,101,32,48
693,101,31,46
691,100,26,47
691,100,26,46
691,101,24,46
693,101,21,46
686,99,26,52
688,100,26,47
688,100,26,51
685,101,31,48
685,102,29,47
686,100,29,50
683,101,28,50
683,99,26,49
682,100,32,48
682,99,29,47
673,98,34,49
670,100,34,49
667,100,39,49
673,99,24,46
672,99,26,51
672,100,24,47
662,99,36,51
659,98,32,52
661,99,37,53
670,100,23,44
661,100,36,51
661,100,36,51
657,100,37,52
657,98,31,52
657,100,31,51
657,101,28,52
659,101,26,51
657,101,28,51
652,98,29,54
654,99,26,52
648,100,32,50
644,98,31,53
648,97,32,52
644,98,32,51
644,100,34,50
643,101,36,51
646,102,32,50
648,100,28,49
644,101,31,50
644,102,31,49
644,101,31,50
646,101,29,52
644,101,24,50
643,101,24,51
643,99,28,52
641,102,24,49
643,102,24,51
639,101,26,51
636,101,31,51
636,102,29,50
635,101,29,48
635,102,31,51
635,102,29,50
635,101,26,51
633,102,29,52
631,101,29,51
631,101,29,51
628,101,29,50
630,101,26,53
628,103,24,50
628,101,24,52
625,101,26,50
623,101,26,50
623,102,26,49
618,102,32,49
618,99,31,51
617,101,34,50
617,102,31,50
618,99,28,52
617,100,31,51
618,100,31,51
617,100,28,52
617,98,29,53
615,98,29,53
614,99,32,49
615,97,29,55
612,97,31,54
612,98,31,52
612,97,34,52
614,96,34,54
609,97,39,52
610,97,39,53
612,96,39,52
610,97,37,51
612,98,36,52
610,96,39,52
615,96,32,52
612,95,39,51
612,97,36,51
610,96,36,52
609,98,40,48
612,95,31,49
612,97,29,51
610,96,29,51
609,98,29,51
609,98,29,52
610,97,26,53
607,98,31,51
609,99,26,50
605,99,28,49
607,98,28,53
605,97,26,52
607,98,26,53
604,97,31,52
605,97,26,52
605,99,28,51
604,97,29,53
602,98,28,53
599,97,32,51
599,97,31,53
601,98,31,51
599,98,32,51
601,100,34,51
601,99,31,52
599,100,31,51
599,100,26,51
596,100,29,55
597,100,28,52
596,103,29,52
596,102,29,52
597,104,29,49
597,102,29,51
596,101,24,52
593,104,31,48
596,102,24,51
593,100,29,52
593,103,26,51
589,103,29,51
591,101,29,53
589,103,29,51
593,103,24,51
589,103,26,52
588,103,29,54
589,104,26,52
586,104,28,54
588,104,28,54
584,103,31,53
588,105,29,50
581,105,37,52
581,104,34,52
583,104,28,53
581,105,32,50
583,106,26,51
580,105,29,51
576,107,32,51
575,104,32,54
576,104,28,55
575,101,29,55
575,100,28,54
576,100,24,53
573,100,29,55
568,100,34,54
563,97,39,55
565,97,36,56
560,97,39,56
565,100,36,51
563,99,36,53
562,99,36,54
560,101,32,53
563,100,26,53
563,101,26,53
562,98,29,54
562,102,29,55
560,104,29,53
555,102,32,55
560,107,29,48
557,103,31,55
559,104,29,53
554,105,31,57
555,105,31,58
554,108,28,56
552,109,29,55
549,108,29,55
549,109,31,58
547,111,28,56
546,113,28,58
546,113,28,58
544,119,26,55
539,119,34,56
534,121,36,53
533,122,37,52
531,121,39,53
533,120,37,53
531,119,39,53
534,121,31,52
531,122,34,52
533,123,31,53
529,123,31,51
531,122,26,52
531,119,28,55
528,118,29,51
526,120,32,53
521,119,32,53
523,123,34,51
521,120,37,54
520,125,39,50
520,120,34,54
523,121,34,52
521,118,32,53
521,118,28,53
520,118,28,52
520,117,28,55
521,117,26,54
521,117,26,51
516,115,31,53
518,113,28,56
518,116,28,52
513,114,34,55
515,116,31,54
513,114,36,55
512,116,37,54
513,113,31,56
512,114,34,56
512,116,31,54
512,116,29,56
510,117,31,54
508,118,32,54
505,119,32,52
513,119,26,53
510,118,28,54
510,115,26,55
507,118,28,53
510,118,24,55
510,117,26,53
507,119,28,52
507,121,28,50
507,117,31,55
508,117,26,53
507,117,31,54
507,118,29,50
508,118,24,50
505,114,28,54
505,116,31,53
507,116,26,53
502,116,32,53
503,113,29,57
503,114,31,55
503,112,28,56
502,113,28,55
500,110,28,60
499,109,31,59
495,109,32,59
497,110,31,57
492,115,36,54
486,113,39,57
486,114,40,54
484,112,39,56
486,112,37,56
486,115,40,53
486,114,39,52
482,116,42,52
482,112,39,57
484,113,36,56
481,112,36,57
479,112,36,56
476,113,37,56
474,113,39,52
473,113,31,53
471,112,34,55
466,111,37,56
466,109,32,59
469,108,31,54
469,108,36,57
468,109,32,59
468,111,29,53
466,112,29,56
465,114,32,60
460,112,36,59
455,114,34,60
453,115,36,59
452,112,37,59
450,111,32,59
450,113,34,55
448,113,36,55
445,111,36,58
439,112,45,58
439,113,45,58
434,114,50,52
432,112,47,56
434,115,42,54
432,113,44,58
432,114,37,55
431,112,37,57
431,110,36,59
431,112,34,59
426,113,31,56
426,113,31,56
424,112,31,59
426,111,29,58
421,112,29,55
419,113,32,54
416,113,37,53
416,114,31,55
414,113,29,54
414,114,34,55
411,113,34,56
410,112,31,56
406,112,32,54
406,113,29,58
405,115,29,50
403,114,26,58
400,117,28,53
400,115,29,54
397,114,31,54
398,115,31,52
392,114,31,53
392,115,37,54
387,117,34,52
389,114,36,54
389,116,34,55
385,113,34,58
377,113,36,50
380,112,34,53
379,110,31,58
377,110,29,58
376,111,32,55
376,112,31,57
374,112,32,53
374,111,31,56
374,110,32,59
371,111,29,54
369,111,32,55
364,112,32,54
366,114,31,53
364,113,32,59
361,112,36,55
361,112,29,55
359,111,31,55
358,112,29,57
356,112,29,60
356,112,28,57
356,112,28,57
351,112,32,56
350,111,26,51
346,111,36,55
345,112,29,52
343,111,28,51
338,112,31,52
337,113,29,51
340,111,24,53
333,111,32,51
333,113,31,53
330,112,31,54
330,112,31,54
329,114,31,54
324,115,37,50
322,114,42,52
322,114,34,49
321,114,34,58
317,114,31,51
317,114,34,52
316,114,29,54
314,114,29,50
311,114,31,44
309,112,29,46
309,114,28,47
306,114,28,50
304,115,31,49
301,115,29,46
303,116,29,49
299,117,28,44
299,117,23,50
298,117,29,47
291,117,26,48
290,118,26,51
285,117,29,50
282,117,34,52
283,116,29,52
280,118,31,50
275,119,34,49
277,117,32,50
277,115,28,51
275,114,34,50
277,114,31,52
274,116,26,52
269,115,34,46
269,115,31,50
267,116,29,42
264,115,37,48
259,115,37,48
261,116,36,49
259,119,32,53
259,117,31,52
254,117,29,50
249,116,31,52
249,115,31,47
251,117,28,48
246,116,28,50
248,117,29,55
244,118,31,53
243,117,26,75
238,117,32,61
236,116,34,67
235,119,31,66
233,119,28,63
230,117,28,65
228,119,28,64
228,118,26,65
225,117,28,65
225,118,26,64
222,121,24,57
219,120,28,61
215,121,32,60
210,119,36,60
209,120,34,64
209,118,34,62
209,119,34,60
209,119,34,60
210,119,31,60
206,120,34,63
206,119,31,60
207,119,32,62
206,117,34,62
202,116,36,61
206,118,32,61
204,122,31,59
202,119,34,61
196,122,36,58
193,121,40,65
189,123,45,65
193,123,42,65
189,122,39,67
189,123,39,58
188,122,32,60
183,122,36,62
181,123,28,62
178,126,34,54
176,127,31,57
170,131,31,58
173,139,32,55
168,132,32,62
168,138,32,59
172,136,26,53
168,133,24,56
164,132,26,52
164,130,26,55
165,132,23,57
159,133,28,55
160,132,26,57
154,134,29,56
154,132,29,60
154,134,29,56
152,133,28,62
147,132,26,60
147,131,31,58
144,131,28,57
144,131,32,56
141,132,29,59
144,131,21,60
139,132,28,58
139,130,29,63
138,131,29,65
138,131,29,60
136,130,31,61
138,131,28,60
136,131,26,60
131,132,23,56
130,133,24,65
126,133,29,58
126,132,28,65
123,133,28,67
123,133,23,65
118,134,31,64
121,134,29,66
117,136,32,61
117,135,31,63
113,135,32,65
112,138,28,58
107,136,29,69
107,140,31,62
107,140,29,62
104,145,36,58
105,143,34,57
107,147,26,59
100,147,28,52
102,144,29,62
100,144,32,64
99,139,29,64
92,137,32,70
96,137,31,70
87,139,36,67
89,142,32,63
94,145,29,67
89,144,32,63
96,147,26,59
86,144,34,65
84,146,29,62
84,144,29,65
86,142,26,76
81,149,28,59
81,144,26,59
76,143,23,58
76,144,24,57
