913,238,45,127
907,233,49,123
898,239,62,130
898,238,62,132
897,236,63,128
890,233,68,126
886,235,70,123
886,236,68,123
884,235,62,124
879,235,63,125
874,236,68,125
873,234,57,122
874,233,52,120
869,237,55,119
869,231,52,120
860,226,52,125
861,227,44,123
852,226,52,126
845,225,53,126
843,226,50,124
834,224,55,123
830,225,52,123
829,222,49,127
826,225,49,125
824,225,50,124
822,224,52,126
814,225,53,122
814,223,49,124
809,224,52,123
806,224,55,122
805,224,44,122
800,224,47,122
798,225,47,122
793,225,53,120
790,225,50,121
782,227,55,120
780,226,50,120
772,224,53,122
769,225,50,121
762,225,62,122
762,225,52,120
753,224,57,120
751,228,57,118
754,227,40,117
751,224,40,117
745,221,44,118
741,221,42,115
740,221,42,115
737,223,44,109
732,222,44,109
733,221,42,115
732,223,45,102
727,224,44,103
725,225,44,103
725,219,40,107
719,229,42,101
719,227,40,107
716,228,40,107
711,227,40,99
706,229,40,102
701,231,39,99
701,228,39,100
703,230,36,96
693,232,40,96
695,232,40,96
696,230,36,96
695,231,36,93
688,230,37,96
678,230,37,97
669,230,36,96
667,229,36,96
665,229,36,96
656,230,36,96
643,234,37,99
633,233,37,99
631,236,37,95
615,239,37,95
623,231,36,94
602,233,36,97
605,230,36,97
580,232,36,97
559,232,34,94
520,233,36,92
500,229,34,94
526,223,34,97
516,228,36,95
510,228,34,94
505,222,32,95
505,228,34,96
499,227,36,93
497,232,36,94
492,237,37,92
495,235,34,98
499,223,36,99
495,234,36,100
512,226,36,100
507,232,36,101
528,228,36,101
533,223,36,99
544,218,47,101
550,220,36,99
541,225,34,98
528,231,34,97
526,230,34,96
555,224,34,97
546,226,40,97
555,223,34,96
544,223,44,98
539,221,37,96
542,225,36,88
539,223,34,96
539,227,40,92
536,228,34,98
539,223,36,100
533,230,32,79
533,231,32,74
526,230,40,78
521,227,42,88
520,228,39,106
515,232,50,105
512,229,49,103
508,232,50,100
507,230,45,104
503,228,47,102
502,225,49,103
500,226,47,100
489,227,63,104
481,225,68,106
476,228,79,102
481,230,74,100
482,228,73,103
479,229,71,101
478,223,68,108
473,226,63,106
481,223,50,107
479,226,45,102
478,220,47,111
474,220,45,106
478,222,49,103
474,221,55,102
474,221,57,103
478,220,52,102
473,224,60,99
466,222,60,99
468,222,49,92
461,222,52,94
461,221,47,95
461,221,44,97
457,221,45,97
450,220,49,97
450,215,49,94
448,214,45,95
444,218,40,81
444,219,40,90
442,215,39,91
432,219,50,86
439,215,42,87
426,218,42,91
413,223,32,95
406,220,39,94
397,217,32,95
393,220,32,95
384,217,32,95
377,221,32,95
363,217,32,95
359,218,32,95
343,214,32,95
343,218,32,95
342,211,32,95
343,218,32,95
333,221,32,95
337,215,32,95
321,219,32,95
343,225,32,95
343,223,32,95
340,219,32,95
330,226,32,95
350,232,32,95
924,211,32,95
340,225,32,95
324,221,32,95
317,219,32,95
324,221,32,95
317,217,32,95
319,222,32,95
308,214,45,91
309,222,42,78
311,217,36,78
301,217,40,69
301,221,34,81
303,219,39,75
299,220,36,67
293,222,32,82
0,0,0,0
293,220,44,73
282,223,40,78
280,222,52,79
283,223,44,80
278,218,37,102
270,221,50,103
267,220,53,100
265,220,49,103
259,221,50,103
253,221,58,102
253,222,57,100
244,225,60,99
243,222,62,102
235,224,73,103
235,226,66,101
235,226,63,99
223,223,63,104
225,223,53,103
215,223,55,105
207,222,55,110
198,222,63,107
191,221,65,108
188,222,66,106
181,222,73,108
188,220,63,103
181,224,68,103
155,224,73,103
155,224,73,106
154,225,68,101
151,224,65,105
147,222,62,104
146,221,60,108
141,220,63,106
136,218,63,107
134,218,65,108
133,218,63,107
126,220,68,107
115,221,65,107
104,220,74,106
104,222,73,103
104,219,74,107
105,220,71,107
102,219,63,109
99,220,58,108
99,221,52,108
97,221,50,110
