580,314,12,33
580,314,12,31
579,313,13,32
579,313,13,34
578,313,13,35
578,312,13,37
577,312,13,37
577,312,13,37
577,312,13,37
576,312,13,37
576,312,13,37
576,312,13,37
575,313,14,37
574,314,14,37
573,314,14,37
573,314,14,37
572,314,14,37
572,315,14,37
571,315,14,37
571,315,15,37
571,315,15,37
571,315,15,37
570,314,16,38
570,313,17,40
570,312,18,41
569,311,18,42
570,310,17,43
571,309,16,44
572,308,15,46
572,308,15,45
572,308,15,44
572,309,15,43
572,309,15,43
572,309,15,42
572,309,15,41
572,309,15,41
573,309,15,41
573,309,15,41
574,309,14,41
574,310,14,41
574,310,14,41
574,310,14,40
574,311,14,40
574,311,14,40
574,311,14,40
574,311,14,40
573,311,14,40
573,310,14,40
573,310,15,40
573,310,15,40
573,310,15,40
573,309,15,40
573,309,15,40
573,309,15,40
573,309,15,40
572,308,15,40
573,309,15,39
573,309,15,39
573,310,15,38
573,310,15,37
573,311,15,37
573,312,15,36
573,312,15,36
573,312,15,36
573,313,15,36
573,313,15,36
573,313,15,36
572,314,15,36
573,314,16,36
573,313,16,36
574,313,17,36
574,313,18,36
574,313,18,36
575,313,19,36
575,313,20,36
575,312,21,36
575,312,21,36
575,312,20,36
575,312,20,36
575,312,20,36
575,312,20,36
575,312,20,36
575,312,20,36
575,312,20,36
575,312,20,36
575,312,20,36
576,313,20,36
576,313,20,36
577,313,20,36
577,313,20,36
578,314,20,36
577,314,19,36
577,314,19,36
577,314,19,36
577,314,19,36
576,314,19,36
576,314,18,36
576,313,18,36
576,313,18,36
575,313,18,36
575,314,18,36
575,314,18,36
575,314,18,36
575,315,18,36
575,315,18,36
575,315,18,36
574,315,18,36
574,315,18,36
574,315,18,36
573,315,18,36
573,315,18,36
573,315,18,36
572,315,18,36
572,314,18,36
571,314,18,36
571,314,18,36
570,315,18,36
570,315,18,36
570,315,18,36
569,315,18,36
569,315,18,36
569,314,18,36
569,314,18,37
569,313,18,37
569,313,18,37
569,312,18,38
569,311,18,38
569,311,18,38
569,311,18,38
569,311,18,38
569,311,18,38
568,311,18,38
568,311,18,39
568,312,19,39
567,312,19,40
567,312,20,41
567,310,20,41
568,308,20,42
568,305,20,42
568,306,20,42
569,306,20,42
569,307,20,42
570,307,20,42
570,308,20,42
571,308,20,42
571,308,20,42
572,308,20,42
572,310,20,40
572,312,20,39
572,314,20,37
572,315,20,35
572,315,20,35
572,316,20,35
572,316,20,35
572,316,20,35
572,315,20,35
572,315,20,35
572,314,20,35
572,314,20,35
572,313,20,35
572,312,20,36
572,311,20,37
572,309,19,38
571,308,19,39
571,307,19,40
572,307,18,40
573,308,17,40
573,308,16,40
574,308,15,40
574,309,15,39
574,310,15,38
574,311,15,37
574,312,15,37
574,315,15,34
574,317,14,32
574,319,14,29
574,318,14,30
575,317,14,31
575,316,14,33
575,315,13,34
575,315,13,34
575,314,13,34
575,314,13,35
575,313,13,35
575,313,13,36
575,313,13,36
575,312,13,37
575,311,13,37
575,311,13,38
575,310,13,38
575,310,13,39
575,309,13,39
575,309,13,40
575,308,13,41
575,309,13,40
575,309,13,40
575,310,13,39
575,310,13,39
575,311,13,38
575,311,13,37
575,312,13,37
575,312,13,36
575,313,13,36
575,313,13,36
574,313,13,36
573,313,13,36
573,313,13,36
573,312,13,37
573,311,13,38
573,311,13,38
573,310,13,39
571,311,14,38
572,311,14,38
572,311,14,38
572,311,14,38
572,311,15,38
572,310,15,38
572,309,15,39
572,309,15,39
572,308,15,39
572,307,15,40
572,306,15,40
572,306,15,40
572,306,15,40
572,306,15,40
572,306,15,40
572,306,15,40
572,306,15,40
572,306,16,40
572,306,16,40
572,306,16,41
572,306,16,41
572,306,16,41
572,306,16,42
571,306,16,42
571,306,17,42
570,306,17,42
570,306,18,42
570,307,18,41
570,307,19,40
570,308,20,40
570,309,20,39
570,310,21,38
570,310,22,38
570,311,23,37
570,312,23,36
570,312,23,36
571,312,23,36
571,311,23,36
571,311,22,36
571,311,21,36
571,311,20,36
571,311,20,36
571,311,19,36
571,311,19,37
571,311,19,37
571,310,19,37
571,310,19,38
571,309,19,38
571,309,19,39
571,309,19,39
571,309,19,39
571,309,19,39
571,309,19,39
571,309,19,39
571,309,19,39
571,309,19,39
571,309,19,39
571,310,19,39
571,310,19,39
571,310,19,39
571,310,19,39
571,310,19,40
571,310,19,40
571,310,19,41
571,309,19,41
571,309,19,41
571,309,19,42
571,309,19,42
571,309,19,42
571,309,19,42
571,309,19,42
571,310,19,42
571,310,19,42
571,310,19,42
571,310,18,42
571,310,18,42
571,310,18,42
571,310,18,42
571,310,18,42
572,310,18,42
572,310,18,42
572,310,18,42
572,310,18,42
572,310,18,42
572,310,18,42
572,310,18,42
571,310,17,42
571,309,17,42
571,309,17,42
571,309,17,42
571,309,17,42
571,309,17,42
570,308,17,43
569,307,17,44
569,306,17,45
568,305,17,46
571,305,17,46
573,304,17,46
576,304,17,46
578,304,17,46
581,304,17,46
588,300,17,50
596,300,17,50
622,299,17,50
627,300,17,50
630,301,17,50
636,301,17,50
627,301,17,50
618,300,17,50
608,299,17,50
599,298,17,50
598,301,17,46
594,302,17,46
588,303,17,45
582,305,17,43
582,304,17,43
582,303,17,43
582,303,17,43
582,302,17,43
582,302,17,43
582,301,17,43
582,300,17,43
582,300,17,43
581,300,17,43
581,299,17,43
580,299,17,43
579,299,17,43
579,299,17,43
578,299,18,43
577,299,18,43
577,299,19,43
576,299,20,43
575,299,20,43
576,299,20,43
576,299,20,43
576,300,20,43
576,300,20,43
577,300,20,43
577,300,20,43
577,300,20,43
577,300,19,43
577,300,19,43
577,300,19,43
577,301,19,43
577,301,19,43
577,301,19,43
577,301,19,43
577,301,19,43
577,301,19,43
577,301,19,43
577,301,19,43
577,301,19,43
577,301,19,42
577,301,19,42
577,301,19,42
577,301,19,42
577,302,19,42
577,302,19,42
577,302,19,41
577,303,19,41
578,303,19,41
579,303,19,41
579,303,19,41
580,303,19,41
580,303,18,41
581,303,18,41
581,303,18,41
582,303,18,41
583,303,18,41
583,303,18,41
584,302,18,41
585,302,18,41
585,303,18,41
585,303,18,40
585,304,18,40
586,304,17,40
587,305,16,40
588,305,16,40
588,305,16,40
588,305,16,40
588,304,16,41
589,304,16,41
589,304,16,41
589,303,16,42
589,303,16,42
589,303,16,42
589,303,16,42
588,303,16,42
588,303,16,42
588,303,17,42
587,303,17,42
587,302,18,42
587,303,18,41
588,303,18,41
588,304,18,40
589,304,18,40
589,305,18,39
589,305,18,39
589,306,18,38
589,306,18,38
589,305,18,39
589,304,18,40
589,303,18,41
589,302,18,42
589,302,18,42
590,302,18,42
590,302,18,42
590,301,18,42
589,301,19,42
589,301,19,42
588,301,20,42
587,301,21,42
582,301,21,42
578,301,21,42
574,301,21,42
574,300,21,43
574,299,21,45
574,297,21,46
575,297,21,46
575,297,21,46
576,297,21,46
576,298,21,45
576,299,21,45
576,299,21,44
576,300,21,44
576,301,21,42
576,302,21,41
576,303,21,40
576,304,21,39
575,304,22,39
574,304,23,39
572,304,24,39
575,304,24,39
578,304,24,39
578,304,24,39
578,304,24,39
578,304,24,39
578,304,24,39
578,304,25,39
578,304,25,39
578,304,25,39
578,304,25,39
577,303,25,41
576,302,24,43
576,302,25,43
576,302,26,43
576,302,26,43
576,302,26,43
576,302,26,43
575,302,25,43
574,302,25,43
573,301,25,43
572,300,25,43
571,300,25,43
571,299,25,43
571,299,25,43
571,299,25,43
571,299,25,43
571,299,26,43
572,299,26,43
572,299,26,43
572,299,26,43
572,299,27,43
572,299,27,43
573,299,27,43
573,299,27,43
573,299,27,43
573,299,28,43
573,299,28,43
573,298,28,43
573,298,28,43
573,298,28,43
573,297,28,43
573,297,28,43
573,297,28,44
573,297,28,44
573,297,28,45
573,298,28,44
573,299,28,43
573,300,28,42
573,301,28,42
573,301,28,42
572,302,28,42
572,303,28,41
572,305,28,39
571,302,28,42
572,301,28,43
573,299,28,43
573,300,28,43
573,300,28,43
573,300,28,43
573,300,28,43
573,300,28,42
573,300,28,42
573,300,27,42
573,300,26,42
573,300,25,42
573,300,24,42
573,300,24,43
573,300,24,43
573,300,24,44
573,300,24,44
573,300,23,44
573,300,23,44
573,300,22,44
573,300,22,44
574,302,22,43
575,303,22,42
575,304,22,41
575,305,22,40
575,307,22,38
575,308,22,37
575,309,22,36
575,312,22,33
575,314,22,31
575,316,22,29
575,316,22,29
575,315,22,30
575,315,22,30
575,314,22,31
575,313,22,32
575,313,22,32
575,311,22,34
575,310,22,35
575,308,22,37
575,308,21,37
575,308,21,37
575,308,21,37
575,308,21,37
575,308,21,37
575,308,20,37
575,308,21,37
575,308,21,37
575,308,22,37
575,308,22,37
575,308,22,37
575,308,22,37
575,308,22,37
575,307,22,37
575,307,22,37
575,307,22,37
575,306,22,37
575,306,22,37
575,306,22,38
575,305,22,38
575,305,22,38
575,304,22,39
575,304,22,39
575,304,22,40
575,303,22,40
575,303,22,40
575,303,22,40
575,303,22,41
575,302,22,41
575,302,22,41
575,302,22,42
575,301,22,42
575,300,22,43
575,299,22,45
575,297,22,46
575,296,22,47
575,297,22,46
575,298,22,45
575,300,22,44
575,301,22,42
575,302,22,41
575,302,22,41
576,302,22,41
576,302,22,41
576,302,22,41
576,302,22,41
576,302,22,41
576,303,22,41
576,303,22,41
575,303,22,41
574,303,22,41
574,303,22,40
573,304,22,40
573,304,22,40
573,305,22,39
573,305,22,39
573,306,22,38
573,306,22,38
573,306,22,38
573,305,22,39
573,305,22,39
573,304,22,40
573,304,22,40
573,303,22,41
573,303,22,41
573,303,22,41
573,302,22,42
573,302,22,42
573,301,22,42
574,301,22,42
574,300,22,42
575,299,22,42
575,300,22,42
575,300,22,42
575,300,22,42
575,301,22,41
575,302,22,40
575,302,22,40
575,303,22,39
576,303,22,39
578,303,22,39
580,303,22,39
580,303,21,39
580,303,19,39
580,303,18,38
580,303,17,38
579,303,17,39
579,303,17,39
578,302,17,39
578,302,17,40
578,300,17,42
578,298,17,43
578,296,17,45
578,297,17,45
579,297,17,45
580,297,17,45
581,297,17,45
581,298,17,45
581,299,17,44
581,301,17,44
584,301,17,44
588,301,17,44
591,301,17,44
594,301,17,44
598,303,17,43
601,305,17,43
602,305,17,43
603,305,17,43
603,305,17,42
603,306,17,42
603,306,17,42
603,306,17,41
603,307,17,41
603,306,17,41
603,306,17,41
603,306,17,41
603,305,17,41
603,305,17,41
603,305,17,41
603,304,17,41
603,304,17,41
602,303,17,42
602,303,17,42
602,302,17,43
602,301,17,43
602,303,17,42
602,304,17,41
602,305,17,39
602,306,17,38
602,306,17,38
602,306,17,38
601,306,17,38
601,306,17,38
601,306,17,38
601,307,17,37
601,307,17,37
601,308,17,37
601,307,17,37
600,307,17,37
600,307,17,37
600,306,17,37
600,306,17,37
599,306,17,37
599,306,17,36
599,307,17,36
599,307,17,35
599,307,17,35
599,307,17,36
599,306,17,37
599,305,17,38
599,302,17,40
599,300,18,42
599,297,18,45
600,297,18,45
601,297,18,45
601,297,18,45
601,298,19,45
600,298,19,44
600,299,20,44
600,299,21,43
599,299,22,43
599,300,23,43
598,300,23,42
598,301,23,42
598,302,23,41
598,302,23,40
598,303,23,39
598,304,23,39
598,304,23,38
598,305,23,38
598,306,23,37
598,306,23,37
598,307,23,37
598,308,23,37
598,308,23,36
598,309,23,36
598,310,23,36
598,312,23,34
598,314,23,31
598,317,23,29
598,317,23,28
598,318,23,28
598,318,23,27
598,317,23,28
598,316,23,29
598,315,23,30
598,314,23,31
598,313,23,32
598,312,23,33
598,311,23,34
598,310,23,35
598,308,23,36
598,307,23,38
598,307,23,38
598,307,22,38
598,307,21,38
598,307,20,38
598,307,18,38
599,307,18,38
599,307,17,38
600,307,17,38
600,307,16,38
600,307,16,38
600,307,16,38
600,307,17,38
600,307,17,38
599,307,17,38
599,307,17,37
599,307,17,37
599,308,17,37
599,308,17,36
599,308,17,36
599,308,17,36
599,308,18,36
599,308,18,36
599,308,18,36
599,308,19,36
599,308,19,36
599,308,20,36
599,308,20,36
600,308,20,36
601,308,20,36
601,308,19,36
602,308,19,36
602,308,19,36
602,308,19,36
602,308,19,36
602,308,19,36
602,308,18,36
602,308,18,36
602,308,18,36
602,308,18,36
602,308,18,36
602,308,18,36
602,308,17,36
602,308,17,36
602,308,17,36
602,308,17,36
602,308,16,36
602,308,16,36
602,309,17,36
601,309,17,35
601,309,18,35
600,310,18,35
600,309,18,35
601,309,18,35
601,309,18,35
601,308,18,35
601,308,18,35
601,308,18,35
601,308,17,35
601,308,17,35
601,308,17,35
601,308,16,35
601,308,16,35
601,308,16,35
601,308,16,35
601,308,16,35
601,306,16,38
601,303,16,41
601,300,16,44
601,298,16,45
601,297,16,47
601,295,16,49
603,295,19,49
603,296,19,48
603,296,19,48
603,297,19,47
603,298,19,46
603,299,19,45
603,301,19,43
603,302,19,42
603,303,19,41
603,303,19,41
603,303,19,41
603,305,19,39
603,307,19,37
603,308,19,36
603,308,19,36
603,307,19,37
603,306,19,38
603,306,19,38
603,305,19,39
603,304,19,39
602,304,19,40
602,303,19,40
602,303,19,40
602,303,19,41
602,303,19,41
602,303,19,42
602,302,19,42
602,302,19,42
603,301,19,43
603,300,19,43
603,300,19,43
603,301,19,42
603,302,19,41
603,303,19,40
603,304,19,39
603,305,19,38
603,306,19,37
603,307,19,37
603,308,19,36
603,309,19,35
603,310,19,34
603,311,19,33
603,311,19,33
603,312,19,33
603,311,19,33
603,310,19,34
603,311,19,34
603,312,19,33
603,312,19,33
602,313,19,32
602,314,19,31
602,316,19,30
602,313,19,32
602,318,19,27
602,318,19,28
602,318,19,27
602,319,19,26
602,319,19,26
602,319,19,25
602,319,19,25
602,318,19,26
602,320,19,25
602,321,19,23
602,321,19,23
602,321,19,23
602,322,19,23
601,322,18,23
601,321,18,23
600,321,17,23
601,321,18,23
602,322,19,23
601,321,19,23
600,321,19,23
600,321,19,23
600,321,19,23
600,321,19,23
600,321,19,23
600,321,19,23
600,321,19,23
600,321,19,23
600,321,19,23
600,321,19,23
600,321,19,23
600,321,19,23
600,321,19,23
600,321,19,23
600,321,19,23
600,321,19,23
600,321,19,23
600,320,19,23
600,320,19,23
600,320,19,23
600,320,19,23
600,320,19,23
600,320,19,23
600,320,19,23
600,320,19,23
600,320,19,23
600,320,19,23
600,320,19,23
600,320,19,23
600,320,19,23
600,320,19,23
600,320,19,22
600,321,19,22
600,321,19,22
600,322,19,22
600,322,19,22
600,322,19,21
600,323,19,21
600,322,19,21
600,322,20,21
600,322,20,21
600,321,20,21
600,321,21,21
601,321,21,21
601,321,21,21
601,321,21,21
602,321,21,21
602,321,21,21
602,321,21,21
603,321,21,21
603,321,21,21
603,321,21,21
604,321,21,21
604,321,21,21
603,321,21,21
603,320,21,21
603,320,21,21
603,320,21,21
603,320,21,21
603,320,21,21
602,320,21,21
602,320,21,21
602,320,21,21
602,320,21,21
602,320,21,21
602,320,21,21
601,320,21,21
601,319,21,21
601,319,21,21
601,319,21,21
601,319,21,21
600,319,21,21
600,319,21,21
600,319,21,21
600,319,21,21
600,320,21,21
599,320,21,21
599,320,21,21
599,320,21,21
599,320,21,21
599,320,21,21
598,320,21,21
598,320,21,21
598,320,21,21
598,320,21,21
598,320,21,21
597,320,21,21
597,320,21,21
597,321,21,21
596,322,21,20
596,323,21,20
596,323,21,20
589,323,21,20
582,323,21,20
580,324,21,20
577,324,21,20
577,324,21,20
578,324,21,20
578,324,20,20
578,324,20,20
579,324,20,20
579,324,20,20
579,324,19,20
578,324,19,20
577,324,19,20
577,324,18,20
576,324,18,20
576,324,18,20
575,324,18,20
575,324,18,20
575,324,18,20
575,324,19,20
575,324,19,20
575,324,19,20
575,324,19,20
575,324,20,20
575,324,20,20
575,324,20,20
575,324,20,20
575,324,20,20
576,324,20,20
576,324,20,20
576,324,20,20
576,324,20,20
576,324,20,20
576,324,20,20
576,324,20,20
576,324,20,20
576,324,20,20
576,324,20,20
576,324,20,20
576,324,20,20
576,324,20,20
576,324,20,20
576,324,20,20
576,323,20,20
576,323,20,20
576,323,20,21
576,322,20,21
576,322,20,22
576,321,20,22
576,321,20,22
576,321,20,23
576,320,20,23
576,320,20,24
577,319,20,24
577,319,20,24
577,317,20,25
577,315,20,26
576,314,20,28
577,313,20,29
578,313,20,29
579,313,20,30
580,313,20,30
580,312,20,31
580,311,20,32
580,309,20,34
580,308,20,35
580,307,20,36
580,306,20,37
579,305,20,38
578,305,20,39
577,304,20,40
578,304,20,40
578,304,20,40
579,304,20,40
579,304,20,40
579,304,20,40
578,304,20,40
578,304,20,40
578,304,20,40
577,304,20,40
577,304,20,40
577,304,20,39
577,304,20,39
577,304,20,39
577,305,20,39
577,305,20,39
577,305,20,38
577,306,20,38
577,306,20,37
577,307,20,37
578,307,20,37
578,307,20,37
579,307,20,37
580,307,19,37
580,307,19,37
581,307,19,37
581,307,19,37
581,307,19,37
580,307,19,37
580,308,19,37
580,308,19,37
580,308,19,37
579,308,19,37
579,308,19,37
579,308,19,37
578,308,19,37
579,308,19,37
579,308,19,37
580,307,19,37
580,307,19,37
580,307,19,37
581,307,19,37
581,307,19,37
581,307,19,37
581,307,19,37
581,307,19,37
581,307,19,37
581,307,19,37
581,307,18,37
581,307,18,37
581,307,18,37
581,307,18,37
581,307,18,37
581,307,18,37
581,307,18,37
581,307,18,37
581,307,18,37
580,307,18,37
580,308,18,37
580,308,18,37
580,308,18,37
580,308,18,37
580,308,18,37
580,308,18,37
580,308,18,37
580,308,18,37
580,307,18,38
580,306,18,39
580,305,18,41
580,303,18,42
580,302,18,43
581,304,18,43
581,305,18,42
581,304,18,42
581,303,18,42
581,302,18,43
581,301,18,44
581,301,18,45
581,301,18,45
581,301,18,45
581,301,18,45
581,301,18,45
581,301,18,45
581,301,18,45
581,301,18,45
581,301,18,45
581,300,18,45
581,300,19,45
581,300,19,45
581,300,19,45
581,300,19,45
580,300,19,45
580,300,19,45
580,299,19,45
580,300,19,45
580,300,19,45
580,300,19,45
580,300,19,45
580,301,19,45
580,301,19,45
580,301,19,45
580,302,19,44
580,302,19,44
580,302,19,44
580,302,19,44
580,302,19,44
580,302,20,44
580,302,20,44
580,302,20,44
580,302,20,44
580,302,20,44
580,302,21,44
580,302,21,44
580,302,21,44
580,302,21,44
580,303,21,43
580,303,21,43
580,303,21,43
580,304,21,42
580,304,21,42
580,304,21,42
580,305,21,41
580,305,21,41
580,305,21,41
580,306,21,40
579,306,21,40
578,306,21,40
578,306,21,40
577,306,21,40
578,306,21,40
579,306,20,40
580,306,20,40
581,306,20,40
582,306,19,40
582,306,19,40
582,306,19,40
581,306,19,40
580,306,19,40
580,306,19,40
580,306,19,40
581,306,18,40
581,306,18,40
582,306,18,40
583,306,18,40
583,306,18,40
584,306,18,40
584,306,18,40
584,305,19,41
583,304,20,42
583,303,21,43
582,302,22,44
582,301,23,45
582,301,23,44
582,302,23,44
582,302,23,44
582,303,23,43
582,303,23,43
581,303,23,43
580,303,23,43
580,303,23,43
579,304,23,43
578,304,23,43
578,304,23,42
578,305,23,42
577,305,23,42
577,306,23,41
576,306,23,41
576,306,23,40
576,307,23,40
576,307,23,40
576,307,23,39
576,308,23,39
576,308,23,39
576,308,23,39
576,308,23,38
576,307,23,39
576,306,23,41
576,305,23,42
576,304,23,43
576,304,22,43
576,304,22,42
577,305,22,42
577,305,22,42
578,305,22,42
578,305,22,41
578,306,22,41
579,306,21,41
579,306,21,41
579,306,21,40
580,307,21,40
580,307,21,40
580,307,21,40
580,307,21,40
580,307,21,40
580,307,21,40
580,307,21,40
580,307,21,40
579,307,21,40
579,306,21,40
579,306,21,40
578,307,21,39
578,307,21,39
577,307,21,39
576,308,21,38
576,308,21,38
575,308,21,38
575,309,21,38
575,309,21,38
575,309,21,38
575,309,21,38
575,309,21,38
575,309,21,38
574,310,21,38
574,310,21,38
574,309,21,38
574,309,21,38
574,309,21,39
574,308,21,39
574,308,21,39
574,308,21,40
575,308,20,40
575,307,20,40
575,307,19,40
575,307,19,40
576,307,19,40
576,307,19,39
576,308,19,39
576,308,19,39
576,308,19,39
576,308,19,38
576,308,19,38
576,309,19,38
576,309,19,38
576,309,19,38
576,309,19,38
576,309,20,38
576,309,20,38
576,309,20,38
576,309,21,38
576,309,21,38
576,309,21,38
576,309,21,38
577,309,21,38
577,309,21,38
578,309,21,38
578,310,20,38
578,310,20,38
579,310,20,38
579,310,20,38
579,310,20,38
579,310,20,38
578,310,20,38
578,309,20,38
578,309,20,38
577,309,20,38
577,309,20,38
577,309,20,38
577,309,20,38
576,309,20,38
576,309,20,38
577,308,21,38
577,308,21,38
577,308,21,38
577,308,21,38
577,307,22,38
577,307,22,38
577,307,22,38
577,306,23,38
577,304,23,40
578,301,23,42
578,298,23,44
578,295,23,46
578,296,23,46
579,296,23,46
579,297,23,46
579,297,23,46
579,298,23,46
579,299,23,46
579,299,23,46
579,299,23,46
579,298,23,46
579,298,23,46
579,298,23,46
579,297,23,47
578,296,24,48
577,296,24,48
577,295,25,49
576,294,25,50
576,296,25,48
576,297,25,47
576,299,25,45
576,300,25,44
576,300,25,44
576,299,25,45
576,298,25,46
576,297,25,47
576,296,25,48
576,297,25,48
576,298,25,48
576,298,25,48
575,299,25,48
575,299,25,48
575,300,25,48
574,300,25,48
575,300,25,48
575,299,25,48
575,298,25,48
575,298,25,48
575,297,25,48
575,298,25,48
575,298,25,48
575,299,25,48
574,300,25,48
574,300,25,48
574,301,25,48
574,302,25,48
574,301,25,48
575,300,25,48
576,299,25,48
576,298,25,48
576,297,25,49
576,295,25,51
576,294,25,52
576,292,25,54
576,293,25,53
576,293,25,53
576,294,25,52
576,294,25,52
576,295,25,51
576,296,25,51
576,296,25,50
576,297,25,50
576,297,25,49
576,298,25,49
576,298,25,48
576,299,25,47
576,300,25,46
576,301,25,46
576,301,25,45
576,301,25,45
576,301,25,45
576,302,25,45
576,302,25,45
576,302,25,45
576,302,25,45
576,302,25,45
576,302,25,44
576,302,25,44
576,302,25,44
576,303,25,44
576,303,25,44
576,303,25,44
576,303,25,43
576,304,25,43
576,304,25,43
576,304,25,42
576,304,25,42
576,304,25,42
576,304,25,42
576,304,25,42
576,304,25,42
576,304,25,42
576,303,25,43
576,302,25,44
576,301,25,44
576,300,25,45
576,298,25,46
576,297,25,46
576,298,25,46
575,299,25,45
574,300,25,45
574,301,25,44
573,302,25,44
572,303,25,44
572,304,25,43
571,305,25,43
570,306,25,42
570,305,25,43
570,305,25,43
570,304,25,44
570,303,25,45
570,303,25,45
570,302,25,46
570,302,25,46
571,301,25,46
571,301,25,46
571,301,25,46
571,300,25,46
571,300,25,46
572,302,25,45
573,304,25,43
574,305,25,41
574,307,25,40
575,307,25,40
576,307,25,40
577,307,25,40
577,306,24,40
578,306,24,40
579,306,24,40
580,306,24,40
580,306,23,40
580,305,23,40
580,304,23,40
579,304,23,40
580,304,23,40
580,305,23,40
580,305,23,40
581,306,22,40
581,306,22,40
582,306,22,40
582,307,22,40
582,307,22,40
583,307,22,40
583,307,22,40
583,307,22,40
583,307,22,40
584,307,22,40
584,307,22,40
584,307,22,40
584,306,22,40
584,306,22,41
584,305,22,42
584,304,22,42
584,303,22,43
584,303,22,44
584,302,22,45
584,301,22,45
584,300,22,46
584,301,22,46
584,301,22,46
584,301,22,46
584,301,22,46
584,301,22,45
584,301,22,45
584,301,22,45
584,302,22,45
584,302,22,45
584,302,22,45
584,302,22,45
584,302,22,44
584,302,22,44
584,302,22,44
584,302,22,44
584,302,22,44
583,302,22,44
583,302,22,44
583,302,22,44
582,302,22,44
581,302,22,45
580,301,22,45
579,300,22,46
579,301,23,45
579,302,24,44
579,303,25,43
579,304,26,42
579,304,27,42
580,304,27,42
580,304,27,42
581,304,27,42
581,304,27,42
582,304,27,42
582,304,27,42
582,304,27,42
582,304,27,42
582,304,27,42
582,304,27,42
583,304,26,42
583,304,26,42
583,304,26,42
583,304,26,42
583,304,26,42
583,304,26,42
584,304,25,42
584,304,25,42
584,304,25,42
584,303,25,43
584,302,25,44
584,302,25,44
584,301,25,45
584,300,25,46
584,300,25,46
584,299,25,47
584,298,25,48
584,298,25,48
582,298,25,48
581,298,25,48
579,298,25,48
579,300,25,47
579,301,25,46
579,302,25,45
579,303,25,44
579,303,25,43
579,304,25,43
579,304,25,43
579,304,25,42
580,304,25,43
581,303,25,45
581,302,25,46
582,301,25,47
583,300,25,48
583,299,25,48
583,298,25,48
583,297,25,48
582,296,25,48
582,297,25,48
582,297,25,48
582,298,25,47
581,299,25,47
581,300,25,47
581,300,25,47
581,301,25,46
580,302,25,46
580,304,25,44
580,306,25,42
580,308,25,40
580,310,25,38
580,312,25,36
580,314,25,34
580,313,25,35
580,311,25,37
580,310,25,38
580,309,25,39
580,308,25,40
580,307,25,41
580,306,25,42
580,305,25,43
580,304,25,44
580,304,25,44
580,305,25,43
580,305,25,43
580,306,25,42
580,306,25,42
580,307,25,41
580,307,25,41
580,308,25,40
580,308,25,40
581,308,25,40
581,308,24,40
581,308,24,40
581,308,24,40
581,308,24,40
581,308,23,40
581,308,23,40
581,308,23,40
581,308,22,40
581,308,22,40
581,308,22,40
581,308,21,40
582,308,21,40
582,308,21,40
582,308,21,40
582,308,21,40
582,308,21,40
582,308,21,40
582,308,22,40
582,308,22,40
582,308,22,40
582,308,23,40
582,308,23,40
582,308,23,40
582,308,24,40
582,308,24,40
582,308,24,40
582,308,24,40
582,308,25,40
582,308,25,40
582,308,25,40
582,308,25,40
582,308,25,40
583,308,25,40
583,308,24,40
583,308,24,40
584,308,24,40
584,308,24,40
584,308,24,40
584,308,23,40
585,308,23,40
585,308,23,40
585,308,23,40
586,308,23,40
586,307,23,40
586,307,23,40
586,307,23,40
587,306,23,40
587,306,23,40
587,306,23,40
587,305,23,40
588,305,23,40
588,304,23,40
588,304,23,40
588,304,23,40
588,304,23,40
588,304,23,40
588,304,23,40
587,304,23,40
587,304,23,40
587,305,23,40
587,305,23,40
586,305,23,39
586,305,23,39
586,305,23,39
586,305,23,39
586,305,23,39
585,306,23,39
585,306,23,39
584,306,23,39
584,306,23,39
583,305,23,39
583,305,23,39
582,305,23,39
582,305,23,39
581,305,23,39
581,305,23,39
581,305,23,39
581,305,23,39
581,305,23,39
581,305,23,39
581,304,23,39
580,304,23,39
579,304,23,39
578,304,23,39
577,304,23,39
576,304,23,39
575,304,23,39
575,304,23,39
575,304,24,40
575,304,25,40
575,304,26,40
575,304,26,41
575,304,27,41
575,304,27,41
576,304,27,41
576,304,27,41
576,304,27,41
577,304,27,41
577,304,27,41
577,304,27,40
577,305,27,40
577,305,27,39
577,306,27,39
577,306,27,38
577,306,27,38
578,306,27,38
578,306,27,38
578,306,27,38
578,306,27,38
579,306,27,38
579,306,27,38
579,306,27,38
580,306,27,38
580,306,27,38
580,306,27,38
580,306,27,38
581,306,27,38
581,306,27,38
581,306,27,38
581,306,27,38
582,306,27,38
582,306,27,38
583,306,26,38
583,306,25,38
584,306,25,38
585,306,25,38
586,306,25,38
587,306,25,38
588,306,25,38
588,307,24,38
588,307,24,38
588,307,24,38
589,307,24,38
589,307,24,38
589,307,23,38
590,307,23,38
591,307,23,38
591,307,23,38
592,307,23,38
593,307,23,38
594,307,23,38
595,307,23,38
596,307,23,38
597,307,22,38
598,307,22,38
600,307,22,38
602,307,21,38
604,307,21,38
606,307,21,38
608,307,21,38
611,308,21,38
611,308,21,38
611,308,20,38
612,308,20,38
612,308,20,38
612,308,19,38
612,308,19,38
613,308,18,38
613,308,18,38
613,308,17,38
613,308,17,38
614,308,17,38
614,308,17,38
615,308,17,38
615,308,17,38
615,308,17,38
616,308,17,38
616,308,18,38
617,308,19,38
617,308,20,38
617,308,21,38
618,308,22,38
618,308,23,38
619,308,23,38
620,308,23,38
620,308,22,38
621,308,22,38
621,307,21,38
622,307,21,38
623,307,21,38
623,307,20,38
624,307,20,38
624,307,20,38
625,307,19,38
626,307,19,38
626,307,19,38
630,308,19,38
633,310,19,38
636,311,19,38
630,316,19,37
624,321,19,37
622,321,19,37
619,321,19,37
621,321,19,37
623,322,19,37
624,322,19,37
626,322,19,37
628,323,19,37
630,323,19,37
632,323,19,37
634,324,19,37
643,322,19,37
652,320,19,37
663,320,19,37
671,319,19,37
680,319,19,37
689,321,14,37
691,321,14,37
697,322,14,37
702,322,14,37
706,322,15,37
711,322,17,37
711,322,17,36
712,321,17,36
712,321,17,36
708,320,17,35
704,318,17,35
699,317,17,34
698,318,17,34
697,318,17,34
695,319,17,34
695,319,17,34
695,319,17,34
695,319,17,34
695,319,17,34
695,319,17,34
695,319,17,34
695,319,17,34
695,319,17,34
695,319,17,34
695,319,17,34
695,319,17,34
694,319,17,34
694,319,17,34
694,319,17,34
694,319,17,34
694,319,17,34
694,319,17,34
694,319,17,34
694,319,17,34
694,319,17,34
694,319,17,34
694,320,17,34
693,320,17,34
693,320,17,34
693,320,17,34
693,320,17,34
693,320,17,34
693,320,17,34
693,320,17,34
693,320,17,34
693,320,17,34
692,320,17,34
691,320,18,34
691,320,18,34
690,320,19,34
689,320,19,34
689,320,20,34
688,320,20,34
687,320,21,34
687,320,21,34
687,320,21,34
687,320,21,34
687,319,21,34
687,319,21,35
687,319,21,35
687,319,21,35
687,319,21,35
687,319,21,35
687,319,21,35
687,320,21,35
687,321,21,35
687,322,21,35
687,323,21,35
687,324,21,35
688,323,20,35
689,322,20,35
690,320,19,35
690,320,19,35
690,319,19,35
689,318,19,35
690,318,19,35
691,318,19,35
691,318,19,35
692,318,19,35
691,318,19,35
691,319,19,35
690,319,19,35
690,319,19,35
690,318,19,36
690,318,19,36
690,318,19,36
690,317,19,37
690,317,19,37
690,316,19,38
690,317,19,37
690,317,19,37
690,317,19,37
690,317,19,37
690,317,19,37
690,317,19,37
690,318,19,36
690,318,19,36
690,318,19,36
690,318,19,36
690,318,19,36
690,318,19,36
690,318,19,36
689,318,19,36
689,318,19,36
688,318,19,36
688,318,19,36
687,318,19,36
687,318,19,36
687,318,19,36
687,318,19,36
687,317,19,37
687,317,19,37
687,317,19,37
686,317,19,37
685,317,19,37
685,317,19,37
684,317,19,37
683,317,19,37
681,317,19,37
679,318,19,37
678,318,19,37
678,318,19,37
677,319,19,37
676,319,19,37
675,319,19,37
674,319,19,37
674,319,19,37
673,319,19,37
673,320,19,37
672,320,19,37
672,320,19,37
671,320,19,37
670,320,19,37
670,320,19,37
669,320,19,37
669,320,19,37
668,320,19,37
667,319,19,37
667,319,19,37
666,319,19,37
665,319,19,37
665,319,19,37
664,319,19,37
664,319,19,37
663,319,19,37
662,319,19,37
662,319,19,37
661,319,19,37
661,319,19,37
660,319,19,37
659,319,19,37
659,319,19,37
658,319,19,37
656,319,20,37
655,319,22,37
653,319,23,37
651,320,21,37
650,320,19,37
650,320,20,37
650,320,22,37
649,320,22,37
649,319,21,37
649,319,21,37
648,319,21,37
648,319,21,37
648,319,20,37
647,319,20,37
647,319,20,37
647,319,20,37
646,318,19,37
647,318,19,37
647,318,18,37
647,318,18,37
648,318,18,37
648,318,17,37
648,318,17,37
648,318,17,37
647,318,17,37
647,318,17,37
647,318,17,37
647,318,17,37
646,318,17,37
646,318,17,37
649,319,17,37
652,319,17,37
655,319,17,37
658,319,17,37
662,319,17,37
668,319,17,37
674,319,17,37
679,318,17,37
686,318,17,37
691,318,17,37
697,318,17,37
700,320,16,42
701,320,16,41
701,320,16,41
702,320,16,40
702,320,16,40
702,320,16,40
702,320,17,40
701,320,17,40
701,320,17,40
701,320,17,40
701,320,17,40
701,320,17,39
700,321,18,39
700,321,18,39
700,321,18,39
700,321,18,39
700,321,18,39
699,321,19,39
699,321,19,39
699,320,19,39
698,320,19,39
698,319,19,39
697,319,19,39
697,319,19,39
697,319,19,39
697,319,19,39
697,318,19,40
697,318,19,40
697,318,19,40
697,318,20,40
697,318,20,40
697,318,20,40
696,318,21,40
696,318,21,40
696,318,22,40
696,318,22,40
696,318,22,40
695,318,23,40
695,318,23,40
695,318,23,40
695,318,23,40
694,318,23,40
694,318,23,40
694,318,23,40
693,318,23,40
693,318,24,40
693,318,24,40
692,318,24,40
692,318,25,40
692,318,25,40
691,318,25,40
691,318,26,40
691,318,26,40
691,319,26,40
692,319,26,40
692,319,26,40
693,319,26,40
693,320,26,40
693,319,25,40
693,319,25,40
693,319,24,41
693,318,24,41
693,318,23,42
693,318,23,41
693,319,24,41
693,319,24,40
693,320,24,40
693,320,24,39
693,321,24,39
693,321,24,38
693,322,25,38
694,322,25,38
695,322,25,38
696,322,25,38
697,322,25,38
697,322,24,38
697,323,24,38
696,323,23,38
696,323,22,38
696,324,22,38
696,323,22,38
696,323,22,39
697,322,21,39
697,321,21,40
697,321,21,40
697,320,21,41
697,320,21,42
697,319,21,42
697,319,21,42
697,320,21,42
697,320,21,41
697,320,21,41
697,321,21,41
697,321,21,40
697,321,21,40
697,321,21,40
