279,260,33,36
280,260,32,35
283,261,30,33
280,261,33,35
276,260,37,38
275,261,39,37
276,260,39,35
276,260,39,37
281,259,35,39
281,261,36,34
282,263,35,31
281,262,34,32
286,262,30,32
282,263,35,31
286,264,33,33
287,264,33,29
287,263,33,36
291,263,30,30
291,262,30,36
292,263,31,35
294,262,30,33
294,261,32,30
296,264,30,30
296,260,30,35
297,260,30,39
295,260,34,36
299,260,30,35
299,262,31,37
303,262,29,37
304,262,26,34
309,262,23,30
309,262,24,33
309,263,25,34
307,262,30,32
309,262,25,35
308,261,28,35
307,261,30,37
309,264,27,30
310,265,29,27
310,263,29,29
313,264,26,27
313,263,25,26
312,261,28,35
311,263,29,30
312,261,30,32
313,262,27,33
313,263,30,35
313,260,33,36
315,262,30,35
315,261,30,36
313,262,35,39
314,261,34,38
316,263,32,42
315,259,37,44
318,262,34,33
316,263,37,34
313,260,39,41
318,265,38,35
318,265,35,33
319,261,38,39
322,264,35,33
322,261,34,35
321,262,37,35
321,264,37,31
327,264,33,33
327,265,34,33
327,266,36,31
329,263,31,35
325,262,42,37
327,262,36,37
327,265,39,32
328,261,36,35
327,264,39,30
329,265,37,30
334,264,33,32
336,263,30,31
334,260,35,36
335,260,34,37
336,264,35,31
335,261,35,33
337,261,32,32
338,262,30,29
341,265,34,31
337,262,32,31
342,261,30,33
341,262,31,34
343,263,30,33
340,264,31,34
341,262,32,37
341,264,30,35
341,260,35,40
341,265,33,35
340,263,38,37
342,260,35,37
339,260,38,37
339,263,38,37
341,264,35,39
346,262,32,38
344,265,33,36
343,265,36,39
342,262,36,40
346,262,35,37
342,263,35,36
347,266,35,35
346,264,34,40
347,262,33,39
346,262,34,42
347,263,38,44
349,263,34,44
346,264,39,44
347,261,39,52
353,264,34,42
357,265,32,41
356,262,30,44
357,261,31,45
358,264,31,40
354,258,38,45
359,263,32,44
358,261,33,41
358,260,36,44
356,262,36,44
362,258,36,44
359,260,32,46
358,262,37,40
360,263,34,40
359,264,35,38
363,264,35,39
360,263,38,37
365,261,30,41
365,261,32,44
368,262,30,43
365,265,32,41
369,262,28,39
370,263,28,39
370,261,27,41
369,260,29,47
371,262,27,40
371,262,28,39
373,260,26,46
374,263,26,40
374,262,28,39
376,262,27,37
378,259,26,41
375,265,28,32
376,265,26,32
376,264,29,32
378,263,30,32
381,259,27,35
383,265,26,30
378,264,32,29
378,261,30,35
382,265,31,31
382,263,32,35
382,263,32,32
381,265,33,31
381,264,34,32
380,261,39,38
381,260,35,37
376,264,40,36
378,262,43,37
381,262,38,42
383,262,37,37
380,263,39,36
383,263,40,37
385,259,39,39
392,264,31,30
390,260,35,36
389,260,35,36
394,256,35,37
394,263,33,39
397,261,33,40
397,261,33,39
396,262,36,32
397,263,37,35
395,261,39,35
397,260,36,35
396,258,40,42
397,259,41,35
397,258,44,42
400,261,42,39
396,260,44,45
394,256,47,47
400,259,44,44
401,256,45,52
405,261,37,43
401,264,43,45
403,264,44,46
403,260,44,48
407,262,44,42
400,260,47,44
406,261,42,46
410,261,37,42
410,262,37,34
412,260,42,35
410,258,44,39
414,260,36,41
410,259,43,39
410,260,42,36
415,263,39,30
412,261,39,31
412,261,42,34
414,259,39,36
414,263,40,31
415,260,41,36
417,258,41,39
415,264,43,30
420,262,40,30
420,261,38,35
420,261,39,35
425,263,34,34
420,262,44,39
427,263,36,34
427,265,35,29
421,259,43,38
424,263,43,36
427,258,41,41
431,260,35,37
433,258,34,36
427,262,39,32
433,260,35,37
434,262,38,35
434,263,36,29
435,261,42,37
436,264,35,33
436,259,37,39
436,262,41,34
436,264,36,32
439,262,34,32
438,260,38,34
443,260,35,35
439,262,39,36
439,263,39,30
441,263,39,34
443,263,38,36
443,256,41,40
440,262,44,39
443,264,40,31
439,262,44,39
441,262,43,38
443,261,44,35
443,259,42,40
445,261,42,36
445,258,43,41
444,260,44,42
445,258,43,38
447,263,48,31
451,261,40,34
447,260,44,36
452,261,41,34
448,262,47,38
449,260,44,40
452,260,42,35
454,262,44,33
452,260,44,35
457,263,44,33
462,259,35,39
466,262,35,36
464,261,38,34
466,262,35,30
470,260,32,34
467,261,34,36
473,262,32,31
469,261,39,35
469,262,39,35
473,261,36,35
471,259,39,36
469,261,41,36
473,260,38,36
473,260,37,38
472,261,39,33
475,262,35,31
477,260,36,36
479,262,36,34
479,260,36,35
477,262,39,34
478,259,36,39
483,265,36,33
478,263,39,34
480,262,37,36
480,263,38,35
481,261,39,39
480,260,38,41
480,263,38,40
482,263,36,36
481,266,40,34
484,260,39,42
483,262,39,44
485,262,36,40
485,262,38,41
485,262,38,42
490,263,34,38
493,261,32,39
493,264,34,37
494,262,32,43
495,262,34,38
486,261,41,36
492,263,36,38
493,262,36,42
495,265,32,34
492,263,37,39
494,262,35,39
500,262,29,39
502,263,28,36
500,265,34,37
498,259,32,45
501,262,32,44
501,262,33,39
500,265,31,41
503,262,30,49
503,262,32,40
507,265,30,41
507,263,30,39
507,265,30,31
507,264,30,40
510,262,26,44
509,260,27,39
510,262,29,40
509,265,30,40
512,265,32,37
510,264,32,36
512,266,30,36
510,267,33,36
508,267,36,33
510,267,35,35
509,266,33,37
510,267,36,36
509,265,39,41
512,265,38,37
509,265,43,39
512,265,40,38
512,265,40,39
513,264,39,39
515,264,37,37
512,265,45,39
512,264,45,43
514,264,41,42
519,265,39,39
516,265,41,39
517,265,39,39
518,264,37,40
518,264,41,39
522,265,36,39
522,265,39,36
524,265,36,39
522,264,41,38
525,265,38,39
519,265,43,38
526,267,41,36
526,264,38,37
530,265,37,37
522,261,46,43
531,262,38,38
529,266,39,36
530,263,39,38
531,267,35,40
534,262,36,39
532,265,37,37
531,266,43,31
535,264,38,37
536,265,35,42
533,264,40,39
536,267,40,40
536,265,37,37
537,265,39,39
535,264,39,36
541,265,37,36
540,264,39,39
539,265,40,40
539,265,42,39
541,265,37,37
540,264,40,39
541,267,44,35
543,265,42,37
544,265,39,35
540,265,43,34
542,265,44,35
545,266,40,36
549,265,40,39
545,264,42,37
550,265,39,37
554,263,40,39
553,265,42,37
551,265,40,38
553,265,42,37
553,264,42,34
554,263,39,41
555,261,44,42
554,265,44,41
553,265,46,37
555,265,49,36
550,261,52,37
557,261,49,40
563,263,44,39
564,258,39,39
559,261,49,35
563,262,49,35
563,262,47,35
563,262,46,35
569,262,44,31
566,258,49,39
568,261,48,34
572,261,47,37
574,265,47,33
572,261,49,39
574,260,47,38
575,260,46,35
581,263,44,39
581,261,40,33
582,260,42,35
582,260,42,35
584,260,43,40
589,259,35,41
589,260,39,35
591,261,38,35
590,262,39,34
589,262,39,35
594,261,37,35
592,259,40,36
592,260,38,30
591,258,44,36
595,260,40,39
594,262,39,34
596,264,37,30
590,260,44,39
594,261,39,39
600,261,35,36
596,261,40,37
596,259,42,36
596,260,39,36
596,261,39,32
599,260,37,36
596,259,39,41
599,260,39,38
593,260,39,35
591,257,39,39
587,259,39,38
582,258,40,37
583,260,39,34
583,261,42,35
584,260,44,39
583,258,46,39
579,259,53,41
586,260,47,42
582,260,50,40
587,257,46,38
588,260,49,37
595,258,43,36
591,256,47,39
596,257,48,35
596,260,46,30
601,259,45,34
598,259,47,35
599,257,51,34
601,257,47,34
602,256,49,35
606,260,44,30
607,260,44,26
606,258,49,30
605,262,45,31
609,260,46,30
608,261,46,31
614,262,39,30
616,261,39,31
611,260,42,34
618,260,40,35
615,260,37,35
619,260,37,35
619,260,38,40
619,258,38,40
622,258,34,39
620,257,34,40
620,260,39,37
618,259,39,36
625,260,35,35
626,256,33,40
628,257,28,35
628,259,30,37
626,260,34,35
625,260,31,36
628,261,30,34
628,264,27,31
627,261,31,39
628,260,32,39
624,259,34,40
627,260,32,39
629,260,30,36
628,258,32,43
628,256,33,42
628,260,34,37
628,258,32,44
624,256,37,43
634,260,29,41
633,256,29,46
633,256,30,44
633,257,29,45
633,260,33,40
633,258,31,42
633,261,33,42
632,260,35,43
633,259,35,45
636,262,30,38
640,260,30,43
638,257,31,41
637,259,34,39
638,260,34,38
638,261,34,35
641,262,32,39
638,258,36,42
641,260,36,38
638,255,38,44
641,259,37,40
640,261,35,36
641,260,37,38
638,259,39,39
640,258,39,39
641,259,37,39
642,259,38,39
645,261,35,37
643,260,36,41
644,259,37,42
641,260,42,45
640,259,42,44
645,261,37,42
647,257,36,45
651,260,35,47
652,257,30,49
653,260,32,47
653,261,36,49
654,260,32,48
655,261,30,50
655,260,33,48
659,259,33,50
659,258,32,51
661,258,29,49
661,258,32,49
665,257,30,49
670,260,30,48
669,258,29,49
670,261,28,43
666,256,26,45
668,256,29,51
671,258,26,47
674,261,24,44
673,260,26,48
675,260,26,44
675,261,27,44
677,260,26,48
676,256,23,46
678,257,23,45
677,260,23,40
676,261,26,44
678,260,24,39
679,257,25,48
681,261,23,40
681,260,24,44
679,261,26,43
679,260,25,44
677,260,29,45
682,262,27,44
680,262,24,42
679,263,26,44
675,260,31,51
678,262,30,44
677,261,30,46
675,257,25,45
678,261,27,45
678,260,27,45
678,261,26,49
679,265,25,45
678,265,29,39
679,261,28,44
680,261,28,46
679,260,28,46
677,261,30,41
680,261,26,48
685,262,27,44
679,262,27,49
678,260,32,44
677,261,30,43
672,260,28,48
668,260,31,44
670,261,28,41
664,260,29,45
661,261,30,46
661,260,26,47
660,262,28,44
659,258,31,44
657,263,30,45
654,261,31,45
656,263,27,41
652,261,29,49
649,263,26,44
647,260,25,46
646,260,27,42
650,261,22,42
648,265,24,38
650,260,25,44
652,264,28,38
648,262,21,43
647,263,21,44
644,264,21,40
635,267,26,39
630,264,27,42
633,264,23,43
635,265,21,42
638,266,16,33
634,265,21,35
634,265,19,36
637,265,21,40
636,266,21,34
633,262,26,39
635,262,20,38
636,265,20,37
634,265,22,35
639,261,19,44
637,263,23,38
636,264,21,39
638,266,22,38
639,262,22,39
638,264,22,39
641,264,20,42
642,265,18,39
641,264,18,38
643,262,20,39
642,268,18,34
642,263,21,39
642,265,19,33
642,265,21,35
644,265,21,35
643,261,23,42
642,263,21,42
645,264,18,38
641,266,20,39
642,265,24,38
644,262,16,35
642,260,19,42
647,264,18,36
647,261,17,35
648,264,17,38
647,261,21,39
649,264,19,35
651,261,18,41
653,262,18,38
652,260,17,37
652,260,20,39
656,260,17,39
657,263,16,38
660,264,16,35
656,263,16,35
661,261,12,35
661,264,17,35
663,264,16,32
664,262,17,37
664,262,12,35
666,262,12,35
661,260,16,42
662,263,14,40
661,265,16,35
661,264,16,34
663,264,16,41
662,265,16,38
666,262,12,39
664,262,12,39
661,264,15,37
663,265,12,35
661,265,12,41
658,266,14,36
659,268,14,36
658,271,14,37
658,271,12,37
658,269,15,36
659,268,12,39
656,267,15,40
656,268,14,37
652,267,16,39
655,268,18,35
658,269,13,35
660,269,12,33
655,265,14,35
656,269,16,35
661,268,12,38
657,266,18,43
659,270,16,39
662,269,13,35
660,269,16,37
660,269,17,32
661,268,16,37
661,265,19,39
661,268,16,38
659,266,20,33
660,268,19,34
662,269,17,38
664,269,15,35
663,268,16,38
661,270,16,39
662,268,15,38
662,265,21,41
662,269,18,37
661,268,24,35
661,267,19,38
661,265,21,39
661,267,20,40
661,264,24,37
663,263,21,41
661,264,23,45
661,263,26,42
664,265,22,41
662,262,22,42
664,264,24,40
663,263,23,46
664,265,21,42
664,261,23,53
662,261,27,49
661,264,26,44
661,265,28,45
664,264,28,47
663,262,29,49
663,262,26,46
661,265,26,45
656,262,30,53
660,261,26,49
662,262,27,45
664,263,26,42
664,260,28,44
665,260,21,44
663,260,26,46
661,261,24,47
665,262,26,44
661,261,27,45
662,261,26,44
663,259,26,46
661,261,28,44
661,263,25,44
662,261,27,44
664,265,25,38
666,260,22,48
664,260,26,45
661,262,25,45
661,257,30,49
666,260,30,44
665,257,28,46
665,260,29,44
661,260,28,44
662,260,29,41
658,256,29,45
656,256,36,44
661,260,34,40
662,265,31,36
660,262,33,36
661,261,31,41
661,266,29,34
661,261,30,42
657,261,30,39
661,262,32,44
658,260,34,44
661,258,32,40
660,262,31,46
661,262,29,39
659,261,29,42
660,260,27,39
661,262,29,40
660,267,29,38
659,264,26,39
660,265,26,44
661,267,21,39
661,267,23,39
658,265,30,38
660,265,26,44
658,267,23,39
656,266,27,46
656,266,24,42
653,266,27,44
652,267,33,43
656,268,31,44
656,267,25,43
654,264,30,42
652,265,26,44
651,269,35,41
651,264,30,44
648,267,30,39
647,266,35,44
650,266,31,46
650,264,28,47
648,265,30,46
647,265,30,43
649,264,31,44
646,265,30,44
649,260,29,47
646,261,32,45
644,263,34,47
644,260,34,45
642,263,33,44
645,260,31,47
644,265,33,43
642,260,33,44
643,265,35,42
644,263,32,47
646,262,33,50
646,264,35,48
644,264,34,46
647,260,35,51
644,263,35,44
644,265,34,39
638,264,42,41
641,265,38,36
641,264,39,41
642,264,32,43
640,263,38,39
638,264,41,39
637,260,42,44
642,260,37,44
638,261,42,47
643,264,39,38
640,263,40,41
641,262,39,46
640,260,42,43
640,262,39,40
640,263,39,42
642,263,37,43
643,260,41,44
641,263,41,41
638,262,43,40
640,263,41,42
638,263,44,42
637,260,46,44
637,260,44,44
638,262,46,44
638,260,44,44
637,259,47,50
639,260,43,47
642,261,41,43
638,259,45,49
638,260,44,44
640,262,45,43
641,260,44,44
644,260,36,45
643,262,39,43
642,262,41,44
643,258,35,46
642,257,40,46
644,260,40,48
644,259,37,50
652,260,28,47
651,260,31,45
650,260,31,44
652,261,32,45
654,261,29,46
652,257,36,49
654,260,27,46
654,259,25,45
654,260,30,41
651,258,30,46
652,260,27,44
652,258,31,46
648,251,32,53
652,255,30,53
647,258,32,45
648,257,31,43
647,256,32,44
650,256,35,44
646,256,36,46
646,258,33,41
642,257,36,39
645,260,33,38
641,260,42,39
640,256,39,46
642,260,37,38
638,260,42,43
634,260,44,47
638,257,36,44
641,258,34,45
637,258,39,44
636,257,41,45
636,259,36,48
632,260,44,49
629,257,43,47
632,260,41,48
629,262,46,46
626,259,45,49
625,259,45,50
623,259,48,47
623,257,46,50
624,260,44,47
626,260,44,49
624,257,46,47
625,258,45,50
623,258,49,51
624,259,45,51
624,257,45,45
626,260,46,45
623,257,49,47
621,259,51,45
623,258,48,48
621,259,50,45
620,260,49,48
622,257,50,53
620,256,49,50
625,260,47,47
625,260,45,44
633,256,45,50
644,260,44,49
661,260,46,44
684,256,44,51
692,257,49,52
712,256,44,44
715,260,39,41
714,258,36,44
714,258,39,44
716,260,37,37
713,257,36,44
712,257,35,45
715,255,30,46
708,256,36,42
715,258,36,40
712,254,35,46
714,256,33,39
713,256,32,43
714,256,30,41
709,254,36,43
713,256,35,40
710,255,35,43
706,259,39,39
710,257,36,41
709,256,36,42
708,253,40,45
707,256,39,42
709,256,36,39
713,258,30,39
709,257,37,41
708,255,37,47
710,260,34,38
708,260,35,44
709,258,35,40
708,259,33,39
706,258,33,39
702,254,36,46
698,256,40,42
702,254,36,44
702,259,40,41
696,256,45,45
695,256,44,45
698,258,42,39
696,256,41,39
699,256,43,42
698,256,44,42
697,256,44,42
695,256,44,39
695,254,42,44
698,255,41,43
697,253,41,44
692,258,49,40
698,254,47,44
695,260,44,34
698,258,44,44
700,256,43,41
698,260,48,35
698,260,49,38
700,256,47,42
702,256,46,40
702,253,47,48
703,257,46,40
703,258,44,43
709,259,39,40
707,259,44,40
713,260,36,38
712,258,39,39
712,262,39,39
712,262,42,39
712,263,39,32
713,256,41,47
716,261,35,41
714,260,39,37
720,263,35,35
722,261,34,33
720,260,36,38
716,262,39,40
715,260,39,38
717,261,39,35
719,260,37,37
720,259,39,39
722,256,39,40
721,258,40,43
717,261,42,35
722,259,39,37
721,260,41,39
726,261,34,39
725,263,38,35
725,262,37,34
726,257,39,40
723,262,40,35
725,256,37,39
723,259,44,38
721,260,43,34
720,260,49,34
716,256,50,40
720,262,49,35
719,260,46,37
718,264,50,30
718,261,52,34
719,259,51,37
720,256,49,42
718,261,54,40
721,260,49,44
724,260,49,47
725,262,49,43
726,263,47,44
726,262,47,46
728,262,43,44
726,263,54,42
726,263,51,44
729,262,50,45
729,262,49,48
730,263,46,42
728,265,53,44
730,264,49,46
741,262,39,42
738,265,42,39
739,260,42,46
734,261,48,40
740,265,44,45
744,260,37,51
747,262,36,48
745,264,43,43
749,259,38,49
745,258,40,49
749,259,39,47
746,263,42,45
749,260,35,47
748,260,36,47
748,259,45,53
750,263,38,44
744,262,42,44
750,260,38,53
749,260,42,50
748,262,39,50
745,265,42,47
744,264,43,42
748,263,43,49
747,263,44,47
751,264,41,43
750,261,40,50
752,267,37,44
746,265,50,52
747,265,47,49
750,264,40,48
745,262,49,45
754,260,48,49
755,260,37,48
751,260,46,51
756,264,40,45
754,263,37,48
757,261,39,45
755,262,39,48
759,261,40,46
765,262,34,47
759,261,39,52
757,261,41,51
756,260,40,51
759,261,36,49
751,256,49,54
756,261,47,49
760,260,39,51
759,265,39,51
756,265,47,43
762,260,40,53
763,262,39,47
756,258,47,48
764,257,40,53
767,257,36,51
764,259,35,52
761,258,52,56
763,263,44,47
765,262,39,48
764,257,39,53
763,259,38,50
766,259,38,49
767,260,36,54
763,260,39,51
764,261,38,51
763,260,38,51
763,259,39,56
763,260,44,53
763,260,38,50
767,262,39,50
766,258,39,56
760,254,46,64
766,260,38,56
768,257,39,55
765,257,39,58
763,255,39,58
768,258,34,58
768,258,33,58
770,256,34,58
770,256,33,65
771,256,32,61
770,256,30,58
770,257,31,67
773,258,28,58
770,258,32,56
774,262,27,53
777,254,26,63
771,259,36,65
771,258,31,56
770,259,31,53
769,261,33,56
772,258,27,61
764,258,35,61
771,258,30,56
775,262,26,57
772,257,32,57
771,259,31,57
769,261,33,53
773,261,31,54
770,259,31,51
771,261,35,50
772,260,34,55
772,262,33,50
768,260,35,51
772,257,35,59
769,258,37,61
769,261,36,53
768,262,36,53
771,260,32,53
770,260,33,51
771,261,31,57
772,258,33,57
768,262,32,56
768,258,33,58
772,260,35,60
768,260,36,56
764,260,39,62
771,264,33,56
767,259,35,61
771,260,31,57
768,261,35,55
769,261,32,58
766,257,35,60
768,262,38,58
768,262,36,51
769,261,32,53
768,265,36,53
767,265,36,49
768,265,33,52
769,265,32,53
768,267,30,50
768,263,31,51
769,268,29,49
772,271,27,49
767,269,32,49
768,269,30,47
768,272,30,39
768,274,30,43
767,272,26,39
762,268,29,44
763,269,32,49
762,269,33,47
760,269,34,41
754,264,40,53
754,264,36,51
756,264,37,48
754,261,38,53
753,262,35,52
752,264,36,46
751,263,39,51
754,269,29,49
746,266,35,53
747,268,35,45
743,266,40,47
746,265,37,44
751,264,32,49
749,262,29,51
750,261,35,52
751,262,26,49
747,267,38,44
746,267,30,47
744,265,34,44
743,265,30,44
738,269,32,39
726,265,33,42
721,269,37,39
717,270,37,41
721,274,34,37
722,261,39,45
714,265,35,45
705,265,39,39
698,265,34,43
679,263,39,46
664,266,34,45
646,267,39,43
626,263,32,48
614,262,39,55
608,263,48,49
601,266,47,46
597,264,50,49
593,262,53,46
596,260,45,48
590,259,53,53
587,260,48,44
591,250,46,51
588,233,44,52
582,230,46,51
579,225,47,54
573,224,47,53
578,230,38,55
572,231,43,53
573,236,39,50
573,239,47,46
569,242,52,54
568,246,44,47
564,247,46,49
554,245,55,54
559,253,52,55
559,252,44,48
560,247,47,54
561,247,40,50
564,246,43,56
564,246,42,53
563,250,36,47
567,256,38,48
564,259,43,44
563,259,42,47
563,266,45,45
566,265,39,46
565,265,35,47
569,274,33,41
570,265,30,47
569,265,37,47
563,269,38,44
570,270,35,43
568,270,35,39
566,268,39,45
563,274,39,40
568,269,34,43
566,269,39,49
566,267,36,47
563,267,39,48
566,269,34,45
566,265,39,51
569,265,34,49
568,265,31,52
563,264,39,49
563,265,35,49
561,266,32,49
563,265,31,47
563,267,35,45
568,266,30,52
564,267,31,49
568,269,32,46
565,270,30,44
563,265,35,49
566,265,30,49
566,267,31,46
568,269,27,46
565,265,31,49
563,265,31,49
565,265,27,48
560,265,33,53
565,269,29,44
569,269,26,46
568,269,30,47
568,268,29,44
563,263,34,52
569,267,30,44
565,261,31,47
568,267,31,43
563,264,33,47
563,265,36,45
565,265,35,44
562,261,35,49
558,262,41,51
559,259,41,49
564,261,33,49
565,263,35,47
562,260,35,49
563,260,35,54
564,260,33,52
563,260,33,51
561,261,37,52
565,262,31,53
562,264,36,52
563,257,35,57
562,259,35,54
563,259,35,56
565,260,29,58
563,257,30,58
564,260,30,52
564,256,30,60
567,257,30,60
574,260,30,55
577,260,30,51
580,260,30,60
584,256,28,67
587,258,25,57
584,257,32,62
587,258,30,57
594,257,30,55
600,256,29,58
608,257,26,55
606,258,34,63
621,258,22,59
624,263,27,50
628,260,25,58
628,257,30,54
632,259,30,54
634,256,31,54
633,262,28,49
630,256,30,55
632,262,31,57
634,263,25,55
636,262,24,58
637,262,25,55
637,263,26,53
632,260,30,60
629,264,29,50
631,259,28,56
633,261,27,53
636,265,22,56
625,260,31,57
630,263,31,49
628,265,29,49
631,267,24,51
630,263,26,52
627,265,35,55
626,269,26,44
626,276,35,44
625,276,30,42
626,278,28,39
620,275,34,42
622,274,32,43
619,269,36,46
616,269,39,47
619,270,37,44
619,272,35,45
615,268,41,53
622,268,35,52
616,266,40,50
621,269,39,49
627,271,37,48
630,269,37,51
633,274,37,46
643,272,36,51
643,266,42,55
647,265,42,54
652,262,38,51
644,256,44,62
654,265,39,59
650,266,37,53
653,264,39,57
652,260,39,56
650,263,38,52
644,265,44,56
647,269,42,45
646,262,42,56
657,265,44,55
671,267,49,58
681,263,49,59
689,262,48,56
696,268,40,52
690,264,45,54
697,268,44,52
698,266,44,58
694,269,44,49
686,265,49,51
686,265,49,45
686,266,52,55
689,264,43,59
690,260,43,60
684,267,47,51
682,268,51,56
680,265,48,55
682,265,39,50
675,267,42,49
678,267,41,51
673,268,36,52
671,264,41,52
666,264,45,53
669,265,41,56
670,265,38,53
660,260,45,60
659,263,52,57
661,266,48,51
657,261,50,59
657,264,43,51
656,261,50,53
652,263,43,55
649,265,41,49
648,265,40,54
644,262,42,53
643,259,42,58
646,261,40,52
643,255,39,57
645,260,37,54
641,257,41,59
642,255,39,61
639,255,39,58
638,256,39,57
637,256,44,63
642,254,39,59
639,254,40,64
639,251,44,64
638,252,41,69
637,251,42,68
644,256,36,67
639,252,38,67
641,252,39,63
640,253,35,68
643,256,36,60
642,252,32,65
640,256,31,63
640,251,32,63
640,256,32,55
642,248,35,67
639,249,37,65
641,246,30,70
639,255,33,63
642,251,32,61
641,251,29,66
639,251,28,67
639,257,30,55
638,254,33,63
637,252,35,68
640,256,30,65
641,249,33,65
634,255,28,63
631,250,37,69
638,251,36,64
638,254,26,58
635,258,37,63
635,251,34,63
630,251,37,63
634,253,33,64
634,250,30,69
629,252,40,65
633,253,38,77
632,255,34,63
631,253,38,67
631,255,32,65
628,251,37,67
632,256,29,64
624,256,36,65
619,251,39,69
625,249,33,63
621,249,39,76
618,251,39,61
619,250,35,69
615,249,37,70
620,250,34,76
617,251,38,67
616,247,38,72
615,246,41,74
619,251,31,62
619,251,35,68
619,249,32,66
616,245,32,72
618,247,35,74
617,255,30,63
616,249,34,58
621,246,29,72
615,251,35,69
616,251,32,67
615,253,36,66
611,250,39,63
615,251,35,63
616,249,33,62
617,250,31,65
614,252,36,63
616,252,32,59
620,254,25,60
614,251,34,62
618,255,30,60
616,251,32,62
616,249,30,66
614,247,31,69
616,251,32,67
615,251,30,64
613,248,33,68
613,251,35,72
617,252,34,65
615,250,30,67
616,252,37,72
613,250,32,71
615,254,35,68
616,252,30,67
615,251,29,67
610,248,36,69
614,251,28,66
615,254,26,67
613,251,32,67
612,249,33,72
614,251,35,67
605,249,38,68
608,249,35,71
603,252,36,67
606,247,35,71
606,248,34,70
607,247,33,72
608,251,29,70
606,253,33,72
604,251,37,68
605,245,30,77
604,252,28,72
602,251,37,73
599,254,37,72
600,251,36,78
601,246,31,78
602,250,35,81
598,257,38,67
598,252,38,77
596,254,35,68
598,251,33,75
596,251,33,70
591,250,38,77
591,249,39,74
596,256,32,70
591,246,39,84
593,251,32,77
591,251,35,75
592,247,34,75
591,251,38,72
587,252,33,71
590,252,38,67
589,254,33,70
587,251,32,72
581,251,35,76
582,252,35,73
583,258,39,67
581,250,37,75
579,250,38,71
580,255,34,62
579,252,33,72
575,255,40,67
579,254,35,67
578,255,32,61
575,250,36,72
573,255,36,70
577,253,29,67
572,252,38,72
573,251,35,72
574,255,33,67
573,257,30,66
570,256,35,69
568,256,35,65
570,260,33,63
567,255,36,73
566,256,43,68
565,258,37,69
563,257,39,66
566,261,35,65
565,258,39,70
561,256,42,71
562,258,39,70
561,259,44,70
561,253,40,65
556,256,48,72
559,256,43,66
559,257,41,71
558,256,42,70
558,257,44,72
550,255,53,72
551,256,50,72
554,256,49,68
550,256,51,69
552,257,50,71
554,255,46,73
553,257,51,70
553,260,52,62
550,260,49,67
547,255,57,74
550,253,49,77
548,253,53,71
552,254,47,70
552,255,49,72
550,255,51,70
552,252,48,75
552,256,48,71
551,254,53,70
548,257,52,64
552,257,52,68
547,253,55,71
551,254,50,68
550,251,56,74
550,251,53,72
552,254,50,71
553,252,52,72
554,249,49,73
552,255,50,68
555,249,50,74
555,253,48,72
558,249,44,77
557,251,46,71
560,251,43,77
559,253,44,72
554,252,49,76
560,252,44,73
563,252,42,75
565,254,39,72
564,250,39,77
564,250,39,77
560,247,42,73
564,251,39,70
567,248,37,71
568,250,35,69
569,254,30,70
564,256,36,73
566,254,35,65
565,255,35,67
567,252,33,63
566,251,35,65
563,254,41,64
562,251,42,72
559,251,43,67
559,248,44,77
559,251,40,73
559,252,43,71
556,253,46,73
557,256,42,72
558,259,43,69
557,252,41,78
557,256,42,74
560,256,36,75
560,256,37,73
559,255,38,77
561,256,34,75
559,256,39,77
561,256,37,77
562,251,35,79
562,251,38,81
557,251,44,79
562,251,39,79
560,251,39,78
562,257,37,69
564,249,43,84
567,249,50,87
573,251,49,81
584,247,47,84
591,253,43,79
593,243,49,90
595,251,46,77
595,246,49,89
598,249,44,83
597,246,45,88
601,246,44,84
602,246,46,86
602,246,47,81
601,248,46,89
601,240,44,91
605,249,44,85
608,244,39,88
605,249,40,83
605,247,42,82
607,246,42,86
607,251,37,78
606,256,36,73
608,254,37,75
605,249,36,77
605,250,35,75
603,248,40,81
606,249,36,80
605,251,41,84
605,252,40,80
605,257,37,75
601,254,37,85
602,252,42,84
603,254,36,81
603,248,37,86
600,254,40,89
601,260,32,80
597,254,45,78
599,254,35,81
597,251,40,87
600,252,35,77
599,253,31,83
596,254,40,83
598,254,36,83
601,252,35,78
593,252,35,80
596,252,36,81
591,255,37,80
591,255,40,78
591,259,39,73
587,251,44,78
591,253,40,80
588,254,43,77
582,261,47,77
584,253,47,80
586,258,44,76
583,251,45,81
584,253,42,77
583,256,48,81
584,251,49,83
583,251,48,81
585,252,45,78
586,251,41,82
582,259,46,69
584,253,44,81
578,255,48,78
577,253,49,82
577,257,46,77
577,251,49,89
580,257,44,85
578,256,45,78
575,253,48,85
574,253,47,87
575,251,46,85
574,249,49,86
574,251,50,89
575,253,47,86
575,250,49,88
575,251,49,92
577,249,44,85
575,249,46,87
577,254,44,82
577,247,43,89
575,250,47,91
574,248,48,88
580,251,46,90
579,246,45,94
579,248,42,88
581,248,41,90
577,246,42,88
579,246,42,93
579,246,42,85
577,246,40,92
582,249,42,92
579,249,38,86
580,246,42,93
582,256,36,81
587,252,35,88
580,251,39,90
580,251,39,90
582,253,35,88
583,250,36,91
575,247,44,88
577,251,42,95
574,247,44,98
575,251,44,89
576,247,43,92
572,247,43,89
570,251,50,94
569,256,49,90
571,256,42,81
571,254,40,89
568,256,43,90
566,251,45,91
573,253,38,85
568,252,42,91
568,249,42,91
571,251,40,91
567,249,43,89
570,258,37,84
570,251,37,89
563,246,42,91
562,248,44,90
564,249,39,89
563,251,44,90
561,256,42,79
558,252,41,81
558,253,55,96
561,256,40,81
557,254,42,81
557,253,45,79
554,251,43,77
553,255,43,73
548,251,44,83
555,255,41,71
553,251,37,88
547,252,39,82
544,251,51,83
543,248,49,79
543,247,47,78
545,246,46,80
545,253,41,72
543,248,50,75
540,252,49,77
545,249,47,83
543,247,46,81
547,248,39,87
545,246,44,90
547,251,45,82
544,250,58,92
550,256,53,88
546,251,53,91
547,249,58,90
550,249,57,102
557,246,50,92
557,246,56,90
562,249,54,90
571,250,50,86
574,248,54,87
587,248,47,87
595,248,53,85
609,246,55,89
624,246,51,93
633,253,52,83
643,246,55,89
652,245,48,86
656,246,46,81
657,247,52,90
665,247,49,81
667,244,53,85
679,243,47,81
691,246,49,84
754,246,54,90
807,250,47,75
842,245,46,77
869,249,49,80
882,245,50,90
894,251,52,85
894,251,54,90
899,250,47,100
894,239,49,110
896,247,55,104
898,242,49,110
901,244,45,114
892,244,54,109
892,241,51,121
896,236,45,121
895,237,45,118
893,234,51,116
891,240,44,118
888,237,54,116
887,243,52,113
884,244,50,118
887,247,42,112
883,246,54,114
881,246,52,112
881,247,54,107
879,246,49,114
877,248,53,110
880,253,50,106
879,249,47,114
871,252,52,104
874,248,51,114
866,253,56,114
866,254,48,107
863,258,56,104
856,256,58,107
856,260,64,104
851,256,63,106
852,261,58,100
845,268,63,95
846,263,54,95
842,262,58,98
837,259,63,104
837,257,67,110
837,267,68,108
838,265,60,104
837,268,63,105
833,264,60,104
840,263,55,105
831,256,62,116
834,260,55,106
835,255,55,115
835,251,63,111
832,253,62,105
828,246,66,105
828,246,71,101
823,246,75,90
819,251,77,83
817,247,79,88
819,246,77,89
822,249,84,77
824,249,89,76
828,251,97,77
839,245,90,82
846,247,94,83
856,247,95,72
855,245,95,78
859,246,99,77
861,244,94,81
867,244,92,82
870,242,89,85
877,247,83,81
884,248,76,84
888,248,72,86
893,250,67,79
897,251,63,82
904,251,56,81
912,249,48,81
909,248,51,88
912,251,48,85
910,242,50,96
915,251,45,91
916,248,44,90
927,251,33,92
932,249,28,91
938,249,22,67
943,244,17,53
939,243,21,58
931,246,29,58
928,251,32,54
930,247,30,59
936,248,24,61
934,251,26,52
934,251,26,58
937,256,23,43
934,249,26,51
933,247,27,51
943,251,17,37
0,0,0,0
0,0,0,0
0,0,0,0
0,0,0,0
0,0,0,0
0,0,0,0
0,0,0,0
0,0,0,0
0,0,0,0
0,0,0,0
0,0,0,0
0,0,0,0
0,0,0,0
0,0,0,0
0,0,0,0
0,0,0,0
0,0,0,0
