890,412,44,86
895,418,31,80
890,420,40,76
890,420,40,76
890,414,40,86
895,417,42,88
894,415,45,88
897,414,44,89
895,413,45,87
895,413,45,87
898,413,45,88
898,413,45,88
898,413,40,87
902,413,39,85
902,412,39,86
902,411,40,87
902,409,40,90
900,409,40,89
900,407,42,93
900,407,42,93
902,405,39,91
900,403,40,88
898,403,39,90
898,403,39,88
897,403,42,91
894,407,44,88
890,406,44,92
892,413,40,86
892,413,40,86
890,420,40,88
889,415,40,93
886,417,42,91
881,418,44,91
877,420,47,90
874,420,47,88
874,420,42,93
874,422,45,90
871,423,47,96
868,423,47,96
868,424,47,98
864,426,49,96
864,429,49,93
860,431,47,92
856,435,49,99
855,435,44,88
852,436,50,92
848,437,47,94
847,439,45,95
847,439,45,95
845,438,44,100
843,440,45,100
847,441,39,105
845,440,42,100
845,441,40,99
843,441,44,99
843,441,42,102
843,441,42,101
842,440,44,100
840,442,49,100
840,441,42,101
840,441,42,101
834,441,49,98
830,439,49,100
827,438,49,99
827,438,49,99
827,438,49,99
827,438,49,99
814,442,47,95
814,442,47,95
805,439,47,100
800,439,50,97
796,437,53,102
795,438,52,97
793,436,49,104
795,436,47,104
795,437,47,102
790,439,52,98
795,440,47,98
793,438,49,104
790,440,55,103
788,441,55,104
787,441,55,104
787,442,57,102
785,442,55,104
782,443,53,104
782,443,53,104
779,443,55,106
775,443,55,105
774,441,52,107
772,441,52,107
771,441,53,104
767,441,55,105
764,441,52,106
762,442,57,102
759,444,53,106
754,445,57,109
751,447,55,103
751,447,55,103
746,445,53,108
745,446,52,111
745,446,52,111
740,449,52,105
740,445,52,109
740,449,50,104
738,448,50,106
735,446,55,110
737,443,55,110
738,440,47,113
735,441,53,110
735,441,53,110
737,439,49,110
733,439,55,108
735,440,49,107
733,440,50,108
735,440,49,108
735,440,49,108
732,440,50,108
727,439,58,110
725,439,53,111
724,438,57,111
720,434,53,119
720,434,53,119
716,434,57,115
714,434,57,118
714,436,53,113
712,436,55,114
711,437,55,112
709,437,53,112
707,435,53,116
703,437,57,111
703,435,55,113
703,435,53,115
701,435,53,114
699,433,58,116
699,433,57,116
699,433,53,119
698,433,57,116
693,432,58,117
696,434,55,115
695,435,57,113
695,435,58,117
693,435,58,114
695,434,57,117
695,429,58,123
695,427,58,121
696,425,55,127
691,427,60,125
691,427,60,125
691,427,60,125
691,429,55,123
686,431,62,121
686,433,63,120
686,431,58,124
685,432,60,122
685,431,58,123
685,431,58,123
685,431,58,123
686,430,57,127
686,429,58,131
683,433,63,128
685,435,63,126
685,435,62,124
685,435,62,124
688,437,63,125
688,436,65,128
690,438,63,126
691,433,60,130
693,434,62,129
695,432,62,133
695,433,65,134
698,434,55,131
696,430,62,137
696,433,66,132
698,435,65,128
699,433,63,133
703,435,63,132
698,432,70,136
701,430,70,137
703,430,68,139
703,428,68,139
703,423,65,141
703,423,65,141
704,426,70,139
699,428,74,136
707,427,73,140
709,429,68,141
712,430,66,140
712,426,65,149
712,426,65,149
714,428,66,145
714,425,68,144
712,426,66,147
711,420,68,148
714,426,66,145
712,427,71,147
712,426,70,147
712,426,70,147
712,427,66,148
711,427,68,149
711,427,68,149
712,424,73,151
707,427,76,149
711,425,73,151
711,428,71,148
712,425,68,151
712,425,68,151
712,429,68,147
707,424,71,152
707,433,74,143
703,427,76,149
703,427,76,149
703,427,76,149
696,425,76,151
695,424,74,152
693,419,74,157
691,419,73,157
690,418,76,158
690,418,76,158
690,418,76,158
690,418,76,158
690,418,76,158
686,423,73,153
683,422,73,154
680,422,76,154
680,423,74,153
680,418,71,158
675,415,79,161
678,415,76,161
678,418,76,158
677,414,79,162
677,417,78,159
675,418,79,158
682,421,76,155
680,418,79,157
680,418,79,157
686,416,79,158
688,415,81,160
688,415,81,160
688,415,81,160
698,411,81,165
701,409,81,167
701,412,83,164
703,405,78,171
703,405,78,171
699,408,78,168
699,408,78,168
699,408,78,168
699,408,78,168
699,408,78,168
699,408,78,168
690,401,76,175
683,400,83,176
678,401,79,174
678,401,79,174
673,397,79,177
672,398,78,177
665,401,86,175
665,397,81,179
669,390,86,186
672,388,89,188
678,379,89,197
683,375,92,201
688,372,92,204
686,369,100,207
688,364,107,212
695,361,100,215
696,358,105,215
704,355,99,218
711,353,96,217
717,345,96,217
717,345,96,217
724,338,96,221
724,328,100,233
728,329,100,230
728,323,100,229
725,323,105,219
732,316,102,219
732,308,105,229
737,303,100,231
740,296,102,233
741,293,107,234
743,283,110,237
748,281,107,240
750,274,105,244
751,273,107,243
754,269,104,242
746,266,113,238
745,266,117,243
741,264,123,241
741,264,123,241
753,260,108,246
748,258,110,248
748,257,108,254
746,257,107,252
746,257,107,252
735,250,112,260
728,251,117,263
728,249,113,268
724,251,117,263
724,251,117,263
719,256,108,263
719,256,108,263
709,255,117,267
703,251,121,272
703,251,121,272
703,241,113,287
698,237,112,296
696,232,113,299
691,236,113,297
675,237,125,298
675,237,125,298
675,237,125,298
648,248,162,297
651,247,165,303
654,251,165,301
662,248,155,305
662,248,155,305
664,245,141,308
661,235,121,321
659,237,115,322
657,237,113,323
649,239,123,318
620,239,164,322
610,245,181,313
599,244,194,321
597,247,196,320
605,242,180,325
605,242,180,325
609,233,154,334
607,201,125,353
609,201,126,345
605,199,139,341
580,202,180,338
557,203,225,341
544,205,261,342
555,206,270,343
571,207,270,342
586,201,257,355
607,199,230,346
623,194,193,346
638,190,149,354
641,189,142,351
638,190,151,352
610,191,181,357
581,208,222,354
562,217,259,355
560,223,280,353
562,233,285,343
565,237,293,339
565,237,293,339
602,230,215,346
602,230,215,346
636,223,152,353
659,219,136,357
659,228,146,348
631,227,185,349
625,230,222,346
625,228,246,348
625,226,251,350
631,221,257,352
638,221,238,345
672,220,207,342
691,220,173,334
709,223,131,332
693,223,154,339
682,228,165,337
638,230,202,338
604,230,235,337
581,232,269,338
583,234,277,337
578,235,280,336
570,230,265,336
570,230,265,336
557,224,214,325
550,220,165,328
549,212,142,334
536,198,138,341
518,203,142,327
481,208,168,322
466,218,188,317
427,231,233,315
435,233,233,326
427,235,235,332
427,235,235,332
435,228,212,335
505,244,131,317
505,244,131,317
516,255,99,292
492,237,146,300
468,232,176,301
461,237,227,287
469,233,202,289
473,237,194,282
482,234,199,294
492,233,157,286
507,234,154,287
523,232,144,291
523,232,144,291
541,230,128,302
552,235,121,298
552,235,121,298
552,235,121,298
499,247,152,283
502,252,151,285
502,252,151,285
526,247,146,293
542,244,131,284
568,236,117,286
568,236,117,286
568,236,117,286
568,236,117,286
536,251,149,277
516,250,164,281
512,252,160,275
512,252,160,275
507,247,154,278
510,252,144,272
505,263,138,256
505,254,117,251
502,249,121,258
494,235,118,261
491,232,105,261
482,223,112,254
474,219,113,252
469,213,112,252
465,211,108,245
469,206,107,243
474,210,108,237
479,210,110,236
476,211,123,238
481,213,118,237
482,222,112,232
487,229,107,234
487,233,113,235
487,233,113,235
478,245,121,228
481,250,133,222
481,250,133,222
507,248,120,229
520,244,123,229
529,249,118,223
537,242,107,232
542,236,112,235
549,232,100,234
544,241,112,219
544,241,112,219
544,240,107,224
542,250,102,213
541,252,100,215
541,250,87,213
541,250,87,213
531,253,96,205
525,251,97,205
513,254,99,204
513,254,99,204
458,263,102,202
439,269,96,202
414,278,97,199
414,278,97,199
385,291,94,198
377,296,105,191
382,286,94,204
380,292,100,195
384,296,102,200
384,296,102,200
416,294,96,202
427,289,91,198
426,282,91,198
435,266,87,203
435,261,92,205
442,262,92,199
444,262,92,198
435,270,92,190
437,261,89,195
440,262,83,187
444,258,84,192
457,263,79,180
455,257,86,187
453,261,84,187
455,257,87,197
460,264,79,187
461,265,83,186
460,268,92,180
460,272,89,180
465,268,87,183
463,271,87,183
461,271,83,186
457,269,89,185
453,275,84,177
455,277,81,173
455,271,79,183
455,271,79,183
445,278,73,175
437,283,79,173
437,283,79,173
431,286,83,174
427,287,81,170
427,286,86,176
424,283,81,177
421,281,79,177
421,294,73,161
418,291,83,172
418,292,74,169
418,293,76,167
419,294,73,168
418,295,71,167
