265,186,30,35
265,186,29,35
265,186,29,35
265,186,29,35
265,186,29,35
265,186,29,35
265,186,29,35
265,186,29,35
266,185,29,35
266,185,29,35
266,185,29,35
266,185,29,35
267,185,29,35
267,185,29,35
266,185,30,36
266,184,31,37
266,184,33,38
266,184,34,39
267,184,34,38
268,184,33,38
269,185,33,38
270,185,32,37
270,186,31,37
271,187,30,37
271,187,30,36
272,187,31,38
273,186,32,39
275,186,33,41
276,186,34,42
277,186,34,43
278,186,35,44
279,186,35,45
280,186,36,45
280,186,36,45
281,186,36,45
281,186,36,45
280,186,41,46
279,186,45,46
281,186,46,49
283,186,49,48
284,186,51,48
286,186,53,48
288,186,55,48
289,186,58,48
293,186,59,47
296,186,60,47
299,186,62,47
303,186,63,46
307,187,66,46
312,187,68,45
316,188,70,44
321,188,72,43
328,188,73,43
335,188,73,44
343,188,74,44
350,187,74,44
358,187,74,44
367,186,75,46
376,184,75,48
384,183,75,50
393,182,76,52
404,182,72,52
416,182,74,50
424,182,73,49
432,182,71,48
441,182,70,47
443,183,74,46
457,183,73,48
470,183,71,49
484,183,69,50
497,185,55,51
