889,275,42,87
886,278,40,86
882,277,40,85
879,277,42,85
879,278,40,86
874,276,40,85
861,275,53,88
852,274,62,89
855,272,60,93
855,274,60,90
856,275,53,89
856,277,55,87
855,278,42,87
852,278,42,85
848,274,42,87
845,275,44,86
845,276,40,86
840,276,40,86
837,276,40,86
835,276,40,86
826,278,50,87
826,279,49,86
822,277,52,90
821,277,49,90
821,279,44,88
816,278,45,88
814,278,44,89
806,277,44,88
803,279,44,85
803,278,44,88
796,278,45,88
795,277,45,90
782,274,60,92
790,273,44,92
785,278,58,87
782,279,55,87
780,280,53,87
780,279,45,89
777,278,42,91
777,278,42,89
775,278,40,91
772,276,44,90
767,280,42,86
767,277,40,88
766,278,39,89
764,278,39,88
759,278,40,88
758,279,44,89
754,279,42,89
753,279,40,88
753,277,42,87
751,280,44,84
745,278,44,86
746,276,40,87
745,276,40,86
745,276,39,86
741,278,42,86
738,280,47,84
738,280,42,88
738,279,42,88
733,278,44,88
733,277,44,90
732,276,44,91
728,278,44,91
724,276,50,86
720,276,44,90
720,276,44,89
722,276,37,88
720,276,37,90
720,278,34,88
712,281,44,83
712,276,40,87
711,275,44,90
707,279,40,85
707,279,42,86
704,279,40,85
704,278,39,84
696,278,42,85
693,278,44,84
690,278,44,84
690,279,39,82
691,277,36,86
683,276,44,88
685,271,44,88
678,278,42,86
675,278,42,87
673,278,42,85
669,278,42,86
672,276,42,84
667,278,40,84
662,276,42,86
661,280,42,85
654,278,42,85
651,277,44,84
651,277,42,88
648,277,42,88
648,278,42,86
638,276,44,86
639,278,44,89
636,276,44,87
635,277,44,89
630,276,45,93
623,274,45,94
622,276,45,93
625,275,45,93
610,277,47,90
612,276,45,93
614,277,45,92
602,276,47,94
604,276,47,94
607,277,49,93
599,274,49,92
593,273,45,89
588,276,47,92
591,275,47,92
586,273,45,91
578,275,47,94
575,275,47,95
575,274,47,98
567,271,49,100
570,277,49,101
565,271,49,99
562,273,49,97
557,269,47,97
555,270,47,97
555,269,47,95
550,274,47,97
546,273,45,92
544,274,47,94
537,276,47,94
539,274,45,93
536,278,45,92
529,277,45,91
529,277,45,89
525,274,45,89
526,278,45,88
523,271,45,92
523,275,45,92
516,275,45,90
513,275,45,92
513,273,45,93
513,276,45,88
512,276,45,89
508,278,45,89
507,275,47,95
507,275,45,93
505,279,45,93
500,277,45,95
497,278,47,93
499,277,47,94
500,281,45,97
494,277,45,93
484,274,45,95
487,276,45,93
482,278,47,94
482,275,45,96
476,277,45,96
461,278,62,91
466,271,58,97
457,279,66,91
460,277,65,93
457,280,68,89
452,281,73,87
453,279,49,92
452,277,53,92
450,275,52,93
452,276,50,94
442,275,49,99
442,268,49,100
435,270,49,100
434,272,49,102
429,273,55,100
424,273,63,97
419,278,63,94
418,277,60,92
418,278,53,92
418,274,49,101
410,275,49,101
410,277,49,101
405,273,49,101
403,278,49,99
401,274,49,100
390,272,60,100
387,276,63,94
384,277,65,95
382,275,66,98
382,273,65,98
385,276,57,95
380,275,52,94
376,276,49,93
376,272,47,100
369,273,50,99
371,272,49,103
366,273,50,101
359,271,49,98
361,275,52,97
355,273,53,100
353,273,57,97
353,273,57,97
346,274,50,97
340,274,50,99
338,269,52,99
337,273,52,98
327,275,57,98
324,276,52,98
325,274,52,97
317,274,62,100
314,279,57,89
309,277,55,95
309,276,57,87
306,278,60,95
304,275,58,103
306,274,55,95
304,276,53,97
301,275,53,96
303,275,50,96
303,274,49,97
299,276,52,95
298,279,52,92
298,279,49,93
296,278,45,90
296,280,45,90
290,279,49,96
287,278,49,93
288,278,47,92
285,276,47,97
282,277,52,91
280,276,55,97
272,277,50,95
269,278,58,94
269,277,57,94
265,276,57,97
262,276,55,94
262,280,55,90
265,279,53,92
265,280,52,92
261,279,50,95
265,280,44,93
257,278,49,94
257,278,50,95
261,278,45,93
257,280,47,92
249,278,52,93
253,276,50,98
249,282,53,91
246,279,49,94
249,282,49,90
243,280,49,90
241,279,52,95
244,279,47,93
240,280,52,95
240,281,52,92
244,278,49,96
235,278,49,94
233,279,47,96
232,281,47,92
232,280,52,94
233,278,47,95
232,277,52,96
232,280,52,95
225,278,50,96
230,280,52,92
228,278,49,93
227,279,52,94
220,277,49,96
219,277,52,97
223,277,49,98
222,279,52,98
215,278,52,96
219,280,52,95
219,278,49,94
212,280,50,93
209,280,49,95
212,279,52,96
207,280,50,95
207,280,49,95
207,279,50,95
201,278,55,96
201,280,57,94
202,279,50,90
202,276,47,96
199,278,49,93
199,279,49,96
196,277,50,96
196,278,49,96
198,278,49,96
201,281,49,91
194,278,47,95
189,279,53,94
191,277,52,96
189,278,47,93
189,276,52,95
185,277,49,93
188,275,49,100
186,278,52,96
186,278,50,96
185,277,47,93
183,278,52,94
181,275,50,95
180,275,45,95
176,272,49,93
175,274,47,94
178,276,45,92
173,277,49,93
175,275,45,90
173,278,44,86
175,276,42,89
176,280,45,91
170,276,50,88
170,277,47,87
170,276,49,88
168,279,50,92
168,277,47,87
168,273,44,91
167,277,47,92
167,272,50,94
167,271,50,91
164,270,45,94
159,273,50,87
162,272,45,89
160,271,45,87
160,269,47,98
162,268,49,99
160,270,49,100
159,267,49,99
154,270,47,98
159,269,47,98
152,272,47,97
154,272,47,98
151,270,47,98
151,271,45,96
149,266,45,96
147,268,45,96
144,270,47,97
146,270,47,97
144,271,47,98
146,267,47,98
141,270,47,98
149,265,47,98
141,268,49,99
141,269,47,99
139,274,49,100
144,270,49,99
138,271,49,100
138,271,49,100
139,269,49,101
138,268,49,101
142,268,49,100
142,268,49,100
134,268,49,101
138,269,49,102
131,271,50,104
131,271,50,104
133,264,49,103
131,268,49,101
128,272,49,100
125,271,49,98
125,272,49,98
130,269,47,96
121,272,47,93
125,271,45,94
125,273,47,93
118,271,47,93
113,270,47,94
121,271,49,95
121,265,49,99
120,272,49,96
118,272,50,97
117,268,49,99
117,268,49,99
115,270,49,99
118,268,49,99
118,274,42,68
117,272,40,69
117,273,40,65
118,274,40,70
117,275,40,66
117,276,37,65
113,276,40,67
113,276,36,65
113,277,37,67
112,276,42,65
112,276,37,65
107,273,44,62
107,273,39,68
107,273,40,63
107,274,39,63
105,275,44,65
105,275,40,63
102,275,45,62
105,274,37,65
100,274,40,64
97,274,42,66
94,271,47,69
100,274,42,66
96,272,44,66
94,269,42,67
92,272,42,69
91,273,52,71
96,273,40,67
83,275,45,65
74,269,44,64
86,261,49,73
78,270,45,64
89,272,42,64
86,271,50,68
92,272,42,66
94,273,37,66
91,274,44,65
89,272,40,67
86,271,44,67
87,271,40,69
86,270,39,73
92,272,32,68
84,270,39,69
84,272,42,67
84,273,39,67
81,273,40,70
86,272,37,69
83,271,42,68
81,270,40,70
83,271,37,67
81,271,44,71
81,269,39,67
81,267,36,76
83,270,32,68
79,271,37,69
79,273,37,66
81,271,34,68
79,271,36,67
79,272,34,66
78,273,36,65
74,272,39,67
74,271,40,66
74,272,39,66
71,271,39,66
70,270,39,65
71,272,40,68
65,271,44,66
70,272,39,65
70,274,36,64
66,271,40,65
71,270,29,63
66,274,37,65
66,272,36,62
66,272,37,62
63,268,39,67
66,271,36,61
63,270,39,66
62,270,40,73
65,271,34,66
57,270,44,60
58,267,37,67
58,270,37,67
63,271,32,65
53,268,44,67
55,269,40,65
55,269,42,64
57,269,36,71
53,271,39,65
50,270,39,65
53,267,36,70
53,270,36,66
47,267,40,66
45,271,40,68
47,269,42,70
47,269,42,66
49,270,39,69
47,271,40,63
47,269,37,68
47,270,39,73
42,268,45,77
50,270,31,73
45,267,39,78
44,272,39,68
45,269,32,76
40,270,42,77
40,269,36,86
36,268,42,69
40,271,32,70
40,269,32,71
37,269,40,78
37,269,37,67
37,270,39,68
37,268,37,74
32,269,39,73
34,271,37,69
31,269,42,79
28,268,42,86
29,270,40,83
29,270,40,83
32,271,39,62
29,273,42,70
29,273,40,63
24,272,49,61
29,273,37,59
28,269,40,66
24,269,39,75
23,270,45,75
24,268,40,63
28,271,34,60
24,268,31,61
24,271,36,58
21,268,39,67
19,270,37,64
19,268,37,63
19,270,32,63
18,270,37,67
13,268,39,74
13,270,32,68
11,270,39,71
8,267,40,78
6,269,42,74
6,269,45,76
6,269,39,67
5,269,40,69
8,268,37,79
5,269,40,76
5,269,40,82
3,271,39,78
2,271,44,71
5,273,44,74
5,267,39,78
2,267,44,80
3,266,45,81
3,268,44,75
3,266,37,70
2,268,39,68
3,263,16,73
