290,238,263,182
303,244,244,180
321,242,232,185
342,248,189,183
345,246,194,189
308,246,252,176
295,248,252,180
266,257,278,185
264,251,261,185
269,242,256,193
269,238,254,189
286,246,276,178
305,240,257,187
312,240,235,191
360,246,172,178
377,248,148,178
367,244,150,184
355,244,191,185
351,248,196,183
266,257,256,183
249,248,263,196
232,248,276,196
234,255,278,187
232,251,282,187
314,257,191,167
316,259,178,174
355,261,133,178
360,259,133,191
334,271,180,180
269,268,257,207
245,272,257,200
238,277,246,196
236,272,244,200
234,264,254,204
256,268,259,204
275,266,232,204
273,274,215,196
286,268,207,202
282,274,202,202
260,273,250,210
234,274,276,215
214,279,285,209
201,277,294,204
205,277,294,207
217,277,299,203
223,272,298,202
223,274,304,198
227,270,304,198
227,272,304,209
234,270,300,207
240,276,293,206
241,281,291,207
242,272,293,207
240,272,291,215
241,272,286,211
242,272,282,207
242,272,278,210
242,270,287,213
239,276,282,206
240,281,263,198
236,279,269,200
232,277,274,202
234,277,269,198
236,277,265,195
245,276,256,191
266,271,239,189
264,266,243,194
268,266,238,194
273,266,233,193
264,255,250,183
266,255,245,178
268,254,241,173
274,257,236,164
273,257,241,174
293,248,221,172
286,246,228,174
285,248,227,168
286,251,226,157
293,252,219,164
299,264,211,159
299,266,207,157
299,278,207,145
303,268,193,157
303,267,202,162
307,273,197,156
307,271,199,158
306,269,200,160
306,267,202,162
306,265,203,164
305,263,205,167
305,261,206,169
305,259,208,171
306,257,210,171
306,255,211,170
305,268,207,158
302,268,206,158
299,267,204,159
296,266,202,159
293,266,201,160
290,265,199,160
287,264,197,160
284,264,195,161
281,263,194,161
278,262,192,161
275,262,190,162
272,261,189,162
269,260,187,162
277,260,167,166
284,259,148,170
282,259,128,165
293,261,141,169
293,261,146,174
312,263,124,170
295,279,165,146
298,274,159,153
301,268,154,159
293,284,180,141
288,282,185,147
282,281,189,154
281,284,177,145
280,287,165,137
279,285,171,141
277,284,177,146
275,283,183,150
275,284,181,149
275,285,179,149
275,286,177,148
275,287,174,147
275,289,172,146
279,289,167,130
280,288,167,131
282,287,168,133
284,286,168,135
285,285,169,136
287,283,169,138
289,282,170,140
290,281,171,141
292,280,171,143
294,279,172,145
295,277,172,146
281,286,170,129
282,287,169,127
283,288,167,125
284,289,165,123
285,290,163,121
286,292,161,118
287,290,159,124
288,289,157,130
286,289,157,128
285,289,156,127
284,289,155,126
282,289,154,125
281,289,153,123
279,289,147,122
278,289,141,121
276,289,136,120
275,289,130,119
282,286,139,119
290,283,148,119
293,282,147,119
297,281,145,119
300,280,144,119
304,279,142,119
307,278,141,119
308,279,141,120
309,281,140,122
310,283,140,124
311,285,139,126
312,287,137,124
314,289,134,121
315,290,132,119
316,292,130,117
315,292,131,117
315,291,133,117
315,290,134,117
315,290,135,117
315,289,137,118
314,288,138,118
314,288,140,118
314,287,141,118
314,286,142,119
313,286,144,119
313,285,145,119
313,284,147,119
313,284,148,119
312,284,150,119
311,284,153,119
310,284,155,119
309,285,157,119
309,285,160,119
309,283,157,122
310,281,155,125
311,278,153,128
311,279,150,127
312,280,148,125
313,281,145,123
313,281,143,122
314,282,140,120
315,283,138,119
315,283,135,117
316,284,133,116
317,285,130,114
318,281,130,119
316,283,122,120
314,284,113,122
312,286,105,123
310,287,97,125
308,289,89,126
298,288,100,125
288,287,111,124
278,287,123,123
273,281,146,122
276,283,146,120
279,286,146,117
282,288,146,114
285,290,146,112
288,293,146,109
291,286,146,116
293,279,146,122
303,282,151,115
312,284,156,107
313,279,154,110
313,273,152,113
313,268,150,116
313,262,148,119
314,257,146,122
311,260,146,121
309,262,146,120
306,265,146,119
303,267,146,119
301,261,146,122
304,258,147,120
307,256,147,119
310,253,147,117
308,255,147,115
306,256,147,113
305,258,148,111
303,259,148,109
301,261,148,107
300,261,148,109
298,261,148,110
297,261,148,111
293,262,148,110
290,263,147,110
286,264,147,109
282,265,146,108
279,267,145,107
297,259,143,111
287,263,140,111
276,267,138,111
265,271,136,110
271,269,134,110
277,267,132,110
282,266,130,110
288,264,128,109
244,273,151,107
249,272,145,104
253,272,140,101
257,271,135,99
261,271,129,96
265,270,124,93
269,270,119,91
266,271,114,96
262,273,110,101
258,274,106,106
255,275,113,107
253,276,120,108
250,277,128,109
248,277,135,110
250,278,132,111
252,279,129,112
254,280,126,113
256,280,123,114
258,281,119,114
256,283,122,113
255,286,124,112
254,288,126,110
252,290,128,109
251,292,130,107
249,292,131,110
247,292,133,112
245,292,135,114
244,292,136,117
242,292,138,119
240,292,140,121
239,292,136,122
237,291,132,123
236,291,128,124
235,291,125,125
234,291,121,125
232,290,117,126
231,290,113,127
240,289,109,128
248,288,106,129
256,287,102,130
249,292,80,112
243,295,95,112
236,298,111,113
243,298,113,112
249,298,115,111
249,294,120,110
248,290,125,110
248,287,130,109
248,284,136,108
247,281,141,107
245,281,142,107
243,282,142,107
240,280,143,107
238,279,144,107
236,278,145,107
234,277,145,107
238,277,143,106
243,277,140,105
247,277,137,105
239,279,139,105
231,281,140,105
223,283,142,105
223,286,135,104
224,289,129,102
224,292,122,101
224,295,115,100
217,293,126,102
211,291,138,104
205,289,150,106
211,286,146,106
218,284,143,106
225,282,139,106
232,280,136,106
231,280,139,106
230,280,142,106
228,281,146,106
227,281,149,106
233,281,141,107
240,281,133,109
240,281,133,111
241,282,133,112
242,282,132,113
242,282,132,113
243,283,132,112
243,283,131,112
244,283,131,112
245,280,129,113
245,276,127,113
249,276,124,112
254,276,120,112
258,276,117,111
262,276,114,110
267,276,111,109
271,276,108,108
271,278,106,109
270,280,104,109
270,282,102,110
270,284,100,110
266,282,98,112
262,281,97,113
253,285,98,115
245,288,100,117
241,293,98,115
237,298,96,114
233,302,94,112
238,300,87,116
243,297,80,119
247,289,81,123
251,280,82,126
258,290,83,130
244,288,89,115
246,289,94,115
249,291,99,116
245,290,104,115
242,289,109,115
238,288,115,114
233,288,121,114
229,287,127,114
225,287,133,113
221,287,139,113
221,287,139,113
221,287,140,113
221,287,140,113
221,287,141,113
221,287,141,113
221,287,142,113
221,287,142,113
221,287,143,113
221,287,143,113
221,287,144,113
221,287,144,113
221,287,144,113
220,287,146,113
219,287,148,114
218,288,150,114
217,288,152,115
216,289,153,115
215,289,155,115
214,290,157,116
213,290,159,116
212,290,160,116
216,291,154,117
219,291,148,117
223,292,141,118
226,292,135,118
230,292,128,118
234,293,122,119
236,293,110,118
238,293,98,118
240,292,92,119
242,292,85,120
242,293,81,120
242,293,78,119
242,294,74,119
230,294,65,124
216,290,80,128
210,293,90,129
203,296,101,130
199,296,115,129
196,296,129,128
192,296,143,128
192,295,148,127
193,295,154,127
194,295,159,126
194,294,165,126
195,294,164,126
196,293,163,126
197,292,162,126
198,291,161,126
200,291,161,126
201,290,160,126
202,289,159,126
203,289,158,127
204,288,157,127
205,287,156,127
206,287,155,127
207,286,155,127
208,285,154,127
209,285,153,127
210,284,152,127
210,284,149,126
210,284,147,126
211,284,144,125
211,284,141,125
211,284,138,124
211,283,136,124
211,283,135,125
211,283,134,125
212,283,133,126
212,283,132,127
212,283,143,128
209,282,144,128
206,282,144,129
203,282,145,129
200,281,146,130
208,282,132,131
216,282,117,132
224,282,102,134
232,283,87,135
220,287,93,124
218,283,110,127
216,279,127,131
214,276,144,135
213,275,144,136
213,274,144,136
212,274,143,136
216,278,137,127
219,279,138,129
219,279,141,122
233,282,128,121
231,281,135,123
226,282,137,124
222,283,140,125
220,283,140,128
217,282,139,131
216,280,134,131
215,283,136,132
218,285,135,126
220,283,134,126
222,279,135,129
225,274,136,131
227,274,136,130
229,274,137,129
232,274,141,125
234,274,144,122
238,272,143,124
242,271,142,125
245,271,144,124
249,271,147,122
253,270,150,121
262,269,149,120
272,267,147,119
290,264,144,118
308,261,142,117
317,260,142,116
326,258,142,116
334,257,139,141
357,251,137,133
380,246,135,126
395,243,122,120
410,241,108,114
375,261,139,141
413,242,106,115
413,246,104,112
409,249,108,123
401,255,120,113
345,260,134,143
340,261,129,133
326,276,135,107
304,282,143,100
284,285,143,105
265,288,143,110
226,284,148,119
219,287,132,120
218,292,124,111
209,291,117,105
193,285,127,112
193,284,130,110
198,281,131,109
216,296,113,106
230,287,112,104
229,296,156,106
269,289,146,113
298,287,142,109
305,283,152,104
342,285,137,107
353,277,133,111
387,266,129,109
405,262,127,120
426,253,125,120
443,247,114,111
449,246,112,106
455,240,109,102
457,242,113,102
453,243,115,102
450,245,116,101
446,246,118,101
431,248,118,105
424,260,123,106
409,261,122,106
398,262,125,109
380,263,142,114
350,273,135,117
331,277,129,115
306,282,139,116
293,289,131,107
285,284,129,114
247,283,144,123
241,282,140,120
232,285,136,118
229,286,136,120
237,290,126,113
231,290,145,110
233,290,136,113
231,293,153,113
240,286,146,117
242,294,150,119
256,290,157,116
273,297,149,113
289,300,141,110
304,292,139,120
317,293,133,114
353,292,121,119
364,298,122,113
368,285,122,117
378,279,122,117
388,274,122,117
393,264,122,117
434,270,122,117
442,272,130,104
445,272,126,98
445,270,126,98
445,268,126,98
445,266,126,98
443,266,126,98
440,266,126,98
440,265,126,98
440,264,126,98
440,263,126,98
440,262,126,98
440,261,126,98
438,260,126,96
436,259,126,94
438,257,120,96
440,255,115,98
438,254,115,98
437,254,115,98
435,253,115,98
434,252,115,98
432,251,115,98
432,250,115,98
432,248,115,98
416,248,132,98
393,251,132,98
379,255,133,96
369,255,133,96
364,250,133,96
358,266,122,94
358,264,122,101
358,263,122,107
336,266,120,100
334,266,120,100
321,272,120,100
319,268,120,100
305,270,120,100
301,270,120,100
300,271,121,101
299,273,121,101
298,274,121,102
298,275,121,102
297,277,122,103
296,278,122,103
295,279,122,104
295,279,117,107
295,279,111,109
294,284,94,105
293,289,78,100
293,300,78,100
293,305,78,100
293,296,96,96
293,292,98,106
297,289,104,113
306,294,104,100
310,290,104,100
314,290,104,100
321,292,104,100
338,287,104,100
368,279,104,100
382,274,104,100
390,271,104,100
397,268,104,100
397,274,104,100
408,274,104,100
410,273,108,97
412,272,113,94
410,272,113,94
408,273,113,94
406,274,113,94
406,273,113,94
405,272,113,94
404,271,113,94
403,270,113,94
402,270,113,94
401,269,113,94
401,268,113,94
400,267,113,94
399,266,113,94
400,263,115,96
401,259,117,98
401,255,119,98
401,250,122,98
401,246,124,98
395,242,127,102
390,238,130,106
391,238,130,106
392,237,130,106
393,237,130,107
393,237,130,107
393,236,130,107
393,235,130,107
393,235,130,107
394,237,129,106
394,239,129,105
394,241,129,104
394,243,129,103
394,245,129,102
395,247,129,101
395,249,128,100
395,251,128,99
395,253,128,97
395,255,128,96
395,256,128,96
395,257,128,96
393,264,128,95
392,272,128,94
391,272,126,94
390,271,125,94
390,271,123,94
389,271,122,94
389,271,121,94
388,271,119,94
387,270,118,94
387,270,116,94
386,270,115,94
390,275,107,95
395,280,99,96
399,285,91,96
388,285,103,94
377,285,115,91
377,285,116,90
377,285,117,89
364,281,137,85
359,280,137,85
355,279,137,85
351,281,137,86
347,283,137,88
343,285,137,89
341,288,134,91
339,291,131,93
336,294,128,94
338,294,128,102
338,293,128,102
338,292,128,102
340,294,120,104
339,296,119,103
338,298,119,103
337,300,118,102
336,301,117,102
334,311,104,106
330,311,104,106
327,313,94,104
323,314,85,102
320,314,85,102
317,313,85,102
313,312,85,102
310,311,85,102
308,309,85,102
306,307,85,102
309,301,85,105
312,294,85,107
311,296,85,107
310,298,85,107
308,301,87,106
306,303,89,104
292,308,101,98
277,313,113,93
275,313,115,92
273,313,117,91
271,313,119,90
269,313,121,90
267,313,123,89
265,313,125,88
263,313,127,87
260,313,129,87
258,313,131,86
256,313,133,85
256,313,133,80
256,313,133,74
268,305,132,78
280,298,130,81
290,295,124,81
299,292,119,81
299,287,119,94
299,281,119,106
302,291,119,103
305,301,120,100
321,305,107,96
316,307,107,96
316,307,117,96
316,309,117,96
316,311,115,91
314,316,115,91
310,322,115,91
310,321,114,90
311,320,114,90
311,320,114,90
312,319,113,89
312,318,113,89
313,315,113,89
314,313,113,89
317,312,113,88
319,312,113,87
322,311,113,86
325,311,113,85
325,313,113,85
325,314,113,85
325,303,119,93
327,300,119,93
327,296,119,93
327,296,120,98
328,296,120,98
329,297,120,98
331,297,120,98
332,297,120,98
333,297,120,98
335,298,120,98
336,298,120,98
337,298,120,98
339,299,120,98
340,299,120,98
341,299,120,98
343,300,120,98
344,300,120,98
345,300,120,98
346,301,120,98
348,301,120,98
349,301,120,98
350,301,120,98
352,302,120,98
353,302,120,98
354,302,120,98
356,303,120,98
357,303,120,98
358,303,120,98
360,303,120,98
362,302,120,98
364,301,120,98
365,296,120,98
366,291,120,98
367,286,120,98
368,281,120,98
367,276,120,97
366,271,120,96
366,266,120,94
363,262,122,96
360,258,124,97
356,253,126,98
356,250,126,98
356,247,126,98
356,244,126,98
357,241,124,98
358,238,122,98
354,238,123,96
350,238,123,94
346,238,124,93
342,238,124,91
330,236,125,93
319,233,126,94
316,229,126,94
305,226,126,94
305,224,126,98
297,226,126,98
299,222,126,98
290,222,135,96
284,222,135,96
292,216,119,104
290,214,119,104
291,214,118,105
292,214,117,106
292,218,117,102
280,222,117,96
288,222,113,94
295,222,109,93
299,220,94,96
295,219,94,96
292,219,94,96
288,218,94,96
279,216,94,104
278,216,94,106
277,216,94,107
275,216,94,107
255,216,115,104
255,215,114,113
256,214,113,104
262,213,107,105
268,213,102,106
261,214,109,106
255,216,117,106
277,216,94,106
271,216,100,106
270,216,101,106
269,216,102,106
255,216,116,101
242,216,130,96
242,217,129,96
242,217,128,95
242,218,127,95
242,218,126,94
242,217,126,94
242,217,126,94
242,216,126,94
242,215,126,94
242,214,126,94
242,214,126,96
242,214,126,97
242,214,126,98
242,214,126,99
242,214,126,100
242,216,126,100
242,217,126,100
242,218,126,100
242,219,126,100
242,220,126,100
242,221,126,100
241,222,126,100
241,223,126,100
241,224,126,100
241,225,126,100
241,226,126,100
241,227,126,100
241,228,126,100
241,229,126,100
241,230,126,100
241,231,126,100
241,232,126,100
240,233,126,100
240,234,126,100
240,235,126,100
240,236,126,100
240,237,126,100
240,238,126,100
240,239,126,100
240,240,126,100
240,241,126,100
240,242,126,100
239,243,126,101
239,245,125,102
239,246,125,103
238,247,125,104
238,248,124,105
238,250,124,106
238,249,124,106
238,248,124,106
238,247,124,107
238,246,124,107
238,245,123,108
238,244,123,108
238,244,123,109
238,243,123,109
238,242,123,109
238,241,123,110
238,240,123,110
238,239,122,111
238,238,122,111
240,237,125,112
243,235,127,113
245,233,129,114
247,231,132,115
251,231,132,115
255,231,132,115
255,226,132,115
256,225,132,115
258,224,132,115
262,226,141,117
264,227,144,113
275,229,144,117
280,227,139,119
288,229,137,107
293,229,137,102
306,231,137,102
306,229,137,102
312,231,137,102
332,231,126,91
340,227,119,94
345,222,124,94
346,219,124,94
347,216,124,94
347,216,124,100
347,216,122,89
355,214,122,96
362,213,122,104
366,211,122,111
373,203,117,107
373,203,128,98
375,205,137,93
392,205,126,91
401,213,120,76
406,211,119,80
412,211,119,80
443,211,93,81
456,209,81,91
462,209,78,91
479,209,65,100
490,216,46,98
514,231,63,96
512,235,70,100
512,235,80,94
518,224,85,117
514,226,96,115
499,257,115,98
508,264,115,104
510,272,117,109
510,276,117,109
514,281,128,113
523,287,128,113
525,294,128,107
527,294,128,107
532,294,130,111
535,295,130,114
538,296,130,117
540,296,130,113
538,292,132,114
536,289,135,115
536,289,133,119
536,283,133,119
531,283,132,113
519,276,132,113
523,270,132,113
523,270,126,106
525,264,126,102
525,264,124,102
525,264,119,102
523,264,119,102
522,264,119,102
521,263,119,102
519,263,119,102
518,263,119,102
514,261,119,102
518,261,119,98
518,261,119,98
518,261,120,98
518,261,128,104
518,261,126,104
523,261,115,102
529,268,102,93
538,272,98,81
531,270,98,81
519,266,98,81
508,263,111,85
507,253,113,91
506,244,115,96
508,240,115,96
505,238,115,96
502,240,115,96
500,241,115,96
497,242,115,96
490,246,115,96
492,244,115,96
483,244,115,96
475,243,115,96
467,243,115,96
458,242,115,96
454,245,115,96
449,248,115,96
432,246,115,96
416,244,115,96
412,242,115,96
411,243,115,96
410,244,115,96
410,244,115,96
410,244,115,96
410,245,115,96
410,245,115,96
410,245,115,96
410,245,115,96
410,245,115,96
410,246,115,96
410,246,115,96
410,246,115,96
410,246,115,96
410,246,115,96
410,247,115,96
410,247,115,96
410,247,115,96
410,247,115,96
410,247,115,96
410,248,115,96
410,248,115,96
398,251,117,100
385,253,119,104
373,256,122,107
360,259,124,111
355,264,115,107
351,268,106,104
345,268,106,104
342,271,110,100
338,274,115,96
336,274,115,96
334,274,115,96
332,274,115,96
330,274,115,96
330,273,121,94
329,272,128,93
323,272,131,94
318,272,133,94
326,270,127,98
334,268,120,102
333,268,123,104
332,268,126,106
336,270,120,105
340,272,115,104
343,274,109,104
343,276,109,104
343,280,106,103
342,285,102,102
341,289,98,101
340,294,94,100
340,301,91,96
343,301,84,99
347,301,78,102
356,300,65,107
356,300,65,104
357,298,82,103
358,296,100,102
362,292,100,102
364,296,109,100
368,290,109,100
368,290,109,101
368,290,109,101
368,290,109,102
370,293,109,102
373,296,109,102
384,293,107,100
394,290,104,98
405,287,102,96
410,287,117,92
416,287,132,87
419,285,132,87
432,282,125,86
444,279,119,85
456,276,113,83
467,274,113,83
477,272,113,83
481,272,113,83
484,273,113,83
488,274,113,83
479,270,120,96
479,269,120,96
480,268,120,96
481,266,120,96
481,266,126,96
481,262,126,99
482,257,126,102
485,258,125,102
487,260,124,103
489,261,123,104
491,263,123,104
494,264,122,105
496,266,121,106
498,267,120,106
500,269,119,107
503,270,119,107
512,270,119,107
521,270,119,107
528,274,119,106
534,277,119,104
542,277,109,96
549,276,106,102
555,274,101,102
560,273,96,102
566,272,91,102
571,274,88,97
577,276,85,93
575,276,83,92
573,276,80,91
571,276,78,91
571,275,77,88
570,274,77,85
569,274,76,81
568,274,76,73
568,274,76,65
561,275,81,64
554,276,86,64
547,278,91,63
540,279,96,63
539,276,97,64
538,274,98,65
532,268,98,74
531,264,98,79
531,261,98,83
542,251,81,85
532,242,81,85
553,244,57,89
574,242,62,89
566,244,67,89
550,251,108,85
543,250,115,93
542,253,115,91
541,257,115,89
540,261,115,87
534,261,115,89
529,261,115,91
523,262,115,91
518,263,115,91
525,263,111,91
530,263,102,91
534,263,93,91
519,259,81,80
525,264,81,80
505,290,100,63
506,289,100,69
512,294,104,76
520,297,96,75
529,300,89,74
527,289,89,81
514,289,111,78
542,274,83,85
557,262,72,93
573,250,61,100
578,250,76,100
582,250,91,100
576,251,83,100
569,251,76,100
546,258,82,94
523,264,89,89
512,274,99,85
501,283,109,81
506,281,109,81
525,281,102,80
553,279,69,83
549,274,69,83
590,240,72,106
582,246,74,100
575,251,76,94
571,266,74,83
543,270,100,87
529,285,109,85
531,285,113,83
527,289,120,74
549,268,94,89
545,263,80,91
610,227,57,106
602,229,59,106
594,231,61,106
586,233,63,106
575,264,76,89
564,274,89,80
564,277,89,80
561,277,91,80
558,277,93,80
556,274,93,80
601,229,52,102
612,226,63,106
610,227,56,103
608,229,48,101
606,231,41,98
542,266,104,93
545,272,104,85
551,279,104,76
547,285,104,76
534,283,119,72
555,259,96,89
560,248,96,89
616,224,59,117
616,224,61,113
600,238,80,94
584,253,98,74
556,270,96,78
558,277,96,76
560,289,93,67
549,289,93,67
549,289,117,65
562,283,113,85
558,283,119,80
558,283,119,74
562,272,117,80
579,255,87,91
593,253,72,87
590,257,72,87
599,246,59,87
616,242,59,91
612,238,61,91
605,242,70,91
597,246,81,96
597,246,87,96
584,246,100,93
575,255,102,81
556,259,122,76
556,260,122,79
555,261,122,81
553,259,122,81
549,263,122,81
549,263,123,81
549,263,125,81
549,263,126,81
560,263,119,85
560,259,119,85
564,254,112,90
569,249,105,94
573,244,98,98
584,240,70,106
586,238,70,106
586,238,56,96
575,231,56,96
571,238,63,93
573,237,63,93
536,244,76,89
510,233,106,100
503,240,106,100
492,240,100,91
486,237,100,91
466,246,107,83
460,248,107,83
451,253,109,78
445,253,115,81
443,253,115,81
444,253,115,81
444,253,115,81
444,252,115,81
444,252,115,81
442,261,115,81
441,262,115,81
441,263,115,81
440,264,115,81
440,264,115,81
440,265,115,81
439,266,115,81
439,267,115,81
439,268,115,81
438,269,115,81
438,270,115,81
426,273,113,86
415,276,110,90
403,278,108,94
392,281,106,98
384,279,106,98
374,282,106,98
365,286,106,98
355,289,106,98
345,292,106,98
342,293,106,98
338,293,106,98
334,294,106,98
335,294,108,98
336,294,110,97
338,294,112,97
339,294,114,97
340,294,117,96
345,296,117,96
351,298,117,96
351,298,117,94
351,298,117,93
351,298,117,91
351,298,114,86
351,298,111,81
351,298,106,69
351,298,85,76
356,296,78,83
356,285,71,91
356,274,65,98
351,274,72,104
351,274,85,106
351,276,100,104
351,277,115,102
349,285,119,94
352,282,119,94
355,279,119,94
359,279,119,94
364,279,119,94
363,280,119,94
362,281,119,94
360,283,119,94
359,284,119,94
358,285,119,94
352,284,119,94
346,284,119,94
340,283,119,94
334,283,119,94
332,281,114,94
330,279,109,93
328,275,101,95
326,271,93,98
323,266,85,100
330,267,71,100
336,268,57,100
349,260,57,100
362,251,57,100
343,264,62,98
323,277,67,96
323,278,67,96
323,279,67,96
320,283,69,95
318,287,70,94
324,286,74,93
331,284,79,91
338,283,83,90
344,282,87,89
351,281,91,87
356,280,91,87
362,279,91,87
390,272,91,87
419,266,91,87
447,259,91,87
453,247,129,103
458,235,167,119
458,235,180,119
476,231,180,119
493,227,180,119
523,222,150,113
529,222,150,113
529,222,148,114
529,222,145,115
529,222,143,117
527,226,135,116
525,231,128,115
500,244,125,111
474,257,123,107
449,270,120,104
418,278,120,104
386,287,120,104
354,288,120,104
321,289,120,104
296,290,120,104
271,292,120,104
260,289,120,104
249,285,120,104
247,285,120,104
245,285,120,104
252,286,121,102
260,286,121,101
267,287,121,99
274,288,121,97
281,289,122,96
288,290,122,94
295,290,122,93
311,291,128,93
327,292,133,93
380,284,122,94
434,276,111,94
445,276,111,87
464,265,127,91
484,255,142,94
503,244,157,98
523,235,150,117
529,235,157,102
571,220,113,107
582,222,107,94
579,223,107,94
576,223,107,94
573,224,107,94
571,225,107,94
568,226,107,94
547,235,109,94
527,244,111,93
506,253,113,93
477,261,113,93
486,264,98,104
395,279,115,91
384,276,115,91
375,281,115,91
321,289,115,91
308,287,115,91
292,290,115,91
273,292,115,91
264,292,115,91
260,290,115,91
260,289,115,91
256,285,115,91
256,284,115,91
256,283,115,91
256,281,115,91
262,279,113,93
262,281,113,93
262,282,113,93
262,283,113,93
262,285,113,93
262,285,114,93
262,285,115,94
262,285,115,95
262,285,116,96
262,285,117,97
262,285,118,97
262,285,119,98
263,285,119,98
263,285,119,98
264,285,119,98
274,285,116,98
284,285,114,98
293,285,111,98
295,285,113,97
297,285,115,96
300,283,115,96
303,281,115,96
304,280,115,96
305,279,115,96
305,278,115,96
305,277,115,96
306,276,115,96
306,276,115,96
306,273,115,96
306,270,115,96
306,270,121,96
306,270,128,96
306,270,135,96
306,270,143,96
309,269,143,96
313,268,144,95
316,266,144,94
320,266,144,94
325,266,144,94
329,268,145,93
332,270,146,91
339,270,146,91
345,270,146,91
348,268,146,91
351,266,146,91
355,264,146,91
355,264,147,91
355,264,148,92
355,264,149,92
355,264,150,93
355,267,150,93
355,269,150,93
355,271,150,93
355,274,150,93
355,276,150,93
355,279,150,93
355,281,150,93
