18,375,44,68
24,372,46,72
29,372,49,69
30,370,51,70
37,367,46,71
40,364,48,69
45,364,50,69
51,362,48,68
54,361,50,67
59,357,50,69
63,358,48,66
66,356,47,66
69,355,49,64
74,352,48,63
79,351,48,64
83,350,50,64
86,347,49,67
90,345,47,68
92,343,49,66
96,344,46,66
100,338,47,69
103,337,46,66
107,337,45,65
111,334,44,65
114,332,45,66
116,329,45,66
119,328,44,65
121,328,45,66
123,327,44,66
127,323,46,66
130,322,46,66
134,322,44,66
139,320,44,68
142,318,43,64
144,317,45,64
147,316,45,63
152,317,41,62
155,318,43,60
162,314,43,61
163,313,45,61
165,310,45,61
168,309,47,63
170,305,46,66
175,305,44,64
177,307,44,62
183,307,43,60
184,308,44,56
189,304,44,57
193,303,43,58
197,305,43,56
198,303,40,57
201,301,38,58
202,297,40,57
204,299,39,56
207,296,39,55
211,294,38,56
215,294,40,56
215,292,40,58
217,292,38,54
222,289,37,56
222,289,36,54
227,288,35,56
226,288,35,55
229,288,37,53
231,286,38,54
233,285,40,55
237,283,34,54
239,282,33,55
240,282,33,53
242,280,37,53
243,277,37,56
246,278,34,52
250,276,34,54
251,278,33,52
254,278,33,52
254,276,36,50
259,273,33,52
260,272,32,53
262,275,33,50
266,273,32,50
266,270,33,51
269,269,35,51
272,267,35,50
275,270,36,48
278,268,35,49
281,267,32,48
281,267,33,47
283,266,34,49
284,266,33,47
288,263,33,48
288,262,33,48
292,262,32,48
295,260,32,48
296,261,32,46
297,259,31,46
299,259,31,45
300,256,30,47
301,255,31,47
304,256,30,45
304,252,31,47
306,252,30,46
309,251,31,48
310,251,29,45
312,250,30,46
312,248,30,47
314,250,29,45
314,248,29,46
315,247,30,45
318,246,30,45
318,246,31,45
320,246,31,44
321,243,31,45
321,244,31,44
322,243,31,44
327,242,30,44
328,244,30,43
329,242,30,42
330,241,30,42
332,239,30,44
334,236,31,45
336,237,30,43
335,239,30,43
338,235,31,44
339,235,31,44
343,235,30,43
343,236,31,43
345,232,31,43
345,235,29,41
345,231,31,44
346,231,30,42
347,232,30,42
348,232,30,42
347,230,31,43
350,230,29,41
353,229,30,42
353,228,30,42
354,230,29,41
354,229,29,41
354,227,30,40
355,227,29,41
355,225,29,42
356,226,29,40
356,221,30,43
358,222,29,41
359,223,29,42
358,221,29,40
358,220,30,41
360,219,30,42
360,219,29,42
360,217,29,42
362,218,29,40
361,217,30,41
363,215,29,42
364,217,29,40
365,217,27,39
364,218,30,37
367,220,29,34
368,219,29,36
370,219,27,33
373,218,27,34
375,216,28,36
372,216,29,36
375,215,28,34
377,214,26,35
378,214,26,34
378,210,27,37
377,208,28,39
378,210,29,38
379,208,28,40
381,209,26,37
383,207,26,38
381,207,27,38
382,206,27,37
382,204,27,40
384,206,28,35
387,205,27,36
389,205,26,35
392,206,23,33
392,208,24,33
394,204,22,34
393,203,26,35
396,202,21,35
395,201,23,36
395,199,28,38
398,200,26,35
399,202,26,34
400,198,24,35
401,200,24,35
401,197,26,38
404,202,22,32
402,198,26,36
403,199,27,32
404,198,26,34
405,200,26,32
405,196,28,34
406,198,24,31
406,198,29,31
406,193,28,35
409,193,27,34
408,193,24,35
408,195,27,30
409,193,26,33
408,193,27,33
410,195,27,30
409,192,24,32
412,194,24,29
411,193,26,31
411,191,27,32
410,193,28,30
412,194,26,29
412,193,24,29
411,193,27,30
413,192,24,29
413,192,26,29
412,190,24,30
411,191,27,29
413,192,23,28
413,189,24,31
412,189,26,29
413,189,26,28
413,189,23,29
414,189,22,29
411,188,24,28
412,186,26,31
411,186,24,29
412,184,22,30
412,185,23,30
413,183,22,31
412,185,22,29
411,186,22,27
411,183,23,30
410,184,24,29
410,184,24,28
411,181,24,30
410,180,22,31
411,182,22,29
411,182,22,30
410,178,24,32
412,181,22,29
410,182,24,29
412,180,21,27
412,181,23,27
412,177,23,30
412,179,22,29
413,179,21,28
413,176,22,29
413,175,23,31
411,177,24,29
413,177,22,28
414,176,22,29
413,175,23,28
415,175,22,28
416,173,21,29
418,174,23,27
415,177,22,26
415,176,23,28
415,176,20,25
416,173,23,28
417,170,23,29
418,167,24,34
421,172,20,29
419,171,23,29
420,169,23,29
421,169,21,31
420,169,20,30
420,171,20,28
421,169,21,29
420,169,22,29
420,167,22,31
420,169,21,29
420,168,19,29
419,168,21,29
419,169,19,28
418,168,20,28
417,167,23,29
417,167,22,29
417,167,21,29
417,167,22,29
417,167,22,28
418,166,20,29
415,168,22,25
417,166,20,28
415,163,23,32
416,163,21,31
418,162,20,30
418,163,18,30
416,164,24,28
416,163,20,28
416,163,19,27
416,163,20,29
416,164,20,29
415,164,21,29
415,164,21,30
414,161,20,29
414,159,22,30
414,161,18,28
412,162,20,27
411,161,21,28
411,161,20,26
411,161,19,28
409,161,21,27
412,161,18,24
410,161,18,25
408,160,19,25
409,159,18,26
406,158,19,25
405,161,19,26
405,157,19,29
406,159,18,24
405,159,19,27
405,159,17,24
404,158,18,25
404,157,18,25
403,158,19,24
402,157,20,27
402,156,19,26
403,156,18,25
402,156,17,25
402,156,19,25
402,157,19,24
402,156,18,24
400,156,20,25
401,156,20,25
402,154,19,26
400,153,21,24
401,154,19,26
400,153,20,26
401,151,20,28
400,151,21,27
400,151,19,29
399,151,20,28
400,150,18,29
399,151,18,27
400,152,17,23
398,150,19,26
398,151,19,26
398,151,19,25
398,151,21,26
396,151,21,25
398,146,17,28
396,147,21,28
397,147,20,27
397,147,21,27
397,147,18,27
395,148,21,26
395,148,22,27
395,147,21,26
396,146,22,27
394,145,20,29
396,147,20,24
396,145,20,26
396,145,19,27
397,145,18,27
395,145,22,28
396,145,19,26
395,145,20,25
397,145,18,28
396,145,20,28
396,144,18,26
396,144,20,28
396,142,20,28
396,143,19,26
396,142,20,28
396,140,20,30
395,140,21,30
396,139,19,31
394,141,21,26
396,139,19,28
396,140,17,26
396,140,18,28
397,140,18,28
397,143,20,24
395,141,19,26
395,140,19,27
394,143,18,24
395,143,19,24
393,142,18,24
393,140,21,27
394,140,18,24
391,140,20,27
392,138,19,29
391,140,19,24
391,140,18,26
389,140,19,26
388,141,21,26
389,138,17,27
391,139,18,26
388,140,18,23
388,138,19,25
388,139,19,24
387,140,19,23
385,140,19,24
386,139,19,24
387,139,17,24
387,139,17,24
386,138,17,25
385,138,18,24
385,138,17,24
383,138,19,23
384,136,18,23
384,138,18,23
381,138,21,24
383,135,20,24
382,138,20,21
381,137,20,23
380,136,21,24
380,135,19,26
379,135,18,24
380,136,18,23
379,135,19,24
379,135,18,24
378,135,19,22
379,134,18,25
378,135,18,23
378,135,17,24
376,134,19,24
376,134,17,24
377,132,18,24
375,133,19,24
376,132,18,24
377,131,17,24
375,132,18,23
373,132,19,23
372,131,19,24
372,130,19,27
373,131,18,22
371,130,18,25
371,130,19,24
370,130,19,25
370,131,19,24
368,130,22,25
369,130,20,26
368,130,19,24
369,130,19,24
368,131,19,23
369,130,18,24
367,130,21,24
367,130,19,22
368,130,18,22
367,130,18,23
367,130,19,22
367,129,20,21
367,125,18,24
