330,242,41,104
330,243,40,101
329,243,34,100
330,244,39,99
328,240,43,103
329,242,40,102
328,241,40,105
329,244,39,102
326,245,41,101
325,245,41,101
328,244,39,103
322,244,43,102
332,247,35,102
326,244,39,104
325,246,40,105
322,245,41,103
324,247,40,102
322,247,41,102
322,246,40,104
321,247,44,103
322,244,41,106
322,248,43,101
321,246,41,103
321,244,40,106
324,247,39,100
324,248,39,104
322,249,40,105
322,250,41,104
321,248,40,104
320,250,41,101
320,250,43,97
321,250,40,100
317,251,41,96
317,248,40,99
315,250,40,97
317,250,40,99
317,249,40,98
315,250,43,101
312,251,43,97
315,250,40,99
315,253,40,97
315,252,41,100
313,250,43,100
315,251,40,97
312,251,40,104
312,251,40,107
313,250,40,104
312,247,41,110
313,253,39,104
312,250,39,102
310,251,43,105
312,253,43,114
307,252,44,111
308,255,41,106
307,253,47,112
307,255,43,108
303,254,44,101
308,249,43,111
303,251,43,109
304,254,45,111
306,251,44,115
303,251,44,113
307,252,40,115
304,251,43,115
303,252,44,116
299,254,47,110
303,257,41,108
306,253,39,112
302,254,41,111
302,256,43,104
303,253,40,111
304,256,39,108
303,252,40,112
302,255,41,107
299,254,44,106
302,255,39,107
299,255,43,105
298,254,45,107
302,257,41,104
299,254,41,106
297,256,45,104
298,254,41,107
295,256,45,107
299,254,40,111
295,254,41,108
294,258,45,107
295,259,43,107
295,256,41,115
294,255,43,116
295,256,41,115
291,257,44,110
294,259,41,113
297,258,40,112
290,259,47,109
294,256,41,112
293,257,41,107
290,255,45,111
289,259,45,107
290,257,45,112
291,257,43,111
290,254,44,114
288,250,47,119
291,259,43,111
291,260,43,112
290,260,45,112
289,260,45,114
291,255,41,119
289,262,44,111
290,258,43,116
288,261,44,115
286,257,44,120
288,258,41,119
288,260,41,118
281,260,47,118
289,264,40,115
286,264,43,116
286,264,43,117
285,261,41,120
286,262,41,119
281,263,45,118
280,263,47,118
282,262,43,122
282,266,43,117
280,266,44,118
280,264,44,121
277,263,47,122
276,268,51,111
273,263,51,120
278,267,44,118
276,261,45,123
275,268,47,114
273,268,47,115
275,266,45,118
276,265,44,120
276,265,45,120
272,269,47,117
271,271,48,114
277,266,41,118
269,267,48,117
272,266,45,119
273,265,43,122
272,266,43,122
268,270,44,119
271,270,43,120
272,267,41,123
271,270,41,121
272,273,40,118
269,271,41,121
265,270,45,122
268,271,41,122
267,268,41,125
263,271,44,120
262,270,45,125
262,270,45,125
262,271,45,122
263,271,43,123
259,272,48,121
259,272,45,124
260,274,43,121
258,272,44,123
258,271,45,124
258,278,45,117
259,273,44,123
258,276,44,119
256,274,45,123
258,275,43,120
256,275,44,121
255,274,45,120
255,270,44,123
259,272,40,123
255,274,43,122
254,276,41,122
250,277,45,122
250,280,44,120
253,278,43,120
251,278,43,117
249,279,47,124
250,278,44,125
247,277,47,125
250,278,43,126
247,280,45,125
249,279,44,125
242,281,49,125
245,280,47,126
247,277,44,129
249,283,43,123
242,281,48,125
242,283,47,122
241,281,49,125
241,282,49,125
242,284,47,121
241,283,47,122
242,283,45,123
242,285,44,122
238,283,48,122
240,282,47,124
242,282,44,124
242,284,41,122
238,282,45,124
241,287,44,121
238,283,45,126
238,288,43,121
240,285,41,124
234,289,44,122
238,285,40,125
243,289,36,122
233,289,45,121
231,288,47,124
233,285,44,127
231,288,45,120
229,289,45,125
228,283,47,132
229,290,44,123
229,286,43,128
224,285,47,130
223,286,48,129
221,287,48,128
219,286,49,130
219,285,49,130
218,285,48,130
220,289,45,126
218,293,47,122
219,286,45,128
219,290,44,125
218,292,45,122
218,288,47,128
221,287,41,129
223,289,40,128
219,289,44,127
212,291,49,127
216,290,44,128
215,288,44,132
218,294,38,127
214,292,44,129
210,288,47,133
211,294,45,128
207,289,49,134
210,296,44,127
207,293,47,131
210,296,43,128
202,290,49,137
203,294,49,133
206,293,45,136
203,292,48,136
202,294,49,133
199,293,49,135
207,294,38,136
201,293,48,135
202,292,45,138
201,296,47,132
199,296,47,132
201,297,44,130
198,294,47,136
203,298,40,132
194,299,51,132
197,299,47,129
194,290,49,140
198,293,45,136
197,302,44,127
192,294,48,134
197,291,40,139
194,297,43,135
193,295,43,139
196,302,40,132
193,300,43,135
190,300,44,136
194,300,39,136
192,297,40,140
185,294,47,144
188,302,43,138
190,302,38,136
183,303,45,136
185,301,41,140
185,304,44,138
181,302,45,138
185,297,40,145
185,301,40,141
186,307,36,134
184,298,39,143
179,307,44,134
176,304,45,137
175,304,45,139
179,308,41,134
176,306,44,136
179,307,41,134
179,307,39,135
172,303,47,139
174,305,45,137
172,306,44,137
174,303,41,140
172,309,41,136
172,305,40,142
174,306,36,141
170,310,41,138
170,312,40,136
172,307,38,143
170,310,39,139
170,312,39,139
171,310,36,141
167,310,39,143
166,311,40,142
168,314,38,140
164,315,40,137
163,310,41,146
167,312,35,142
166,309,36,145
163,317,48,138
155,314,62,140
155,314,66,138
155,318,69,139
153,321,67,135
154,316,70,141
154,322,69,134
153,320,71,138
153,315,73,142
153,319,66,137
153,316,63,141
154,316,65,141
153,318,63,139
153,315,61,146
153,319,57,141
153,322,56,140
152,318,61,145
153,319,66,144
152,320,60,144
152,312,61,152
150,321,57,145
150,317,69,149
149,325,57,142
149,327,53,141
148,322,60,146
148,326,61,142
145,326,62,145
145,320,63,151
145,326,70,145
142,327,65,146
142,325,70,148
146,327,54,140
140,324,62,148
139,323,69,149
139,331,67,142
139,329,66,145
137,331,62,142
137,329,70,146
136,330,69,146
135,330,62,144
146,329,58,134
136,326,66,148
137,323,73,152
137,334,67,141
137,329,56,147
136,328,65,150
135,330,56,150
136,332,67,148
136,331,65,149
135,337,60,145
136,337,57,145
135,331,61,151
133,337,61,146
131,336,65,149
133,337,56,146
133,335,54,148
128,333,63,153
130,334,63,150
128,333,62,152
127,332,63,155
127,341,61,146
124,339,63,150
124,340,63,149
123,338,65,150
122,340,66,150
120,340,67,150
120,336,69,155
120,338,69,152
120,340,65,149
120,337,69,152
122,337,65,152
122,338,66,151
120,340,71,149
126,342,61,152
122,338,62,154
120,342,66,151
120,342,63,151
120,343,65,154
120,341,63,156
120,342,65,155
119,344,71,159
120,344,63,156
107,345,74,154
119,346,65,152
117,338,73,160
120,344,60,156
118,340,71,160
119,343,67,158
118,343,69,158
106,346,82,155
105,346,84,156
117,346,66,156
107,346,71,157
111,350,69,152
113,346,65,157
111,347,66,158
111,350,67,155
111,349,73,156
111,349,71,156
111,350,78,154
111,348,74,156
110,350,82,156
110,351,85,156
110,351,74,156
110,354,71,153
111,355,73,152
111,352,78,156
111,352,69,158
113,352,70,158
113,355,69,155
113,354,75,156
111,355,60,158
109,353,75,158
109,356,73,158
107,349,70,164
105,356,65,161
104,355,58,161
104,362,70,157
101,361,70,160
98,366,67,157
98,355,74,168
97,364,71,160
96,356,76,169
95,356,74,170
95,361,67,166
93,364,74,165
93,363,71,166
92,368,67,163
89,366,73,166
91,368,76,163
92,365,66,166
95,366,71,164
93,365,74,168
95,364,71,166
95,368,71,162
95,367,70,165
92,369,75,165
93,369,66,166
93,369,73,167
93,367,74,172
95,369,67,169
95,373,69,168
95,371,75,172
89,374,69,167
91,376,69,168
89,371,70,175
91,374,67,174
89,372,65,173
89,372,66,171
88,377,70,167
85,373,71,168
84,378,73,168
83,377,75,168
84,379,70,165
85,380,65,162
80,379,75,166
82,382,75,166
79,383,73,163
80,383,71,165
79,380,78,163
79,382,75,167
79,384,76,163
82,383,73,169
83,381,75,164
84,378,73,173
83,385,73,166
83,386,78,160
85,384,73,163
82,384,76,160
82,390,75,153
82,387,80,155
87,388,69,157
82,388,76,163
82,389,79,161
84,388,78,158
83,392,79,161
84,389,76,163
84,389,76,166
87,390,71,161
85,389,78,163
87,388,79,170
85,387,79,168
88,390,74,174
88,392,78,143
89,394,71,141
89,392,74,141
91,394,74,141
88,394,75,140
89,394,80,138
92,397,71,135
91,395,76,139
93,394,71,138
95,399,70,135
96,396,70,138
97,397,67,137
95,394,71,140
100,394,66,139
97,393,71,142
97,393,67,141
98,397,70,136
96,399,67,134
97,398,73,135
97,398,73,137
96,398,63,135
95,400,67,136
96,401,67,132
95,399,67,134
93,402,71,130
92,400,69,134
92,398,76,138
89,401,74,132
89,405,76,130
87,399,80,136
102,416,60,117
87,404,87,127
85,398,83,137
85,398,79,135
83,398,88,135
91,406,75,127
83,407,85,128
84,405,88,127
84,410,83,123
85,408,84,126
85,405,83,129
87,409,82,123
87,404,82,132
87,411,87,122
85,409,76,124
85,409,82,124
85,411,78,122
85,413,76,121
84,410,83,124
84,412,79,122
84,418,83,116
82,412,78,120
83,415,79,121
83,418,79,114
82,413,85,123
82,420,83,115
82,419,83,115
82,416,92,119
76,418,95,115
89,419,89,114
76,419,98,115
78,418,93,116
76,420,93,115
76,417,98,118
76,420,83,113
76,421,79,113
76,423,80,109
78,422,75,152
82,425,75,108
87,424,70,106
83,423,71,110
91,425,66,109
84,423,74,101
83,422,76,115
85,426,76,105
85,425,79,102
85,427,78,99
87,422,88,106
87,428,78,90
82,427,85,103
87,429,82,100
87,431,82,93
84,431,80,104
84,435,91,97
82,435,91,101
82,436,85,99
79,438,84,101
78,436,91,94
79,438,85,98
78,439,82,94
78,441,80,94
76,435,84,97
76,438,79,95
74,440,83,93
