84,46,29,49
92,45,27,48
93,36,30,58
99,38,29,56
101,41,29,56
106,38,29,61
117,45,28,47
120,43,28,48
126,45,28,48
132,48,28,47
143,42,30,57
145,45,24,57
147,45,38,60
152,44,38,59
154,43,36,58
164,49,34,58
170,45,26,66
166,45,31,57
176,45,24,51
178,44,26,49
184,44,24,51
186,46,27,54
189,40,36,61
195,40,30,62
202,37,29,59
200,40,31,62
211,40,24,61
214,41,26,56
218,42,30,60
222,40,29,63
228,39,31,61
232,40,35,63
233,37,37,64
234,40,34,61
244,39,27,63
252,40,22,61
254,41,33,58
253,42,35,59
260,40,35,62
266,37,24,64
267,40,29,63
269,39,31,62
275,41,32,59
280,40,30,61
285,38,28,59
287,40,33,61
288,40,33,60
293,41,34,57
296,40,35,57
299,36,29,61
300,38,30,60
303,39,33,61
310,40,30,60
315,39,26,54
317,36,26,53
317,38,30,58
318,40,30,55
322,40,30,59
333,36,21,59
333,37,23,58
334,37,27,58
332,37,31,59
337,38,30,57
343,37,26,59
342,39,31,57
344,36,31,59
344,36,34,60
349,36,29,58
352,36,23,56
352,36,26,56
359,35,26,56
356,35,31,56
363,36,24,51
367,35,24,51
366,34,28,55
367,36,28,56
366,34,30,55
370,33,26,56
372,34,24,53
377,34,23,54
376,36,24,50
380,35,24,49
382,34,26,50
382,33,26,48
386,34,23,56
387,33,24,51
392,35,27,54
393,31,24,56
391,33,26,56
394,34,24,58
391,33,30,58
395,33,26,62
399,31,24,58
400,30,28,58
403,30,26,57
406,30,26,56
406,29,27,56
410,33,24,51
411,31,26,49
414,32,26,51
416,31,24,52
417,29,26,51
418,29,24,52
420,32,26,53
422,30,26,54
424,29,24,51
426,27,24,52
429,28,22,47
433,31,19,46
434,30,21,45
436,28,21,50
438,29,24,53
439,27,23,49
443,28,22,51
445,27,23,50
447,25,23,53
448,26,22,50
452,26,20,51
451,27,24,51
453,26,24,50
455,25,26,53
459,24,26,51
460,26,27,52
462,24,29,55
466,25,26,54
471,23,22,52
474,24,22,54
476,24,23,52
477,24,26,53
483,24,22,53
485,22,23,54
484,23,29,50
487,24,27,55
494,23,24,52
497,22,24,53
500,24,22,52
502,21,24,51
507,23,24,50
510,20,24,52
512,20,24,54
512,20,24,53
516,22,24,54
516,19,27,54
520,20,26,50
522,19,27,49
529,20,24,53
527,20,26,53
531,19,26,52
534,20,27,54
534,19,27,53
537,19,26,50
538,19,27,53
544,18,23,52
546,17,21,50
550,19,22,52
548,19,27,52
551,18,26,50
555,17,22,50
559,16,23,53
557,19,27,47
559,18,28,55
563,17,23,51
566,16,22,54
569,16,23,52
571,16,24,51
574,18,26,47
578,15,22,47
582,17,18,48
583,18,23,46
586,17,23,46
587,15,21,50
593,15,22,48
594,17,22,50
595,19,21,47
597,16,28,50
600,13,27,53
605,16,20,48
608,17,20,46
610,15,21,51
614,17,16,52
