266,161,137,252
271,162,130,252
270,163,132,252
273,164,133,245
276,164,129,248
280,164,128,251
280,163,123,254
280,159,133,256
281,159,135,254
284,156,131,258
285,155,132,258
286,153,132,258
286,153,130,254
286,152,129,252
286,148,133,256
286,148,134,258
285,147,135,261
288,146,131,260
288,145,131,260
289,145,129,260
288,147,131,260
288,145,130,260
286,146,133,260
287,146,136,259
286,146,137,262
287,147,131,260
286,147,131,258
288,146,134,262
290,147,129,261
288,148,134,256
290,147,133,258
290,147,133,258
290,146,131,258
286,146,135,260
288,146,133,260
285,146,134,259
284,145,132,260
286,148,129,256
286,149,125,256
286,152,124,256
284,151,127,253
285,154,127,251
283,153,129,250
282,155,130,248
282,156,128,248
285,156,123,248
291,157,120,249
294,157,125,248
292,157,131,246
288,156,135,246
289,151,131,247
286,147,123,244
284,141,125,244
285,136,121,243
280,133,124,244
278,131,123,244
278,127,120,244
277,121,124,241
276,113,112,235
267,109,114,238
263,107,106,238
259,99,117,242
252,95,119,231
250,93,117,232
250,94,117,231
244,93,119,236
242,85,117,219
236,80,114,222
230,79,113,225
228,76,110,223
222,69,111,231
222,67,106,219
220,63,108,219
216,61,107,221
215,58,108,216
209,54,110,221
204,49,107,219
199,49,104,213
194,47,104,212
189,43,103,206
188,41,101,205
188,41,100,191
187,39,98,192
188,35,94,186
183,31,92,203
176,32,91,179
170,32,90,181
160,28,93,191
154,26,97,186
154,24,97,191
154,23,95,191
154,25,95,198
159,79,91,190
162,118,88,199
153,146,93,193
149,145,89,191
146,144,83,185
136,142,86,181
134,137,81,185
127,135,85,173
121,135,87,173
115,134,87,174
102,129,90,173
92,126,90,171
82,125,90,170
74,122,84,170
68,119,87,165
62,117,85,171
55,119,82,171
46,116,83,167
38,112,81,160
28,111,83,169
40,111,79,167
66,107,79,170
100,105,84,165
123,105,83,153
159,103,81,151
178,100,78,161
200,93,73,162
216,94,85,165
241,93,81,155
270,89,83,157
299,83,81,167
302,74,81,164
294,75,69,160
283,72,71,152
275,70,69,154
263,69,73,158
257,69,73,151
242,65,78,148
236,63,77,158
228,64,69,147
220,62,72,150
202,54,75,149
195,58,73,151
179,57,77,145
170,53,72,143
164,51,74,146
180,49,69,137
206,45,69,139
232,47,70,146
254,45,70,140
278,44,75,130
300,43,78,132
327,43,72,126
346,45,77,118
375,45,74,123
403,25,69,141
393,33,70,121
383,30,66,115
378,32,63,97
367,31,63,109
355,31,61,117
341,29,67,111
335,25,65,114
326,25,64,109
318,25,65,107
308,24,63,108
300,23,64,123
288,25,63,130
282,22,59,127
273,19,64,131
271,17,59,129
262,15,63,134
254,16,62,130
247,13,61,132
240,11,60,135
228,11,62,130
223,12,57,130
214,9,61,129
210,8,53,129
208,7,56,130
202,7,49,124
196,7,50,124
187,3,56,130
183,6,54,125
176,1,50,128
174,5,48,117
166,2,50,125
162,3,49,127
147,0,63,129
150,0,54,120
146,1,57,127
136,2,58,115
129,3,61,119
124,1,60,115
119,3,59,116
108,1,67,117
114,1,58,114
110,3,56,111
104,0,57,127
94,0,53,115
