725,243,45,44
727,243,44,42
728,243,44,42
730,243,44,41
730,243,44,41
730,243,44,41
730,243,44,41
730,243,44,41
730,243,44,41
717,245,42,40
724,238,42,40
720,243,42,40
730,239,42,40
730,239,42,40
737,235,42,40
751,238,42,40
753,243,42,40
753,243,42,40
753,243,42,40
753,243,42,40
753,243,42,40
728,240,42,40
728,242,42,41
727,242,53,41
728,243,50,42
730,243,42,41
725,244,52,41
730,242,47,41
724,241,55,44
725,241,52,41
727,241,52,40
727,241,52,41
730,243,49,39
732,240,47,41
732,241,45,37
732,243,47,35
728,239,50,41
730,242,49,38
735,242,45,40
732,240,49,41
733,242,47,37
733,242,47,40
730,240,50,41
730,240,50,41
730,240,50,41
733,240,45,39
733,241,42,39
733,241,40,39
733,243,39,39
733,244,40,39
733,242,40,39
733,243,40,40
737,244,40,40
741,243,40,40
746,243,42,41
743,243,42,41
738,244,42,42
737,242,42,41
740,243,42,41
737,241,42,41
735,243,42,41
732,241,42,41
732,245,42,41
732,244,42,41
725,243,42,41
725,244,42,41
728,244,42,41
735,244,42,41
735,243,42,41
735,242,42,41
735,243,42,41
732,244,49,42
737,243,42,41
738,244,42,42
738,244,44,42
738,245,42,41
738,245,42,41
738,245,40,40
738,245,40,40
738,245,40,39
738,245,40,39
733,243,44,41
730,243,47,41
724,240,52,46
724,241,53,43
722,244,55,47
725,245,52,46
725,246,50,43
725,246,52,41
720,243,58,41
722,244,55,37
722,247,53,41
724,249,53,35
720,245,53,39
719,244,55,40
719,246,55,38
724,244,50,40
716,246,58,37
716,248,62,36
722,245,53,40
717,245,58,39
722,247,53,38
720,244,57,40
720,243,55,40
720,249,57,36
719,248,53,40
720,248,53,36
717,250,60,35
714,249,62,35
716,251,58,32
712,249,63,35
719,250,57,34
719,250,57,34
719,250,57,34
719,250,57,34
716,249,58,35
714,253,62,31
714,252,62,32
712,255,70,30
712,255,62,29
716,253,62,31
719,251,57,33
717,251,58,33
717,250,58,35
717,252,57,31
717,250,58,34
716,256,60,27
717,252,58,32
714,255,65,37
716,250,62,35
716,251,58,34
712,255,63,30
719,252,53,31
714,248,62,37
717,245,57,36
717,248,60,33
719,247,55,32
719,244,55,38
712,246,70,37
722,244,60,38
719,244,58,41
720,245,58,40
732,244,42,41
732,244,42,41
732,244,42,41
732,244,42,41
732,244,42,41
732,244,42,41
732,243,42,41
732,244,44,42
732,244,44,42
733,244,42,41
733,244,42,41
733,244,42,41
735,244,42,41
735,242,42,41
735,243,42,41
733,242,42,41
735,242,44,42
732,243,44,42
732,241,44,42
735,242,44,41
732,242,44,42
733,242,42,41
733,242,42,41
733,242,42,41
732,242,45,40
735,242,42,39
732,242,47,41
732,243,45,40
730,242,50,40
732,242,49,41
727,244,53,36
730,242,50,41
732,241,47,41
732,243,47,41
733,245,45,39
733,243,49,40
733,242,45,40
733,243,45,38
732,241,52,42
732,240,50,44
728,241,53,43
730,240,50,43
737,243,40,41
733,242,47,37
732,242,50,40
735,241,42,41
732,244,50,38
732,244,52,38
732,243,50,40
733,243,52,39
733,242,50,38
733,243,50,39
732,244,50,40
732,242,50,41
737,242,47,41
737,242,47,42
737,242,47,42
741,242,42,41
741,243,42,41
740,243,42,41
740,244,45,40
740,244,50,40
738,243,50,40
738,242,53,42
740,240,50,43
738,243,53,41
741,241,50,39
745,240,45,44
743,242,47,42
746,240,44,40
748,242,42,41
748,239,40,40
748,243,40,40
751,239,40,40
750,241,40,40
750,241,42,41
750,239,42,41
753,235,42,41
756,238,40,40
754,243,40,40
762,239,40,41
758,238,42,41
750,238,44,42
753,235,44,42
758,234,42,41
756,239,42,41
753,237,42,41
751,241,42,41
753,240,40,40
756,241,40,38
753,239,42,41
754,241,42,41
759,238,42,38
759,237,40,40
758,240,40,40
759,240,40,40
759,241,40,39
759,238,40,40
762,242,39,34
759,242,40,39
761,240,40,40
762,240,40,40
761,239,40,40
762,240,40,40
759,240,40,39
761,241,39,38
761,242,39,38
761,240,40,39
761,239,44,37
