450,116,30,82
451,118,30,82
453,119,29,82
453,118,30,84
455,118,31,84
456,117,31,85
458,117,31,85
461,122,27,79
462,124,29,77
463,123,30,79
462,123,31,81
461,123,32,77
463,124,30,77
462,120,30,82
462,123,31,81
462,120,30,84
463,126,30,81
464,123,29,82
464,124,30,83
464,122,29,85
465,122,30,87
467,128,31,80
468,125,32,80
470,126,30,80
470,126,30,80
469,128,31,81
471,128,30,81
470,126,29,81
471,125,30,84
471,124,30,87
472,123,30,90
472,124,29,89
474,123,30,92
472,124,32,90
475,125,32,91
476,126,32,90
477,126,31,89
479,127,31,87
480,130,33,85
480,132,32,84
481,135,31,83
482,132,31,83
482,132,30,86
482,131,31,86
480,132,34,85
481,131,32,87
483,131,33,87
482,132,33,87
485,133,32,87
485,135,34,84
487,132,32,85
489,133,30,84
489,132,34,87
489,133,32,87
488,133,30,86
488,134,35,86
488,135,30,84
486,132,35,88
486,130,33,90
485,133,35,87
485,130,33,90
485,130,33,92
486,134,33,88
486,132,33,94
487,131,33,94
489,132,34,94
493,138,31,86
495,133,30,92
494,136,31,87
494,135,34,89
496,137,31,86
495,135,33,88
495,135,32,87
493,135,34,91
493,136,36,89
495,138,37,87
493,135,39,92
492,135,37,90
495,140,32,84
493,136,33,90
495,139,33,82
492,139,34,85
495,139,30,87
495,140,32,84
493,139,33,90
493,135,36,97
492,140,34,93
491,140,35,94
489,140,37,94
487,144,37,91
487,140,36,91
488,141,33,93
486,140,34,92
488,141,34,94
488,139,36,94
491,141,34,92
493,140,32,93
494,144,36,90
495,141,38,93
495,141,36,93
495,140,37,94
499,144,33,93
495,145,35,89
495,145,35,91
497,146,34,89
499,145,31,87
500,143,30,92
497,145,33,89
498,145,32,90
498,141,30,93
493,143,33,89
492,140,33,93
491,140,32,93
486,139,35,95
486,140,34,97
485,141,34,92
484,139,35,95
484,140,38,93
483,140,38,94
484,141,37,94
486,140,36,93
486,138,37,93
489,138,36,96
493,140,33,90
489,140,35,92
491,139,35,91
487,138,37,93
487,135,37,94
486,136,34,91
486,134,35,93
483,135,35,91
482,134,35,93
485,133,32,95
487,134,31,93
489,135,32,91
491,135,29,89
489,133,32,93
489,135,34,89
491,133,33,91
489,132,32,92
489,134,32,89
486,134,32,89
486,132,33,91
483,131,34,90
483,133,34,87
482,132,34,89
480,131,33,88
482,132,33,91
480,132,33,87
481,131,33,89
482,133,30,87
483,130,32,84
480,128,34,88
478,127,34,90
480,129,34,89
476,130,32,89
475,129,34,88
474,127,33,88
472,126,32,90
472,128,32,87
471,127,32,88
467,129,34,86
469,126,32,88
468,126,31,91
468,128,31,86
469,124,30,89
468,126,31,90
470,124,31,92
467,122,34,90
466,121,37,97
466,124,34,87
467,124,32,86
465,124,35,87
462,121,34,89
461,125,35,85
462,124,30,87
459,124,33,87
460,124,30,82
458,120,30,86
459,125,32,82
460,122,32,88
459,124,31,83
458,123,33,86
462,121,31,84
461,121,34,85
463,123,30,83
461,123,31,85
463,124,27,84
462,125,31,82
461,124,28,81
456,124,30,82
456,124,29,82
455,119,29,84
454,123,30,83
453,119,31,82
452,121,30,82
452,120,28,84
451,121,31,82
452,120,30,84
451,119,30,85
451,117,31,87
452,120,32,83
452,119,32,83
452,117,33,84
453,119,30,83
453,118,31,85
453,115,29,87
452,117,29,83
452,118,29,83
450,117,29,82
449,118,32,84
448,114,31,83
449,113,31,85
449,114,29,83
448,116,31,82
449,115,29,81
449,114,31,82
449,117,31,79
450,115,32,80
448,115,34,80
449,118,29,79
448,115,32,79
447,115,34,80
446,113,30,82
445,113,30,81
443,111,31,83
444,114,29,78
444,114,29,79
444,110,30,81
443,109,31,81
441,110,34,79
442,110,30,80
441,111,31,77
438,111,33,79
436,109,33,81
435,109,30,81
435,111,28,75
434,110,27,78
432,110,29,76
432,109,28,78
431,109,29,77
428,112,29,79
427,108,31,80
428,110,28,74
425,110,33,73
426,108,29,76
424,110,32,74
424,108,32,74
424,108,29,78
422,108,27,76
420,103,29,81
419,105,28,80
420,106,27,76
418,105,30,79
420,104,28,80
420,107,28,77
420,103,24,76
420,103,27,77
418,102,30,81
417,101,31,78
419,103,27,74
416,102,30,77
415,103,28,77
414,103,26,75
413,103,29,77
413,100,27,78
410,101,30,77
410,101,27,75
410,103,27,72
408,101,27,77
411,104,23,71
404,102,30,75
404,102,27,74
402,103,30,71
396,105,33,68
394,103,31,67
392,103,33,71
389,101,32,74
387,102,30,70
384,98,30,75
382,99,31,75
380,102,31,71
379,104,29,70
377,103,32,71
376,102,29,71
375,103,28,69
371,101,26,71
367,103,28,71
361,104,35,69
354,103,39,74
356,102,31,70
352,102,34,70
351,101,31,74
349,100,29,76
347,100,28,73
346,103,27,72
346,102,24,69
343,101,26,68
343,100,26,71
341,98,26,71
337,102,26,67
335,101,24,68
333,100,28,70
329,101,34,69
329,102,31,70
327,98,32,72
327,100,31,68
327,98,32,71
327,101,29,67
328,97,28,73
328,98,29,70
329,98,27,71
329,98,29,70
329,99,28,68
330,98,28,68
328,95,28,72
330,98,24,71
328,99,26,70
327,98,29,70
326,97,27,69
325,98,28,70
322,99,27,68
323,97,24,70
323,100,23,66
318,99,29,70
317,99,29,69
316,98,29,72
316,98,28,68
313,99,31,71
314,100,27,68
312,99,29,70
312,100,30,69
314,101,28,70
314,103,28,66
314,101,29,68
315,102,30,67
317,103,29,66
318,99,29,70
318,101,30,71
319,98,29,72
318,98,32,74
319,102,29,69
320,100,28,72
318,102,29,68
318,102,28,71
318,101,29,71
319,102,27,70
317,102,35,72
319,102,32,70
322,100,32,74
322,103,33,71
323,103,31,70
326,102,34,73
327,102,32,73
331,103,29,72
330,103,27,74
331,103,27,71
330,103,29,72
330,102,32,75
330,102,30,74
331,102,32,72
332,101,33,77
334,101,33,77
336,103,33,75
339,101,32,77
343,100,30,77
346,99,31,78
349,103,24,74
350,105,28,75
349,103,28,76
350,102,30,78
351,102,27,77
351,102,27,76
354,104,22,73
352,103,27,76
355,106,27,72
356,105,29,73
358,105,30,75
361,107,29,71
364,105,31,74
366,107,30,72
369,106,32,77
371,106,29,77
373,108,31,73
378,107,27,75
379,110,24,73
381,109,27,74
384,108,23,73
383,108,29,74
384,107,31,75
387,109,33,76
389,109,35,77
393,108,32,77
393,107,34,77
397,108,31,77
401,109,29,76
401,111,30,76
401,110,32,74
404,109,29,77
405,111,28,73
406,110,30,71
406,110,32,75
408,111,31,74
409,108,31,77
409,109,32,77
408,108,32,79
409,109,30,77
409,109,32,77
409,109,30,76
410,108,31,76
410,108,32,77
409,108,31,78
409,111,31,74
409,108,30,77
409,109,32,75
409,110,32,76
411,110,30,75
413,109,27,73
411,110,30,76
412,109,30,76
413,109,29,78
413,109,28,77
413,110,30,74
413,109,29,77
413,109,31,75
414,109,32,76
414,111,30,74
416,108,27,77
414,112,27,74
415,109,29,77
415,110,28,77
417,112,24,74
416,112,28,73
415,110,28,76
415,109,28,78
416,109,22,77
416,110,24,75
413,108,30,77
415,111,29,72
415,111,27,75
415,108,27,79
415,109,27,75
414,109,29,77
414,110,30,77
413,110,31,77
413,110,31,77
415,110,28,77
416,110,26,77
413,111,32,74
413,110,32,75
416,109,27,77
415,110,24,74
414,109,27,79
413,109,31,77
414,110,27,75
414,109,27,75
414,111,28,77
415,112,30,74
414,109,28,77
414,111,29,76
412,108,30,73
414,108,32,78
413,108,31,77
415,109,28,74
415,108,28,75
413,111,31,75
414,108,29,79
413,108,31,80
412,109,29,76
412,108,28,77
412,109,30,76
412,108,31,79
410,111,32,72
410,110,32,77
409,109,33,77
408,112,35,75
409,109,32,75
411,111,30,74
408,110,36,76
409,109,34,77
411,109,34,81
410,109,35,77
411,112,33,76
412,110,31,79
411,109,34,77
412,113,33,73
413,110,30,77
413,114,33,73
414,111,32,77
415,109,29,77
415,110,31,79
415,111,30,76
417,109,29,78
415,112,32,72
416,110,31,77
415,109,31,78
414,110,30,75
416,109,32,77
415,111,30,77
415,110,32,75
415,109,29,76
414,110,31,77
413,111,32,76
413,110,32,76
413,108,30,77
412,111,33,72
411,108,31,80
410,112,33,78
409,111,34,76
410,111,34,77
410,111,36,73
406,111,37,76
409,112,34,76
409,113,37,75
405,114,40,74
409,113,35,76
405,114,38,71
406,113,37,77
406,113,40,73
409,111,38,75
409,111,39,80
408,112,38,77
411,114,35,74
410,114,35,74
413,113,32,75
413,111,31,78
415,108,31,79
416,109,33,81
417,111,31,78
418,111,33,78
420,112,32,79
422,111,33,78
425,111,33,78
427,113,29,76
428,113,31,76
431,113,30,81
431,111,30,78
431,112,30,75
433,113,32,75
434,113,32,79
442,112,33,78
442,114,35,76
442,113,37,79
448,112,34,82
450,114,33,77
453,115,32,79
453,115,32,79
456,114,30,80
456,111,31,83
458,115,31,79
460,115,29,80
459,115,32,80
459,116,31,79
459,117,30,78
460,116,32,80
462,118,31,78
462,119,32,77
462,118,32,78
463,121,32,77
464,116,32,82
469,119,29,80
468,119,31,81
470,118,32,79
471,120,31,78
470,119,32,80
470,119,31,81
471,120,30,79
469,119,32,79
470,117,31,82
468,119,31,82
468,118,31,82
468,118,32,83
468,117,31,84
469,117,33,87
471,119,33,85
471,119,33,84
474,116,32,87
474,120,34,81
474,121,35,81
474,120,37,80
474,120,36,80
474,121,37,80
474,122,35,81
471,120,34,82
471,122,32,79
469,124,33,78
468,122,32,81
467,123,34,81
467,123,31,79
467,124,32,78
467,124,33,80
467,123,32,82
468,123,32,83
468,121,34,82
471,121,34,83
472,122,32,81
472,124,31,82
475,120,31,84
475,119,33,84
472,122,36,84
472,124,33,82
471,120,35,85
471,121,32,87
467,123,36,86
469,119,33,87
467,121,34,86
468,119,29,91
467,122,32,86
467,121,32,87
468,124,33,86
469,123,32,87
469,121,31,87
471,124,30,85
472,121,31,87
475,122,30,90
472,122,33,90
474,121,33,92
472,122,34,90
474,123,32,89
471,122,32,90
472,122,32,91
472,123,32,91
471,123,32,91
472,122,33,93
474,122,31,92
474,123,31,91
472,125,34,90
472,124,35,90
475,129,36,89
477,127,32,93
480,132,32,84
478,130,34,87
480,132,32,85
479,132,32,84
478,132,35,85
479,130,32,85
480,134,32,82
479,134,38,83
479,134,34,83
480,135,38,85
481,132,33,87
479,133,37,87
482,134,34,87
483,135,33,86
484,133,32,87
485,135,31,85
486,136,32,85
487,136,34,86
488,135,34,90
489,133,32,91
487,131,35,94
489,130,34,92
491,131,34,90
489,132,35,93
492,132,35,93
493,130,34,97
493,131,34,94
494,133,36,91
496,133,35,93
499,131,32,93
497,135,34,90
499,135,33,87
499,137,35,87
498,136,35,91
499,135,32,88
498,136,33,89
497,137,36,88
497,136,35,89
496,134,35,92
496,135,35,91
497,131,33,96
496,133,36,90
499,135,33,91
498,135,33,87
499,136,30,91
496,133,34,91
497,134,34,95
497,134,32,93
498,135,30,92
495,136,34,88
498,131,29,93
497,133,35,94
496,133,34,93
498,134,33,93
498,134,34,88
497,134,32,92
496,134,33,94
498,135,31,90
498,133,32,94
498,136,34,90
498,135,33,91
497,132,33,93
498,135,34,91
496,135,36,89
497,133,33,93
497,131,34,94
497,134,33,93
497,135,34,91
496,135,33,89
498,135,32,88
497,134,35,93
498,135,33,90
497,134,33,90
496,135,33,93
498,133,32,93
496,132,34,94
497,131,31,97
497,134,33,92
495,137,34,90
496,132,33,94
494,135,35,93
496,135,35,91
495,135,34,93
493,134,37,93
492,135,36,90
494,137,34,89
491,139,36,86
488,137,38,89
487,142,36,84
488,140,34,87
488,141,33,87
485,140,36,88
485,141,36,88
488,140,37,88
484,140,39,89
487,139,36,90
485,137,36,92
483,139,38,90
482,139,35,90
476,140,38,87
471,140,45,90
472,138,43,89
472,136,37,93
471,137,36,93
467,139,45,92
463,139,40,87
466,139,28,88
461,138,30,89
455,140,34,85
446,142,43,84
450,142,35,85
445,141,40,85
446,141,35,83
445,140,29,87
444,141,32,86
