730,299,220,77
730,301,220,77
730,304,220,77
729,305,220,77
729,306,220,77
729,307,220,77
729,308,220,77
728,309,220,77
728,310,220,77
728,310,220,77
728,311,220,77
727,311,220,77
727,312,220,77
727,313,220,77
727,313,220,76
727,314,220,76
727,314,220,75
727,314,220,75
728,315,220,75
728,315,220,74
728,316,220,74
728,316,220,73
728,317,220,73
728,317,220,72
728,317,220,72
728,318,220,72
728,318,220,72
727,317,220,73
726,317,220,73
725,317,220,74
724,317,220,74
729,318,218,73
734,319,216,73
739,320,214,72
744,321,213,71
749,322,211,70
750,321,210,70
751,321,209,70
752,321,208,70
753,320,207,70
748,320,209,73
744,320,211,75
740,320,214,78
736,320,216,80
734,320,216,79
733,320,216,78
731,319,216,77
730,319,216,75
729,319,216,75
728,319,216,75
727,319,216,75
725,323,216,75
723,326,216,75
721,330,216,75
719,333,216,75
719,333,216,75
718,333,216,75
718,333,216,75
716,333,216,75
715,333,216,75
713,333,216,75
712,333,216,75
711,332,216,75
710,331,216,75
709,330,216,75
708,329,216,75
707,328,216,75
707,327,216,75
704,327,216,75
702,327,216,75
700,327,216,75
698,327,216,75
695,329,216,75
693,331,216,75
690,334,216,75
687,336,216,75
685,338,216,75
683,341,216,75
681,343,216,74
679,345,215,74
678,347,215,74
676,348,214,74
675,350,213,74
677,350,213,74
680,350,213,74
682,350,213,74
690,353,213,74
698,357,213,74
705,360,213,74
709,361,213,74
713,361,213,74
716,360,213,74
719,358,213,74
722,356,213,74
726,356,213,74
730,356,213,74
733,356,213,74
736,358,213,74
738,360,213,74
741,361,213,74
739,361,213,74
737,360,213,74
735,360,213,74
732,360,213,74
729,359,213,74
726,359,213,74
722,358,214,75
719,357,214,76
716,356,215,77
712,358,215,77
709,360,215,77
705,360,216,80
701,360,217,83
698,360,218,86
693,362,218,86
688,363,218,86
684,365,218,86
682,365,217,87
680,365,216,89
678,365,215,90
676,365,213,92
672,366,213,92
669,366,213,92
665,367,213,92
662,368,213,92
659,369,213,92
657,369,213,92
654,370,213,92
651,373,213,91
648,375,213,90
646,378,213,89
643,380,213,88
638,382,213,89
634,384,213,91
630,386,213,92
627,387,213,94
625,389,212,95
622,391,212,97
623,391,212,97
624,391,212,97
625,391,212,97
626,391,212,97
635,394,212,98
643,396,212,98
652,399,212,99
661,402,212,100
661,403,212,100
661,405,212,100
661,406,212,100
662,405,212,100
663,403,213,100
664,402,213,100
665,403,213,100
665,404,212,101
666,404,211,102
666,405,210,103
667,406,209,103
664,406,209,103
661,407,209,103
657,407,209,103
654,407,209,103
651,409,209,103
648,410,209,103
645,412,209,103
641,414,209,103
638,415,209,103
635,416,209,103
632,417,209,103
629,419,209,103
625,419,209,104
621,420,209,105
617,421,209,106
613,421,209,107
608,423,209,107
602,425,209,107
597,426,209,107
592,428,209,107
588,430,211,108
584,432,213,109
580,434,214,110
576,437,216,111
572,438,216,111
568,440,216,111
564,441,216,111
560,443,216,111
554,445,216,112
549,446,216,113
543,448,217,114
538,449,217,115
532,452,217,115
527,455,217,115
521,458,217,115
517,459,217,115
512,460,217,115
507,461,217,115
501,464,217,112
495,467,217,109
489,470,217,106
484,472,217,103
481,475,217,101
477,478,218,98
474,480,218,95
470,483,218,92
474,482,223,92
478,482,228,93
482,482,233,93
470,481,253,93
495,479,232,96
502,476,228,98
510,474,225,101
521,474,226,101
533,474,227,101
539,470,230,104
546,466,232,108
552,462,235,111
548,460,236,114
544,458,237,117
541,456,238,120
550,459,238,117
559,463,238,113
569,466,238,110
567,465,240,110
565,465,243,111
563,464,245,112
561,463,248,112
564,462,249,114
567,461,250,115
570,460,252,116
572,458,253,118
570,460,252,115
568,462,252,112
566,464,251,109
564,466,251,106
562,467,250,103
568,472,255,100
573,476,261,96
579,480,266,92
587,481,268,91
594,481,271,89
607,479,273,87
620,478,275,86
624,483,275,80
627,488,276,75
631,493,277,70
631,493,277,70
631,494,277,69
631,494,277,69
618,489,274,74
605,484,270,79
592,479,267,84
595,483,267,81
598,486,267,78
602,490,267,75
615,494,267,70
629,498,267,64
643,502,267,59
659,503,267,57
675,505,267,56
691,507,267,55
719,518,239,43
746,530,212,32
788,535,170,26
830,541,129,21
871,546,87,15
910,550,48,11
949,554,9,8
946,554,12,8
943,554,14,8
940,554,17,8
937,554,20,8
934,554,22,8
931,553,25,8
928,553,28,9
925,553,30,9
922,553,33,9
919,553,36,9
916,553,38,9
913,553,41,9
910,552,44,9
908,552,46,9
905,552,49,10
902,552,52,10
899,552,55,10
896,552,57,10
893,552,60,10
890,552,63,10
887,551,65,10
884,551,68,10
881,551,71,11
878,551,73,11
875,551,76,11
872,551,79,11
869,551,81,11
866,551,84,11
863,550,87,11
860,550,89,11
753,548,192,14
740,536,204,26
721,529,224,33
714,529,230,33
712,528,232,34
709,528,235,34
707,527,238,34
704,527,240,35
701,526,243,35
699,526,245,36
693,524,251,38
687,521,257,41
681,518,263,43
681,515,263,47
680,511,264,50
680,508,264,54
680,504,264,57
685,503,262,57
690,501,260,57
695,500,258,57
700,498,255,57
707,497,248,58
714,497,241,58
721,496,234,59
728,496,227,59
735,495,220,60
742,495,213,60
749,494,206,60
756,491,199,63
763,488,192,66
770,485,185,69
771,485,185,69
771,484,185,69
771,484,185,69
772,484,185,69
772,483,185,69
772,483,185,69
772,482,185,69
773,482,185,69
773,482,185,69
773,481,185,69
774,481,185,69
774,480,185,69
774,480,185,69
774,480,185,69
775,480,184,69
775,480,184,69
775,479,183,69
775,479,183,69
776,479,182,69
776,479,182,69
776,479,181,70
776,479,180,70
777,485,181,67
778,491,181,64
786,496,174,58
793,502,166,53
800,507,159,48
808,513,152,43
815,519,144,38
822,524,137,33
825,517,134,40
828,511,132,47
837,511,123,47
846,511,114,47
861,516,98,42
877,522,82,36
893,527,67,31
908,532,51,26
926,539,33,19
944,545,15,13
947,548,12,10
950,551,9,7
953,554,6,4
949,554,10,4
945,554,13,4
942,554,16,5
938,554,19,5
934,554,22,5
930,553,25,6
926,553,29,6
922,553,32,6
919,553,35,7
915,553,38,7
911,553,41,7
907,553,44,8
903,552,48,8
899,552,51,8
896,552,54,8
892,552,57,9
888,552,60,9
884,552,63,9
880,552,67,10
876,552,70,10
873,551,73,10
869,551,76,11
865,551,79,11
861,551,82,11
857,551,86,11
853,551,89,12
850,551,92,12
846,551,95,12
842,550,98,13
838,550,101,13
834,550,105,13
830,550,108,14
827,550,111,14
823,550,114,14
819,550,117,15
815,550,120,15
811,549,124,15
807,549,127,15
804,549,130,16
800,549,133,16
796,549,136,16
792,549,139,17
788,549,143,17
784,549,146,17
781,548,149,18
777,548,152,18
773,548,155,18
769,548,158,19
765,548,162,19
761,548,165,19
744,546,183,20
726,545,201,22
724,544,205,23
723,543,209,24
721,542,214,25
720,541,218,26
718,540,223,27
717,539,227,28
708,539,232,28
699,539,236,28
690,539,240,28
663,534,267,33
663,536,267,31
662,538,267,29
661,540,267,27
661,543,267,26
705,553,223,15
749,563,179,5
743,563,180,6
737,562,181,6
732,562,182,6
726,562,183,7
720,561,184,7
715,561,186,8
709,561,187,8
703,560,188,9
698,560,189,9
692,560,190,9
686,559,191,10
681,559,192,10
675,558,194,11
669,558,195,11
664,558,196,11
658,557,197,12
652,557,198,12
647,557,199,13
636,554,209,15
626,552,220,18
626,552,208,19
626,552,197,20
626,552,185,22
626,553,185,20
626,554,185,19
626,555,185,18
626,556,185,17
626,557,185,16
626,558,185,15
631,560,181,13
635,562,176,11
640,564,171,9
644,566,167,7
649,568,162,5
640,566,165,7
630,564,168,9
621,562,170,11
611,560,173,13
602,558,176,15
592,556,179,17
583,554,181,19
583,551,185,22
583,548,189,26
583,545,193,29
583,541,197,32
577,541,202,32
572,541,208,32
566,541,213,32
564,538,216,35
561,535,218,38
558,532,221,41
556,529,224,44
553,526,226,47
551,523,229,50
548,520,231,53
546,517,234,56
542,511,237,62
539,505,241,68
535,499,244,74
531,493,244,80
526,487,243,86
521,481,243,92
524,479,241,93
526,477,239,95
529,475,238,96
527,475,235,100
524,469,233,104
522,463,231,107
520,457,229,111
509,447,229,111
491,424,229,112
486,420,226,112
481,417,224,112
475,414,221,112
478,413,221,112
481,413,220,111
483,412,220,110
481,406,218,109
479,400,216,107
476,394,215,106
474,388,213,105
474,386,212,105
473,383,211,105
473,380,209,105
470,381,208,105
466,382,206,105
463,382,205,105
460,383,203,105
459,380,199,100
459,378,195,96
455,375,197,96
450,371,199,96
446,368,201,96
446,366,201,96
445,364,201,96
445,363,201,96
445,361,201,96
445,358,198,96
446,355,195,96
446,352,192,96
443,349,190,96
441,346,189,96
438,342,188,96
440,342,186,95
442,341,184,95
443,341,183,95
446,341,183,95
448,341,183,95
450,341,183,95
451,339,182,93
452,336,182,91
454,334,182,90
455,332,181,88
455,329,180,88
456,325,179,88
456,322,178,88
458,320,178,88
460,319,178,87
462,318,178,87
464,317,178,87
466,314,177,87
467,311,177,87
469,309,176,87
468,306,175,86
466,304,174,86
465,301,172,86
465,303,172,84
464,304,171,83
463,305,171,82
463,306,170,80
459,304,168,80
456,301,165,80
453,298,163,80
449,295,161,80
446,292,158,80
436,287,158,80
427,282,158,80
417,277,157,80
408,272,157,80
405,270,156,79
402,268,155,78
399,267,153,77
400,267,153,77
401,267,152,77
403,267,151,77
404,267,151,77
408,267,149,77
413,267,147,77
417,267,145,77
422,267,143,77
429,271,143,75
436,274,142,74
443,278,142,73
450,282,141,72
458,286,140,70
458,282,140,70
458,279,140,70
458,275,140,70
459,272,140,70
459,266,137,70
460,260,134,70
464,258,132,70
468,255,131,70
472,257,130,70
476,260,130,70
479,262,129,70
483,265,129,70
487,268,129,70
491,271,129,70
494,267,128,70
498,264,126,70
501,260,125,70
505,257,124,70
501,256,123,69
497,255,123,67
493,254,123,65
492,256,123,65
490,257,123,65
488,259,123,65
486,258,119,64
483,257,115,64
477,251,115,64
471,245,115,64
465,239,115,64
459,235,115,64
453,232,115,64
447,228,115,64
446,230,115,64
445,232,114,64
443,234,114,64
440,232,112,62
437,230,110,60
433,228,109,59
428,226,109,59
423,223,109,59
418,221,109,59
413,218,109,59
409,218,109,59
406,217,109,59
403,217,109,59
399,215,106,59
395,214,103,59
391,212,101,59
386,211,101,57
381,209,101,55
376,208,101,54
370,206,101,52
365,205,101,50
359,203,101,49
355,204,101,49
351,205,101,49
346,207,101,49
343,206,101,50
339,205,100,51
335,205,100,52
331,204,100,54
324,206,97,54
317,208,94,54
309,209,91,54
299,211,91,53
288,213,91,53
278,215,91,52
267,216,91,52
257,218,91,51
249,219,91,51
240,220,91,51
232,220,91,51
224,221,91,51
214,221,91,51
203,222,91,51
193,222,91,51
191,225,90,50
189,228,89,49
187,230,88,49
185,233,87,48
183,236,86,47
180,239,86,46
172,239,86,46
164,239,86,46
155,240,86,46
147,240,86,46
147,240,85,46
146,241,85,45
145,241,85,45
145,241,84,45
