6,334,281,123
16,330,277,124
26,326,274,125
45,321,270,126
86,318,266,127
140,319,256,120
155,319,246,119
167,318,237,118
178,317,228,117
189,316,219,116
200,314,210,115
211,313,202,114
222,305,193,119
232,304,183,116
241,303,173,113
250,301,164,109
260,298,150,108
269,295,137,106
273,293,132,103
276,292,126,100
279,290,121,97
283,288,115,94
286,287,110,91
289,285,104,88
289,282,103,88
289,280,102,88
289,277,101,88
289,274,100,88
289,271,99,88
289,269,98,87
289,267,98,87
289,264,97,86
289,262,96,85
288,260,96,84
288,258,95,82
288,256,95,80
288,254,94,78
288,252,93,76
288,250,93,75
290,248,92,74
292,246,91,73
294,244,90,73
296,242,89,72
298,239,88,71
299,238,88,71
300,236,87,70
302,235,86,70
303,233,86,70
304,232,85,69
304,231,84,68
304,230,83,67
304,229,83,65
304,228,82,64
304,227,81,63
302,224,82,63
300,222,82,63
297,219,83,63
295,217,84,63
292,216,84,63
289,215,84,63
286,215,84,63
284,214,84,63
281,213,84,63
278,212,83,62
275,210,83,61
272,209,82,60
269,208,82,59
266,206,81,59
263,205,80,59
261,204,80,59
258,203,79,59
255,202,79,59
252,202,78,58
249,201,77,57
246,200,76,57
243,200,75,56
240,199,75,55
239,198,72,54
237,197,70,53
235,196,68,52
233,195,66,51
231,194,65,50
230,193,63,49
228,192,62,49
226,190,61,48
225,189,60,47
223,188,60,47
222,187,60,47
221,185,60,47
226,184,60,47
230,184,60,47
234,183,60,47
238,182,61,47
242,181,61,47
246,180,61,47
250,178,61,47
254,177,61,47
258,176,61,47
262,175,61,47
266,173,61,47
271,173,60,46
275,172,59,46
280,172,59,46
285,171,58,45
289,170,57,45
294,169,57,45
298,167,57,44
302,165,56,44
306,164,56,44
311,162,56,44
315,161,55,44
319,160,56,43
323,160,56,42
327,159,56,41
331,159,56,40
335,159,56,39
339,157,55,40
344,156,54,41
348,154,53,42
352,153,52,42
356,151,51,43
361,150,50,44
364,149,50,42
368,148,50,40
372,147,51,39
376,146,51,37
379,146,51,36
383,145,51,34
385,144,51,34
388,143,51,34
390,142,51,34
392,141,51,34
395,140,51,34
398,140,50,34
402,140,49,33
405,140,48,32
409,140,47,32
