246,318,37,101
236,320,45,100
222,321,60,103
220,322,48,101
221,321,35,103
210,322,43,100
193,325,59,99
190,327,60,101
193,325,47,101
178,325,44,103
164,325,50,104
155,326,57,104
156,327,53,102
154,326,43,105
149,325,38,104
135,327,51,103
128,328,60,103
127,328,53,105
126,326,36,107
116,327,32,106
101,331,46,103
94,332,52,104
94,330,44,106
87,330,40,108
77,330,38,106
59,331,54,106
52,332,63,107
53,333,51,105
49,330,41,108
39,331,37,109
31,334,61,108
63,334,54,108
104,333,43,107
119,331,44,108
143,334,51,105
163,335,70,105
197,336,63,104
229,332,50,108
235,331,36,107
222,333,40,108
209,335,52,109
205,337,53,106
197,337,47,108
189,335,40,110
169,336,59,109
164,336,63,110
160,338,65,109
159,336,49,110
148,334,38,111
135,336,47,114
126,338,55,112
122,339,55,112
118,338,41,113
106,337,43,117
86,341,56,111
81,341,64,118
78,341,59,115
74,341,46,111
67,340,35,114
51,342,46,114
37,345,57,112
35,345,52,112
64,345,37,118
82,344,51,116
96,345,68,110
129,346,68,109
164,340,50,116
188,338,43,114
205,341,53,108
198,341,61,111
195,341,60,110
190,339,47,111
186,336,38,112
165,337,51,111
156,337,57,111
152,339,60,110
153,336,51,115
145,337,38,113
136,336,39,114
126,339,43,111
123,340,41,112
120,340,38,118
107,341,41,113
119,338,45,119
149,340,53,113
183,341,55,114
214,339,51,114
246,342,41,107
261,348,41,115
258,352,41,113
255,352,38,116
247,351,41,112
240,353,40,115
227,352,50,119
212,357,62,112
214,361,59,111
210,358,51,116
199,357,45,119
193,358,41,114
192,362,38,111
181,362,48,115
173,361,48,111
163,361,43,117
162,363,36,116
157,359,38,120
148,362,45,115
140,360,38,118
129,359,39,115
121,361,40,113
112,364,40,111
101,365,41,113
92,367,40,111
81,366,41,112
88,365,41,112
103,362,41,117
130,367,47,109
157,362,43,118
171,364,46,110
200,362,47,109
226,367,47,111
214,363,40,118
203,362,41,119
192,362,44,119
185,360,41,119
173,364,43,115
165,361,43,118
157,359,44,119
151,358,41,120
146,362,37,119
124,367,38,112
112,362,43,119
102,363,41,115
93,362,40,117
84,363,37,114
71,367,34,110
61,362,37,115
55,362,32,115
40,370,38,107
35,367,39,111
55,368,39,109
79,364,41,115
102,363,41,114
136,367,43,107
160,364,43,113
181,366,46,109
212,357,43,117
235,361,41,117
220,364,43,117
211,367,56,113
200,365,44,116
192,360,43,119
183,362,44,117
157,364,63,116
153,363,56,118
150,362,45,119
139,362,43,116
130,365,43,115
114,365,50,114
