224,251,165,111
230,251,159,111
235,251,154,111
240,251,149,111
246,251,143,111
251,251,138,111
256,251,133,111
259,251,130,111
255,251,134,111
251,251,138,111
243,251,146,111
236,251,153,111
228,251,161,111
219,251,172,111
210,251,183,111
217,251,177,111
218,251,175,111
219,251,172,111
219,251,170,111
226,251,163,112
246,251,143,112
267,250,123,112
267,251,122,111
274,251,115,111
273,251,116,111
266,251,124,111
262,251,128,111
253,251,137,111
242,251,147,111
232,251,157,111
222,251,167,111
212,251,178,111
201,251,188,111
192,253,197,110
183,254,206,109
190,255,200,107
196,257,193,106
203,258,186,105
210,259,179,103
206,259,183,103
202,259,187,103
198,259,191,103
194,259,195,103
190,259,199,103
202,259,187,103
215,259,174,103
227,259,162,103
233,259,156,103
237,259,152,103
238,259,152,103
238,259,151,103
237,259,152,103
237,259,152,103
236,259,153,103
235,259,153,103
229,259,159,103
223,259,166,103
215,259,173,103
208,259,181,103
200,259,188,103
193,259,195,103
195,259,193,103
197,259,191,103
199,259,189,103
201,259,187,103
203,259,185,103
213,259,175,103
222,259,166,103
227,259,161,103
232,259,156,103
237,259,151,103
241,259,146,103
239,259,149,103
236,259,152,103
237,259,151,103
233,259,156,103
228,259,161,103
223,259,166,103
219,259,171,103
214,259,176,103
208,259,183,103
201,259,190,103
194,259,196,103
196,259,194,103
198,259,192,103
201,259,189,103
204,259,186,103
213,259,178,103
222,259,169,103
231,258,161,103
240,258,152,103
239,258,153,103
238,258,155,103
231,258,162,103
224,258,169,103
217,258,176,103
210,258,183,103
203,258,190,103
197,258,196,103
196,258,197,103
195,258,198,103
194,258,199,103
198,258,195,103
199,258,194,103
199,258,194,103
199,258,194,103
213,258,180,103
219,258,174,103
224,258,169,103
228,258,165,103
232,258,161,103
236,258,157,103
230,258,163,103
225,258,168,103
221,258,172,103
215,258,178,103
209,258,184,103
204,258,189,103
202,258,191,103
201,258,192,103
200,258,193,103
204,258,189,103
208,258,185,103
205,258,188,103
212,258,181,103
218,258,175,103
225,258,169,103
231,258,162,103
235,258,158,103
233,258,160,103
230,258,163,103
228,258,165,103
226,258,167,103
220,258,173,103
214,258,179,103
208,258,186,103
201,258,192,103
206,258,188,104
210,257,184,104
214,257,180,104
218,257,177,105
223,256,173,105
238,256,158,105
237,256,160,106
236,255,161,106
229,255,167,106
223,255,174,106
217,255,180,106
210,255,187,106
204,255,193,106
195,255,202,106
201,255,195,106
204,255,194,106
207,256,192,106
210,256,190,106
212,256,189,106
215,256,187,106
218,256,186,106
221,257,184,106
221,257,183,106
222,257,183,106
222,257,182,106
223,257,182,106
223,257,181,106
224,257,181,106
224,257,180,106
224,257,181,106
223,257,181,106
223,257,182,106
222,257,183,106
221,257,183,106
221,257,184,106
222,257,182,106
224,257,180,106
226,257,178,106
228,257,177,106
230,257,175,106
232,257,173,106
234,257,171,106
235,257,169,106
237,257,167,106
232,257,172,106
227,257,178,106
222,257,183,106
217,257,188,106
217,257,188,106
217,257,187,106
217,257,187,106
217,257,187,106
220,257,185,106
222,257,183,106
224,257,180,106
236,257,169,106
243,257,162,106
250,257,155,106
252,257,152,106
251,257,153,106
250,257,155,106
242,257,162,106
235,257,170,106
226,257,178,106
218,257,186,106
210,257,195,106
201,257,203,106
201,257,204,106
200,257,204,106
204,257,201,106
207,257,197,106
211,257,194,106
214,257,190,106
218,257,186,106
224,257,180,106
231,257,174,106
237,257,167,106
244,257,161,106
250,257,155,106
243,257,162,106
235,257,169,106
228,257,177,106
220,257,184,106
213,257,192,106
213,256,193,107
213,255,194,107
213,255,195,108
213,254,196,109
213,253,197,109
213,253,198,110
213,252,199,110
213,251,201,111
215,251,198,111
217,251,195,111
219,251,192,111
221,251,189,111
224,251,187,111
226,251,184,111
223,251,186,111
221,251,189,111
218,251,191,111
215,251,193,111
213,251,196,111
210,251,198,111
212,251,196,111
214,251,194,111
216,251,192,111
218,251,191,111
220,251,189,111
221,251,187,111
223,251,185,111
221,251,188,111
218,251,190,111
216,251,192,111
214,251,195,111
211,251,197,111
209,251,199,111
211,251,197,111
213,251,196,111
215,251,194,111
216,251,192,111
218,251,190,111
220,251,188,111
222,251,186,111
221,251,187,111
221,251,188,111
220,251,189,111
219,251,189,111
218,251,190,111
218,251,191,111
217,251,191,111
216,251,192,111
216,251,193,111
215,251,193,111
214,251,194,111
214,251,195,111
213,251,195,111
216,251,192,111
220,251,189,111
223,251,185,111
227,251,182,111
230,251,178,111
233,251,175,111
231,251,177,111
229,251,179,111
227,251,181,111
225,251,183,111
223,251,186,111
221,251,188,111
226,253,188,109
232,254,188,107
238,256,188,105
244,257,188,103
249,259,188,102
255,260,188,100
261,260,188,101
268,260,188,102
274,260,188,102
281,260,188,103
284,261,192,102
288,262,196,101
291,263,200,100
295,264,204,98
299,266,208,97
302,265,210,97
305,264,212,97
308,263,214,97
311,262,215,97
314,262,217,97
323,263,217,97
333,265,217,97
342,267,217,97
344,267,224,97
355,266,221,97
366,266,218,97
378,266,215,97
389,266,212,97
398,265,212,97
407,264,212,97
417,264,212,97
426,263,212,97
435,262,212,97
444,262,212,97
449,262,206,97
454,262,200,98
459,262,194,98
465,261,193,99
470,260,191,100
476,259,189,101
481,258,188,102
480,259,188,99
478,261,188,99
477,262,188,98
475,264,188,98
474,265,189,98
472,267,189,97
471,268,189,97
472,269,176,90
473,270,163,84
474,272,150,77
488,252,137,79
513,148,155,169
589,137,92,82
599,132,92,52
593,127,109,51
586,122,126,57
592,117,130,63
599,114,132,64
605,110,133,64
611,107,134,65
618,103,135,66
618,103,137,68
618,102,139,69
619,101,141,70
619,100,142,71
620,99,143,74
622,99,142,73
623,99,142,73
620,98,146,75
620,97,146,76
620,96,147,76
620,95,148,78
620,94,149,81
619,93,150,83
619,92,151,86
621,92,148,85
622,93,146,84
623,93,143,84
625,93,140,83
626,94,138,83
628,94,135,82
629,94,133,82
631,94,129,82
633,93,125,81
635,93,121,81
637,92,118,81
638,92,114,81
640,91,110,81
642,91,106,80
643,90,105,80
644,90,103,80
645,90,102,80
646,90,100,80
647,90,99,80
648,89,97,80
648,89,96,80
647,89,96,80
646,90,96,80
645,90,96,80
643,90,96,80
642,90,96,80
641,90,96,80
640,91,96,80
636,92,100,79
633,94,105,77
630,96,110,76
627,98,114,74
624,99,119,73
625,101,118,71
625,103,116,69
626,105,115,66
627,106,114,64
627,108,112,62
628,110,111,60
628,111,110,59
628,112,110,58
627,113,109,57
627,114,109,57
627,115,108,56
627,116,107,55
625,117,108,54
623,118,108,53
621,119,108,52
619,120,109,51
616,122,111,49
612,124,113,46
609,127,115,43
605,129,118,41
601,129,121,41
596,130,124,41
596,130,124,41
595,129,125,42
594,128,125,43
594,128,126,43
593,127,126,44
593,127,126,44
592,126,127,45
592,126,127,45
591,125,128,46
590,125,128,49
590,125,129,52
589,125,130,55
588,125,130,57
586,121,133,61
584,117,135,64
582,113,137,67
580,109,139,71
578,105,142,74
578,105,141,75
578,105,140,75
589,143,126,78
599,182,111,80
610,221,96,83
610,220,96,82
610,219,96,81
609,218,97,81
609,217,97,80
609,216,97,79
609,218,98,78
609,221,98,77
609,223,99,75
609,226,99,74
609,228,100,73
609,228,100,74
609,228,101,75
609,228,102,75
609,228,103,76
609,228,104,77
609,228,105,78
609,228,104,77
609,228,104,76
609,228,103,75
609,228,103,74
609,228,102,73
609,228,103,73
609,228,104,73
609,228,105,72
609,228,106,72
609,228,107,72
609,228,108,72
609,228,109,72
609,228,110,72
609,228,111,72
611,228,110,70
612,228,108,69
614,228,107,68
616,228,105,67
618,228,103,66
618,228,103,68
618,228,103,70
619,228,103,72
619,228,102,74
619,228,102,75
619,228,103,74
619,228,105,72
619,228,106,71
619,228,107,69
620,228,106,69
621,228,105,69
622,228,104,69
623,228,103,69
624,228,102,69
624,228,102,69
624,228,102,69
624,228,102,68
624,228,102,68
624,228,102,68
624,228,102,68
624,228,102,68
624,228,102,68
624,228,102,67
624,228,102,67
624,228,102,67
624,228,102,67
624,228,102,67
624,228,102,67
624,228,102,66
623,228,103,67
622,228,105,68
622,228,106,69
626,230,105,69
631,232,104,69
636,234,103,69
641,236,102,69
644,240,102,69
647,243,102,69
649,247,102,69
652,250,102,69
651,243,104,69
651,236,106,69
650,228,109,69
611,220,147,83
609,217,148,73
608,215,150,71
610,213,147,77
617,215,140,86
614,216,142,83
610,218,146,87
605,220,151,78
608,219,148,78
610,218,145,79
613,217,142,79
608,216,147,74
609,216,146,79
610,216,144,84
610,215,144,84
609,214,144,84
609,214,144,83
609,213,144,83
608,212,144,83
608,211,144,82
607,211,144,82
607,210,143,82
607,209,143,81
606,221,139,68
599,226,138,67
583,230,138,58
581,231,137,55
579,232,135,52
583,231,132,51
587,230,128,50
591,229,124,49
595,228,120,48
599,227,116,47
592,220,116,49
585,213,116,50
579,206,116,51
572,199,116,52
570,202,116,52
568,204,116,52
566,207,116,51
564,209,116,51
551,209,114,50
538,208,112,49
525,207,110,47
512,206,108,46
499,205,106,45
499,206,106,45
499,207,106,45
499,208,106,45
499,209,106,45
498,208,105,44
497,207,104,44
496,205,103,43
495,202,107,45
493,198,110,46
491,194,114,47
491,194,113,48
491,194,113,48
491,194,113,48
491,194,112,49
493,194,111,50
494,193,110,52
495,193,109,54
496,193,107,56
496,193,107,55
496,193,106,54
496,193,105,53
496,193,105,52
496,192,106,51
495,191,108,50
495,191,110,49
494,190,111,47
495,185,110,48
496,179,108,49
497,174,106,49
498,168,105,50
498,168,104,50
498,168,104,50
498,168,104,50
498,168,103,50
497,171,103,50
496,174,103,50
496,176,103,50
495,179,103,50
496,181,103,50
496,183,103,50
496,185,103,50
497,186,103,50
497,187,103,50
498,187,103,50
499,188,103,50
499,189,103,50
499,189,104,50
498,188,104,50
498,188,104,51
498,188,105,51
498,188,105,51
497,187,105,51
497,187,105,52
497,187,106,52
497,186,106,52
496,186,106,53
496,186,106,53
496,186,107,53
495,185,107,53
495,185,107,54
496,184,106,54
496,184,105,54
497,183,104,55
498,183,103,55
496,183,105,54
495,183,106,52
494,183,107,51
493,184,109,50
494,185,107,50
496,186,105,50
497,187,104,51
499,188,102,51
500,189,101,51
500,191,101,51
500,192,101,51
500,194,101,51
499,196,101,51
499,197,101,51
499,199,101,51
497,199,103,51
496,199,104,51
494,199,106,51
495,198,105,52
496,197,103,54
498,195,102,55
499,194,101,56
498,194,102,56
497,194,103,55
496,194,104,54
495,194,105,54
495,195,105,52
495,197,105,51
494,198,106,50
494,199,106,49
495,199,105,49
496,199,103,49
498,199,102,49
499,199,102,49
500,199,101,50
502,199,100,50
503,199,100,51
502,198,100,51
502,198,100,51
501,197,100,51
500,197,100,51
500,199,101,51
499,201,103,51
498,203,104,51
498,205,106,51
497,207,107,51
496,209,109,51
496,211,107,51
496,213,106,51
496,215,105,51
496,217,103,51
496,216,104,52
495,216,105,53
495,215,106,54
494,214,107,55
493,216,108,54
492,219,108,53
492,221,108,52
491,223,108,51
490,225,109,50
491,224,109,50
492,224,109,50
493,224,109,50
493,224,109,50
494,224,109,50
495,223,109,50
496,222,107,49
496,221,106,49
496,220,105,48
496,218,103,47
497,220,103,48
497,221,103,49
497,222,103,50
497,223,102,51
498,225,102,52
496,225,104,52
494,225,105,51
493,225,107,50
491,225,109,49
490,225,110,48
488,225,112,47
486,225,114,47
485,225,115,46
483,225,117,45
481,225,118,44
480,225,120,43
479,221,121,44
479,217,121,44
478,213,122,44
478,209,122,44
477,205,123,45
476,205,124,45
475,205,125,45
474,205,126,45
473,205,127,45
472,205,128,45
472,205,128,44
472,205,128,43
472,205,128,42
472,205,128,41
472,205,128,40
472,204,128,41
473,203,127,42
473,202,127,43
473,201,127,44
473,200,127,45
473,199,126,46
472,198,127,47
470,197,128,49
468,195,128,50
466,194,129,51
466,192,130,51
466,191,131,51
465,189,132,50
465,187,132,50
465,185,133,50
465,184,134,49
465,182,135,49
465,180,136,49
465,179,137,49
465,180,136,49
465,181,136,50
465,183,136,50
466,184,135,51
465,185,135,51
465,186,135,51
464,188,135,51
464,189,135,51
463,190,135,51
458,186,135,53
452,182,135,54
446,178,135,56
440,174,135,57
432,174,135,57
423,174,135,57
415,174,135,57
407,174,135,57
398,174,135,57
398,176,135,57
398,179,135,57
398,181,135,57
398,184,135,57
397,185,136,57
397,186,137,57
396,187,137,57
396,188,138,57
397,188,137,57
397,188,136,57
398,188,135,57
399,188,134,57
399,187,135,57
399,186,135,56
399,185,136,56
399,184,137,55
399,188,138,53
399,193,139,51
399,198,140,49
399,202,142,47
399,207,143,45
402,210,141,44
405,213,140,44
407,216,138,43
410,219,136,43
412,222,135,43
415,225,133,42
415,226,133,41
415,227,133,40
415,228,133,39
415,228,133,38
424,228,132,40
434,228,130,42
443,228,129,43
453,228,128,45
466,230,128,44
479,231,128,43
492,232,128,42
505,233,129,41
518,234,129,40
531,235,129,40
532,234,129,39
534,234,129,39
535,233,129,39
536,232,129,38
536,231,129,40
537,229,128,41
537,228,128,43
537,226,128,44
537,225,128,46
538,222,126,47
539,220,125,49
540,217,124,50
541,214,123,51
542,213,122,52
542,211,122,52
542,209,121,52
544,210,120,52
545,211,119,52
546,211,118,52
548,212,118,52
548,213,117,52
548,213,116,52
548,214,116,52
548,215,115,52
548,216,115,52
548,216,115,51
548,216,115,49
548,216,115,48
548,216,115,46
548,216,115,45
548,216,115,44
548,216,115,43
548,216,115,42
548,216,115,41
548,216,115,41
548,216,116,41
548,216,116,41
548,216,117,42
548,216,117,42
548,216,118,42
548,216,118,42
548,216,119,42
548,216,118,42
548,216,118,42
548,216,118,41
548,216,118,41
547,212,117,43
546,207,116,45
546,203,116,48
545,199,115,50
546,200,114,49
548,200,114,47
549,201,113,46
550,202,112,45
550,202,112,44
550,202,111,43
550,202,110,42
550,202,110,41
549,203,112,41
547,204,115,40
545,205,118,40
544,205,120,40
544,204,120,40
545,203,119,41
545,202,119,41
546,201,119,42
546,200,118,42
547,199,118,43
547,198,117,43
548,197,117,44
548,196,117,44
549,195,116,45
549,195,115,45
549,195,114,45
549,195,113,45
549,195,112,45
549,195,113,45
548,194,114,45
548,194,114,46
548,193,115,46
548,193,116,47
547,192,116,47
547,192,117,47
547,191,118,48
547,191,118,48
546,190,119,49
546,190,119,48
546,190,119,47
546,190,119,46
546,190,119,45
546,190,119,45
546,190,119,44
546,190,119,43
546,190,119,42
546,190,119,43
546,190,119,44
546,190,119,44
546,190,119,45
546,190,119,46
546,189,119,45
546,187,119,44
545,185,119,43
545,184,119,42
545,183,118,42
545,182,118,43
545,181,118,43
545,180,118,43
546,179,117,44
546,178,117,44
546,177,117,44
546,176,116,45
546,175,116,45
546,174,116,45
546,173,115,46
546,172,115,46
546,172,116,45
546,171,118,43
546,170,119,42
546,169,120,41
546,168,121,40
545,167,121,44
543,167,121,49
541,166,120,54
540,165,120,59
543,163,113,60
546,162,106,61
549,161,99,63
553,160,92,64
564,160,81,62
574,160,70,60
574,161,82,59
574,162,93,57
583,163,93,57
612,169,98,47
641,175,103,37
641,171,112,41
622,171,132,45
625,171,133,46
629,171,133,47
633,171,134,49
637,171,135,50
656,165,135,50
656,165,135,50
