842,312,16,43
841,312,16,43
841,312,17,43
841,312,17,43
840,312,17,43
840,312,17,43
840,312,17,43
839,312,18,43
839,312,18,43
839,312,18,43
838,312,18,43
837,312,18,43
836,311,18,43
835,311,18,43
834,311,18,43
833,311,18,43
832,311,18,43
831,310,18,43
830,311,18,43
829,311,18,43
829,311,19,43
828,311,19,43
828,311,19,43
827,311,19,43
827,311,19,43
826,312,19,43
826,312,19,43
825,312,19,43
824,312,19,43
824,312,20,43
823,312,20,43
822,312,20,43
822,312,20,43
821,311,20,44
820,311,21,44
820,312,21,44
819,312,21,44
819,312,21,44
818,312,21,44
817,313,21,44
817,313,21,44
816,313,21,44
816,313,21,44
815,312,21,44
814,312,21,44
814,312,21,44
813,312,21,44
812,312,21,44
812,312,21,44
811,312,21,44
811,312,21,44
811,313,21,44
810,313,21,44
810,313,21,44
809,313,20,44
809,313,20,44
808,313,19,44
808,313,19,45
808,313,19,45
807,313,18,45
807,313,19,45
806,314,19,45
806,314,20,45
805,314,20,45
805,314,21,46
804,314,21,46
804,315,21,46
803,315,21,46
802,315,21,46
802,315,22,46
801,315,22,46
801,315,22,46
801,315,22,46
800,316,22,46
800,316,22,46
800,316,22,46
800,316,22,46
800,317,22,46
800,317,22,46
800,317,22,46
800,317,22,46
799,317,22,46
799,317,22,46
799,317,22,46
799,317,22,46
798,317,22,46
798,317,22,46
798,317,22,46
798,317,22,46
797,317,22,46
797,317,22,46
797,317,22,46
797,317,22,46
796,317,22,46
796,317,22,46
796,317,22,46
795,317,22,46
795,318,22,46
795,318,22,46
795,318,22,46
794,318,22,46
794,318,22,46
794,318,22,46
794,318,22,46
794,318,22,46
794,318,22,46
794,318,22,46
794,318,22,46
794,318,22,46
794,318,22,46
794,318,22,46
794,318,22,46
794,318,22,46
793,318,22,46
793,318,22,46
792,318,22,47
792,318,22,47
791,318,22,47
791,318,23,48
791,318,23,48
790,318,23,48
790,318,23,49
789,318,23,49
789,318,23,49
789,318,23,49
789,318,23,49
789,318,23,49
788,318,23,49
788,318,22,49
788,318,22,49
788,318,22,49
788,318,22,49
787,318,22,49
787,318,22,49
787,318,22,49
787,318,22,49
786,318,22,49
786,318,22,49
786,318,22,49
786,318,22,49
785,318,22,49
785,318,22,49
785,318,22,49
785,318,22,49
784,318,22,49
784,318,22,49
784,318,22,49
784,318,22,49
784,318,22,50
784,318,22,50
784,318,22,50
784,318,21,50
784,318,21,51
784,318,21,51
784,318,21,51
784,318,21,51
785,318,21,52
785,318,21,52
785,318,21,52
784,318,21,52
784,318,21,53
783,318,21,53
782,318,21,53
782,318,21,54
781,318,21,54
781,318,21,54
780,318,22,54
780,317,22,55
779,318,22,54
778,318,22,54
778,318,22,54
777,318,22,53
777,318,22,53
776,319,22,53
775,319,22,53
775,319,22,52
774,319,22,52
774,319,22,52
773,320,22,52
773,320,23,52
773,320,23,52
772,320,23,52
772,320,24,53
771,320,24,53
771,321,25,53
771,321,25,53
770,321,25,53
770,321,26,53
770,322,26,53
769,322,26,53
769,323,26,53
769,323,26,53
779,321,26,53
785,317,26,53
796,317,26,53
812,316,25,55
827,314,24,57
846,312,25,59
853,318,26,53
853,319,24,55
854,320,23,58
852,320,23,58
850,320,23,58
848,320,23,58
846,320,23,58
844,320,23,58
843,320,23,58
843,320,23,58
842,321,23,58
842,321,23,58
841,321,23,58
840,321,23,58
839,321,23,58
839,321,24,58
838,322,24,58
837,322,25,58
836,322,25,58
836,322,26,58
835,322,26,58
834,322,27,59
833,322,27,59
833,323,28,59
832,323,28,59
832,323,28,59
832,323,28,59
832,323,28,59
832,323,28,59
832,324,28,59
832,324,28,59
832,324,28,59
831,324,28,58
831,324,28,58
831,324,28,58
831,324,28,58
831,325,28,58
831,325,28,58
831,325,28,58
830,325,28,58
830,325,28,58
829,326,28,58
829,326,28,58
828,326,28,58
828,326,28,58
828,326,28,58
827,327,28,58
827,327,28,58
826,327,28,58
826,327,28,58
825,328,28,58
825,328,28,58
825,328,28,58
824,328,28,58
824,328,28,58
824,328,28,58
823,329,28,58
823,329,28,58
823,329,28,58
823,329,28,58
822,329,28,58
822,329,28,58
822,330,28,58
822,330,28,59
821,330,28,59
821,330,27,59
820,329,27,60
820,329,26,60
819,329,26,61
819,329,25,61
819,329,25,62
818,329,24,62
818,329,24,63
817,329,24,63
817,329,24,63
816,329,24,64
816,329,24,64
815,329,24,64
815,329,24,64
814,329,25,64
813,329,25,64
813,329,25,65
812,329,25,65
812,329,25,65
811,329,25,65
810,329,25,65
809,329,25,65
808,329,25,66
808,329,25,66
807,329,25,66
806,329,24,66
805,329,24,66
804,329,24,66
803,328,24,66
802,328,24,67
801,329,24,66
801,329,24,66
800,330,24,66
800,330,24,66
799,330,24,66
799,331,24,66
798,331,24,66
798,331,24,65
797,332,25,65
797,332,25,65
796,332,25,65
796,332,25,65
795,332,25,65
795,332,25,65
794,332,25,65
794,332,25,65
793,332,25,65
793,332,25,65
792,332,25,65
792,332,25,65
791,332,25,65
790,332,25,65
789,332,25,65
789,332,26,65
788,332,26,65
787,332,26,65
787,332,26,65
786,333,26,65
786,334,26,65
785,334,26,65
785,335,26,65
784,335,26,65
784,336,26,65
783,336,26,65
783,336,26,65
783,336,26,65
783,336,26,65
783,337,26,65
782,337,26,65
782,337,26,65
782,337,26,65
782,337,26,65
782,337,26,65
782,338,26,65
781,338,26,65
781,338,26,65
780,338,26,65
780,338,27,66
779,338,27,66
779,337,27,66
778,337,27,67
777,337,27,67
777,337,27,68
776,337,27,68
776,337,27,68
775,337,27,69
775,337,28,69
774,337,28,70
774,338,28,70
774,338,29,70
773,338,29,71
773,338,30,71
772,339,30,72
772,339,31,72
772,339,31,72
771,340,31,73
771,340,32,73
771,340,32,73
770,340,32,74
770,340,31,74
770,340,31,74
770,340,30,74
769,340,29,75
769,340,29,75
769,340,28,75
769,340,28,75
769,340,28,75
768,340,28,75
768,340,28,75
768,340,28,75
768,340,28,75
768,340,28,75
768,341,28,75
768,341,28,75
768,341,28,75
768,341,28,75
768,341,28,75
768,341,28,75
768,341,28,75
768,341,28,74
768,341,28,74
768,341,28,74
769,342,28,74
769,342,28,74
769,342,28,73
769,342,28,73
769,342,28,73
769,342,29,73
769,342,29,72
770,342,29,73
770,343,29,74
771,343,29,75
771,344,29,76
771,344,29,76
772,344,29,77
772,345,29,78
772,345,30,78
772,345,30,78
772,345,31,78
772,345,32,79
771,345,33,79
771,345,33,79
771,345,34,79
771,344,35,80
771,344,35,80
771,344,36,80
771,344,37,80
770,344,38,80
770,344,37,81
770,345,37,81
770,345,36,81
770,345,36,81
771,345,35,82
771,345,35,82
771,345,34,82
771,345,34,82
771,345,33,83
771,345,33,83
771,345,33,83
771,346,33,84
772,346,33,84
772,346,33,85
772,346,33,85
773,346,33,86
773,346,34,86
773,346,34,86
773,347,34,87
772,347,34,87
772,348,35,87
771,348,35,87
771,349,35,87
770,349,36,87
770,350,36,87
769,350,37,87
769,351,37,87
769,351,37,87
769,351,37,87
769,352,37,87
770,352,37,87
770,352,37,87
770,353,37,87
770,353,37,87
770,353,37,87
770,354,37,87
769,354,37,88
768,354,37,88
768,354,38,88
767,354,38,89
766,354,39,89
766,354,39,90
765,354,40,90
764,355,40,90
764,355,41,91
763,355,41,91
762,355,41,92
762,355,42,92
761,355,41,92
760,355,41,92
759,355,40,92
759,355,40,92
758,355,39,92
757,355,39,92
756,355,38,92
756,355,38,92
755,355,37,92
754,355,37,92
753,355,36,91
747,356,36,91
741,357,36,91
737,358,36,91
732,358,36,91
728,359,36,91
722,359,36,91
716,359,36,91
711,360,36,91
705,360,36,91
699,360,36,91
683,361,37,92
667,361,38,92
650,362,39,93
642,362,39,93
633,362,39,93
624,362,39,94
622,362,39,95
619,362,38,96
617,361,38,97
615,361,38,98
613,356,38,98
612,351,38,97
611,346,38,97
609,341,38,96
608,335,38,95
605,335,38,96
601,334,38,97
598,333,38,97
595,332,38,98
594,336,40,98
593,340,41,98
592,344,43,97
590,348,44,97
589,351,46,97
589,351,46,98
589,351,46,99
589,351,46,100
589,351,46,101
588,351,46,102
588,350,46,103
588,353,46,103
587,356,46,103
587,359,46,103
587,362,46,103
586,364,46,103
586,367,46,103
588,368,46,103
591,369,46,103
594,370,46,103
596,371,46,103
599,372,46,103
599,373,47,103
598,373,47,104
598,373,48,105
598,374,48,105
598,374,48,106
598,375,49,107
597,375,49,107
597,375,50,108
597,376,50,108
597,376,49,109
596,376,48,109
595,376,47,110
595,376,46,110
594,376,45,111
594,376,44,111
594,377,44,111
593,377,43,111
593,378,42,110
593,379,42,110
593,379,41,109
593,380,40,109
593,380,40,110
593,380,40,111
593,380,40,112
593,380,40,113
592,380,41,114
592,380,41,115
592,381,42,115
591,381,43,116
590,382,43,116
589,382,44,116
589,382,45,117
588,383,46,117
587,383,47,117
587,384,48,117
586,384,49,118
585,385,50,118
584,385,50,118
584,385,50,118
583,386,49,118
582,386,49,118
581,386,49,118
581,387,49,118
580,387,48,118
579,387,48,118
579,388,48,118
578,388,48,118
578,388,48,119
577,388,48,121
577,388,48,122
577,388,49,124
576,388,49,125
576,388,49,126
576,388,49,128
576,388,50,129
575,388,50,131
575,388,50,132
577,388,50,132
578,389,50,132
580,389,50,132
582,390,50,132
583,390,50,132
585,390,50,132
586,391,50,132
588,391,50,132
589,392,50,132
591,392,50,132
596,392,50,132
601,392,50,132
606,393,51,132
611,393,51,132
616,393,51,132
621,393,51,132
626,393,51,132
631,394,51,133
636,394,51,133
641,394,52,133
641,395,53,132
640,396,54,132
640,397,55,132
639,398,56,131
639,399,57,131
639,401,58,130
638,402,59,130
638,403,60,130
638,404,62,129
637,404,62,129
636,405,62,129
635,405,62,129
634,406,62,129
633,406,62,129
632,407,62,129
631,407,62,129
630,408,62,129
629,408,62,129
628,409,62,129
627,409,62,129
628,410,62,130
628,410,63,130
629,411,63,131
629,411,64,131
630,412,64,132
630,412,65,132
631,413,65,133
631,414,66,133
632,414,66,134
632,415,67,134
633,415,68,135
636,415,68,135
640,415,68,135
643,415,68,135
647,414,68,135
650,414,68,135
654,414,68,135
657,414,68,135
658,415,68,135
659,416,68,135
661,416,68,135
662,417,68,135
663,418,68,135
664,419,68,135
666,420,68,135
670,420,69,137
675,420,70,139
680,421,72,141
685,421,73,143
689,421,75,145
694,422,76,147
699,422,77,149
699,423,77,148
700,424,77,146
700,426,77,145
700,427,77,144
701,428,77,143
701,429,77,142
701,431,77,141
700,431,76,140
698,432,74,140
696,433,73,139
694,434,71,138
692,435,69,138
691,436,68,137
689,437,66,137
687,437,67,137
684,437,68,137
682,437,69,137
680,438,70,137
678,438,71,137
676,438,72,137
673,438,74,137
670,439,77,136
667,439,79,135
664,439,81,134
662,440,83,133
658,441,84,132
655,442,84,131
651,443,84,130
648,444,84,129
644,445,84,128
641,446,84,127
637,446,84,127
634,446,84,127
630,446,84,127
626,446,84,127
622,446,84,127
619,448,84,126
617,450,85,124
614,452,85,123
613,452,84,123
612,452,83,123
