126,334,67,141
129,333,67,141
133,331,67,141
136,330,67,141
139,329,67,141
143,328,67,141
147,325,67,141
152,323,67,141
157,320,67,141
161,318,67,141
166,315,67,141
169,313,67,141
173,311,67,141
176,309,67,141
180,307,67,141
183,304,67,141
187,303,67,141
190,302,67,141
194,301,67,141
198,299,67,141
202,298,67,141
205,297,67,139
208,296,67,138
211,295,67,136
214,293,67,135
217,292,67,133
222,290,67,133
226,289,67,133
231,287,67,133
236,286,67,133
240,284,67,133
244,283,67,133
247,281,67,133
250,280,67,133
254,278,67,133
257,277,67,133
261,275,67,133
264,273,67,133
267,272,67,133
271,270,67,133
274,269,67,133
277,269,67,131
280,268,67,129
284,268,67,127
287,268,67,126
290,267,67,124
292,266,67,123
295,265,67,123
298,264,67,123
301,262,67,122
304,261,67,122
306,260,66,122
309,259,66,121
312,258,66,120
315,257,65,120
318,256,65,119
321,256,64,117
324,255,62,115
328,254,61,113
331,253,60,110
335,252,59,108
336,251,59,108
338,251,59,108
340,250,59,108
342,249,59,108
344,249,59,108
347,247,59,107
349,245,59,106
352,243,59,105
355,241,59,104
383,241,59,104
415,238,59,104
447,235,59,104
480,232,59,104
512,229,59,104
515,228,58,103
517,228,58,102
519,228,57,101
522,228,57,101
524,227,56,100
526,227,56,99
528,227,56,98
530,226,56,97
532,226,57,96
534,226,57,95
536,226,57,94
538,225,57,94
541,224,57,94
544,223,56,93
547,222,56,93
550,221,56,93
531,220,56,93
513,219,56,93
495,218,56,93
477,217,56,93
458,216,56,93
460,216,56,93
463,216,56,93
465,216,56,93
467,216,56,93
469,216,56,93
472,215,56,93
474,214,56,93
477,213,56,93
479,213,56,93
481,212,56,93
483,210,56,93
485,209,56,93
487,207,56,93
489,205,56,93
491,204,56,93
491,203,56,93
492,202,56,93
493,201,56,93
493,200,56,93
494,199,56,93
494,199,56,90
494,199,56,88
494,199,56,85
494,199,56,83
494,199,56,80
493,198,56,80
492,197,56,80
491,196,56,80
490,196,56,80
489,195,56,80
489,195,54,80
489,195,52,80
489,195,49,80
487,194,49,80
484,194,49,80
481,193,49,80
478,192,50,78
474,190,51,75
471,188,51,73
469,188,51,72
467,188,51,71
465,187,51,71
463,187,51,70
461,187,51,70
460,187,51,70
458,186,51,70
457,186,51,70
455,186,51,70
454,185,51,70
452,185,51,70
450,185,51,70
448,184,51,70
446,184,51,70
444,184,51,70
426,183,51,70
413,185,51,70
379,183,51,70
368,181,51,70
356,179,51,70
361,179,46,70
361,178,46,70
360,178,46,70
360,177,46,70
360,176,46,70
360,175,46,70
359,175,46,70
358,175,46,70
356,175,46,70
355,175,46,70
354,175,47,68
354,175,47,67
354,175,48,65
353,175,48,63
353,174,48,65
354,173,47,67
354,172,47,68
354,171,47,70
355,170,46,71
354,169,46,71
354,169,46,71
354,168,46,71
354,168,46,71
353,167,46,71
353,167,46,71
354,166,46,71
355,165,45,70
356,164,44,70
356,163,43,69
359,156,42,69
359,161,41,68
359,165,40,68
359,165,41,68
358,165,42,68
358,163,42,68
358,161,42,68
358,159,42,68
357,159,42,68
357,158,42,68
357,158,42,68
357,158,42,68
356,157,42,68
359,155,42,68
361,153,42,68
360,152,42,68
359,151,42,68
358,150,42,68
360,147,42,68
361,144,42,68
363,141,42,68
363,148,42,68
359,142,42,68
361,143,42,68
363,144,42,68
365,144,42,68
360,139,42,68
364,145,42,68
368,147,42,68
373,149,42,68
369,145,42,68
367,144,42,68
369,145,42,68
372,149,42,68
371,147,42,68
370,144,42,68
373,146,42,68
375,148,42,68
373,147,42,68
370,148,42,68
372,148,42,68
374,147,42,68
375,142,42,68
373,140,42,68
374,142,42,68
374,144,42,68
372,141,42,68
370,139,42,68
371,139,42,68
372,139,42,68
373,140,42,68
372,139,42,68
370,139,42,68
370,138,41,67
370,138,41,65
369,137,40,63
369,136,39,62
369,136,39,60
369,136,39,60
368,134,39,60
367,134,39,60
365,104,39,60
364,74,39,60
364,73,39,60
364,72,39,60
364,71,39,60
362,71,39,60
361,70,39,60
359,70,39,60
358,70,39,60
356,69,39,60
356,69,39,59
355,69,39,58
354,69,39,56
354,69,39,55
353,69,39,54
352,69,39,52
352,69,39,51
350,69,39,51
348,69,39,51
347,69,39,51
345,69,39,51
346,69,39,51
346,69,39,51
347,69,39,51
347,69,39,51
345,69,39,51
344,69,39,51
342,68,39,51
341,68,39,51
341,67,39,51
341,66,39,51
341,65,39,51
341,64,39,51
341,63,39,51
341,64,39,51
340,64,39,51
340,65,39,51
340,66,39,51
340,66,39,51
339,67,39,51
339,68,39,51
339,67,39,51
338,66,39,51
338,65,39,51
335,65,39,51
333,65,39,51
333,64,39,51
333,63,39,51
333,60,39,51
