333,184,30,47
334,184,30,49
334,184,29,48
334,184,29,46
333,185,27,43
331,182,29,46
330,183,28,45
327,183,28,44
327,183,29,47
327,183,29,48
327,183,29,48
328,185,27,41
325,185,26,47
326,186,27,41
327,184,27,42
325,186,28,42
326,186,29,40
326,186,26,41
326,186,28,42
327,185,29,43
327,186,27,43
327,186,27,42
327,184,28,46
328,185,28,44
327,184,27,45
327,182,28,47
327,183,29,47
327,182,27,47
326,183,28,46
326,183,29,49
325,183,30,47
325,183,29,47
323,185,29,44
323,186,29,45
322,186,30,46
323,186,30,45
314,186,28,50
312,189,31,48
309,190,31,48
309,190,31,48
302,185,34,52
295,186,35,50
295,186,35,50
288,182,36,56
284,188,34,48
280,189,34,50
275,190,34,55
268,189,36,49
265,191,35,50
263,188,36,49
253,185,36,50
249,188,36,50
246,184,35,50
243,185,35,49
243,195,36,50
235,190,36,50
233,187,35,49
227,185,36,49
219,189,36,50
216,190,36,50
212,182,36,50
214,184,36,50
204,187,36,51
203,184,36,50
200,186,35,49
189,185,37,50
189,182,36,50
182,193,37,51
186,194,36,49
211,198,36,49
247,198,36,49
273,196,36,49
277,191,36,49
273,192,36,49
266,193,36,49
264,193,36,49
258,192,36,49
254,196,36,49
247,192,36,49
239,188,36,49
243,192,36,49
239,193,36,49
240,192,36,49
231,188,36,49
230,192,36,49
220,195,36,49
214,185,36,49
211,191,36,49
211,191,36,49
195,184,36,49
195,185,36,49
185,183,36,49
184,183,36,49
180,184,36,49
171,184,36,49
171,185,36,49
169,183,36,49
167,182,36,49
160,190,36,49
150,189,36,49
153,187,36,49
150,192,36,49
144,194,36,49
142,194,36,49
136,196,36,49
127,200,36,49
114,193,36,49
107,189,36,49
104,193,36,49
106,193,36,49
113,190,36,49
131,190,36,49
167,188,36,49
192,189,36,49
225,193,36,49
259,194,36,49
279,198,36,49
275,197,36,49
269,198,36,49
267,199,36,49
262,198,36,49
192,201,36,49
271,198,36,49
259,200,36,49
258,196,36,49
259,203,36,49
245,197,36,49
250,198,36,49
240,196,36,49
225,199,36,49
222,205,36,49
215,205,36,49
223,205,36,49
216,201,36,49
193,198,36,49
193,198,36,49
188,203,36,49
180,204,36,49
177,204,36,49
169,202,36,49
156,204,36,49
148,204,36,49
146,204,36,49
151,207,36,49
142,210,36,49
136,212,36,49
131,215,36,49
122,212,36,49
121,210,36,49
119,213,36,49
109,211,36,49
109,209,36,49
103,198,36,49
97,199,36,49
97,207,36,49
98,202,36,49
93,204,36,49
95,200,36,49
113,199,36,49
149,197,36,49
150,197,36,49
149,197,36,49
129,196,36,49
135,201,36,49
156,198,36,49
193,199,36,49
213,209,36,49
243,208,36,49
271,205,36,49
268,205,36,49
265,204,36,49
256,204,36,49
246,203,36,49
238,204,36,49
252,196,36,49
302,190,36,49
331,186,36,49
359,193,36,49
391,187,36,49
395,186,36,49
387,186,36,49
385,191,36,49
382,190,36,49
370,189,36,49
400,188,36,49
421,187,36,49
448,188,36,49
481,188,36,49
501,188,36,49
503,188,36,49
492,187,36,49
494,192,40,50
485,190,40,47
479,188,39,49
480,192,37,52
484,188,29,56
476,189,36,54
479,189,31,50
471,188,30,51
470,189,33,52
470,189,33,52
458,186,28,58
455,188,37,58
446,183,38,65
447,182,38,62
446,182,38,60
442,182,40,61
438,181,37,62
434,180,28,63
429,180,31,63
422,185,35,60
417,182,33,60
416,183,30,60
411,185,31,56
404,182,35,61
402,180,37,63
400,186,30,56
400,189,27,53
399,188,27,55
389,188,33,55
386,193,36,50
386,191,26,50
379,188,27,53
368,188,37,52
370,188,32,54
368,187,24,55
359,187,33,56
355,189,33,50
351,188,32,49
351,188,27,50
350,189,28,45
347,189,28,46
341,188,28,49
336,188,29,43
333,187,29,45
327,187,31,50
323,188,30,47
320,188,29,42
318,188,27,37
314,186,28,41
310,188,28,42
303,187,28,40
299,187,24,40
297,188,27,43
289,188,27,42
295,189,28,40
325,189,24,38
361,189,28,38
385,189,27,34
377,191,35,44
394,192,35,44
428,192,35,44
464,205,35,44
462,206,35,44
465,208,35,44
455,209,35,44
458,206,35,44
453,208,35,44
453,208,35,44
455,204,35,44
458,203,35,44
458,203,35,44
489,203,35,44
522,202,35,44
551,203,35,44
562,188,35,44
569,190,30,45
565,189,27,49
559,189,28,50
560,188,21,50
552,188,28,51
547,190,33,50
544,189,31,50
543,188,27,52
536,188,30,53
529,189,33,51
530,191,31,50
525,190,30,50
524,187,23,54
517,188,29,54
513,190,33,50
510,188,32,56
508,190,31,50
504,188,27,50
495,189,32,51
494,190,33,52
488,189,33,53
491,188,24,50
485,190,30,50
478,191,33,50
474,191,36,50
472,190,33,50
472,189,28,50
463,190,36,50
465,190,30,52
460,191,30,51
455,186,39,60
445,188,41,57
441,188,39,61
446,188,27,52
444,188,29,49
438,188,30,52
434,188,31,52
435,189,27,51
434,188,24,54
427,189,27,54
421,188,30,51
419,188,30,53
417,188,38,60
417,188,27,50
416,187,26,56
411,188,31,51
406,190,28,49
404,188,28,50
399,188,23,51
397,190,26,49
393,188,26,50
391,188,22,49
380,188,27,53
378,188,30,52
376,189,32,50
375,188,24,51
370,188,24,53
365,190,28,50
362,189,29,49
358,189,26,50
354,188,24,52
349,188,28,50
346,188,31,50
365,187,23,51
393,187,27,50
425,188,27,50
419,187,26,51
416,188,30,50
417,186,22,51
411,184,26,52
405,184,30,50
429,181,30,54
467,187,21,47
496,188,23,49
489,188,24,49
481,186,29,50
479,187,27,48
479,187,26,50
475,186,28,51
472,187,28,48
471,187,27,48
491,184,23,50
524,185,23,53
518,187,24,47
513,187,28,50
512,186,26,47
509,183,23,50
502,185,24,46
501,185,27,49
497,185,27,49
497,185,20,48
491,183,23,50
488,182,24,50
486,182,24,49
486,182,24,49
479,182,22,50
474,182,28,49
469,183,27,47
468,183,26,45
468,182,19,48
466,182,16,47
460,182,24,47
458,181,26,49
453,182,23,46
453,182,18,47
449,182,20,46
446,182,22,44
443,181,26,47
439,180,19,48
438,181,18,47
434,182,22,46
