159,253,22,42
164,251,21,41
169,250,21,40
173,250,22,39
178,252,22,36
182,250,23,37
188,250,21,39
193,248,21,39
199,249,20,39
204,248,19,39
207,249,21,39
215,248,21,38
222,247,21,38
227,247,20,37
233,248,21,38
239,248,21,37
242,246,22,38
248,248,22,37
255,244,22,37
260,246,22,37
268,247,21,40
271,244,22,40
276,246,21,40
281,248,21,40
288,249,21,40
298,243,21,40
306,245,20,41
310,244,21,41
314,243,23,46
322,243,24,49
327,245,23,49
330,243,23,45
337,244,24,40
341,249,21,43
344,249,23,45
347,247,21,41
352,247,21,41
360,246,21,41
361,242,21,41
366,242,21,41
371,241,21,41
377,242,21,41
387,239,21,41
395,238,21,41
389,235,21,41
402,241,21,41
406,240,21,41
409,245,26,50
412,240,36,70
420,241,31,71
418,241,33,69
426,235,28,76
427,244,32,68
435,240,34,71
438,238,37,71
442,236,34,74
449,239,27,71
452,237,36,72
452,234,35,75
460,235,34,71
461,235,36,75
464,232,35,74
474,231,35,76
475,232,38,78
483,233,36,77
484,234,35,77
492,230,32,77
488,229,30,77
456,232,29,73
424,231,28,75
391,231,30,73
368,232,28,72
343,229,27,61
346,225,23,61
350,238,21,41
362,233,21,41
371,234,21,41
377,231,21,41
372,231,21,41
372,232,21,41
375,231,21,41
380,234,21,41
383,235,21,41
392,233,21,41
386,231,21,41
393,230,21,41
397,225,21,41
398,224,21,41
406,222,21,41
408,218,21,41
415,218,21,41
432,220,21,41
436,219,21,41
441,219,21,41
451,218,21,41
444,218,21,41
430,220,21,41
436,217,21,41
452,219,21,41
475,218,21,41
477,219,21,41
478,219,21,41
486,218,21,41
508,215,21,41
512,213,21,41
492,223,21,41
491,221,21,41
496,225,21,41
497,220,21,41
499,221,21,41
508,224,21,41
512,223,21,41
514,223,21,41
514,225,21,41
520,223,21,41
524,224,21,41
532,223,21,41
529,226,21,41
