144,53,24,45
144,53,24,45
147,53,24,45
148,55,24,45
150,57,24,45
150,55,24,45
152,57,24,45
154,59,24,43
156,61,24,43
158,61,24,43
160,61,24,43
161,61,24,43
165,61,24,43
165,61,24,43
165,61,24,43
168,67,24,41
169,66,24,41
173,68,24,41
175,68,24,41
178,70,22,41
178,70,22,41
181,70,22,41
182,70,22,41
184,70,22,41
188,72,22,41
188,72,22,41
192,73,22,41
192,73,22,41
198,75,22,41
195,75,22,41
199,76,22,41
201,76,22,41
201,76,22,41
207,81,21,37
211,79,21,37
211,79,21,37
217,83,21,37
219,83,21,37
220,83,21,37
224,82,21,37
226,82,21,37
227,82,21,37
229,82,21,37
236,82,21,37
243,83,21,37
243,83,21,37
243,83,21,37
248,83,21,37
248,83,21,37
251,83,21,37
251,83,21,37
253,83,21,37
257,83,21,37
259,83,21,37
261,84,21,37
265,82,21,37
265,82,21,37
270,82,21,37
270,82,21,37
270,82,21,37
275,83,21,37
277,83,21,37
278,82,21,37
280,84,21,37
283,82,21,37
285,84,21,37
286,84,21,37
288,82,21,37
288,82,21,37
290,82,21,37
293,82,21,37
293,82,21,37
295,82,21,37
297,83,21,37
297,83,21,37
301,83,21,37
301,83,21,37
301,83,21,37
304,82,21,37
304,84,21,37
304,82,21,37
304,82,21,37
304,82,21,37
304,82,21,37
306,84,21,37
304,82,21,37
309,87,21,37
309,87,21,37
309,87,21,37
309,87,21,37
313,89,21,37
314,91,21,37
316,89,21,37
318,89,21,37
318,91,21,37
320,91,21,37
320,91,21,37
320,90,21,37
320,90,21,37
320,90,21,37
320,90,21,37
320,90,21,37
320,90,21,37
320,90,21,37
324,90,21,37
324,90,21,37
324,90,21,37
324,90,21,37
324,90,21,37
324,90,21,37
324,90,21,37
324,90,21,37
324,90,21,37
324,90,21,37
324,90,21,37
324,90,21,37
324,90,21,37
324,90,21,37
324,90,21,37
324,90,21,37
324,90,21,37
324,90,21,37
324,90,21,37
