210,94,29,53
210,94,29,53
210,94,29,53
210,94,29,53
210,94,29,53
212,97,25,57
212,97,25,57
216,97,25,57
216,97,25,57
216,97,25,57
216,97,25,57
217,97,25,57
217,97,25,57
217,97,25,57
219,98,25,57
219,98,25,57
219,98,25,57
219,98,25,57
219,98,25,57
224,98,25,57
224,98,25,57
224,98,25,57
224,98,25,57
227,99,25,57
227,99,25,57
227,99,25,57
227,99,25,57
227,99,25,57
227,99,25,57
231,100,25,57
231,100,25,57
231,100,25,57
231,100,25,57
231,100,25,57
232,100,25,57
232,100,25,57
232,100,25,57
236,100,21,57
236,100,21,57
239,102,21,57
239,102,21,57
239,102,21,57
242,103,21,57
242,103,21,57
242,103,21,57
244,103,21,57
244,103,21,57
244,103,21,57
244,103,21,57
245,103,21,57
245,103,21,57
246,103,21,57
246,103,21,57
246,103,21,57
250,103,21,57
250,103,21,57
252,106,21,57
252,106,21,57
252,106,21,57
254,107,21,57
254,107,21,57
254,107,21,57
254,107,21,57
256,107,21,57
256,107,21,57
256,107,21,57
256,107,21,57
256,107,21,57
258,107,21,57
258,107,21,57
261,108,21,57
261,108,21,57
261,108,21,57
263,110,21,57
263,110,21,57
263,110,21,57
263,110,21,57
263,110,21,57
265,110,21,57
265,110,21,57
265,110,21,57
265,110,21,57
265,110,21,57
265,110,21,57
265,110,21,57
267,110,21,57
267,110,21,57
267,110,21,57
267,110,21,57
269,111,21,57
269,111,21,57
269,111,21,57
269,111,21,57
271,111,21,57
271,111,21,57
271,111,21,57
271,111,21,57
271,111,21,57
273,114,21,57
273,114,21,57
273,114,21,57
274,113,21,57
274,113,21,57
274,113,21,57
274,113,21,57
274,113,21,57
274,113,21,57
278,114,21,57
278,114,21,57
278,114,21,57
278,114,21,57
279,117,21,57
279,117,21,57
279,117,21,57
279,117,21,57
279,117,21,57
279,117,21,57
279,117,21,57
279,117,21,57
279,117,21,57
280,117,21,57
280,117,21,57
280,117,21,57
280,117,21,57
280,117,21,57
284,117,21,57
284,117,21,57
284,117,21,57
284,117,21,57
284,117,21,57
284,117,21,57
291,119,21,57
291,119,21,57
291,119,21,57
291,119,21,57
291,119,21,57
291,119,21,57
291,119,21,57
291,119,21,57
293,121,21,57
293,121,21,57
293,121,21,57
293,121,21,57
293,121,21,57
295,122,22,57
295,122,22,57
295,122,22,57
295,122,22,57
295,122,22,57
295,122,22,57
297,124,22,57
297,124,22,57
297,124,22,57
297,124,22,57
301,126,22,57
301,126,22,57
301,126,22,57
301,126,22,57
310,127,22,57
310,127,22,57
310,127,22,57
310,127,22,57
312,129,22,57
312,129,22,57
312,129,22,57
312,129,22,57
316,131,22,57
316,131,22,57
316,131,22,57
316,131,22,57
316,131,22,57
318,127,19,57
318,127,19,57
318,127,19,57
318,128,21,57
318,128,21,57
318,128,21,57
318,128,21,57
321,128,21,57
321,128,21,57
321,128,21,57
321,128,21,57
321,128,21,57
321,128,21,57
321,128,21,57
321,128,21,57
328,131,21,57
328,131,21,57
328,131,21,57
328,131,21,57
328,131,21,57
328,131,21,57
328,131,21,57
328,131,21,57
328,131,21,57
333,131,21,57
333,131,21,57
333,131,21,57
333,131,21,57
333,131,21,57
333,131,21,57
333,131,21,57
333,131,21,57
333,131,21,57
333,131,21,57
333,131,21,57
337,132,21,57
337,132,21,57
337,132,21,57
337,132,21,57
341,132,21,57
341,132,21,57
341,132,21,57
342,133,23,56
342,133,23,56
342,133,23,56
342,133,23,56
342,133,23,56
347,135,23,56
347,135,23,56
347,135,23,56
350,136,23,56
350,136,23,56
351,139,23,56
351,139,23,56
353,141,23,56
353,141,23,56
353,141,23,56
356,141,23,56
356,141,23,56
356,141,23,56
360,141,23,56
360,141,23,56
363,142,23,56
363,142,23,56
363,142,23,56
367,143,23,56
367,143,23,56
367,143,23,56
367,143,23,56
369,142,23,56
369,142,23,56
369,142,23,56
369,142,23,56
369,142,23,56
376,143,23,56
376,143,23,56
376,143,23,56
376,143,23,56
376,143,23,56
376,143,23,56
376,143,23,56
376,143,23,56
376,143,23,56
376,143,23,56
381,144,23,56
381,144,23,56
381,144,23,56
381,144,23,56
381,144,23,56
381,144,23,56
381,144,23,56
381,144,23,56
386,146,23,56
386,146,23,56
386,146,23,56
386,146,23,56
386,146,23,56
386,146,23,56
386,146,23,56
386,146,23,56
386,146,23,56
386,146,23,56
386,146,23,56
388,146,23,56
388,146,23,56
388,146,23,56
388,146,23,56
395,147,23,56
395,147,23,56
395,147,23,56
395,147,23,56
401,147,23,56
401,147,23,56
401,147,23,56
401,147,23,56
401,147,23,56
404,158,23,56
404,158,23,56
404,158,23,56
404,158,23,56
404,158,23,56
404,158,23,56
404,158,23,56
411,159,23,56
411,159,23,56
411,159,23,56
411,159,23,56
411,159,23,56
414,158,23,56
414,158,23,56
414,158,23,56
414,158,23,56
414,158,23,56
418,158,23,56
418,158,23,56
418,158,23,56
418,158,23,56
418,158,23,56
424,158,23,56
424,158,23,56
424,158,23,56
424,158,23,56
424,158,23,56
429,160,23,56
429,160,23,56
429,160,23,56
429,160,23,56
429,160,23,56
433,160,23,56
433,160,23,56
433,160,23,56
443,167,23,56
443,167,23,56
443,167,23,56
443,167,23,56
446,161,23,56
446,161,23,56
450,162,23,56
450,162,23,56
450,162,23,56
450,162,23,56
455,162,23,56
455,162,23,56
461,164,23,56
461,164,23,56
461,164,23,56
462,164,23,56
462,164,23,56
469,166,23,56
469,166,23,56
471,168,23,56
471,168,23,56
471,168,23,56
471,168,23,56
477,168,23,56
477,168,23,56
477,168,23,56
482,168,23,56
482,168,23,56
488,168,23,56
488,168,23,56
490,168,23,56
490,168,23,56
494,168,23,56
494,168,23,56
494,168,23,56
494,168,23,56
499,173,23,56
499,173,23,56
499,173,23,56
499,173,23,56
508,174,23,56
508,174,23,56
508,174,23,56
508,174,23,56
508,174,23,56
516,175,23,56
516,175,23,56
516,175,23,56
520,175,23,56
520,175,23,56
520,175,23,56
525,175,23,56
525,175,23,56
525,175,23,56
525,175,23,56
531,176,23,56
531,176,23,56
531,176,23,56
534,177,23,56
534,177,23,56
534,177,23,56
534,177,23,56
541,179,23,56
541,179,23,56
541,179,23,56
546,180,23,56
546,180,23,56
546,180,23,56
549,180,23,56
549,180,23,56
549,180,23,56
554,180,23,56
554,180,23,56
559,184,23,56
559,184,23,56
562,180,23,56
562,180,23,56
562,180,23,56
568,181,23,56
568,181,23,56
568,181,23,56
568,181,23,56
575,184,23,56
575,184,23,56
579,190,23,56
579,190,23,56
582,192,23,56
582,192,23,56
582,192,23,56
582,192,23,56
582,192,23,56
582,192,23,56
582,192,23,56
593,188,23,56
593,188,23,56
593,188,23,56
593,188,23,56
593,188,23,56
593,188,23,56
593,188,23,56
593,188,23,56
597,188,23,56
