220,235,15,45
220,235,15,45
220,235,15,45
220,235,15,45
220,235,15,45
220,235,15,45
220,235,15,45
220,235,15,45
220,235,15,45
220,235,15,45
220,235,15,45
220,235,15,45
220,235,15,45
220,235,15,45
220,235,15,45
220,235,15,45
220,235,15,45
220,235,15,45
220,235,15,45
220,235,15,45
220,235,15,45
218,237,19,46
218,237,19,46
218,236,19,46
218,236,19,46
218,236,19,46
218,236,19,46
218,236,19,46
218,236,19,46
217,237,19,46
217,237,19,46
217,237,19,46
214,239,19,46
214,239,19,46
212,240,19,46
212,240,19,46
212,240,19,46
212,241,19,46
212,241,19,46
212,241,19,46
212,241,19,46
212,241,19,46
212,241,19,46
212,241,19,46
212,241,19,46
212,241,19,46
212,241,19,46
212,241,19,46
212,241,19,46
212,241,19,46
211,241,16,47
211,241,16,47
211,241,16,47
211,241,16,47
214,241,16,47
214,241,16,47
214,241,16,47
214,241,16,47
214,241,16,47
214,241,16,47
214,241,16,47
214,241,16,47
214,241,16,47
214,241,16,47
214,240,18,51
214,240,18,51
215,241,18,51
215,241,18,51
215,242,18,51
215,242,18,51
215,242,18,51
218,242,18,51
222,244,18,51
225,242,18,51
225,242,18,51
226,243,18,51
226,243,18,51
226,243,18,51
226,243,18,51
226,243,18,51
226,243,18,51
226,243,18,51
226,243,18,51
228,243,18,51
228,243,18,51
228,243,18,51
228,243,18,51
228,243,18,51
228,243,18,51
228,243,18,51
229,245,18,51
229,245,18,51
229,245,18,51
229,245,18,51
227,246,18,51
227,246,18,51
227,246,18,51
227,246,18,51
227,246,18,51
227,246,18,51
227,246,18,51
227,246,18,51
227,246,18,51
227,246,18,51
227,246,18,51
227,246,20,51
227,246,20,51
227,246,20,51
227,246,20,51
227,246,20,51
227,246,20,51
228,246,20,51
228,246,20,51
228,246,20,51
228,246,20,51
228,246,20,51
229,246,20,51
229,246,20,51
229,246,20,51
229,248,20,51
229,248,20,51
229,248,20,51
229,248,20,51
229,248,20,51
231,247,20,51
231,247,20,51
231,247,20,51
231,247,20,51
231,247,20,51
231,247,20,51
231,247,20,51
232,247,20,51
232,247,20,51
232,247,20,51
232,247,20,51
232,247,20,51
232,247,20,51
232,247,20,51
232,247,20,51
233,247,20,51
233,247,20,51
233,247,20,51
233,247,20,51
233,247,20,51
233,248,21,53
233,248,21,53
233,248,21,53
233,248,21,53
233,248,21,53
233,248,21,53
233,248,21,53
233,248,21,53
233,248,21,53
233,248,21,53
233,248,21,53
233,248,21,53
233,248,21,53
233,248,21,53
233,248,21,53
233,248,21,53
237,249,21,53
237,249,21,53
237,249,21,53
237,249,21,53
237,249,21,53
237,249,21,53
237,249,21,53
237,249,21,53
239,249,21,53
239,249,21,53
239,249,21,53
239,249,21,53
239,250,21,53
239,250,21,53
239,250,21,53
239,250,21,53
241,250,21,53
241,250,21,53
241,250,21,53
241,250,21,53
243,250,21,55
243,250,21,55
243,250,21,55
243,250,21,55
245,250,21,55
245,250,21,55
245,250,21,55
245,250,21,55
248,250,21,55
248,250,21,55
248,250,21,55
248,250,21,55
250,250,21,55
250,250,21,55
250,250,21,55
250,250,21,55
250,250,21,55
251,252,21,55
251,252,21,55
251,252,21,55
251,252,21,55
251,252,21,55
252,252,21,55
252,252,21,55
252,252,21,55
252,252,21,55
256,252,21,55
256,252,21,55
256,252,21,55
256,252,21,55
256,252,21,55
258,254,21,55
258,254,21,55
258,254,21,55
258,254,21,55
260,254,21,55
260,254,21,55
260,254,21,55
260,254,21,55
260,254,21,55
260,254,21,55
261,254,21,55
261,254,21,55
261,254,21,55
261,254,21,55
262,256,21,55
262,256,21,55
262,256,21,55
262,256,21,55
262,256,21,55
262,256,21,55
262,256,21,55
262,256,21,55
265,257,21,55
265,257,21,55
265,257,21,55
265,257,21,55
265,257,21,55
265,257,21,55
265,257,21,55
268,256,21,55
268,256,21,55
268,256,21,55
268,256,21,55
268,256,21,55
268,256,21,55
268,256,21,55
268,256,21,55
269,259,21,55
269,259,21,55
269,259,21,55
269,259,21,55
269,259,21,55
269,259,21,55
271,258,21,55
271,258,21,55
271,258,21,55
271,258,21,55
271,258,21,55
271,258,21,55
271,258,21,55
274,258,21,55
274,258,21,55
274,258,21,55
276,257,21,55
276,257,21,55
276,257,21,55
278,256,20,57
278,256,20,57
278,256,20,57
278,256,20,57
278,256,20,57
278,256,20,57
278,256,20,57
279,259,20,57
279,259,20,57
279,259,20,57
279,259,20,57
279,259,20,57
279,259,20,57
279,259,20,57
279,259,20,57
280,259,20,57
280,259,20,57
280,259,20,57
280,259,20,57
282,258,20,57
282,258,20,57
282,258,20,57
282,258,20,57
284,259,20,57
284,259,20,57
284,259,20,57
284,259,20,57
284,259,20,57
284,259,20,57
284,259,20,57
284,259,20,57
284,259,20,57
286,259,20,57
286,259,20,57
286,259,20,57
286,259,20,57
286,259,20,57
286,259,20,57
286,259,20,57
285,260,20,57
285,260,20,57
285,260,20,57
285,260,20,57
285,260,20,57
285,260,20,57
283,260,18,57
283,260,18,57
283,260,18,57
283,260,18,57
283,260,18,57
283,260,18,57
283,260,18,57
283,260,18,57
283,260,18,57
283,260,18,57
280,262,18,57
280,262,18,57
280,262,18,57
280,262,18,57
280,262,18,57
280,262,18,57
280,262,18,57
280,262,18,57
280,262,18,57
280,262,18,61
280,262,18,61
280,262,18,61
279,262,22,61
279,262,22,61
279,262,22,61
279,262,22,61
280,264,22,61
280,264,22,61
280,264,22,61
280,264,22,61
280,264,22,61
280,264,22,61
283,264,22,61
283,264,22,61
285,264,22,61
285,264,22,61
285,264,22,61
285,264,22,61
285,264,22,61
287,265,22,61
287,265,22,61
287,265,22,61
287,265,22,61
287,265,22,61
287,265,22,61
288,267,22,61
288,267,22,61
288,267,22,61
288,267,22,61
288,267,22,61
288,267,22,61
286,267,22,61
286,267,22,61
286,267,22,61
286,267,22,61
286,267,22,61
286,267,22,61
286,267,22,61
286,267,22,61
286,267,22,61
286,267,22,61
286,267,22,61
286,267,22,61
286,267,22,61
286,267,22,61
285,270,22,61
285,270,22,61
285,270,22,61
285,270,22,61
285,270,22,61
285,270,22,61
285,270,22,61
285,270,22,61
285,270,22,61
285,270,22,66
285,270,22,66
285,270,22,66
285,270,22,66
285,270,22,66
285,270,22,66
283,274,22,66
283,274,22,66
283,274,22,66
283,274,22,66
283,274,22,66
283,274,22,66
283,274,22,66
283,274,22,66
283,274,22,66
283,274,22,66
283,274,22,66
283,274,22,66
283,274,22,66
283,274,22,66
283,274,22,66
279,276,22,66
279,276,22,66
279,276,22,66
279,276,22,66
279,276,22,66
279,276,22,66
279,276,22,66
279,276,22,66
279,276,22,66
279,276,22,66
279,276,22,66
279,276,22,66
279,279,22,66
279,279,22,66
279,279,22,66
279,279,22,66
279,279,22,66
279,279,22,66
277,279,22,66
277,279,22,66
277,279,22,66
277,279,22,66
277,279,22,66
277,279,22,66
277,279,22,66
277,280,22,66
277,280,22,66
277,280,22,66
277,280,22,66
277,280,22,66
277,280,22,66
277,282,22,66
277,282,22,66
277,282,22,66
277,282,22,66
277,282,22,66
277,282,22,66
279,285,23,69
279,285,23,69
282,287,23,69
282,287,23,69
282,287,23,69
282,287,23,69
283,286,23,69
283,286,23,69
283,286,23,69
287,287,23,69
287,287,23,69
287,287,23,69
287,291,23,69
287,291,23,69
287,291,23,69
290,291,23,69
290,291,23,69
290,291,23,69
294,290,23,69
294,290,23,69
294,290,23,73
294,290,23,73
294,290,23,73
294,290,23,73
294,291,23,73
294,291,23,73
294,291,23,73
294,291,23,73
294,291,23,73
296,291,23,73
296,291,23,73
296,291,23,73
299,295,23,73
299,295,23,73
299,295,23,73
303,295,23,73
303,295,23,73
303,295,23,73
308,295,23,73
308,295,23,73
311,295,23,73
311,295,23,73
316,297,23,73
316,297,23,73
318,297,23,73
318,297,23,73
318,297,23,73
318,297,27,74
318,297,27,74
319,300,27,74
319,300,27,74
326,300,27,74
326,300,27,74
330,301,27,74
330,301,27,74
330,301,27,74
334,302,27,74
334,302,27,74
334,302,27,74
334,302,27,74
337,305,27,74
337,305,27,74
337,305,27,74
342,305,27,74
342,305,27,74
342,305,27,74
342,305,27,74
342,305,27,74
342,305,27,74
346,307,27,74
346,307,27,74
346,307,27,74
350,307,27,74
350,307,27,74
350,307,27,74
353,307,28,82
353,307,28,82
353,307,28,82
353,309,28,82
353,309,28,82
354,309,28,82
354,309,28,82
354,309,28,82
356,309,28,82
356,309,28,82
356,309,28,82
359,312,28,82
359,312,28,82
363,312,28,82
363,312,28,82
363,312,28,82
363,312,28,82
365,312,28,82
365,312,28,82
368,314,28,82
368,314,28,82
373,316,28,82
380,316,28,82
385,316,28,82
385,316,28,82
385,316,28,82
389,316,28,82
389,316,28,82
389,316,28,82
392,318,28,82
392,318,28,82
395,320,28,82
395,320,28,82
395,320,28,82
398,320,28,82
398,320,28,82
401,320,28,82
401,320,28,82
405,320,28,82
405,320,28,82
405,320,28,82
410,322,28,82
410,322,28,82
415,322,28,82
415,322,28,82
418,324,28,82
418,324,28,82
418,324,28,82
421,327,28,82
421,327,28,82
421,327,28,82
421,327,28,82
424,326,28,82
424,326,28,82
424,326,28,82
429,326,28,82
429,326,28,82
433,326,28,82
433,326,28,82
433,326,28,82
433,326,28,82
437,326,28,82
437,326,28,82
437,326,28,82
437,326,28,82
444,328,28,82
444,328,28,82
444,328,28,82
446,328,28,82
446,328,28,82
446,328,28,82
446,328,28,82
448,329,28,82
448,329,28,82
448,329,28,82
452,331,28,82
452,331,28,82
452,331,28,82
455,331,28,82
455,331,28,82
455,331,28,82
455,331,28,82
464,333,28,82
464,333,28,82
464,333,28,82
467,333,28,82
467,333,28,82
467,333,28,82
467,333,28,82
472,337,28,82
472,337,28,82
475,337,28,82
475,337,28,82
482,337,28,82
482,337,28,82
486,338,28,82
486,338,28,82
486,341,28,82
486,341,28,82
489,340,28,82
489,340,28,82
490,340,28,82
490,340,28,82
495,340,28,82
495,340,28,82
498,341,28,82
498,341,28,82
501,342,28,82
501,342,28,82
504,342,28,82
503,342,30,84
505,344,30,84
508,345,30,84
513,348,30,84
513,348,30,84
506,348,39,84
509,348,39,84
509,348,39,84
512,349,38,84
517,347,38,84
517,347,38,84
520,346,35,84
525,349,33,84
525,349,33,84
529,350,33,84
529,350,33,84
534,350,33,84
534,350,33,84
539,353,33,84
539,353,33,84
540,353,33,84
543,354,33,84
543,354,33,84
543,354,33,84
543,354,33,84
549,354,33,84
549,354,33,84
554,356,33,84
554,356,33,84
557,356,33,84
557,356,33,84
559,356,33,84
563,356,33,84
563,356,33,84
568,353,33,84
571,357,33,84
571,357,33,84
575,358,33,84
575,358,33,84
577,360,33,84
577,360,33,84
581,360,33,84
584,360,33,84
