214,164,14,20
214,164,14,20
216,164,14,20
217,164,14,20
217,164,14,20
219,164,14,20
220,164,15,21
220,166,16,23
221,166,15,21
223,164,15,21
223,164,16,24
223,164,16,24
224,164,19,24
224,164,19,24
229,164,14,25
235,169,17,23
237,168,15,24
239,166,17,26
240,167,17,25
243,167,14,24
240,167,17,25
242,164,16,28
242,164,16,28
245,164,13,27
246,164,13,27
246,164,13,27
251,168,14,25
253,168,16,28
255,169,15,25
261,169,15,26
261,169,16,26
263,170,17,24
269,170,15,25
276,168,18,28
282,168,16,30
282,168,16,30
287,172,18,27
288,170,16,30
289,172,15,28
289,174,15,27
288,173,16,27
286,172,18,28
289,174,15,27
288,176,14,25
287,171,17,29
288,175,16,26
287,173,17,27
287,175,17,26
289,175,15,26
286,170,18,31
289,173,15,27
285,168,19,32
285,168,19,32
285,168,19,32
285,168,19,32
285,168,19,32
286,170,18,30
285,168,19,32
285,168,19,32
285,168,19,32
289,170,15,31
289,172,15,28
288,171,16,29
291,172,17,28
291,173,17,27
293,175,15,25
293,170,15,30
295,169,17,32
296,171,15,29
296,172,18,28
296,172,20,28
296,168,19,32
296,171,19,29
299,170,17,30
300,171,16,29
299,168,15,32
303,173,15,32
303,169,15,32
303,169,15,32
307,171,15,32
243,180,18,24
190,172,32,33
199,176,20,29
200,178,20,27
200,176,19,28
198,175,17,31
201,175,16,31
202,179,17,27
203,176,16,32
202,176,16,32
207,172,13,32
207,172,13,32
207,172,18,32
207,172,18,32
207,172,18,32
211,178,15,31
212,178,17,30
214,178,18,30
211,178,18,28
214,178,18,27
214,176,18,29
215,178,16,27
219,178,12,27
219,179,16,26
220,180,15,25
219,176,16,29
220,180,17,28
222,179,15,29
220,179,17,29
224,181,17,27
224,180,17,31
225,180,18,33
227,182,17,33
227,183,16,32
227,181,17,31
231,181,15,31
232,182,13,31
233,179,12,31
233,181,14,27
232,180,18,28
233,181,17,27
234,180,16,28
235,180,16,28
235,183,18,27
238,182,15,27
239,182,13,31
238,182,15,33
240,182,15,31
239,180,15,33
239,183,16,31
240,180,17,32
241,180,16,32
243,181,14,31
244,183,13,32
243,181,15,36
244,182,14,32
246,184,14,31
248,183,15,31
248,185,15,27
246,183,16,30
249,184,16,28
246,183,18,29
250,187,16,27
251,186,15,27
252,184,16,29
255,187,13,27
254,185,14,28
256,187,17,27
256,186,17,27
256,184,16,31
257,187,16,28
257,187,16,27
258,186,17,33
259,187,20,34
260,189,18,29
261,183,17,36
263,187,15,35
262,187,15,36
261,188,16,38
262,188,15,34
262,187,18,34
262,188,16,37
265,187,17,39
266,187,16,39
262,180,19,39
263,188,24,33
263,188,24,33
263,188,24,33
263,188,24,33
270,190,19,35
267,188,24,36
267,188,24,36
267,188,24,36
267,188,24,36
267,188,24,36
267,188,24,36
267,188,24,36
267,188,24,36
267,188,24,36
275,190,16,36
276,189,19,35
278,187,17,37
277,191,18,33
279,189,16,35
283,187,16,41
280,188,20,40
280,188,20,40
280,188,20,40
280,188,20,40
280,188,20,40
283,188,20,41
283,188,20,41
283,188,20,41
283,188,20,41
286,188,20,41
286,188,20,41
286,188,20,41
297,194,17,34
296,194,18,34
297,194,20,35
300,194,18,35
300,195,18,39
303,196,17,38
305,198,15,38
304,199,21,35
308,195,17,39
307,199,18,35
308,199,21,33
309,198,20,35
311,198,18,35
316,199,17,35
314,198,18,39
316,198,17,39
317,195,18,39
319,197,19,39
319,200,19,35
322,199,18,36
324,204,16,31
322,203,19,33
324,202,19,34
327,202,17,35
326,201,18,36
327,197,20,41
327,197,20,41
329,197,20,42
329,197,20,42
329,197,20,42
333,197,19,42
333,197,19,42
335,197,18,42
335,197,18,42
336,197,19,42
339,204,17,36
339,203,19,39
339,203,19,39
339,204,19,38
344,199,15,43
345,204,18,38
346,201,17,41
350,205,16,39
348,204,19,39
352,207,19,38
352,204,19,40
353,204,18,40
353,203,18,42
357,203,18,42
356,203,18,42
356,203,18,42
359,206,22,39
359,206,22,39
