409,141,14,22
408,141,14,22
407,141,14,22
407,141,14,22
407,141,14,22
405,139,14,22
403,135,14,22
403,141,14,22
403,141,14,22
401,141,14,22
402,141,14,22
399,141,14,22
399,136,14,22
399,136,14,22
397,136,14,22
397,136,14,22
397,136,14,22
395,136,14,25
395,136,14,25
393,138,14,25
392,138,14,25
392,140,14,25
392,136,14,25
390,136,14,25
389,137,14,25
390,137,14,25
388,137,14,25
389,138,14,25
387,138,14,25
385,138,14,25
385,138,14,25
384,136,14,25
384,138,14,25
384,138,14,25
384,136,14,25
382,136,14,25
380,138,14,25
378,138,14,25
378,140,14,25
377,140,14,25
375,140,14,25
373,142,14,25
373,140,14,25
373,140,14,25
372,140,14,25
370,140,14,25
370,142,14,25
369,140,14,25
367,144,14,25
365,144,14,25
365,143,14,25
363,143,14,25
363,142,14,25
363,142,14,25
361,142,14,25
361,142,14,25
359,144,14,25
358,144,14,25
358,144,14,25
360,146,14,25
356,146,14,25
354,144,14,25
354,146,14,25
352,143,14,25
350,143,14,25
348,146,14,25
348,146,14,25
350,151,14,25
346,142,16,33
344,142,16,33
344,146,16,33
340,147,16,33
340,147,16,33
339,146,16,33
337,148,16,33
337,147,16,33
334,149,16,33
334,149,16,33
331,149,16,33
331,148,16,33
327,150,16,33
327,150,16,33
325,150,16,33
323,152,16,33
322,152,16,33
322,150,16,33
320,152,16,33
320,154,16,33
318,154,16,33
318,153,16,33
316,152,16,33
314,152,16,33
314,152,16,33
312,156,16,33
312,154,16,33
310,156,16,33
310,156,16,33
310,154,16,33
308,158,16,33
308,156,16,33
306,156,16,33
304,157,16,33
306,157,16,33
303,159,16,33
303,159,16,33
303,159,16,33
300,159,16,33
299,159,16,33
297,159,16,33
297,159,16,33
295,160,16,33
295,160,16,33
293,159,16,33
291,161,16,33
292,160,16,33
292,160,16,33
291,160,16,33
291,160,16,33
289,160,16,33
287,162,16,33
286,160,16,33
286,162,16,33
286,162,16,33
284,162,16,33
284,162,16,33
282,164,16,33
282,165,16,33
280,165,16,33
280,165,16,33
278,164,16,33
278,164,16,33
276,164,16,33
277,166,16,33
275,166,16,33
273,168,16,33
273,166,16,33
273,168,16,33
272,168,16,33
272,168,16,33
270,168,16,33
270,170,16,33
269,167,16,33
269,167,16,33
267,168,21,41
263,168,21,41
263,170,21,41
261,170,21,41
260,170,21,41
260,170,21,41
260,170,21,41
258,170,21,41
256,172,21,41
256,172,21,41
256,172,21,41
254,172,21,41
253,172,21,41
253,172,21,41
251,172,21,41
250,174,21,41
250,172,21,41
250,174,21,41
246,176,21,41
246,176,21,41
246,174,21,41
244,176,21,41
244,176,21,41
244,176,21,41
243,176,21,41
241,176,21,41
241,176,21,41
241,178,21,41
239,180,21,41
239,178,21,41
239,179,21,41
239,179,21,41
237,179,21,41
237,179,21,41
235,179,21,41
235,181,21,41
234,180,21,41
236,180,21,41
236,180,21,41
234,180,21,41
233,180,21,41
233,180,21,41
233,180,21,41
233,180,21,41
229,184,21,41
229,184,21,41
229,184,21,41
229,184,21,41
226,187,21,41
226,187,21,41
226,187,21,41
224,186,21,41
224,186,21,41
224,186,21,41
224,186,21,41
224,186,21,41
222,186,21,41
219,186,21,41
219,186,21,41
219,186,21,41
219,186,21,41
219,186,21,41
219,186,21,41
216,193,21,41
216,193,21,41
216,193,21,41
216,193,21,41
216,193,21,41
216,193,21,41
216,193,21,41
216,193,21,41
216,193,21,41
216,194,21,41
214,196,21,41
214,196,21,41
214,196,21,41
214,196,21,41
214,196,21,41
214,196,21,41
216,198,21,41
216,198,21,41
216,198,21,41
216,198,21,41
216,198,21,41
216,198,21,41
216,198,21,41
216,198,21,41
216,200,21,41
215,200,21,41
215,200,21,41
215,200,21,41
215,200,21,41
214,204,21,41
214,204,21,41
214,204,21,41
214,204,21,41
212,207,21,41
212,207,21,41
212,207,21,41
209,207,21,41
209,207,21,41
209,207,21,41
209,207,21,41
209,207,21,41
209,207,21,41
209,207,21,41
209,207,21,41
209,207,21,41
209,209,21,41
209,209,21,41
209,209,21,41
209,209,21,41
206,210,21,41
206,210,21,41
206,210,21,41
206,210,21,41
202,209,21,41
202,209,21,41
202,209,21,41
202,209,21,41
195,211,21,41
195,211,21,41
195,211,21,41
195,211,21,41
195,211,21,41
195,211,21,41
192,213,21,41
192,215,21,41
192,213,21,41
188,217,21,41
186,219,21,41
188,219,21,41
185,217,21,41
185,217,21,41
183,221,21,41
185,217,21,41
180,219,21,41
178,221,21,41
176,221,21,41
174,223,21,41
172,223,21,41
172,223,21,41
170,225,21,41
168,225,21,41
168,225,21,41
165,225,21,41
163,227,21,41
161,227,21,41
159,229,21,41
155,227,21,41
155,229,21,41
153,229,21,41
153,229,21,41
150,231,21,41
150,229,21,41
146,231,21,41
144,233,21,41
141,232,21,41
139,234,21,41
137,234,21,41
137,234,21,41
133,235,21,41
133,233,21,41
131,235,21,41
131,235,21,41
124,238,28,50
122,238,28,50
122,238,28,50
121,238,28,50
119,238,28,50
117,242,28,50
116,241,28,50
114,243,28,50
114,243,28,50
110,245,28,50
110,247,28,50
108,245,28,50
106,242,29,65
106,242,29,65
106,242,29,65
106,242,29,65
101,244,29,65
99,246,29,65
99,246,29,65
99,244,29,65
99,244,29,65
98,246,29,65
96,246,29,65
96,246,29,65
96,249,29,65
96,249,29,65
96,249,29,65
96,249,29,65
96,249,29,65
96,249,29,65
96,249,29,65
96,249,29,65
96,249,29,65
96,249,29,65
96,249,29,65
96,249,29,65
96,249,29,65
96,249,29,65
96,253,29,65
96,253,29,65
96,253,29,65
96,253,29,65
96,253,29,65
96,253,29,65
96,253,29,65
100,255,29,65
100,257,29,65
100,257,29,65
100,257,29,65
99,256,29,65
99,256,29,65
99,256,29,65
99,256,29,65
99,256,29,65
99,256,29,65
99,256,29,65
99,256,29,65
103,260,29,65
103,260,29,65
103,260,29,65
103,260,29,65
103,260,29,65
103,260,29,65
103,260,29,65
101,262,31,57
101,260,31,57
99,262,31,57
101,262,31,57
99,262,31,57
99,262,31,57
98,263,31,57
98,263,31,57
98,263,31,57
98,263,31,57
98,263,31,57
98,263,31,57
98,263,31,57
98,263,31,57
98,263,31,57
100,263,31,57
100,263,31,57
100,265,31,57
100,263,31,57
100,265,31,57
100,265,31,57
100,265,31,57
100,263,31,57
102,263,31,57
100,263,31,57
100,265,31,57
98,263,31,57
100,263,31,57
100,263,31,57
100,265,31,57
100,263,31,57
100,263,31,57
98,263,31,57
100,265,31,57
100,265,31,57
100,265,31,57
100,263,31,57
100,265,31,57
100,265,31,57
100,265,31,57
100,265,31,57
100,265,31,57
102,265,31,57
98,265,31,57
100,265,31,57
100,265,31,57
102,263,31,57
100,265,31,57
100,263,31,57
100,265,31,57
98,265,31,57
96,263,31,57
96,263,31,57
96,263,31,57
96,263,31,57
96,263,31,57
96,263,31,57
96,263,31,57
96,263,31,57
96,263,31,57
96,263,31,57
96,263,31,57
96,263,31,57
96,263,31,57
96,263,31,57
96,263,31,57
96,263,31,57
96,263,31,57
96,263,31,57
96,263,31,57
96,263,31,57
96,263,31,57
96,263,31,57
96,263,31,57
96,263,31,57
96,263,31,57
96,263,31,57
96,263,31,57
96,263,31,57
96,263,31,57
96,263,31,57
96,263,31,57
96,263,31,57
100,265,31,57
102,265,31,57
100,265,31,57
100,265,31,57
102,265,31,57
102,265,31,57
98,265,31,57
100,265,31,57
100,265,31,57
100,265,31,57
100,265,31,57
100,265,31,57
100,265,31,57
100,265,31,57
98,265,31,57
100,265,31,57
98,265,31,57
100,265,31,57
98,263,31,57
98,265,31,57
98,263,31,57
96,263,31,57
98,269,31,57
100,269,31,57
110,273,31,57
110,275,31,57
114,274,31,57
116,274,31,57
120,275,29,46
120,273,29,46
120,273,29,46
122,273,29,46
124,275,29,46
126,277,29,46
129,277,29,46
129,277,29,46
133,277,29,46
133,277,29,46
133,277,29,46
138,279,29,46
138,279,29,46
140,279,29,46
146,280,29,46
148,280,29,46
150,280,29,46
154,282,29,46
155,281,29,46
157,283,29,46
159,282,29,46
163,282,29,46
165,284,29,46
168,285,29,46
170,285,29,46
173,287,29,46
177,287,29,46
177,287,35,62
177,287,35,62
184,288,35,62
186,290,35,62
189,288,35,62
193,288,32,91
197,288,32,91
197,290,32,91
201,293,32,91
205,293,32,91
209,295,32,91
211,295,32,91
212,296,32,91
220,296,32,91
224,298,32,91
225,299,32,91
233,301,32,91
237,301,32,91
239,303,32,91
244,303,32,91
248,303,32,91
258,305,32,91
260,307,32,91
261,307,32,91
271,309,32,91
275,309,32,91
280,309,32,91
284,311,32,91
290,313,32,91
294,314,32,91
299,314,32,91
307,317,36,55
311,317,36,55
316,318,36,55
316,321,36,55
320,322,36,55
331,324,36,55
335,324,36,55
339,325,36,55
343,328,36,55
352,328,36,55
356,328,36,55
362,332,36,55
371,334,36,55
375,334,36,55
378,333,36,55
386,336,36,55
396,339,36,55
399,339,36,55
409,341,36,55
414,342,36,55
420,345,36,55
422,343,40,76
433,348,40,76
439,349,40,76
443,351,40,76
452,355,40,76
460,357,40,101
469,359,40,101
481,363,40,97
486,363,40,97
490,366,42,86
503,368,42,86
509,371,42,86
516,374,42,86
520,374,42,86
537,378,42,82
547,383,42,77
556,384,39,75
566,386,39,74
573,387,39,73
585,392,39,68
