187,268,18,42
190,267,18,42
193,267,18,42
195,268,18,42
197,267,18,42
201,268,18,42
203,268,18,42
205,268,18,42
207,268,18,42
208,268,18,42
209,268,18,42
210,268,18,42
216,268,18,42
220,268,18,42
222,268,18,42
224,267,18,42
226,267,18,42
231,267,18,42
233,266,18,42
235,266,18,42
239,264,18,42
241,261,18,42
240,263,18,42
245,262,18,42
246,262,18,42
248,260,18,42
248,262,18,42
251,262,18,42
253,262,18,42
254,260,18,42
257,261,18,42
259,263,18,42
259,263,18,42
261,262,18,42
265,262,18,42
269,262,18,42
271,260,18,42
273,260,18,42
275,261,18,42
277,263,18,42
279,261,18,42
282,262,18,42
283,262,18,42
285,262,18,42
288,261,18,42
290,261,18,42
290,264,18,42
294,264,18,42
295,265,18,42
294,267,18,42
297,265,18,42
299,264,18,42
301,264,18,42
303,264,18,42
307,264,18,42
308,264,18,42
310,262,18,42
316,264,18,42
318,264,18,42
319,264,18,42
321,262,18,42
322,261,18,42
324,261,18,42
326,261,18,42
328,261,18,42
329,261,18,42
331,259,18,42
333,259,18,42
335,259,18,42
337,257,18,42
339,258,18,42
341,258,18,42
344,256,18,42
345,257,18,42
350,255,18,42
354,255,18,42
355,255,18,42
357,254,18,42
360,254,18,42
361,252,18,42
362,255,18,42
363,254,18,42
365,256,18,42
367,254,18,42
370,254,18,42
370,252,18,42
373,255,18,42
373,255,18,42
375,255,18,42
377,255,18,42
376,253,18,42
378,255,18,42
378,255,18,42
385,256,18,42
387,256,18,42
390,258,18,42
388,256,18,42
392,255,18,42
394,257,18,42
397,254,18,42
397,254,18,42
399,256,18,42
399,256,18,42
399,254,18,42
403,254,18,42
407,252,18,42
406,252,18,42
407,250,18,42
409,252,18,42
410,252,18,42
414,250,18,42
414,252,18,42
420,252,18,42
422,252,18,42
424,252,18,42
426,250,18,42
427,249,18,42
429,249,18,42
431,249,18,42
433,250,18,42
435,249,18,42
437,250,18,42
439,250,18,42
441,250,18,42
443,249,18,42
443,249,18,42
446,248,18,42
448,248,18,42
452,250,18,42
452,250,18,42
454,250,18,42
458,250,18,42
459,249,18,42
463,249,18,42
465,251,18,42
469,247,18,42
471,247,18,42
473,247,18,42
476,249,18,42
480,249,18,42
482,249,18,42
486,251,18,42
488,250,18,42
494,250,18,42
495,250,18,36
498,250,18,36
498,250,18,36
503,248,18,36
505,246,19,37
507,245,19,37
505,243,19,37
508,240,19,37
510,238,19,37
513,236,19,37
515,234,19,37
516,232,19,37
520,230,19,37
521,230,19,37
524,231,19,37
524,231,19,37
527,231,19,37
527,232,19,37
527,232,19,37
529,230,19,37
531,230,19,37
533,232,19,37
535,230,19,37
537,230,19,37
539,231,19,37
541,231,19,37
545,227,19,37
545,227,19,37
547,225,19,37
547,222,19,37
547,224,19,37
548,225,19,37
548,227,19,37
550,225,19,37
550,223,19,37
552,223,19,37
554,223,19,37
556,223,19,37
557,223,19,37
557,227,19,37
559,225,19,37
563,223,19,37
565,223,19,37
565,225,19,37
567,224,19,37
567,224,19,37
567,225,19,37
569,223,19,37
571,223,19,37
572,224,19,37
576,224,19,37
577,223,19,37
579,223,19,37
578,224,19,37
580,224,19,37
580,224,19,37
582,224,19,37
580,222,19,37
580,222,19,37
582,223,19,37
584,225,19,37
588,226,19,37
589,223,19,37
592,220,19,37
591,220,19,37
593,221,19,37
592,221,19,37
593,220,19,37
594,222,19,37
597,221,19,37
597,224,19,37
595,224,19,37
598,222,19,37
597,222,19,37
596,221,19,37
