573,29,15,35
572,29,15,35
572,29,15,35
572,29,15,35
572,29,15,35
571,28,15,35
571,28,15,35
571,29,15,35
571,29,15,35
571,29,15,35
571,29,15,35
571,29,15,35
571,29,15,35
571,29,15,35
571,29,15,35
571,29,15,35
570,28,15,35
570,28,15,35
570,28,15,35
570,28,15,35
569,28,15,35
569,28,15,35
569,28,15,35
569,28,15,35
569,28,15,35
569,28,15,35
569,28,15,35
569,28,15,35
569,29,15,35
569,29,15,35
569,29,15,35
569,29,15,35
569,29,15,35
569,29,15,35
569,29,15,35
569,29,15,35
569,29,15,35
569,30,15,35
569,30,15,35
569,30,15,35
569,30,15,35
569,30,15,35
569,30,15,35
569,30,15,35
569,30,15,35
569,30,15,35
569,30,15,35
569,30,15,35
569,30,15,35
569,30,15,35
569,30,15,35
569,30,15,35
569,30,15,35
569,30,15,35
569,30,15,35
569,30,15,35
569,30,15,35
569,30,15,35
569,30,15,35
569,30,15,35
569,30,15,35
569,30,15,35
569,30,15,35
569,30,15,35
569,30,15,35
567,30,15,35
567,30,15,35
567,30,15,35
567,30,15,35
567,30,15,35
567,30,15,35
567,30,15,35
567,30,15,35
567,30,15,35
567,30,15,35
567,30,15,35
567,30,15,35
567,30,15,35
565,30,16,37
565,30,16,37
565,30,16,37
565,30,16,37
565,30,16,37
563,30,16,37
563,30,16,37
563,30,16,37
563,30,16,37
561,30,16,37
561,30,16,37
561,30,16,37
561,30,16,37
561,30,16,37
561,30,16,37
561,30,16,37
559,31,16,37
559,31,16,37
559,31,16,37
559,31,16,37
559,31,16,37
559,31,16,37
559,31,16,37
559,31,16,37
558,32,16,37
558,32,16,37
558,32,16,37
558,32,16,37
556,32,16,37
556,32,16,37
553,33,16,37
553,33,16,37
553,33,16,37
551,33,16,37
553,31,16,37
553,31,16,37
553,31,16,37
553,31,16,37
551,35,16,37
552,32,16,37
550,34,16,37
550,34,16,37
552,32,16,37
550,34,16,37
550,34,16,37
549,32,16,37
549,32,16,37
549,32,16,37
545,32,16,37
543,33,16,37
545,33,16,37
544,33,16,37
544,33,16,37
544,33,16,37
544,33,16,37
544,33,16,37
544,33,16,37
542,33,16,37
542,33,16,37
542,33,16,37
541,33,16,37
541,33,16,37
541,33,16,37
541,33,16,37
541,33,16,37
539,33,16,37
539,33,16,37
539,33,16,37
539,33,16,37
535,37,16,37
534,35,16,37
534,35,16,37
534,33,16,37
534,33,19,39
534,33,19,39
534,33,19,39
532,33,19,39
532,33,19,39
532,33,19,39
532,33,19,39
532,33,19,39
532,33,19,39
528,35,19,39
528,37,19,39
528,37,19,39
528,35,19,39
528,37,19,39
528,35,19,39
527,35,19,39
528,35,19,39
527,35,16,39
527,35,16,39
527,35,16,39
527,35,16,39
527,36,16,39
527,36,16,39
527,36,16,39
525,34,16,39
525,34,16,39
525,34,16,39
525,34,16,39
525,34,16,39
525,34,16,39
525,34,16,39
523,36,16,39
523,36,16,39
520,35,16,39
520,35,16,39
520,35,16,39
520,35,16,39
518,35,16,39
520,35,16,39
518,35,16,39
520,35,16,39
520,35,16,39
520,35,16,39
520,35,16,39
519,37,16,39
519,39,16,39
519,37,16,39
517,37,16,39
517,37,16,39
515,37,16,39
515,37,16,39
513,38,16,39
513,38,16,39
513,38,16,39
513,38,16,39
513,38,16,39
513,38,16,39
511,38,16,39
511,38,16,39
511,38,16,39
511,38,16,39
511,38,16,39
509,38,16,39
508,39,16,39
508,39,16,39
508,39,16,39
508,37,16,41
508,37,16,41
508,37,16,41
508,37,16,41
508,37,16,41
508,37,16,41
508,37,16,41
508,37,16,41
508,37,16,41
508,37,16,41
507,37,16,41
507,37,16,41
507,37,16,41
507,37,16,41
507,37,16,41
507,37,16,41
507,39,16,41
507,39,16,41
507,39,16,41
507,39,16,41
504,37,16,41
504,37,16,41
504,37,16,41
504,37,16,41
504,37,16,41
504,37,16,41
504,39,16,41
504,39,16,41
504,39,16,41
504,39,16,41
504,39,16,41
504,39,16,41
501,41,16,41
501,41,16,41
501,41,16,41
501,41,16,41
499,41,19,43
499,41,19,43
499,41,19,43
499,41,19,43
499,41,19,43
499,41,19,43
499,41,19,43
497,41,19,43
496,41,19,43
496,41,19,43
496,41,19,43
496,41,19,43
496,41,19,43
495,44,19,43
495,42,19,43
493,42,19,43
493,42,19,43
493,42,19,43
493,42,19,43
491,42,19,43
491,42,19,43
489,42,19,43
491,42,19,43
491,42,19,43
489,41,19,43
489,41,19,43
489,41,19,43
489,41,19,43
489,41,19,43
489,41,19,43
489,41,19,43
487,41,19,43
487,41,19,43
487,41,19,43
485,41,19,45
485,41,19,45
485,41,19,45
485,41,19,45
485,41,19,45
483,41,19,45
485,41,19,45
483,41,19,45
485,41,19,45
485,43,19,45
483,41,19,45
485,43,19,45
483,42,19,45
483,42,19,45
483,42,19,45
483,42,19,45
483,44,19,45
483,44,19,45
483,42,19,45
483,44,19,45
481,44,19,45
481,44,19,45
481,44,19,45
481,44,19,45
481,44,19,45
481,44,19,45
479,44,19,45
478,44,19,45
478,42,19,45
480,44,19,45
480,44,19,45
480,44,19,45
480,44,19,45
479,45,19,45
479,45,19,45
479,45,19,45
479,45,19,45
479,45,19,45
479,45,19,45
479,45,19,45
479,45,19,45
479,45,19,45
479,45,19,45
473,45,19,45
475,45,19,45
475,45,19,45
473,45,19,45
473,45,19,45
472,46,19,45
472,46,19,45
472,46,19,45
472,46,19,45
472,46,19,45
472,46,19,45
472,46,19,45
472,48,19,45
472,46,19,45
472,48,19,45
472,48,19,45
472,48,19,45
472,48,19,45
472,48,19,45
472,48,19,45
472,48,19,45
470,48,19,45
470,48,19,45
470,48,19,45
470,48,19,45
470,48,19,45
470,48,19,45
470,48,19,45
470,48,19,45
470,48,19,45
470,48,19,45
470,48,19,45
470,48,19,45
470,48,19,45
470,48,19,45
470,48,19,45
470,48,19,45
470,48,19,45
469,48,19,47
469,48,19,47
469,48,19,47
469,48,19,47
469,48,19,47
469,48,19,47
469,48,19,47
469,48,19,47
469,48,19,47
469,48,19,47
469,48,19,47
466,47,19,47
466,49,19,47
466,47,19,47
466,47,19,47
466,49,19,47
466,49,19,47
466,49,19,47
466,49,19,47
466,47,19,47
463,48,19,47
463,48,19,47
463,50,19,47
463,50,19,47
463,50,19,47
463,50,19,47
463,50,19,47
463,51,19,47
463,51,19,47
463,51,19,47
463,51,19,47
461,52,19,47
461,52,19,47
461,52,19,47
461,52,19,47
461,52,19,47
461,50,19,47
461,50,19,47
461,50,19,47
461,50,19,47
461,50,19,47
461,50,19,47
461,50,19,47
461,52,19,47
459,51,19,48
459,51,19,48
459,53,19,48
459,53,19,48
459,53,19,48
459,53,19,48
456,53,20,48
456,53,20,48
456,53,20,48
456,53,20,48
456,53,20,48
456,53,20,48
453,54,22,49
453,52,22,49
453,54,22,49
453,54,22,49
453,52,22,49
453,54,22,49
453,54,22,49
450,54,22,49
450,54,22,49
450,52,22,49
450,54,22,49
450,52,22,49
450,54,22,49
447,55,22,49
447,53,22,49
447,53,22,49
447,53,22,49
447,53,22,49
447,53,22,49
447,53,22,49
444,54,22,49
444,54,22,49
444,54,22,49
444,54,22,49
444,54,22,49
444,54,22,49
444,54,22,49
444,54,22,49
444,54,22,49
444,54,22,49
444,54,22,49
444,56,22,49
440,56,22,49
440,54,22,49
440,54,22,49
440,54,22,49
440,56,22,49
440,56,22,49
440,54,22,49
440,56,22,49
436,57,22,49
436,57,22,49
436,57,22,49
436,57,22,49
436,57,22,49
436,57,22,49
430,59,22,49
429,58,22,49
429,58,22,49
427,60,22,49
427,60,22,49
427,58,22,49
425,58,22,49
425,58,22,49
425,58,22,49
426,59,22,49
426,61,22,49
423,59,22,49
422,60,22,49
422,58,22,49
420,60,22,49
420,60,22,49
418,60,22,49
417,61,20,48
417,61,20,48
417,61,20,48
417,61,20,48
417,59,20,48
414,61,20,48
414,61,20,48
414,61,20,48
414,61,20,48
414,61,20,48
414,61,20,48
410,61,20,48
412,61,20,48
410,61,20,48
410,59,20,48
410,59,20,48
408,59,20,48
408,61,20,48
407,61,20,48
405,61,20,48
407,61,20,48
405,63,20,48
403,63,20,48
403,62,20,48
405,60,20,48
403,62,20,48
402,60,20,48
402,62,20,48
399,62,20,48
401,62,20,48
399,62,20,48
401,63,20,48
399,63,20,48
399,63,20,48
399,63,20,48
397,63,20,48
397,63,20,48
397,63,20,48
395,63,20,48
395,64,20,48
395,64,20,48
395,66,20,48
393,64,20,48
393,64,20,48
391,64,20,48
391,64,20,48
391,62,20,48
391,62,20,48
389,64,20,48
391,64,20,48
391,64,20,48
387,64,20,48
387,64,20,48
387,64,20,48
385,64,20,48
387,64,20,48
384,65,20,49
382,65,20,49
382,65,20,49
380,67,20,49
382,65,20,49
378,65,20,49
382,65,20,49
376,66,20,49
374,66,20,49
374,66,20,49
372,66,20,49
372,66,20,49
372,66,20,49
368,66,20,49
370,66,20,49
368,68,20,49
367,67,20,49
367,67,20,49
363,67,20,49
363,67,20,49
363,67,20,51
361,67,20,51
359,67,20,51
359,67,20,51
359,67,20,51
355,69,21,53
355,69,21,53
351,69,21,53
349,69,21,53
347,69,21,53
347,71,21,53
345,71,21,53
343,71,21,53
340,72,21,53
338,69,21,53
338,71,21,53
336,71,21,53
333,70,21,53
331,70,21,53
330,71,21,53
328,71,21,53
326,73,21,53
324,71,21,53
323,71,21,53
321,73,21,53
319,71,21,53
317,73,21,53
315,73,21,53
312,72,21,53
312,72,21,53
311,74,21,53
311,72,21,53
306,72,21,53
306,72,21,53
304,73,21,53
302,73,21,53
298,74,21,53
296,74,21,53
294,73,21,53
294,75,21,53
290,73,21,53
288,73,21,53
288,73,21,53
286,72,21,53
284,74,21,53
281,75,21,53
281,75,21,53
281,75,21,53
277,75,21,53
277,74,21,53
275,74,21,53
273,74,21,53
271,72,21,53
269,72,21,53
267,72,21,53
268,73,21,53
266,75,21,53
262,74,21,53
262,74,21,53
259,73,21,53
259,73,21,53
256,71,21,53
256,71,21,53
254,73,21,53
252,73,21,53
252,73,21,53
250,73,21,53
246,71,21,53
248,73,21,53
250,71,21,53
248,71,21,53
246,71,21,53
246,73,21,53
244,73,21,53
242,73,21,53
240,73,21,53
240,73,21,53
238,73,21,53
235,73,21,53
235,75,21,53
235,73,21,53
233,71,21,53
234,71,21,53
234,73,21,53
232,73,21,53
234,71,21,53
232,75,21,53
232,73,23,56
232,73,23,56
232,71,23,56
232,73,23,56
232,75,23,56
234,73,23,56
234,73,23,56
234,73,23,56
234,73,23,56
234,73,23,56
234,71,23,56
234,71,23,56
234,73,23,56
234,74,23,56
234,74,23,56
234,74,23,56
234,76,23,56
234,74,23,56
234,76,23,56
238,76,23,56
238,74,23,56
238,74,23,56
238,74,23,56
238,76,23,56
241,75,23,56
241,75,23,56
241,75,23,56
243,76,23,56
243,74,23,56
243,74,23,56
243,76,23,56
243,76,23,56
243,78,23,56
249,78,23,56
249,78,23,56
249,78,23,56
249,78,23,56
249,78,23,56
249,78,23,56
249,78,23,56
250,80,23,56
250,76,23,56
250,78,23,56
250,80,23,56
250,78,23,56
252,80,23,56
252,80,23,56
254,81,23,56
253,79,23,56
253,81,23,56
256,80,23,56
256,80,23,56
256,80,23,56
256,80,23,56
256,80,23,56
256,80,23,56
256,80,23,56
256,80,23,56
256,80,23,56
256,80,23,56
256,80,23,56
254,80,24,63
254,78,24,63
254,78,24,63
254,80,24,63
254,80,24,63
254,78,24,63
254,80,24,63
254,80,24,63
254,82,24,63
254,80,24,63
254,80,24,63
252,82,24,63
252,80,24,63
252,82,24,63
252,80,24,63
252,80,24,63
252,80,24,63
249,80,24,63
249,80,24,63
249,80,24,63
249,80,24,63
249,80,24,63
249,82,24,63
249,82,24,63
247,82,24,63
247,82,24,63
247,82,24,63
247,82,24,63
247,80,24,63
247,82,24,63
247,80,24,63
244,83,24,63
244,83,24,63
244,83,24,63
240,85,24,63
242,81,24,63
242,81,24,63
242,83,24,63
242,81,24,63
240,83,24,63
242,83,24,63
239,82,24,63
241,82,24,63
241,86,24,63
241,84,24,63
241,84,24,63
241,84,24,63
241,84,24,63
239,84,24,63
239,84,24,63
239,84,24,63
239,84,24,63
239,84,24,63
235,84,24,63
235,86,24,63
235,86,24,63
235,86,24,63
235,84,24,63
232,86,24,63
232,84,24,63
232,86,24,63
232,86,24,63
232,86,24,63
232,86,24,63
232,86,24,63
232,88,24,63
232,88,24,63
232,86,24,63
230,88,24,63
230,86,24,63
230,86,24,63
230,88,24,63
230,88,24,63
230,88,24,63
230,88,24,63
230,88,24,63
230,88,24,63
230,86,24,63
230,86,24,63
230,88,24,63
230,88,24,63
228,88,25,63
228,86,25,63
228,88,25,63
228,88,25,63
228,88,25,63
228,88,26,66
228,90,26,66
228,88,26,66
228,88,26,66
228,88,26,66
228,86,26,66
228,88,26,66
228,88,26,66
228,90,26,66
228,90,26,66
228,88,26,66
228,90,26,66
228,90,26,66
228,88,26,66
228,88,26,66
228,88,26,66
228,88,26,66
228,90,26,66
228,88,26,66
228,90,26,66
228,90,26,66
228,90,26,66
228,90,26,66
228,90,26,66
228,88,26,66
228,88,26,66
228,90,26,66
228,92,26,66
228,92,26,66
228,90,26,66
228,92,26,66
228,92,26,66
228,92,26,66
228,92,26,66
228,90,26,66
222,90,26,66
222,92,26,66
222,92,26,66
222,94,26,66
222,94,26,66
222,94,26,66
222,92,26,66
222,94,26,66
222,94,26,66
222,94,26,66
222,92,26,66
222,94,26,66
218,93,26,66
218,93,26,66
218,95,26,66
218,93,26,66
218,95,26,66
218,95,26,66
218,95,26,66
218,97,26,66
218,95,26,66
215,95,26,66
215,95,26,66
215,95,26,66
215,95,26,66
215,95,26,66
215,95,26,66
215,97,26,66
213,97,26,66
208,95,26,66
210,97,26,66
210,97,26,66
210,97,26,66
210,99,26,66
208,99,26,66
206,97,26,66
206,97,26,67
206,97,26,67
204,99,26,67
204,99,26,67
202,98,26,67
202,98,26,67
202,96,26,67
202,96,26,67
202,96,26,67
199,96,26,67
199,98,26,67
199,98,26,67
199,98,26,67
199,98,26,67
199,98,26,67
199,100,26,67
197,98,26,67
197,98,26,67
197,98,26,67
197,98,26,67
197,100,26,67
197,98,26,67
195,99,26,67
195,97,26,67
195,99,26,67
195,99,26,67
195,101,26,67
193,99,26,67
193,101,26,67
193,101,26,67
193,99,26,67
193,99,26,67
193,99,26,67
193,99,26,67
193,99,26,67
193,99,26,67
193,99,26,67
193,101,26,67
193,99,26,67
193,101,26,67
193,99,26,67
193,99,26,67
189,102,26,67
189,102,26,67
189,108,26,67
189,102,26,67
189,104,26,67
189,102,26,67
189,104,26,67
189,106,26,67
189,106,26,67
184,106,26,67
182,104,26,67
180,107,26,67
180,107,26,67
180,109,26,67
180,105,26,67
180,105,26,67
180,105,26,67
178,107,26,67
176,111,26,67
176,107,26,67
174,105,26,67
174,107,26,67
174,107,26,67
174,109,26,67
174,105,26,67
172,109,26,67
170,109,26,67
170,107,26,67
166,104,27,69
166,106,27,69
166,106,27,69
166,106,27,69
168,106,27,69
159,106,32,71
161,106,32,71
159,106,32,71
159,106,32,71
157,106,32,71
157,108,32,71
154,105,32,71
155,107,32,71
152,107,32,71
152,107,32,71
150,108,32,71
150,110,32,71
150,108,32,71
150,110,32,71
145,110,32,71
143,110,32,71
145,110,32,71
145,110,32,71
145,110,32,71
145,110,32,71
145,110,32,71
145,110,32,71
145,112,32,71
145,112,32,71
145,112,32,71
143,113,32,71
143,111,32,71
143,111,32,71
143,111,32,71
143,113,32,71
143,113,32,71
143,113,32,71
143,113,32,71
143,113,32,71
143,113,32,71
143,113,32,71
143,113,32,71
143,113,32,71
143,113,32,71
143,113,32,71
143,113,32,71
143,115,32,71
143,117,32,71
145,115,31,74
145,117,31,74
145,115,31,74
145,113,31,74
145,115,31,74
145,113,31,74
145,113,31,74
145,115,31,74
145,115,31,74
149,117,31,74
149,117,31,74
149,117,31,74
149,115,31,74
149,115,31,74
149,115,31,74
150,116,31,74
150,116,31,74
150,116,31,74
150,116,31,74
150,118,31,74
150,118,31,74
150,116,31,74
150,120,31,74
150,116,31,74
150,118,31,74
152,120,31,74
152,118,31,74
152,120,31,74
152,120,31,74
157,119,31,74
157,119,31,74
157,121,31,74
157,123,31,74
157,121,31,74
157,121,31,74
157,121,31,74
157,121,31,74
157,121,31,74
157,121,31,74
157,121,31,74
157,121,31,74
157,121,31,74
157,121,31,74
157,121,31,74
157,121,31,74
157,121,31,74
157,121,31,74
157,123,31,74
157,123,31,74
157,123,31,74
157,121,31,74
157,123,31,74
157,123,31,74
157,123,31,74
157,121,31,74
157,123,31,74
157,123,31,74
157,123,31,74
157,123,31,74
157,123,31,74
157,123,31,74
157,123,31,74
157,123,31,74
157,123,31,74
157,123,31,74
163,125,31,74
163,125,31,74
163,125,31,74
163,123,31,74
163,125,31,74
163,123,31,74
163,123,31,74
163,123,31,74
163,125,31,74
163,123,31,74
165,127,31,74
171,126,31,74
171,128,31,74
171,128,31,74
171,126,31,74
171,128,31,74
171,126,31,74
171,126,31,74
171,128,31,74
171,128,31,74
171,128,31,74
171,128,31,74
171,130,31,74
176,130,31,74
176,132,31,74
176,130,31,74
176,128,31,74
176,130,31,74
176,130,31,74
176,130,31,74
176,130,31,74
176,132,31,74
176,132,31,74
176,137,31,74
176,137,31,74
176,135,31,74
176,133,31,74
176,133,31,74
176,131,31,74
176,127,31,74
176,131,31,74
176,131,31,74
176,131,31,74
176,133,31,74
176,135,31,74
176,133,31,74
176,131,31,74
176,131,31,74
176,129,31,74
176,129,31,74
176,129,31,74
176,129,31,74
176,129,31,74
176,129,31,74
180,129,31,74
180,131,31,74
180,131,31,74
180,129,31,74
180,129,31,74
180,129,31,74
180,129,31,74
180,129,31,74
182,129,31,74
182,131,31,74
182,129,31,74
182,131,31,74
184,129,31,74
186,132,31,74
186,130,31,74
186,130,31,74
186,130,31,74
186,130,31,74
186,130,31,74
190,132,31,79
190,132,31,79
190,132,31,79
190,132,31,79
190,132,31,79
190,132,31,79
190,132,31,79
190,132,31,79
190,132,31,79
194,134,31,79
192,136,31,79
192,136,31,79
195,138,31,79
193,138,31,79
195,136,31,79
193,138,31,79
195,138,31,79
196,136,31,79
196,138,31,79
194,138,31,79
194,138,31,79
196,138,31,79
192,140,31,79
194,140,31,79
194,140,31,79
192,140,31,79
192,140,31,79
192,140,31,79
194,141,31,79
194,139,31,79
194,139,31,79
194,139,31,79
194,139,31,79
194,139,31,79
194,139,31,79
194,139,34,82
194,139,34,82
194,139,34,82
194,139,34,82
194,139,34,82
194,139,34,82
194,139,34,82
194,139,34,82
194,141,34,82
194,147,34,82
194,147,34,82
194,147,34,82
194,149,34,82
194,147,34,82
194,149,34,82
194,149,34,82
194,149,34,82
194,147,34,82
194,149,34,82
194,149,34,82
198,153,34,82
198,149,34,82
198,149,34,82
198,149,34,82
198,151,34,82
198,149,34,82
198,151,34,82
198,151,34,82
198,151,34,82
198,151,34,82
198,151,34,82
201,152,34,86
201,154,34,86
201,154,34,86
201,152,34,86
201,152,34,86
201,154,34,86
201,152,34,86
201,152,34,86
201,154,34,86
201,154,34,86
201,152,34,86
202,155,34,86
202,155,34,86
202,157,34,86
202,155,34,86
202,157,34,86
202,157,34,86
202,159,34,86
202,159,34,86
202,159,34,86
202,157,34,86
202,157,34,86
202,160,34,86
202,158,34,86
202,160,34,86
202,158,34,86
202,160,34,86
202,162,34,86
202,160,34,86
202,162,34,86
202,160,34,86
202,158,34,86
202,160,34,86
202,160,34,86
202,160,34,86
204,159,34,86
204,161,34,86
204,165,34,86
204,165,34,86
204,167,34,86
204,169,34,86
204,171,34,86
204,175,34,86
202,171,34,86
202,173,34,86
202,171,34,86
201,171,34,86
199,171,34,86
199,173,34,86
199,173,34,86
199,175,34,86
199,175,34,86
199,177,34,86
198,177,34,89
198,175,34,89
198,177,34,89
198,175,34,89
198,173,34,89
198,175,34,89
198,177,34,89
198,177,34,89
198,179,34,89
198,177,34,89
198,180,34,89
198,176,34,89
198,178,34,89
198,178,34,89
198,178,34,89
198,180,34,89
198,180,34,89
198,180,34,89
198,180,34,89
198,182,34,89
197,179,34,95
197,183,34,95
197,179,34,95
197,181,34,95
197,181,34,95
197,181,34,95
197,183,34,95
197,183,34,95
199,185,34,95
199,185,34,95
199,185,34,95
199,187,34,95
199,183,34,95
199,183,34,95
201,177,34,95
201,175,34,95
201,179,34,95
201,181,34,95
201,181,34,95
203,179,34,95
203,179,34,95
201,177,34,95
204,180,34,95
204,178,34,95
204,178,34,95
204,178,34,95
204,180,34,95
210,180,34,95
208,182,34,95
208,182,34,95
209,184,34,95
209,182,34,95
209,182,34,95
209,184,34,95
209,182,34,95
209,182,34,95
209,182,34,95
209,182,34,95
209,182,34,95
209,184,34,95
207,184,36,100
207,184,36,100
207,184,36,100
207,184,36,100
208,185,36,100
208,183,36,100
208,181,36,100
208,181,36,100
208,185,36,100
208,187,36,100
208,187,36,100
208,189,36,100
208,191,36,100
208,191,36,100
208,189,36,100
208,187,36,100
208,189,36,100
208,189,36,100
208,191,36,100
210,191,36,100
210,193,36,100
215,194,36,100
217,194,36,100
217,196,36,100
217,194,36,100
219,194,36,100
218,194,38,101
220,194,38,101
218,194,38,101
220,194,38,101
220,196,38,101
219,198,38,101
219,200,38,101
220,202,38,101
219,200,38,101
226,200,38,101
222,199,38,101
222,199,38,101
228,201,38,101
224,203,38,101
228,203,38,101
227,206,38,101
227,206,38,101
227,206,38,101
233,206,38,101
232,209,38,101
232,209,38,101
232,205,38,101
232,207,38,101
236,205,38,101
234,209,38,101
234,209,38,101
238,211,38,101
238,213,38,101
238,214,38,101
240,212,38,101
240,214,38,101
240,214,38,101
238,216,38,101
240,216,38,101
243,218,41,107
239,218,41,107
241,218,41,107
241,218,41,107
241,220,41,107
241,218,41,107
241,218,41,107
241,218,41,107
241,220,41,107
241,222,41,107
241,222,41,107
241,224,41,107
241,224,41,107
242,223,41,107
242,223,41,107
242,225,41,107
242,233,41,107
242,227,41,107
242,227,41,107
242,229,41,107
242,229,41,107
243,230,41,107
243,230,41,107
243,230,41,107
243,230,41,107
243,230,41,107
243,232,41,107
243,230,41,107
243,232,41,107
245,236,41,107
243,232,41,107
245,235,41,107
245,235,41,107
245,235,41,107
245,235,41,107
245,233,41,107
245,236,43,115
245,236,43,115
245,236,43,115
245,238,43,115
245,240,43,115
249,238,43,115
247,238,43,115
250,242,43,115
250,240,43,115
250,240,43,115
250,240,43,115
250,242,43,115
250,244,43,115
250,246,43,115
252,248,43,115
252,246,43,115
254,248,43,115
253,251,43,115
253,249,43,115
253,249,43,115
253,249,43,115
253,249,43,115
253,251,43,115
253,253,43,115
254,255,43,115
254,253,43,115
254,253,43,115
254,253,43,115
260,255,43,115
260,257,43,115
258,255,43,115
260,257,43,115
260,257,43,115
258,260,46,119
260,260,46,119
258,258,46,119
258,262,46,119
256,262,46,119
256,260,46,119
258,260,46,119
260,260,46,119
260,260,46,119
260,264,46,119
260,266,46,119
261,267,46,119
263,267,46,119
263,267,46,119
263,267,46,119
263,268,46,119
263,268,46,119
263,268,46,119
265,268,46,119
265,270,46,119
263,274,46,119
265,274,46,119
265,277,46,119
265,277,46,119
265,275,46,119
265,275,46,119
267,275,46,119
269,275,46,119
269,275,46,119
271,277,46,119
272,280,46,119
272,280,46,119
274,280,46,119
274,280,46,119
278,283,46,119
276,283,46,119
278,283,46,119
278,283,46,119
280,283,46,119
282,287,46,119
284,287,46,119
282,287,46,119
282,287,46,119
288,292,46,119
286,292,46,119
284,292,46,119
282,292,46,119
286,292,46,119
288,292,46,119
290,292,46,119
290,292,46,119
292,297,46,119
296,297,46,119
294,297,46,119
297,302,46,119
299,302,46,119
299,302,46,119
299,302,46,119
303,302,46,119
305,306,46,119
305,306,46,119
305,306,46,119
307,306,46,119
305,306,46,119
307,306,46,119
307,312,49,120
309,312,49,120
311,312,49,120
311,312,49,120
311,312,49,120
313,312,49,120
313,312,49,120
317,313,49,120
317,313,49,120
319,313,49,120
317,313,49,120
321,316,49,120
323,316,49,120
323,316,49,120
323,316,49,120
329,322,49,120
327,322,49,120
329,322,49,120
327,322,49,120
330,325,49,120
330,325,49,120
332,325,49,120
332,329,49,116
335,329,49,116
335,329,49,116
339,329,49,116
337,329,49,116
340,332,49,116
342,332,49,116
340,332,49,116
347,336,49,112
347,336,49,112
