545,312,16,50
548,312,16,50
548,312,16,50
550,312,16,50
550,312,16,50
555,315,16,50
555,315,16,50
555,315,16,50
464,315,16,50
464,315,16,50
464,315,16,50
464,315,16,50
467,315,16,50
467,315,16,50
472,316,16,50
472,316,16,50
472,316,16,50
475,317,16,50
380,316,16,50
380,316,16,50
380,316,16,50
382,316,16,50
384,318,16,50
385,318,16,50
385,321,16,50
385,321,16,50
385,321,16,50
385,321,16,50
385,321,16,50
385,321,16,50
385,321,16,50
291,320,16,50
291,323,16,50
291,323,16,50
291,323,16,50
291,323,16,50
288,323,16,50
288,323,16,50
286,324,16,50
286,324,16,50
286,324,16,50
286,324,16,50
283,327,16,50
283,327,16,50
280,326,16,50
280,326,16,50
280,326,16,50
280,326,16,50
280,328,16,50
280,328,16,50
278,329,16,50
278,329,16,50
275,328,16,50
275,328,18,55
275,328,18,55
275,328,18,55
273,330,18,55
269,332,18,55
269,332,18,55
269,334,18,55
269,334,18,55
269,334,18,55
269,336,18,55
269,336,18,55
266,336,18,55
266,336,18,55
265,336,18,55
265,336,18,55
265,339,18,55
262,339,18,55
262,339,18,55
260,340,18,55
259,279,18,55
258,272,18,55
262,273,18,55
260,271,18,55
260,271,18,55
260,271,18,55
260,271,18,55
260,271,18,55
256,272,18,55
256,272,18,55
256,272,18,55
256,272,18,55
256,272,18,55
254,274,18,55
254,274,18,55
252,274,18,55
252,274,18,55
252,274,18,55
252,275,18,55
252,275,18,55
253,277,18,55
253,277,18,55
253,277,18,55
250,279,18,55
250,279,18,55
250,279,18,55
251,279,18,55
251,279,18,55
252,280,18,55
252,282,18,55
250,282,20,55
248,282,20,55
248,283,20,55
252,283,20,55
252,283,20,55
252,283,20,55
251,286,20,55
251,286,20,55
252,287,20,55
252,287,20,55
254,287,20,55
254,287,20,55
254,287,20,55
253,290,22,56
253,290,22,56
251,289,22,56
254,291,22,56
254,291,22,56
257,294,22,56
257,294,22,56
253,294,22,56
253,294,22,56
253,295,22,56
253,295,22,56
253,295,22,56
257,295,22,56
254,298,24,67
254,298,24,67
254,299,24,67
254,299,24,67
256,299,24,67
256,299,24,67
256,299,24,67
256,299,24,67
258,301,24,69
258,301,24,69
258,301,24,69
258,303,24,69
260,303,24,69
260,303,24,69
263,303,24,69
263,303,24,69
263,306,24,69
263,306,24,69
263,306,24,69
263,306,24,69
266,307,24,69
266,307,24,69
267,309,24,69
267,309,24,69
267,313,24,69
267,313,24,69
267,313,24,69
267,313,24,69
267,313,24,69
267,313,24,69
267,313,24,69
267,313,24,69
267,313,24,69
267,313,24,69
267,313,24,69
271,316,24,69
271,316,24,69
271,316,24,69
271,316,24,69
276,319,24,70
277,323,24,70
277,323,25,78
277,323,25,78
277,323,25,78
277,323,25,78
277,323,25,78
278,326,25,78
278,326,25,78
278,326,25,78
278,326,25,78
278,326,25,78
276,328,25,78
276,328,25,78
276,328,25,78
276,328,25,78
276,328,25,78
276,328,25,78
276,332,25,78
276,332,25,78
276,332,25,78
275,332,25,78
275,336,25,78
275,336,25,78
270,336,25,78
270,336,25,78
270,337,28,86
270,337,28,86
270,337,28,86
270,337,28,86
270,344,28,86
270,344,28,86
267,345,28,86
267,345,28,86
267,345,28,86
267,345,28,86
267,345,28,86
269,346,28,86
269,346,28,86
269,346,28,86
267,351,28,86
267,351,28,86
263,351,28,86
263,351,28,86
263,351,28,86
263,351,28,86
263,354,28,86
263,354,28,86
263,354,28,86
263,354,28,86
263,354,28,86
263,357,28,86
263,357,28,86
263,357,28,86
263,357,28,86
263,357,28,86
263,360,30,93
263,360,30,93
263,360,30,93
263,365,30,93
263,365,30,93
262,365,28,93
