330,182,25,78
328,182,25,78
330,182,25,78
328,183,24,78
325,183,27,78
325,183,27,78
325,183,27,78
325,183,27,78
325,184,27,78
325,184,27,78
325,184,27,78
325,184,27,78
325,184,27,78
325,184,27,78
325,184,27,78
325,184,27,78
325,184,27,78
325,184,27,78
325,186,27,78
325,186,27,78
325,186,27,78
325,186,27,78
325,186,27,78
325,186,27,78
329,188,27,78
329,186,27,78
329,186,29,80
330,186,29,80
328,188,29,80
329,188,28,80
330,188,27,80
331,188,27,80
331,188,27,80
331,188,27,80
331,188,27,80
333,189,29,80
333,189,29,80
333,189,29,80
333,191,29,78
333,191,29,78
333,191,29,78
333,191,29,82
333,191,29,82
335,191,29,82
335,193,29,80
337,192,29,80
339,195,31,80
341,195,31,80
345,195,32,81
347,196,32,81
350,197,32,81
354,195,32,81
354,195,31,82
356,196,29,81
357,197,29,81
359,198,29,78
360,198,31,80
360,198,31,80
363,201,28,82
365,201,28,82
369,200,25,81
371,200,25,81
369,199,30,81
369,199,30,81
369,198,30,81
371,198,30,81
373,200,30,81
375,200,30,81
377,200,30,81
377,202,30,81
379,202,30,81
380,201,30,81
381,203,30,81
382,201,30,83
382,201,30,83
384,201,30,83
382,201,30,83
384,201,30,83
384,201,30,83
384,205,30,83
382,205,30,86
382,205,30,86
382,205,30,86
382,205,30,86
382,205,30,86
386,205,30,86
386,205,30,86
388,205,30,86
389,206,30,86
391,206,30,86
393,208,30,86
393,209,30,86
393,209,30,86
395,209,30,86
396,209,30,86
397,209,30,86
397,209,30,86
398,211,30,86
396,211,30,86
399,211,30,86
399,211,30,86
399,211,30,86
401,211,30,86
401,211,30,86
401,211,30,86
403,211,30,86
405,211,30,86
406,211,30,86
408,213,30,86
410,213,30,86
412,213,30,86
413,210,30,90
413,214,30,86
413,212,30,88
415,211,30,90
413,214,30,88
415,216,30,86
418,216,30,86
418,214,30,86
418,215,30,88
418,215,30,88
418,215,30,88
420,218,30,88
420,216,30,88
420,218,30,88
418,218,30,88
418,217,30,88
418,217,30,88
418,217,30,88
422,217,30,88
422,217,30,88
422,217,33,92
422,221,36,89
426,221,27,89
426,221,27,89
428,221,27,89
427,221,27,89
428,221,27,89
428,221,27,89
429,222,27,89
429,222,27,89
429,222,27,89
432,222,27,89
430,222,27,89
430,222,27,89
432,222,27,89
432,222,27,89
432,222,27,89
432,222,29,90
435,222,29,90
437,224,32,90
439,224,32,90
438,224,33,91
446,227,33,91
446,227,33,91
448,227,33,91
448,227,33,91
450,234,25,88
450,234,25,88
452,234,25,88
452,234,25,88
452,234,25,88
452,234,25,88
452,234,25,88
449,234,29,88
449,234,29,88
447,235,29,88
447,235,29,88
445,236,29,88
443,237,29,88
439,237,29,88
436,238,29,88
436,238,29,88
435,238,29,88
433,230,29,94
431,230,29,96
430,232,29,94
425,234,33,91
423,234,33,91
421,234,33,91
419,232,33,94
418,233,30,94
415,233,30,94
415,233,30,94
415,233,30,94
412,233,30,94
411,234,30,94
411,234,30,94
409,234,30,94
409,234,30,94
407,235,30,94
411,235,30,94
411,235,30,94
409,235,30,94
409,235,30,94
409,235,30,94
409,235,30,94
408,235,30,94
408,235,30,94
408,235,30,94
404,235,35,94
404,235,35,94
403,238,35,94
401,238,35,94
398,240,35,94
398,237,32,101
398,237,32,101
398,237,32,101
398,236,32,101
398,236,32,101
397,238,32,101
397,239,32,101
395,242,35,98
397,245,35,98
397,245,35,98
397,245,35,98
397,245,35,98
398,245,35,98
398,245,35,98
398,245,35,98
398,245,35,98
398,245,35,98
397,245,35,98
396,245,35,98
397,250,35,98
398,250,35,98
398,250,35,102
396,250,35,102
396,250,35,102
398,250,35,102
398,250,35,102
401,250,35,102
401,250,35,102
403,254,35,102
405,254,35,102
407,254,35,102
409,255,35,102
409,256,35,102
409,256,35,102
411,254,36,102
411,254,33,102
413,256,37,102
413,258,37,102
415,259,37,102
414,259,37,102
416,259,36,107
416,262,36,107
416,262,36,107
418,262,36,107
418,262,36,107
418,262,36,107
422,263,36,107
424,263,39,107
426,266,39,107
427,267,39,107
429,267,39,107
429,268,39,107
429,268,39,107
430,271,40,110
430,271,40,110
430,274,36,111
432,276,37,110
432,276,37,110
433,276,37,110
435,276,37,110
437,276,40,109
439,278,40,109
442,278,40,110
444,278,40,110
444,278,40,110
448,278,40,110
450,278,35,110
448,279,37,110
450,279,37,110
452,280,37,110
452,284,37,110
452,287,39,119
452,287,39,119
452,287,39,119
452,287,39,119
454,287,39,119
454,287,39,119
454,287,39,119
454,287,39,119
454,287,39,119
456,287,39,119
457,291,38,118
457,293,38,118
457,293,38,118
457,291,38,118
453,291,38,118
454,289,33,118
454,291,33,118
454,291,33,118
454,291,33,118
452,291,33,118
452,291,33,118
450,291,33,118
450,291,33,118
447,291,33,118
448,291,33,118
450,291,33,118
448,291,33,118
448,291,33,118
445,289,38,115
441,289,38,115
441,289,38,115
439,289,38,115
435,289,38,115
435,289,38,115
431,289,38,115
429,288,38,115
429,288,38,115
424,287,42,113
424,287,41,113
423,287,41,113
427,287,41,113
425,287,41,113
425,285,41,113
425,283,41,113
427,279,41,113
427,277,41,113
427,276,41,111
427,275,41,111
426,275,41,111
426,275,41,111
426,275,41,110
424,277,41,110
424,277,38,108
424,275,38,108
422,272,38,108
421,270,38,108
420,270,38,108
420,270,38,108
420,270,38,108
420,270,38,108
420,270,38,108
420,270,38,108
420,270,38,108
420,268,38,108
422,264,38,108
426,262,33,105
426,260,33,105
424,260,36,104
427,254,36,109
426,253,33,108
426,250,36,104
426,248,35,102
427,249,32,102
429,249,32,102
429,249,32,102
430,250,32,102
432,248,32,102
435,246,32,104
435,245,35,102
433,243,35,102
435,242,35,102
435,242,35,102
435,242,35,102
437,242,35,102
435,243,35,102
435,243,35,102
435,243,35,102
435,243,35,102
433,242,35,102
435,238,35,102
433,237,35,102
435,237,35,102
437,237,35,102
437,237,35,102
437,236,35,102
441,236,35,102
441,236,35,102
442,235,35,102
442,235,35,102
444,235,35,102
444,233,35,102
444,233,35,102
447,231,35,102
445,231,35,102
445,231,35,102
447,230,31,101
447,230,31,101
447,230,31,101
448,228,31,101
448,228,31,101
448,228,31,101
448,228,31,101
449,227,31,101
449,227,31,101
461,227,31,101
461,225,31,101
461,225,31,101
461,225,31,101
461,225,31,101
461,225,31,101
464,225,31,101
464,225,31,101
464,221,31,101
466,225,31,101
466,221,31,101
466,221,31,101
466,221,31,101
466,220,31,101
464,220,31,101
464,220,31,101
464,220,31,101
464,220,31,101
464,220,31,101
464,220,31,101
461,216,31,101
461,216,31,101
461,216,31,101
460,214,31,101
458,216,31,101
450,217,37,101
450,217,37,101
439,235,40,81
433,222,35,91
432,223,31,86
428,222,31,88
428,222,31,88
426,222,31,88
426,220,31,90
424,222,31,90
424,220,31,92
420,220,31,92
416,221,31,86
416,217,31,94
414,219,35,92
416,219,33,92
416,217,33,92
414,217,31,94
414,219,31,92
414,217,31,92
412,218,31,86
414,218,31,86
414,214,31,92
414,214,31,92
414,214,31,90
414,214,31,92
416,216,31,90
416,216,31,90
416,216,33,86
416,214,31,90
416,214,31,90
416,213,31,88
416,213,31,88
414,215,31,86
414,215,31,86
412,215,31,86
412,214,31,86
412,214,31,86
410,210,31,88
410,211,31,86
410,211,35,88
412,211,31,86
414,211,31,86
416,211,31,86
416,211,31,86
418,209,31,86
418,209,31,86
418,209,31,86
420,209,31,86
420,209,31,86
422,209,31,86
424,209,31,86
424,207,31,86
423,206,31,86
423,206,31,86
425,204,31,86
427,206,31,86
428,205,31,86
430,203,31,86
428,203,31,86
430,203,31,86
435,203,28,86
435,203,28,86
437,202,28,86
439,202,28,86
439,202,28,86
439,202,28,86
441,201,28,86
441,201,28,86
441,201,28,86
441,201,28,86
444,199,28,86
442,199,28,86
442,199,28,86
444,199,28,86
448,199,28,86
450,197,28,86
450,197,28,86
450,197,28,86
450,197,28,86
450,197,28,86
450,197,28,86
452,197,28,86
450,194,28,86
452,194,28,86
452,194,28,86
450,194,28,86
452,194,28,86
452,194,28,86
452,194,28,86
450,194,28,86
448,193,28,86
448,193,28,86
448,193,28,86
448,193,28,86
448,193,28,86
452,189,28,86
452,189,28,86
452,189,28,86
448,188,28,86
448,188,28,86
448,188,28,86
448,188,28,86
448,188,28,86
448,188,28,86
448,188,28,86
448,188,28,86
452,186,28,86
452,186,28,86
452,186,28,86
452,186,28,86
450,184,28,86
450,184,28,86
450,184,28,86
450,184,28,86
450,184,28,86
445,185,32,88
445,185,32,88
440,183,32,88
440,198,30,73
437,198,30,73
437,198,30,73
437,198,30,73
433,198,30,73
433,198,30,73
424,198,30,73
424,198,30,73
418,194,36,73
418,194,36,73
413,194,36,73
413,194,36,73
405,193,36,73
402,187,32,78
399,187,32,78
395,188,32,78
395,188,32,78
384,188,32,78
384,188,32,78
380,188,32,78
380,188,32,78
380,188,32,78
380,188,32,78
376,187,32,78
376,187,32,78
365,187,32,78
365,187,32,78
365,187,32,78
365,187,32,78
360,187,32,78
360,187,32,78
350,187,32,78
348,185,32,78
348,185,32,78
347,185,32,78
347,185,32,78
341,185,30,78
341,185,30,78
338,185,30,78
338,185,30,78
334,185,30,78
334,185,30,78
329,184,30,78
327,183,30,78
327,183,30,78
324,183,30,78
321,181,30,78
321,181,30,78
318,181,30,78
318,181,30,78
316,181,30,78
316,181,30,78
313,180,30,78
313,180,30,78
313,180,30,78
309,180,30,78
309,180,30,78
309,178,30,78
309,178,30,78
305,177,30,78
305,177,30,78
305,177,30,78
305,177,30,78
302,175,30,78
302,175,30,78
304,175,30,78
304,175,30,78
304,175,30,78
304,175,30,78
302,175,30,78
302,175,30,78
302,175,30,78
304,174,30,78
304,174,30,78
304,174,30,78
304,174,30,78
304,174,30,78
304,174,30,78
304,174,30,78
302,172,30,78
302,172,30,78
302,172,30,78
300,173,30,78
300,173,30,78
300,173,30,78
300,173,30,78
300,173,30,78
296,173,30,78
296,173,30,78
293,173,27,74
293,173,27,74
293,173,27,74
293,173,27,74
293,173,25,75
293,173,25,75
293,173,25,75
291,173,25,75
291,173,25,75
291,173,25,75
291,173,25,75
291,173,25,75
291,173,23,74
291,173,23,74
287,173,25,74
287,173,25,74
288,172,27,73
288,172,27,73
288,172,27,73
288,172,27,73
288,172,27,73
288,172,27,73
288,172,27,73
288,172,27,73
288,172,27,73
288,172,27,73
288,172,27,73
288,172,27,73
288,172,27,73
288,172,27,73
288,172,27,73
288,172,27,73
288,172,27,73
296,172,27,73
297,172,27,73
297,172,27,73
301,172,27,73
301,171,27,73
303,171,27,73
303,171,27,73
301,171,27,73
302,172,27,73
306,172,27,73
311,171,27,73
309,171,27,73
313,171,27,73
316,172,27,73
318,172,27,73
323,172,27,73
323,172,27,73
323,171,27,73
325,171,27,73
327,171,27,73
330,173,27,73
330,172,27,73
328,172,27,73
334,172,27,73
334,172,27,73
334,172,27,73
336,172,27,73
341,171,27,73
345,173,27,73
345,173,27,73
343,173,27,73
343,173,27,73
347,173,27,73
345,173,27,73
348,172,27,73
348,172,27,73
355,172,25,73
355,172,25,73
358,172,25,73
367,172,25,73
367,172,25,73
367,172,25,73
371,172,25,73
368,171,25,73
370,171,25,73
370,171,25,73
370,171,25,73
378,171,25,73
376,171,25,73
380,171,25,73
380,171,25,73
380,171,25,73
382,171,25,73
382,171,25,73
386,171,25,73
386,171,25,73
390,171,25,73
394,172,25,73
394,172,25,73
397,172,25,73
397,172,25,73
398,172,25,73
399,171,27,69
399,171,27,69
402,173,27,69
405,173,21,69
405,173,21,69
405,173,21,69
405,173,21,69
405,173,21,69
407,173,21,69
407,173,21,69
407,173,21,69
407,173,21,69
414,173,21,69
414,173,21,69
418,172,21,69
418,172,21,69
421,173,21,69
421,173,21,69
421,173,21,69
421,173,21,69
421,173,21,69
422,173,21,69
422,173,21,69
426,173,21,69
430,175,21,69
430,175,21,69
433,174,21,69
433,174,21,69
431,174,21,69
431,174,21,69
431,174,21,69
431,174,21,69
431,174,21,69
431,174,21,69
429,166,21,69
429,166,21,69
429,166,21,69
429,166,21,69
426,165,21,69
426,165,21,69
423,164,21,69
423,164,21,69
420,164,21,69
420,164,21,69
412,168,21,69
412,168,21,69
412,168,21,69
411,168,21,69
409,171,24,69
409,171,24,69
402,172,24,69
402,172,24,69
399,172,24,69
397,172,24,69
395,172,24,69
395,172,24,69
392,172,24,69
392,172,24,69
386,173,24,69
386,173,24,69
384,173,24,69
381,172,24,69
381,172,24,69
378,173,24,69
378,173,24,69
375,173,24,69
375,173,24,69
373,173,24,69
373,173,24,69
369,173,24,69
365,173,24,69
365,173,24,69
362,172,24,69
358,172,24,69
354,174,24,69
354,174,24,69
354,174,24,69
350,174,27,69
348,174,27,69
348,174,27,69
341,173,27,69
341,173,27,69
334,173,27,69
334,173,27,69
333,175,20,68
333,175,20,68
331,173,20,68
328,173,20,68
328,173,20,68
326,173,20,68
322,173,20,68
322,173,20,68
317,173,24,71
317,173,24,71
313,173,24,71
297,173,35,73
297,173,31,73
297,173,25,73
292,173,25,73
292,173,25,73
288,172,25,73
288,172,25,73
288,172,25,73
282,172,25,73
282,172,25,73
282,172,25,73
276,172,29,72
276,172,29,72
268,172,29,72
268,172,29,72
263,172,29,72
263,172,29,72
263,172,29,72
260,175,29,72
260,175,29,72
260,175,29,72
260,175,29,72
260,175,29,72
260,175,29,72
260,175,29,72
260,175,29,72
260,175,29,72
260,175,29,72
260,175,29,72
260,175,29,72
260,175,29,72
260,175,29,72
260,175,29,72
261,175,29,72
263,174,29,72
263,174,29,72
267,179,28,67
267,179,28,67
271,174,29,71
279,174,29,71
275,172,29,71
282,172,29,71
279,174,29,71
290,174,29,71
293,174,29,71
291,174,29,71
296,174,29,71
299,173,25,70
299,173,25,70
299,173,25,70
297,173,25,70
303,173,25,70
303,173,25,70
306,172,25,70
304,172,25,70
309,172,25,70
309,172,25,70
316,172,25,70
316,172,25,70
319,173,25,70
319,173,25,70
319,173,25,70
323,173,25,70
325,173,25,70
325,173,25,70
328,173,29,72
328,173,29,72
330,173,29,72
335,173,29,72
334,172,29,72
334,172,29,72
338,172,29,72
338,172,29,72
338,172,29,72
334,172,29,72
341,172,29,72
343,172,29,72
344,172,29,72
344,172,29,72
346,172,29,72
359,170,29,72
359,170,29,72
359,170,29,72
363,171,29,72
363,171,29,72
363,171,29,72
367,171,29,72
367,171,29,72
371,171,29,72
371,171,29,72
371,171,29,72
377,170,29,72
377,170,29,72
377,170,29,72
377,170,29,72
377,170,29,72
384,170,29,72
384,170,29,72
384,170,29,72
384,170,29,72
384,170,29,72
384,170,29,72
384,170,29,72
387,169,29,72
387,169,29,72
387,169,29,72
387,169,29,72
387,169,29,72
387,169,29,72
387,169,29,72
387,169,29,72
387,169,29,72
387,169,29,72
387,169,29,72
387,169,29,72
387,169,29,72
387,169,29,72
387,169,29,72
387,169,29,72
387,169,29,72
387,169,29,72
387,169,29,72
387,169,29,72
387,169,29,72
387,169,29,72
387,169,29,72
384,176,29,72
384,176,29,72
384,176,29,72
384,176,29,72
384,176,29,72
381,176,29,72
381,176,29,72
381,176,29,72
381,176,29,72
376,176,29,72
376,176,29,72
376,176,29,72
371,177,29,72
371,177,29,72
371,177,29,72
371,177,29,72
371,177,29,72
371,177,25,72
368,177,25,72
365,179,25,72
365,179,29,76
362,179,29,76
359,178,29,76
355,177,29,76
355,177,29,76
355,177,29,76
352,176,29,76
352,176,29,76
351,180,29,76
350,180,29,76
350,180,29,76
350,180,29,76
344,180,29,76
344,180,29,76
344,180,29,76
342,180,29,76
342,180,29,76
342,180,29,76
336,179,29,76
336,179,29,76
336,179,29,76
333,180,29,76
333,180,29,76
329,180,29,76
329,180,29,76
329,180,29,76
329,180,29,76
324,182,29,76
324,182,29,76
324,182,29,76
324,182,29,76
324,182,29,76
321,185,29,76
321,185,29,76
318,183,29,76
318,183,29,76
318,183,29,76
318,183,29,76
318,183,29,76
318,183,29,76
318,183,29,76
318,183,29,76
316,184,29,76
316,184,29,76
316,184,29,76
316,184,29,76
316,184,29,76
316,184,29,76
316,184,29,76
316,184,29,76
316,184,29,76
316,184,29,76
316,186,29,76
316,186,29,76
317,188,29,76
317,188,29,76
317,188,29,76
320,188,29,76
320,188,29,76
326,188,29,76
320,188,31,81
320,188,31,81
326,188,31,81
328,188,31,81
328,188,31,81
330,188,31,81
331,190,31,81
333,190,31,81
331,191,31,81
333,191,31,81
335,193,31,81
337,193,31,81
341,193,31,81
341,193,31,81
344,195,31,81
346,195,31,81
346,195,31,81
346,195,31,81
354,195,31,81
352,196,31,81
356,196,31,81
356,196,31,81
358,198,31,81
360,198,31,81
364,198,31,81
364,198,31,81
367,198,31,81
367,200,31,81
367,200,31,81
367,198,31,81
371,198,31,81
373,200,31,81
374,199,31,81
374,199,31,81
378,199,31,81
379,201,31,81
379,201,31,81
384,202,31,81
381,202,31,81
384,200,31,81
384,200,31,81
386,202,31,81
386,202,31,81
386,202,31,81
387,204,31,81
389,204,31,81
390,204,31,81
390,204,31,81
388,206,31,81
390,206,31,81
390,207,31,81
392,207,31,81
392,207,31,81
392,207,31,81
392,207,31,81
394,207,31,81
394,210,31,81
394,210,31,81
396,207,32,85
396,209,32,85
396,209,32,85
396,209,32,85
394,209,32,85
394,209,32,85
394,209,32,85
393,210,32,85
393,212,32,85
391,212,32,85
391,212,32,85
391,212,32,85
391,212,32,85
389,212,32,85
387,212,32,85
388,213,32,85
388,213,32,85
386,214,32,85
384,215,32,85
381,215,32,85
381,215,32,85
379,214,32,85
377,216,32,85
376,215,32,85
376,215,32,85
373,216,32,85
373,216,32,85
373,216,32,85
369,217,32,85
369,217,32,85
364,217,32,85
364,217,32,85
360,217,32,85
360,217,32,85
358,217,32,85
358,217,32,85
357,217,35,92
357,217,35,92
357,217,35,92
357,220,35,92
357,220,35,92
355,220,35,92
353,220,35,92
348,221,35,92
348,221,35,92
344,223,35,92
342,223,35,92
341,223,35,92
338,223,35,92
338,223,35,92
334,224,35,92
334,224,35,92
330,225,35,92
330,225,35,92
327,227,35,92
322,225,35,92
322,225,35,92
316,226,35,92
316,226,35,92
310,230,35,92
305,232,35,92
303,230,35,92
297,231,35,92
297,231,35,92
290,231,35,92
292,231,35,92
287,232,35,92
287,232,35,92
283,233,35,92
283,233,35,92
280,234,35,92
277,234,35,92
277,234,35,92
274,234,35,92
274,234,35,92
261,234,35,92
263,234,35,92
263,234,35,92
248,235,42,92
248,235,42,92
245,236,42,92
245,236,42,92
239,237,42,92
239,237,31,92
239,238,31,92
238,239,31,92
236,239,31,92
236,239,31,92
233,245,31,92
231,244,31,92
228,244,31,92
222,248,31,92
217,246,31,92
212,246,31,92
209,246,31,92
209,248,31,92
199,251,39,94
199,253,39,94
192,256,50,90
188,259,50,90
178,259,50,90
178,259,50,90
174,254,42,95
174,254,42,95
155,255,42,95
149,255,42,95
149,255,36,94
140,254,36,94
140,254,36,94
134,256,36,94
134,256,36,94
122,255,42,97
131,255,42,97
122,255,42,97
122,255,42,97
122,255,42,97
122,255,36,97
122,255,36,97
123,254,29,97
121,254,35,97
121,254,29,97
117,254,29,97
117,254,29,97
121,254,29,97
122,254,37,95
126,254,37,95
126,258,37,95
129,258,37,95
131,258,37,95
133,260,37,95
133,258,37,95
126,258,37,95
137,258,38,100
137,258,38,100
139,258,38,100
141,258,38,100
144,258,38,100
146,258,38,100
146,258,38,100
150,258,38,100
152,259,38,100
154,259,38,100
154,260,38,100
154,260,38,100
158,260,38,100
159,261,38,100
163,261,38,100
169,261,38,100
173,260,38,100
176,262,38,100
178,262,38,100
180,262,38,100
182,264,38,100
182,264,38,100
184,265,38,100
186,265,38,100
188,265,38,100
192,265,38,100
192,265,38,100
194,266,38,100
195,266,38,100
195,266,38,100
195,266,38,100
201,266,38,100
207,268,38,100
207,268,38,100
211,270,38,100
211,270,38,100
214,270,38,100
220,269,38,100
220,269,38,100
222,269,38,100
224,270,38,100
224,270,38,100
226,270,38,100
229,270,38,100
235,271,38,100
237,271,38,100
239,272,40,103
239,272,40,103
241,272,40,103
