331,136,55,24
330,136,55,24
330,136,55,24
331,137,55,24
331,137,55,24
331,137,55,24
331,137,55,24
333,137,55,24
333,137,55,24
333,137,55,24
333,137,55,24
333,137,55,24
333,137,55,24
333,137,55,24
333,137,55,24
333,137,55,24
333,137,55,24
333,137,55,24
333,137,55,24
333,137,55,24
333,137,55,24
333,137,55,24
333,137,55,24
333,137,55,24
333,137,55,24
333,137,55,24
333,137,55,24
333,137,55,24
333,137,55,24
333,137,55,24
333,137,55,24
333,137,55,24
333,137,55,24
333,137,55,24
333,137,55,24
333,137,55,24
333,137,55,24
333,137,55,24
333,137,55,24
333,137,55,24
333,137,55,24
333,137,55,24
333,137,55,24
333,137,55,24
333,137,55,24
333,137,55,24
333,137,55,24
330,138,55,24
330,138,55,24
330,138,55,24
330,138,55,24
330,138,55,24
330,138,55,24
330,138,55,24
328,137,55,24
328,137,55,24
328,137,55,24
328,137,55,24
328,137,55,24
328,137,55,24
328,137,55,24
327,137,55,24
325,137,55,24
325,137,55,24
325,137,55,24
324,137,55,24
324,137,55,24
322,138,55,24
322,138,55,24
322,138,55,24
321,137,55,24
320,137,55,24
320,137,55,24
319,137,55,24
319,137,55,24
319,137,55,24
316,137,55,24
316,137,55,24
316,137,55,24
316,137,55,24
316,137,53,25
316,137,52,24
316,137,52,24
316,137,52,24
316,137,52,24
316,138,48,24
314,138,48,24
314,138,48,24
314,138,48,24
314,138,48,24
314,138,48,24
314,138,45,24
314,138,45,24
314,138,45,24
314,138,41,25
314,138,41,25
314,138,41,25
314,138,41,25
313,138,41,25
313,138,41,25
313,138,41,25
313,138,41,25
313,138,41,25
314,139,36,24
314,139,36,24
314,139,36,24
314,139,36,24
314,139,36,24
314,139,36,24
314,139,36,24
314,139,36,24
314,139,36,24
314,139,36,24
314,139,36,24
314,139,36,24
314,139,36,24
314,139,36,24
316,141,36,24
316,141,36,24
316,141,36,24
316,141,36,24
316,141,36,24
317,141,36,24
317,141,36,24
317,141,36,24
317,141,36,24
317,141,36,24
317,141,36,24
317,141,36,24
319,143,36,24
319,143,36,24
319,143,36,24
319,143,36,24
319,143,36,24
319,143,36,24
319,143,36,24
319,143,36,24
319,143,36,24
319,143,36,24
319,143,36,24
320,144,36,24
320,144,36,24
320,144,36,24
320,144,36,24
320,144,36,24
320,144,36,24
320,144,36,24
322,144,36,24
322,144,36,24
322,144,36,24
322,144,36,24
322,144,36,24
322,144,36,24
322,144,36,24
322,144,36,24
322,144,36,24
322,144,36,24
325,144,36,24
325,144,36,24
325,144,36,24
325,144,36,24
325,144,36,24
327,145,36,24
327,145,36,24
327,145,36,24
327,145,36,24
327,145,36,24
327,145,36,24
327,145,36,24
327,145,36,24
327,145,36,24
327,145,36,24
330,147,36,24
330,147,36,24
331,146,36,24
331,147,36,24
333,147,36,24
333,147,36,24
333,147,36,24
333,147,36,24
333,147,36,24
334,147,36,24
334,147,36,24
335,147,36,24
333,147,39,27
333,147,39,27
333,147,39,27
335,147,39,27
335,147,39,27
336,147,39,27
336,147,39,27
337,147,39,27
337,147,39,27
337,149,39,27
337,149,39,27
338,149,39,27
338,149,39,27
338,149,39,27
338,149,39,27
341,149,39,27
341,149,39,27
341,149,39,27
343,150,39,27
343,150,39,27
343,150,39,27
343,150,39,27
344,150,39,27
345,151,38,28
345,151,38,28
346,150,38,28
346,150,38,28
346,150,38,28
347,151,38,28
347,151,38,28
348,152,38,28
348,152,38,28
348,152,38,28
348,152,38,28
348,152,38,28
351,153,38,28
351,153,38,28
351,153,38,28
353,153,38,28
351,153,38,28
354,153,38,28
354,155,38,28
354,155,38,28
354,155,38,28
356,155,38,28
356,155,38,28
356,155,38,28
358,155,38,28
355,154,41,31
357,154,41,31
357,154,41,31
357,154,41,31
357,155,40,28
357,156,40,28
359,156,40,28
359,156,40,28
359,156,40,28
361,156,40,28
361,157,40,28
361,157,40,28
363,158,40,28
363,158,40,28
361,158,40,28
361,158,40,28
362,158,40,28
364,158,40,28
364,158,40,28
364,158,40,28
365,160,40,28
365,158,40,28
362,157,46,31
362,157,46,31
363,156,46,31
363,158,46,31
364,157,46,31
365,157,46,31
365,157,46,31
367,159,46,31
367,159,46,31
369,160,46,31
369,159,46,31
369,159,46,31
369,159,46,31
371,159,46,31
371,159,46,31
372,160,46,31
372,160,46,31
372,160,46,31
373,160,46,31
373,160,46,31
373,160,46,31
375,160,46,31
373,159,49,33
375,160,47,32
377,160,47,32
377,160,47,32
378,160,47,32
379,160,47,32
380,160,47,32
380,162,47,32
382,164,47,32
382,164,47,32
382,162,47,32
382,162,47,32
384,163,47,32
384,163,47,32
386,165,47,32
386,166,47,32
386,164,47,32
387,165,47,32
387,164,47,32
389,166,47,32
390,168,47,32
390,168,47,32
390,164,49,34
388,164,49,34
391,165,49,34
392,168,49,34
394,167,49,34
393,167,49,34
395,168,49,34
396,169,49,34
397,167,49,34
397,169,49,34
398,170,49,34
399,171,49,34
399,169,49,34
401,170,49,34
401,170,49,34
401,171,49,34
401,170,50,35
403,172,50,35
403,170,50,35
405,172,50,35
406,172,50,35
405,172,50,35
405,172,50,35
405,171,53,37
406,172,53,37
408,172,53,37
408,172,53,37
407,172,53,37
410,173,53,37
409,173,53,37
409,173,53,37
409,175,53,37
410,175,53,37
409,175,53,37
411,175,53,37
410,175,53,37
413,177,53,37
413,177,53,37
413,178,53,37
413,179,53,37
414,175,54,41
414,175,54,41
414,176,54,41
414,176,54,41
416,178,54,41
416,177,54,41
418,179,54,41
418,179,54,41
420,179,54,41
420,179,54,41
420,179,54,41
420,179,54,41
422,180,54,41
422,182,54,41
422,182,57,41
420,182,57,41
424,183,57,41
424,183,57,41
424,183,57,41
425,184,57,41
425,184,57,41
425,184,57,41
428,184,57,41
426,184,61,44
426,184,61,44
428,187,61,44
428,188,58,43
428,188,58,43
430,188,58,43
430,187,58,43
432,188,58,43
432,188,59,45
432,188,59,45
432,188,59,45
433,188,59,45
433,190,59,45
437,191,59,45
437,193,59,45
437,191,59,45
439,191,61,46
439,191,61,46
440,193,62,46
441,193,62,46
442,196,62,46
443,196,62,46
443,196,62,46
443,196,62,46
445,197,62,46
445,199,62,46
445,199,62,46
447,199,62,46
447,199,62,46
446,199,65,48
447,200,65,48
447,202,65,48
447,202,65,48
449,203,65,48
449,203,65,48
452,204,65,48
452,204,65,48
452,206,65,50
453,206,65,50
453,208,65,50
453,208,65,50
453,208,65,50
454,207,65,50
456,209,65,50
457,209,64,52
457,210,64,52
459,209,64,52
459,212,64,52
459,212,64,52
458,212,66,53
458,212,66,53
458,215,66,53
458,215,66,53
457,215,67,56
457,217,67,56
457,217,67,56
457,219,67,56
457,219,67,56
457,219,67,59
456,221,67,59
456,220,67,59
456,220,67,59
455,221,67,59
455,223,67,59
454,225,67,59
454,225,67,59
452,224,70,63
452,226,70,63
452,226,70,63
450,227,70,63
449,229,70,63
446,230,78,63
443,232,78,63
443,232,78,63
443,232,78,65
439,234,78,65
439,235,78,65
438,238,78,65
438,238,80,66
435,239,83,67
433,239,83,67
430,242,83,67
430,242,83,67
426,246,89,67
424,245,89,67
421,247,91,69
421,247,91,69
418,249,91,69
418,249,91,72
416,250,91,72
413,252,92,73
411,254,92,73
410,255,92,73
410,255,93,74
406,255,96,76
403,256,96,76
402,259,96,76
399,259,99,76
397,262,99,76
395,262,101,77
394,262,101,77
389,267,105,80
387,268,105,80
384,270,105,80
384,271,105,80
379,273,105,80
379,273,105,80
372,275,109,83
371,276,110,84
370,277,110,84
365,279,113,89
362,280,113,89
361,283,113,89
354,284,117,91
352,285,117,91
350,287,117,91
345,291,123,91
342,293,123,91
342,293,123,91
334,296,127,93
330,299,127,93
330,299,127,93
322,303,129,97
319,304,131,95
318,304,132,98
312,307,132,98
308,308,132,98
303,311,137,102
300,314,137,102
294,315,142,102
286,319,144,102
284,320,144,102
280,322,146,106
270,325,152,106
266,327,156,108
263,328,156,108
254,332,158,110
250,335,160,110
244,335,163,111
235,340,163,113
