257,114,178,65
255,115,178,65
253,116,178,65
253,116,178,65
251,114,178,65
250,115,178,65
250,115,178,65
248,115,178,65
248,115,178,65
246,115,178,65
244,115,178,65
242,115,178,65
242,115,178,65
240,115,178,65
240,115,178,65
238,115,178,65
238,115,178,65
236,117,178,65
236,115,178,65
234,115,195,68
232,115,195,68
234,115,195,68
232,115,195,68
231,116,188,68
231,114,188,68
229,116,188,68
229,116,188,68
225,116,188,68
225,116,188,68
225,116,188,68
223,116,188,68
222,116,188,68
222,116,188,68
222,116,188,68
221,116,176,68
219,116,176,68
219,116,176,68
219,116,176,68
218,116,176,68
216,116,176,68
216,116,176,68
216,115,186,69
214,115,186,69
210,115,186,69
208,115,186,69
204,117,184,66
204,117,184,66
204,115,184,66
202,116,182,64
202,116,182,64
202,116,182,64
199,116,178,65
199,116,178,65
199,116,178,65
199,116,178,65
199,116,178,65
197,116,178,65
195,116,174,65
195,116,174,65
195,116,174,65
193,116,174,65
193,116,174,65
193,116,174,65
190,116,182,65
190,116,182,65
190,116,182,65
191,116,182,65
191,116,182,65
189,116,182,65
190,117,176,64
190,117,176,64
188,117,176,64
186,117,176,64
188,117,176,64
186,117,176,64
186,117,176,64
186,117,176,64
186,117,176,64
184,117,176,64
184,117,176,64
184,117,176,64
184,115,176,64
183,115,176,64
181,115,176,64
181,115,176,64
178,115,176,64
178,115,176,64
177,115,176,64
177,115,176,64
177,115,176,64
175,115,172,65
175,117,172,65
177,115,172,65
175,115,172,65
173,115,172,65
175,115,172,65
173,115,172,65
173,115,172,65
174,115,172,65
170,115,172,65
170,115,172,65
168,115,172,65
168,115,164,65
166,115,164,65
166,115,164,65
164,115,164,65
164,115,164,65
166,115,164,65
164,115,164,65
161,115,164,65
163,113,164,65
164,115,164,65
164,115,164,65
163,115,160,65
163,115,160,65
159,115,160,65
160,115,160,65
158,115,160,65
156,115,160,65
159,115,160,65
159,115,160,65
159,115,160,65
155,115,151,65
155,115,151,65
151,115,151,65
155,115,151,65
156,113,143,69
150,115,151,65
152,115,151,65
150,115,151,65
150,115,151,65
150,115,151,65
152,115,143,65
150,115,143,65
150,115,143,65
148,115,143,65
152,115,143,65
150,113,141,65
151,114,141,65
150,113,141,65
152,113,141,65
150,113,141,65
150,113,141,65
150,115,141,65
150,113,141,65
150,113,141,65
150,113,141,65
150,113,141,65
150,113,141,65
150,113,141,65
150,113,141,65
150,113,141,65
150,113,141,65
150,111,141,65
150,113,141,65
150,113,141,65
150,113,141,65
150,113,141,65
150,113,141,65
150,113,141,65
150,113,141,65
150,113,141,65
150,113,141,65
150,113,141,65
150,113,141,65
150,113,141,65
150,113,141,65
150,113,141,65
150,113,141,65
150,113,141,65
150,113,141,65
150,113,141,65
152,113,141,65
152,113,141,65
152,113,141,65
154,113,141,65
156,113,141,65
157,113,135,66
155,113,135,66
157,113,135,66
157,113,135,66
157,115,135,66
159,113,135,66
157,115,135,66
157,113,135,66
159,115,135,66
159,115,135,66
159,115,135,66
159,115,135,66
159,115,135,66
161,115,135,66
161,115,135,66
163,115,135,66
164,115,135,66
164,115,135,66
164,117,135,66
166,117,135,66
169,117,135,66
167,117,135,66
167,117,135,66
169,117,135,66
169,117,135,66
171,117,135,66
171,117,135,66
173,117,135,66
171,117,135,66
174,117,130,66
174,117,130,66
176,117,130,66
176,117,130,66
176,117,130,66
176,117,130,66
181,117,130,66
178,119,130,66
181,119,130,66
181,119,130,66
181,119,130,66
181,119,130,66
181,119,130,66
181,119,130,66
181,119,130,66
191,120,110,74
195,121,106,73
194,121,105,75
194,120,106,76
195,121,105,77
195,121,106,77
195,120,106,77
197,120,106,77
197,122,106,77
197,122,106,77
197,122,106,77
197,122,106,77
197,122,106,77
197,122,106,77
197,122,106,77
195,125,106,77
197,122,106,77
204,125,87,71
204,125,87,71
204,125,87,71
204,125,87,71
204,125,87,71
204,125,87,71
202,127,87,71
202,127,87,71
202,127,87,71
202,127,87,71
202,127,87,71
202,127,87,71
201,128,87,71
201,128,87,71
199,128,87,71
199,130,87,71
201,130,87,71
199,130,87,71
198,130,87,75
198,130,87,75
198,130,87,75
198,130,87,75
198,130,87,75
198,130,87,75
197,132,87,75
195,132,87,75
197,134,87,75
195,134,87,75
195,134,87,75
193,135,89,81
195,135,89,81
193,135,89,81
193,135,89,81
193,137,89,81
195,137,89,81
193,137,89,81
193,137,89,81
191,137,89,81
191,139,89,81
193,139,89,81
191,139,89,81
191,139,89,81
191,144,89,81
189,142,89,81
189,144,89,81
189,144,89,81
186,145,93,81
186,145,93,81
186,145,93,81
186,145,93,81
185,148,93,81
185,148,93,81
185,148,93,81
185,148,93,81
183,157,93,81
183,157,93,81
183,157,93,81
180,156,96,87
180,156,96,87
180,156,96,87
180,158,96,87
180,160,96,87
182,160,96,87
180,160,96,87
180,160,96,87
180,162,96,87
178,162,96,87
178,164,96,87
178,164,96,87
178,164,96,87
180,166,95,92
180,166,95,92
182,166,95,92
182,168,95,92
178,172,103,94
178,172,103,94
178,172,103,94
178,172,103,94
183,174,103,94
183,174,103,94
183,176,103,94
183,176,103,94
183,176,103,94
183,179,103,94
183,181,103,94
183,183,103,94
185,183,103,94
185,185,103,94
185,185,103,94
190,188,103,94
190,188,103,94
190,188,103,94
178,190,121,98
180,192,121,98
182,194,121,98
182,194,121,98
187,196,121,98
185,198,121,98
185,198,121,98
187,200,121,98
194,201,122,108
194,203,122,108
194,205,122,108
193,206,129,110
195,210,129,110
195,210,129,110
197,212,129,110
199,212,129,110
199,215,138,114
199,215,138,114
201,217,138,114
203,219,138,114
205,222,138,114
205,222,138,114
207,224,138,114
212,229,138,114
212,231,138,114
218,233,138,114
214,233,138,114
212,236,156,119
212,238,156,119
216,240,156,119
219,242,156,119
221,246,156,119
221,246,156,119
224,246,161,128
224,246,161,128
228,251,161,128
228,253,161,128
229,255,161,128
235,256,161,128
235,260,161,128
237,260,168,141
237,262,168,141
237,262,168,141
243,265,163,141
243,267,163,141
245,267,163,141
245,271,163,141
251,275,163,141
251,275,163,141
251,277,163,141
253,279,163,141
259,281,163,141
261,282,163,141
257,284,163,141
266,285,163,141
263,289,163,141
263,290,180,152
273,294,163,141
269,295,181,158
274,296,180,158
274,302,183,156
275,302,184,157
273,304,187,156
274,304,186,156
272,307,197,153
274,308,197,151
275,310,199,149
279,314,195,146
279,314,193,145
283,319,197,141
283,323,190,137
291,325,190,135
291,325,190,135
291,325,190,135
303,332,190,128
303,332,190,128
299,335,190,125
304,340,190,120
304,340,190,120
304,347,190,112
309,348,190,112
310,350,190,110
310,350,190,110
314,357,190,103
314,357,190,103
