261,120,178,65
261,120,178,65
253,120,178,65
253,120,178,65
253,120,178,65
256,119,178,65
256,119,178,65
256,119,178,65
251,119,178,65
251,119,178,65
251,119,178,65
244,119,178,65
244,119,178,65
244,119,178,65
244,119,178,65
242,119,178,65
242,119,178,65
242,119,178,65
242,119,178,65
234,119,195,68
234,119,195,68
234,119,195,68
234,119,195,68
233,118,188,68
233,118,188,68
233,118,188,68
233,118,188,68
229,118,188,68
229,118,188,68
229,118,188,68
229,118,188,68
226,118,188,68
226,118,188,68
226,118,188,68
227,118,176,68
227,118,176,68
227,118,176,68
227,118,176,68
222,118,176,68
222,118,176,68
222,118,176,68
218,115,186,69
218,115,186,69
218,115,186,69
218,115,186,69
206,119,184,66
206,119,184,66
206,119,184,66
202,118,182,64
202,118,182,64
202,118,182,64
199,118,178,65
199,118,178,65
199,118,178,65
199,118,178,65
199,118,178,65
199,118,178,65
195,120,174,65
195,120,174,65
195,120,174,65
195,120,174,65
195,120,174,65
195,120,174,65
192,120,182,65
192,120,182,65
192,120,182,65
191,120,182,65
191,120,182,65
191,120,182,65
190,119,176,64
190,119,176,64
190,119,176,64
186,119,176,64
186,119,176,64
186,119,176,64
186,119,176,64
184,119,176,64
184,119,176,64
184,119,176,64
184,119,176,64
184,119,176,64
184,119,176,64
181,119,176,64
181,119,176,64
181,119,176,64
181,119,176,64
177,119,176,64
177,119,176,64
177,119,176,64
177,119,176,64
177,119,172,65
177,119,172,65
177,119,172,65
177,119,172,65
177,119,172,65
177,119,172,65
177,119,172,65
177,119,172,65
176,119,172,65
176,119,172,65
176,119,172,65
176,119,172,65
174,119,164,65
174,119,164,65
174,119,164,65
174,119,164,65
168,119,164,65
168,119,164,65
168,119,164,65
168,119,164,65
168,119,164,65
168,119,164,65
168,119,164,65
163,119,160,65
163,119,160,65
163,119,160,65
156,119,160,65
156,119,160,65
156,119,160,65
159,119,160,65
159,119,160,65
159,119,160,65
159,119,151,65
159,119,151,65
159,119,151,65
159,119,151,65
150,119,151,65
150,119,151,65
150,119,151,65
150,119,151,65
150,119,151,65
150,119,151,65
154,119,143,65
154,119,143,65
154,119,143,65
154,119,143,65
154,119,143,65
150,119,141,65
150,119,141,65
150,119,141,65
150,119,141,65
150,119,141,65
150,119,141,65
150,119,141,65
150,119,141,65
150,119,141,65
150,119,141,65
150,119,141,65
150,119,141,65
150,119,141,65
150,119,141,65
150,119,141,65
150,119,141,65
150,119,141,65
150,119,141,65
150,119,141,65
150,119,141,65
150,119,141,65
150,119,141,65
150,119,141,65
150,119,141,65
150,119,141,65
150,119,141,65
150,119,141,65
150,119,141,65
150,119,141,65
150,119,141,65
150,119,141,65
152,119,141,65
153,119,141,65
153,119,141,65
153,119,141,65
154,119,141,65
154,119,141,65
155,119,141,65
155,119,141,65
156,119,141,65
157,119,135,66
157,119,135,66
157,119,135,66
157,119,135,66
158,119,135,66
159,119,135,66
159,119,135,66
160,119,135,66
160,119,135,66
161,119,135,66
161,119,135,66
162,119,135,66
162,119,135,66
163,119,135,66
163,119,135,66
163,119,135,66
164,121,135,66
164,121,135,66
167,121,135,66
168,121,135,66
169,121,135,66
169,121,135,66
169,121,135,66
169,121,135,66
170,121,134,66
171,121,134,66
171,121,133,66
172,121,133,66
174,121,132,66
178,121,130,66
178,121,130,66
178,121,130,66
178,121,130,66
178,121,130,66
178,121,130,66
181,123,130,66
181,123,130,66
181,123,130,66
181,123,130,66
181,123,130,66
188,123,125,66
188,123,125,66
189,123,125,66
190,123,120,66
190,123,120,66
193,123,115,66
193,123,115,66
195,123,110,66
197,123,106,66
197,122,106,77
197,122,106,77
197,122,106,77
197,122,106,77
197,122,106,77
195,122,104,77
195,122,104,77
199,122,100,77
203,122,95,77
204,122,92,77
205,122,90,77
206,122,90,77
206,127,87,71
206,127,87,71
206,127,87,71
206,127,87,71
206,127,87,71
206,127,87,71
206,129,87,71
206,129,87,71
206,129,87,71
206,129,87,71
206,129,87,71
206,129,87,71
205,134,87,71
205,134,87,71
205,134,87,71
205,134,87,71
205,134,87,71
205,134,87,71
198,134,87,75
198,134,87,75
198,134,87,75
198,134,87,75
198,134,87,75
198,134,87,75
197,136,87,75
197,136,87,75
197,136,87,75
197,136,87,75
197,136,87,75
195,139,89,81
195,139,89,81
195,139,89,81
195,139,89,81
195,139,89,81
195,139,89,81
193,143,89,81
193,143,89,81
193,143,89,81
193,143,89,81
193,143,89,81
193,143,89,81
193,143,89,81
191,146,89,81
191,146,89,81
191,146,89,81
191,146,89,81
186,149,93,81
186,149,93,81
186,149,93,81
186,149,93,81
185,152,93,81
185,152,93,81
185,152,93,81
185,152,93,81
183,157,93,81
183,157,93,81
183,157,93,81
180,156,96,87
180,156,96,87
180,156,96,87
180,156,96,87
180,166,96,87
180,166,96,87
180,166,96,87
180,166,96,87
180,166,96,87
178,168,96,87
178,168,96,87
178,168,96,87
178,168,96,87
180,170,95,92
180,170,95,92
180,170,95,92
180,170,95,92
178,176,103,94
178,176,103,94
178,176,103,94
178,176,103,94
183,178,103,94
183,178,103,94
183,178,103,94
183,178,103,94
183,178,103,94
183,187,103,94
183,187,103,94
183,187,103,94
185,189,103,94
185,189,103,94
185,189,103,94
190,194,103,94
190,194,103,94
190,194,103,94
178,196,121,98
178,196,121,98
178,196,121,98
178,196,121,98
185,202,121,98
185,202,121,98
185,202,121,98
185,202,121,98
194,201,122,108
194,201,122,108
194,201,122,108
193,210,129,110
193,210,129,110
193,210,129,110
195,212,129,110
195,212,129,110
199,215,138,114
199,215,138,114
199,215,138,114
199,215,138,114
203,224,138,114
203,224,138,114
203,224,138,114
211,231,138,114
211,231,138,114
211,231,138,114
211,231,138,114
209,236,156,119
209,236,156,119
209,236,156,119
215,246,156,119
215,246,156,119
215,246,156,119
220,246,161,128
220,246,161,128
226,253,161,128
226,253,161,128
226,253,161,128
233,260,161,128
233,260,161,128
237,260,168,141
237,260,168,141
237,260,168,141
243,265,163,141
243,265,163,141
243,265,163,141
243,265,163,141
249,275,163,141
249,275,163,141
249,275,163,141
261,283,163,141
261,283,163,141
263,286,163,141
263,286,163,141
268,289,163,141
268,289,163,141
271,294,163,141
271,294,163,141
279,299,163,141
279,299,163,141
284,306,163,141
284,306,163,141
290,313,163,141
290,313,163,141
268,308,190,147
268,308,190,147
279,318,190,142
279,318,190,142
283,323,190,137
283,323,190,137
283,323,190,137
291,325,190,135
291,325,190,135
291,325,190,135
303,332,190,128
303,332,190,128
303,332,190,128
304,340,190,120
304,340,190,120
309,348,190,112
309,348,190,112
310,350,190,110
310,350,190,110
314,357,190,103
314,357,190,103
