271,132,32,38
271,132,32,38
273,133,32,38
273,133,32,38
273,133,32,38
273,133,32,38
274,132,32,38
274,132,32,38
275,132,32,38
274,134,32,38
276,134,30,38
276,134,30,38
276,134,30,38
280,134,30,38
280,134,30,38
280,134,30,38
280,134,30,38
280,134,30,38
280,134,30,38
284,134,30,38
284,134,30,38
285,136,30,38
285,136,30,38
285,136,30,38
285,136,33,38
285,136,33,38
285,136,33,38
285,136,33,38
285,136,33,38
285,136,33,38
286,137,33,38
288,136,33,38
288,136,33,38
288,136,33,38
285,145,33,38
285,147,33,38
287,145,37,39
287,144,37,39
286,147,37,39
287,147,37,39
287,147,37,39
287,145,37,39
285,149,37,39
287,145,37,39
287,147,37,39
289,149,37,39
289,149,37,39
289,149,37,39
289,149,37,39
289,149,37,39
292,149,37,39
291,153,37,39
291,149,37,39
291,151,37,39
291,153,37,39
293,153,37,39
295,153,37,39
293,152,37,39
295,152,37,39
295,154,37,39
293,152,37,39
295,152,37,39
297,154,37,39
299,150,37,39
299,150,37,39
299,152,37,39
301,152,37,39
299,154,37,39
302,154,37,39
301,154,37,39
301,150,38,41
301,155,38,41
302,153,38,41
302,153,38,41
304,155,38,41
304,153,38,41
304,149,38,41
306,149,38,41
307,152,38,41
307,154,38,41
307,155,38,41
307,153,38,41
308,153,38,41
308,155,38,41
310,156,38,41
308,156,38,41
308,154,38,41
312,154,38,41
312,154,38,41
312,154,38,41
312,150,38,41
312,150,38,41
314,154,38,41
314,154,38,41
316,156,38,41
316,158,38,41
317,156,38,41
319,157,38,41
318,160,38,41
318,158,38,41
318,156,42,46
318,156,42,46
318,158,42,46
318,158,42,46
320,157,41,45
322,159,41,45
320,161,41,45
322,160,41,45
322,160,41,45
322,161,41,45
322,161,41,45
322,161,41,45
324,163,41,45
325,159,41,45
325,164,41,45
325,164,41,45
325,162,41,45
327,162,41,45
327,163,41,45
327,163,41,45
329,164,41,45
329,166,41,45
329,164,41,45
331,164,41,45
333,165,41,45
334,165,41,45
335,165,41,45
333,165,42,46
333,165,42,46
334,165,42,46
334,165,42,46
336,165,42,46
336,163,42,46
336,165,44,47
336,169,44,47
336,169,44,47
339,168,44,50
339,168,44,50
340,166,44,50
341,168,44,50
341,168,44,50
343,168,44,50
343,170,44,50
343,168,44,50
344,172,44,50
344,172,44,50
346,169,44,50
346,169,44,50
348,169,44,50
348,171,44,50
348,173,44,50
350,171,44,50
350,175,44,50
350,173,44,50
351,173,44,50
351,174,44,50
354,171,44,50
354,171,44,50
356,173,44,50
356,173,44,50
356,173,44,50
356,171,45,52
356,171,45,52
358,172,45,52
358,170,45,52
360,172,45,52
358,174,45,52
359,174,45,52
359,174,45,52
361,176,45,52
363,174,45,52
363,174,45,54
363,174,45,54
363,174,45,54
365,178,45,54
365,180,45,54
367,178,45,54
367,179,45,54
368,177,45,54
369,179,45,54
370,181,45,54
370,179,45,54
372,181,45,54
372,183,45,54
372,182,45,54
372,182,45,54
372,182,48,58
372,180,48,58
374,180,48,58
373,181,48,58
375,181,48,58
375,183,48,58
377,182,46,57
379,182,46,57
378,182,46,57
380,184,46,57
380,184,46,57
382,186,46,57
382,186,46,57
382,186,46,57
384,188,46,57
384,190,46,57
384,192,46,57
385,190,46,57
385,192,46,57
387,192,46,57
387,188,46,57
386,187,46,57
388,191,46,57
389,187,46,63
389,187,46,63
389,187,46,63
389,187,46,63
389,187,46,63
391,187,46,63
389,187,46,63
391,189,46,63
391,193,46,63
393,193,46,63
391,193,46,63
391,193,46,63
391,196,46,63
391,196,46,63
391,196,46,63
391,197,46,63
390,197,46,63
392,197,46,63
390,198,47,66
390,198,47,66
388,198,47,66
388,198,47,66
386,198,47,66
388,198,47,66
389,201,47,66
389,201,47,66
385,205,50,67
384,205,50,67
384,205,50,67
380,205,50,67
382,208,50,67
382,209,50,67
378,209,50,67
379,212,50,67
381,212,50,67
381,212,50,67
379,212,50,67
373,213,55,71
371,213,55,71
372,213,55,75
368,213,55,75
367,217,55,75
368,217,55,75
365,219,55,75
363,217,58,78
363,217,58,78
358,217,58,78
356,223,58,78
352,225,58,78
354,225,58,78
352,225,58,78
350,229,58,78
344,229,58,78
344,232,61,81
336,232,61,81
335,228,61,81
333,230,61,81
329,230,61,81
325,230,66,83
325,230,66,83
325,233,64,82
325,233,64,82
320,236,64,82
318,236,64,82
314,238,64,82
314,238,64,82
301,241,69,82
304,241,69,82
297,246,69,82
297,246,69,82
293,246,69,82
291,250,69,82
287,252,69,82
283,253,69,82
280,253,69,82
280,254,72,82
276,256,72,82
276,254,71,86
272,254,71,86
266,258,71,86
265,258,71,86
265,263,69,89
257,263,69,89
251,263,69,89
253,263,65,94
253,263,65,94
390,266,65,94
439,272,65,94
486,277,65,94
520,278,76,98
512,279,76,98
508,277,76,98
507,271,76,98
499,275,76,98
500,275,76,98
495,275,79,102
489,281,79,102
484,283,79,102
482,283,79,102
477,284,79,102
470,286,82,106
462,287,82,106
457,290,82,106
452,295,82,106
448,298,82,106
440,303,82,106
429,303,82,106
425,304,82,106
418,308,82,106
410,312,82,106
408,316,82,106
405,318,82,106
394,321,84,111
388,321,84,111
380,322,84,111
367,328,84,111
365,328,87,117
334,337,87,117
327,338,87,117
321,339,87,117
304,340,87,117
300,348,87,110
287,348,87,110
