303,330,39,99
303,330,39,99
303,330,39,99
303,330,39,99
301,330,39,99
301,330,39,99
301,330,39,99
299,330,39,99
297,330,39,99
295,332,39,99
293,332,39,99
293,332,39,99
293,332,39,99
293,332,39,99
293,332,39,99
293,332,39,99
293,332,39,99
293,332,39,99
291,332,39,99
291,332,39,99
291,332,39,99
291,332,39,99
291,332,39,99
291,332,39,99
291,332,39,99
291,332,39,99
291,332,39,99
291,332,39,99
291,332,39,99
289,332,39,99
291,332,39,99
291,332,39,99
291,332,39,99
291,332,39,99
291,332,39,99
291,332,39,99
291,332,39,99
291,332,39,99
291,332,39,99
291,332,39,99
291,332,39,99
291,332,39,99
291,332,39,99
291,332,39,99
291,332,39,99
291,332,39,99
291,330,39,99
291,330,39,99
291,330,39,99
291,330,39,99
291,332,39,99
291,332,39,99
293,332,39,99
293,332,39,99
293,332,39,99
293,332,39,99
293,332,39,99
293,332,39,99
293,332,39,99
295,332,39,99
295,332,39,99
295,332,39,99
295,332,39,99
295,332,39,99
295,332,39,99
295,332,39,99
295,332,39,99
295,332,39,99
295,332,39,99
295,332,39,99
295,332,39,99
295,332,39,99
299,332,39,99
299,332,39,99
299,332,39,99
299,332,39,99
305,330,39,99
305,330,39,99
307,330,39,99
307,330,39,99
307,330,39,99
311,330,39,99
313,330,39,99
316,330,39,99
318,330,39,99
318,330,39,99
320,330,39,99
320,330,39,99
322,330,39,99
324,330,39,99
326,330,39,99
328,330,38,93
330,330,38,93
330,330,38,93
333,330,38,90
335,330,38,90
335,330,38,90
335,330,38,90
337,330,38,90
337,330,38,90
339,330,38,90
341,330,38,90
343,330,38,90
343,328,38,90
345,328,38,90
345,326,38,90
347,326,38,90
347,326,38,90
350,324,38,90
350,324,38,90
350,324,38,90
350,322,38,90
350,322,38,90
350,322,38,90
350,322,38,90
352,322,38,90
352,318,38,90
352,318,38,90
352,318,38,90
352,318,38,90
352,318,38,90
352,318,38,90
352,318,38,90
350,318,38,90
348,318,38,90
348,318,38,90
346,318,38,90
344,316,38,90
344,316,38,90
342,316,38,90
340,316,38,90
338,316,38,90
336,316,38,90
334,316,38,90
333,314,38,90
327,312,38,90
325,312,38,90
323,312,38,90
321,312,38,90
316,315,38,87
314,315,38,87
306,315,38,87
304,315,38,87
300,315,38,87
297,315,38,87
293,315,38,87
291,315,38,87
287,315,38,87
285,315,38,87
283,315,38,87
280,315,38,87
278,315,38,87
276,315,38,87
272,315,38,87
268,315,38,87
263,315,38,87
257,315,38,87
257,315,38,87
255,315,38,87
253,315,38,87
251,315,38,87
249,315,38,87
246,315,38,87
244,315,38,87
244,315,38,87
244,319,38,87
244,321,38,87
244,321,38,87
246,321,38,87
246,321,38,87
246,321,38,87
246,323,38,87
246,323,38,87
248,323,38,87
248,325,38,92
250,325,38,92
250,327,38,92
252,327,38,92
254,327,38,92
254,327,38,92
254,327,38,92
256,327,38,92
258,327,38,92
260,327,38,92
263,327,38,92
265,327,38,92
271,329,38,92
277,337,38,86
284,337,38,86
288,335,38,86
290,335,38,86
294,333,38,88
297,333,38,88
305,333,38,88
307,333,38,88
313,335,38,88
314,335,44,83
314,335,44,83
318,335,44,83
320,335,44,83
322,335,44,83
324,335,44,83
326,335,44,83
328,335,44,83
330,335,44,83
333,333,44,83
335,333,44,83
335,333,44,83
339,331,42,78
341,331,42,78
343,327,42,82
343,325,45,86
345,323,45,86
347,321,45,86
354,323,37,86
356,323,37,86
356,321,37,86
358,321,37,86
362,321,37,86
362,319,35,83
362,317,35,83
362,317,35,83
362,317,35,83
362,317,35,83
362,317,35,83
362,315,35,83
362,315,35,83
364,315,35,83
367,315,35,83
367,315,35,83
369,315,35,83
369,315,35,83
369,315,35,83
369,315,35,83
369,315,35,83
369,315,35,83
369,315,35,83
369,315,35,83
369,315,35,83
367,315,35,83
367,311,35,83
367,311,35,83
369,313,35,83
369,311,35,83
369,311,35,83
371,311,35,83
371,311,35,83
373,311,35,83
373,311,35,83
373,307,35,83
373,305,35,83
373,305,35,83
375,305,35,83
375,305,35,83
375,305,35,83
377,305,35,83
377,305,35,83
377,305,35,83
377,301,35,83
377,301,35,83
379,301,35,83
381,301,35,83
384,301,35,83
382,301,35,83
384,301,35,83
386,301,35,83
392,301,35,83
394,301,35,83
394,299,35,83
396,299,35,83
396,295,35,83
398,295,35,83
398,297,35,83
398,297,35,83
398,297,35,83
398,297,35,83
398,297,35,83
403,297,35,83
403,297,35,83
403,295,35,83
403,295,35,83
403,295,35,83
403,293,35,83
403,293,35,83
405,293,35,83
407,293,35,83
407,295,35,83
409,297,35,83
411,297,35,83
411,297,35,83
411,295,35,83
413,295,34,78
418,293,34,78
418,293,34,78
420,293,34,78
420,293,34,78
420,293,34,78
420,293,34,78
422,293,34,78
422,293,34,78
424,291,34,78
426,289,34,78
426,289,34,78
430,289,34,78
432,289,34,78
435,293,34,78
437,291,34,78
439,289,34,78
443,289,34,78
443,289,34,78
447,287,34,78
447,287,34,78
449,285,34,78
449,287,34,78
449,287,34,78
454,285,34,78
454,285,34,78
458,285,30,78
458,285,30,78
460,285,30,78
462,285,30,78
462,285,30,78
464,285,30,78
464,283,30,78
466,281,30,78
469,281,30,78
469,281,30,78
469,281,30,78
471,281,30,78
471,281,30,78
473,281,30,78
473,281,30,78
473,281,30,78
473,281,30,78
473,279,30,78
473,277,30,78
475,279,30,77
477,279,30,77
477,277,30,77
479,277,30,77
479,279,29,73
479,279,29,73
479,277,29,73
479,277,29,73
479,277,29,73
479,277,29,73
479,277,29,73
481,275,29,73
481,275,29,73
479,275,29,73
479,275,29,73
481,273,29,73
481,275,29,73
481,273,29,73
483,273,29,73
483,273,29,73
486,273,29,73
486,273,29,73
486,273,29,73
484,273,29,73
484,273,29,73
484,273,29,73
484,273,29,73
484,271,29,72
484,271,29,72
484,269,29,72
484,269,29,72
486,269,29,72
486,269,29,72
488,269,29,72
488,269,29,72
488,267,29,72
488,265,29,72
488,265,29,72
488,267,28,71
488,267,28,71
488,267,28,71
488,265,28,71
488,265,28,71
488,265,27,69
490,265,27,69
492,263,27,69
492,263,27,69
492,261,27,69
492,261,27,69
492,261,27,69
492,261,27,69
492,261,27,69
494,261,27,69
494,261,27,69
492,259,27,69
494,259,27,69
494,259,27,69
496,261,25,67
496,259,25,67
498,259,25,67
498,259,25,67
498,257,25,67
498,257,25,67
498,257,25,67
498,257,25,67
498,259,25,67
500,259,25,67
500,259,25,67
498,257,25,66
500,257,25,66
500,255,25,66
500,255,25,66
503,255,25,66
503,255,25,66
505,255,25,66
505,255,25,66
505,255,25,66
507,255,25,66
507,253,25,66
507,253,25,66
507,253,25,66
509,253,25,66
509,253,25,66
509,251,25,66
509,251,25,66
509,251,25,66
509,251,25,66
511,251,25,66
511,251,25,66
513,251,25,66
513,251,25,66
513,251,25,66
513,251,24,65
515,251,24,65
515,249,24,65
517,249,24,65
517,249,24,65
517,249,24,65
517,249,24,65
517,247,24,65
520,247,24,65
520,247,24,65
520,247,24,65
522,247,24,65
522,247,24,65
522,247,24,65
522,247,24,65
522,247,24,65
524,247,24,65
524,247,24,65
524,245,24,65
524,245,24,65
524,247,24,63
524,247,24,63
524,247,24,63
524,247,24,63
524,245,24,63
524,243,24,63
524,243,24,63
524,245,24,63
526,245,24,63
526,245,24,63
526,245,24,63
526,243,24,63
524,243,24,63
526,243,24,63
526,243,24,63
526,243,24,61
526,243,24,61
526,243,24,61
526,243,24,61
526,243,24,61
526,241,24,61
526,241,24,61
526,239,24,61
528,241,24,61
528,241,24,61
528,239,24,61
528,241,24,61
530,241,24,61
530,239,24,61
530,239,24,61
532,239,24,61
532,239,24,61
532,239,24,61
532,239,24,61
532,237,24,61
532,235,24,61
532,235,24,61
532,235,24,61
532,235,24,61
535,235,24,61
535,235,24,61
537,235,24,61
537,233,22,60
539,233,22,60
539,233,22,60
539,233,22,60
539,233,22,60
541,233,22,60
541,233,22,60
541,233,22,60
541,233,22,60
541,233,22,60
541,233,22,60
541,233,22,60
543,233,22,60
543,233,22,60
545,233,22,58
545,233,22,58
545,231,22,58
547,231,22,58
547,231,22,58
547,231,22,58
547,231,22,58
547,231,22,58
547,231,22,58
547,231,22,58
547,231,22,58
549,231,22,58
549,231,22,58
549,231,22,58
549,231,22,58
549,231,22,58
549,229,22,58
549,229,22,58
554,229,22,58
556,229,22,58
556,229,22,58
556,229,22,58
556,229,22,58
558,229,22,58
558,229,22,58
558,229,22,58
558,229,22,58
558,229,22,58
558,229,22,58
558,229,22,58
558,229,22,58
560,229,22,58
560,229,22,58
560,229,22,58
560,229,22,58
560,229,22,58
560,229,22,58
560,229,22,58
560,229,22,58
562,228,22,58
562,229,22,58
564,227,22,52
562,223,22,58
562,223,22,58
564,223,22,58
566,223,22,58
566,223,22,58
568,221,22,58
568,221,22,58
568,221,22,58
568,221,22,58
571,221,22,58
571,221,22,58
571,221,22,58
571,219,22,58
571,221,22,58
571,221,22,58
573,221,22,58
575,221,22,58
575,219,22,58
575,219,22,58
577,219,22,58
577,219,22,58
579,219,22,58
579,225,19,52
581,223,19,52
581,223,19,52
581,223,19,52
583,223,19,52
583,223,19,52
583,223,19,52
583,223,19,52
585,223,19,52
585,223,19,52
585,223,19,52
586,223,19,52
586,223,19,52
588,223,19,52
588,223,19,52
588,223,19,52
590,223,19,52
590,221,19,52
590,221,19,52
590,221,19,52
592,221,19,52
592,221,19,52
592,221,19,52
592,221,19,52
592,221,19,52
594,219,19,52
594,219,19,52
594,219,19,52
594,219,19,52
594,219,19,52
596,219,19,52
596,219,19,52
598,219,19,52
598,219,19,52
598,219,19,52
600,219,19,52
600,219,19,52
600,219,19,52
600,219,19,52
600,219,19,52
600,219,19,52
600,217,19,51
600,217,19,51
600,217,19,51
600,217,19,51
602,217,19,51
602,217,19,51
602,217,19,51
602,217,19,51
602,217,19,51
602,217,19,51
605,217,19,51
605,215,19,51
605,215,19,51
605,215,19,51
605,215,19,51
607,215,19,51
607,215,19,51
607,215,19,51
607,215,19,51
607,215,19,51
607,215,19,51
607,215,19,51
607,215,19,51
607,215,19,51
607,215,19,51
607,215,19,51
607,215,19,51
607,217,19,51
607,217,19,51
605,217,19,51
605,217,19,51
605,217,19,51
605,217,19,51
605,217,19,51
603,217,19,51
601,217,19,51
603,219,19,51
601,219,19,51
601,219,19,51
599,219,19,51
599,219,19,51
599,219,19,51
599,219,19,51
599,219,19,51
597,219,19,51
595,219,19,51
593,221,19,51
593,221,19,51
591,221,19,51
591,221,19,51
591,221,19,51
589,221,19,51
589,221,19,51
589,221,19,51
588,223,19,51
586,223,19,51
586,223,19,51
586,223,19,51
586,223,19,51
584,223,19,51
582,223,19,51
582,223,19,51
580,223,19,51
580,223,19,51
578,223,19,51
578,223,19,51
578,223,19,51
578,225,19,51
576,225,19,51
576,225,19,51
576,225,19,51
576,225,19,51
576,225,19,51
576,225,19,51
574,225,19,51
574,225,19,51
569,225,19,51
567,225,19,51
567,227,19,51
567,229,19,51
567,229,19,51
567,229,19,51
567,229,19,51
567,229,19,51
567,229,19,51
567,229,19,51
567,229,19,51
567,229,19,51
565,229,19,51
565,229,19,51
565,229,19,51
561,229,19,51
561,229,19,51
561,229,19,51
561,231,19,51
561,231,19,51
561,231,19,51
561,231,19,51
561,231,19,51
561,231,19,51
559,231,19,51
557,231,19,51
557,231,19,51
555,233,19,51
554,233,19,51
552,233,19,51
550,233,19,51
550,233,19,51
550,233,19,51
550,233,19,51
548,233,19,51
548,233,19,51
548,233,19,51
548,233,19,51
548,233,19,51
546,233,19,51
546,233,19,51
544,235,19,51
544,233,21,56
542,233,21,56
542,233,21,56
540,233,21,56
540,233,21,56
540,233,21,56
540,233,21,56
540,233,21,56
538,233,21,56
538,235,21,56
538,235,21,56
538,235,21,56
537,235,21,56
537,235,21,56
535,237,21,56
533,237,21,56
535,237,21,56
533,237,21,56
533,237,21,56
531,237,21,56
531,237,21,56
531,237,21,56
531,239,21,56
531,239,21,56
531,239,21,56
529,239,21,56
529,239,21,56
529,239,21,56
531,241,21,56
529,241,21,56
529,241,21,56
527,241,21,56
527,241,21,56
527,241,21,56
525,241,21,56
525,241,21,56
525,241,21,56
525,243,21,56
525,243,21,56
523,243,21,56
525,243,21,56
523,243,21,56
525,243,21,56
523,243,21,56
523,243,21,56
521,243,21,56
521,245,21,56
521,245,21,56
521,245,21,56
520,245,21,56
520,245,21,56
520,245,20,58
520,245,20,58
520,245,20,58
520,245,20,58
520,245,20,58
518,245,20,58
518,247,20,58
516,247,20,58
516,247,20,58
516,247,20,58
516,247,20,58
514,247,20,58
514,247,20,58
514,249,20,58
514,249,20,58
514,249,20,58
514,249,20,58
512,247,20,64
512,247,20,64
512,247,20,64
512,247,20,64
512,249,20,64
510,249,20,64
510,249,20,64
510,249,20,64
510,249,20,64
508,249,20,64
508,251,20,64
508,251,20,64
508,251,20,64
508,253,20,64
508,253,20,64
508,253,20,64
508,253,20,64
508,253,20,64
508,253,20,64
508,253,20,64
506,253,20,64
506,253,20,64
506,253,20,64
506,253,20,64
504,253,20,64
506,253,20,64
506,253,20,64
506,255,20,64
506,255,20,64
504,255,20,64
504,255,20,64
504,255,20,64
504,255,20,64
504,255,20,64
504,257,20,64
503,257,20,64
503,257,20,64
503,257,20,64
503,257,20,64
503,257,20,64
501,257,20,64
501,257,20,64
501,259,20,64
501,261,20,64
501,261,20,64
501,261,20,64
501,261,20,64
501,259,20,64
501,261,20,64
501,259,20,71
499,259,20,71
499,259,20,71
499,259,20,71
497,259,20,71
497,259,20,71
497,259,20,71
497,259,20,71
497,263,20,68
495,263,20,68
495,263,20,68
495,265,20,68
495,263,20,68
493,263,20,68
493,263,21,68
491,263,21,68
491,265,21,68
491,265,21,68
489,265,21,68
489,267,21,68
487,267,21,68
487,265,21,68
486,265,21,68
484,267,21,68
484,267,20,72
484,267,20,72
484,267,20,72
484,269,20,72
482,269,20,72
482,269,20,72
482,269,20,72
482,269,20,72
480,271,20,72
480,273,20,72
480,273,20,72
478,273,22,72
478,273,22,72
476,271,22,72
476,271,22,72
476,273,22,72
476,275,22,72
474,275,22,72
474,277,22,72
474,275,22,72
474,275,22,72
474,275,22,72
474,275,22,72
474,275,22,72
472,275,22,72
472,277,22,72
470,277,22,72
470,277,22,72
469,277,22,72
467,277,22,72
467,279,22,72
465,281,22,72
465,281,23,75
463,281,23,75
463,281,23,75
461,281,23,75
461,281,23,75
459,281,23,75
457,281,23,75
457,283,23,75
455,283,23,75
453,283,23,75
450,283,23,75
446,283,23,75
444,283,23,75
442,283,23,75
440,281,23,75
438,283,23,75
436,283,23,75
433,287,23,75
429,285,23,75
429,285,23,75
427,285,23,75
423,285,23,75
423,285,23,75
419,285,24,76
418,285,24,76
414,287,24,76
412,287,24,76
408,287,24,76
406,287,24,76
404,287,24,76
402,287,24,76
401,289,24,76
399,289,24,76
395,289,24,76
393,289,24,76
391,291,24,76
387,291,24,76
380,291,24,76
380,291,24,76
376,291,24,76
374,291,24,76
372,291,24,76
372,291,24,76
370,291,24,76
370,291,24,76
370,291,24,76
353,293,24,76
351,295,24,76
350,295,24,76
344,297,24,76
344,297,24,76
340,297,24,76
338,297,24,76
334,297,24,76
331,297,24,76
327,297,24,76
323,297,24,76
321,297,24,76
319,297,24,76
314,297,24,76
314,299,24,76
310,301,24,76
306,301,24,76
304,301,24,76
302,301,24,76
300,301,24,76
295,301,24,76
293,301,24,76
291,301,24,76
287,301,24,76
285,301,24,76
285,301,24,76
280,301,24,76
276,301,24,76
274,301,24,76
272,303,24,76
270,303,24,76
268,303,24,76
266,303,24,76
263,305,24,76
261,305,24,76
257,305,24,76
255,305,24,76
251,305,24,76
249,305,24,76
244,307,24,76
240,307,24,76
238,307,24,76
236,307,24,76
229,307,24,76
227,307,24,76
221,305,24,86
218,305,24,84
215,305,24,76
210,307,24,84
206,305,24,87
206,305,24,87
202,305,24,87
198,305,24,87
195,305,24,87
190,306,28,87
186,306,28,87
184,310,28,87
178,310,28,87
176,314,28,87
172,314,28,87
168,314,28,87
161,314,28,87
159,314,28,87
