156,177,13,12
157,177,13,12
157,177,13,12
157,177,13,12
157,179,13,12
158,179,13,12
158,181,13,12
160,180,13,12
158,182,13,12
160,180,13,12
160,180,13,12
160,180,13,12
161,180,13,12
161,180,13,12
163,182,13,12
163,182,13,12
164,181,13,12
166,181,13,12
167,182,13,12
167,182,13,12
167,182,13,12
169,183,13,12
169,181,13,12
169,181,13,12
168,182,13,12
170,184,13,12
170,184,13,12
170,184,13,12
172,181,13,12
172,182,13,12
174,182,13,12
174,182,13,12
174,183,13,12
175,184,13,12
176,184,13,12
176,184,13,12
178,184,13,12
178,184,13,12
180,186,13,12
182,183,13,12
182,183,13,12
182,185,13,12
182,185,13,12
183,186,13,12
183,184,13,12
183,186,13,12
183,186,13,12
183,186,13,12
185,186,13,12
184,185,13,12
184,187,13,12
186,185,13,12
186,187,13,12
186,187,13,12
186,187,13,12
188,187,13,12
189,188,13,12
187,188,13,12
189,188,13,12
188,188,13,12
188,188,13,12
188,188,13,12
188,188,13,12
190,188,13,12
190,188,13,12
190,190,13,12
188,190,13,12
190,188,13,12
190,188,13,12
190,188,13,12
192,190,13,12
192,188,13,12
192,190,13,12
192,188,13,12
193,188,13,12
193,191,13,12
195,191,13,12
195,189,13,12
195,189,13,12
197,191,13,12
198,189,13,12
198,191,13,12
198,191,13,12
198,191,13,12
198,193,13,12
199,193,13,12
199,193,13,12
199,193,13,12
199,191,13,12
199,193,13,12
199,191,13,12
199,191,13,12
199,191,13,12
201,193,13,12
200,192,13,12
202,194,13,12
202,196,13,12
202,194,13,12
202,194,13,12
202,194,13,12
203,193,13,12
203,193,13,12
203,191,13,12
203,193,13,12
205,195,13,12
205,194,13,12
204,194,13,12
204,196,13,12
204,196,13,12
203,196,13,12
203,194,13,12
205,194,13,12
205,194,13,12
205,196,13,12
205,195,13,12
205,197,13,12
206,197,13,12
205,196,13,12
207,197,13,12
205,197,13,12
207,197,13,12
205,197,13,12
207,197,13,12
207,199,13,12
205,199,13,12
205,197,13,12
205,199,13,12
205,199,13,12
205,199,13,12
207,200,13,12
205,198,13,12
207,198,13,12
207,198,13,12
207,198,13,12
205,200,13,12
207,200,13,12
207,200,13,12
207,198,13,12
207,200,13,12
209,202,13,12
209,200,13,12
209,200,13,12
209,200,13,12
209,198,13,12
207,200,13,12
207,200,13,12
205,200,13,12
205,202,13,12
205,202,13,12
203,203,13,12
203,203,13,12
203,203,13,12
203,201,13,12
203,201,13,12
203,203,13,12
203,202,13,12
203,204,13,12
203,202,13,12
201,204,13,12
203,202,13,12
203,204,13,12
203,204,13,12
205,204,13,12
203,204,13,12
201,204,13,12
201,206,13,12
205,200,13,12
201,204,13,12
201,206,13,12
199,205,13,12
199,205,13,12
199,207,13,12
199,207,13,12
198,205,13,12
200,205,13,12
200,207,13,12
200,205,13,12
200,207,13,12
200,207,13,12
201,209,13,12
201,209,13,12
201,207,13,12
201,209,13,12
200,210,13,12
200,208,13,12
200,208,13,12
200,208,13,12
200,210,13,12
200,210,13,12
200,210,13,12
198,210,13,12
198,210,13,12
198,211,13,12
195,211,13,12
198,211,13,12
198,211,13,12
198,211,13,12
198,211,13,12
198,211,13,12
198,213,13,12
198,212,13,12
198,212,13,12
199,212,13,12
199,214,13,12
199,212,13,12
199,212,13,12
199,212,13,12
197,212,13,12
199,214,13,12
197,212,13,12
197,214,13,12
195,213,13,12
198,213,13,12
198,214,13,12
198,216,13,12
198,214,13,12
198,214,13,12
197,213,13,12
197,215,13,12
197,215,13,12
197,216,13,12
197,216,13,12
197,216,13,12
198,217,13,12
198,217,13,12
198,217,13,12
198,217,13,12
198,217,13,12
198,217,13,12
198,217,13,12
198,217,13,12
198,217,13,12
198,219,13,12
198,217,13,12
198,219,13,12
197,219,13,12
197,221,13,12
197,219,13,12
197,219,13,12
197,219,13,12
197,219,13,12
197,219,13,12
197,219,13,12
197,217,13,12
197,217,13,12
197,219,13,12
197,221,13,12
197,219,13,12
197,223,13,12
197,221,13,12
197,223,13,12
197,219,13,12
195,223,13,12
195,225,13,12
193,225,13,12
193,227,13,12
197,225,13,12
193,225,13,12
193,225,13,12
193,225,13,12
193,225,13,13
193,225,13,13
195,223,13,13
195,225,13,13
195,227,13,13
195,227,13,13
195,227,13,13
195,227,13,13
198,227,13,13
198,227,13,13
198,227,13,13
198,227,13,13
198,231,13,13
198,229,13,13
198,229,13,13
198,231,13,13
198,229,13,13
198,229,13,13
198,229,13,13
198,229,13,13
198,229,13,13
198,231,13,13
200,229,13,13
198,229,13,13
198,229,13,13
201,233,13,13
201,233,15,13
201,233,15,13
201,231,15,13
201,231,15,13
201,231,15,13
201,231,15,13
201,231,15,13
201,233,15,13
201,233,15,13
201,231,15,13
201,237,15,13
201,234,15,13
201,236,15,13
201,236,15,13
201,236,15,13
201,234,15,13
201,234,15,13
201,234,15,13
201,234,15,13
201,234,15,13
205,238,15,13
205,239,15,13
205,239,15,13
205,237,15,13
205,238,15,13
205,238,15,13
205,238,15,13
205,236,15,13
205,240,15,13
205,240,15,13
205,240,15,13
205,240,15,13
204,243,15,13
202,243,15,13
204,241,15,13
204,241,15,13
202,242,15,13
204,244,15,13
204,244,15,13
204,244,15,13
204,246,15,13
204,246,15,13
206,242,15,13
206,244,15,13
206,246,15,13
206,244,15,13
206,244,15,13
206,244,15,13
204,244,15,13
204,246,15,13
204,246,15,13
206,244,15,13
202,248,15,13
202,246,14,16
202,246,14,16
201,246,14,16
203,246,14,16
203,246,14,16
203,248,14,16
205,248,14,16
205,248,14,16
205,250,14,16
205,251,14,16
207,251,14,16
207,249,14,16
210,249,14,16
210,247,14,16
208,249,14,16
208,247,14,16
208,247,14,16
208,247,14,16
210,251,14,16
210,251,14,16
211,252,14,16
211,252,14,16
211,248,14,16
211,250,14,16
211,252,14,16
211,252,14,16
211,254,14,16
212,254,14,16
216,254,14,16
214,255,14,16
216,255,14,16
216,255,14,16
216,255,14,16
216,253,14,16
217,252,14,16
217,252,14,16
217,252,14,16
219,256,14,16
219,258,14,16
219,258,14,16
217,256,14,16
219,257,14,16
217,257,19,19
217,257,19,19
217,257,19,19
215,257,19,19
215,255,19,19
217,256,19,19
217,258,19,19
217,258,19,19
217,260,19,19
219,261,19,19
219,259,19,19
223,261,19,19
223,259,19,19
223,259,19,19
223,259,19,19
223,259,19,19
225,257,19,19
225,261,19,19
225,261,19,19
225,263,19,19
225,264,19,19
225,264,19,18
225,264,19,18
227,266,19,18
227,264,19,18
229,266,19,18
231,264,19,18
229,264,19,18
233,264,19,18
236,266,19,18
236,266,19,18
239,267,19,18
239,267,19,18
242,267,19,18
243,268,19,18
243,267,19,18
246,267,19,18
246,267,19,18
246,267,19,18
246,267,19,18
246,267,19,18
249,270,19,18
249,270,19,18
249,270,19,18
249,271,19,18
251,271,19,18
251,271,19,18
251,271,19,18
253,271,19,18
255,271,19,18
257,273,19,18
257,273,19,18
260,274,19,18
260,276,19,18
263,275,19,18
263,275,19,18
263,277,19,18
266,275,19,18
266,275,19,18
266,275,19,18
266,277,19,18
266,275,19,18
267,279,19,18
267,281,19,18
269,281,19,18
269,281,19,18
269,279,19,18
269,279,19,18
269,280,19,18
269,278,19,18
270,280,19,18
275,281,19,18
275,283,19,18
275,281,19,18
277,278,19,18
277,284,19,18
279,285,19,18
282,282,19,18
279,284,19,18
279,282,19,18
280,281,19,18
280,285,19,18
280,287,19,18
280,288,19,18
280,288,19,18
278,289,19,18
278,289,19,18
278,287,19,18
278,289,19,18
280,289,19,18
282,289,19,18
282,289,19,18
282,289,19,18
284,289,19,18
284,290,22,19
284,292,22,19
288,294,22,19
288,292,22,19
291,297,22,19
291,297,22,19
293,301,22,19
295,305,22,19
297,305,22,19
299,305,22,19
301,304,22,19
301,306,22,19
302,305,22,19
302,305,22,19
305,305,19,17
305,305,19,17
305,309,19,17
305,309,19,17
305,307,19,17
305,309,19,17
305,312,19,17
303,311,19,17
305,311,19,17
305,309,19,20
309,309,19,20
309,309,19,20
309,309,19,20
312,315,19,20
312,313,19,20
312,316,19,20
316,316,19,20
316,319,19,20
318,317,19,20
319,316,19,20
319,318,19,20
319,318,19,19
320,316,19,19
322,318,19,19
320,322,19,19
320,322,19,19
319,323,19,19
321,325,19,19
321,326,19,19
321,326,19,19
321,326,19,19
321,326,19,19
321,324,19,19
321,324,19,19
324,324,19,19
324,328,19,19
324,330,19,19
328,330,19,19
330,331,19,19
331,333,19,19
331,334,19,19
333,332,19,19
333,332,19,19
335,330,19,19
335,330,19,19
335,336,19,19
335,338,19,19
335,339,19,19
333,337,19,19
337,340,19,19
337,339,19,19
337,339,19,19
337,339,19,19
337,339,19,19
338,338,19,19
342,336,19,19
341,340,19,19
345,344,19,19
346,344,19,19
346,344,20,20
350,347,20,20
350,349,20,20
352,350,20,20
354,348,20,20
358,350,20,20
358,350,20,20
358,350,20,20
358,350,20,20
358,350,20,20
361,352,20,20
361,354,20,20
362,351,20,20
362,355,20,20
362,355,20,20
365,358,20,20
365,356,20,20
367,356,20,20
370,354,20,20
372,359,20,20
372,361,20,20
376,362,20,20
377,363,20,20
377,365,20,20
381,368,20,20
384,361,22,21
384,365,22,21
387,365,22,21
387,367,22,21
387,371,22,21
390,373,22,21
390,373,22,21
390,373,24,24
392,374,24,24
392,372,24,24
390,372,24,24
392,376,24,24
396,372,24,24
397,374,24,24
399,374,24,24
399,377,24,24
405,379,24,24
408,380,24,24
409,381,24,24
410,383,24,24
413,381,24,24
415,384,24,24
413,383,24,24
415,384,24,24
415,384,24,24
418,386,24,24
418,388,24,24
419,390,24,24
419,392,24,24
422,393,24,24
422,395,24,24
426,395,24,24
427,395,24,24
427,395,24,24
432,395,24,24
431,399,24,24
435,396,24,24
439,402,24,24
443,404,24,24
444,403,24,24
444,405,24,24
447,403,24,24
447,403,24,24
452,404,24,24
452,404,24,24
452,408,24,24
454,411,24,24
454,411,24,24
456,416,24,24
458,417,24,24
460,416,24,24
460,418,24,24
460,418,24,24
465,416,24,24
469,418,24,24
471,418,24,24
473,419,24,24
479,423,24,24
481,424,24,25
484,426,24,25
488,426,24,25
492,427,24,25
494,427,24,25
498,427,24,25
505,427,24,25
505,427,24,25
507,427,24,25
509,428,24,25
509,430,24,24
512,432,24,21
513,435,24,21
518,436,24,21
520,436,24,21
526,435,24,21
528,437,24,21
530,437,24,21
532,438,21,18
537,437,21,18
543,439,21,18
541,443,22,14
545,443,22,14
551,448,21,10
558,448,18,10
567,454,10,6
