377,168,20,58
375,167,21,60
371,167,21,60
369,167,21,60
368,167,21,60
368,167,21,60
365,167,21,60
363,168,21,60
363,168,21,60
360,167,21,60
359,167,21,60
357,167,21,60
355,168,21,60
355,167,21,60
354,167,21,60
352,167,21,60
351,167,21,60
349,167,21,60
345,167,21,60
342,167,21,60
341,167,21,60
341,167,21,60
341,167,21,60
339,167,21,60
336,169,21,60
336,169,21,60
336,168,21,60
336,168,21,60
334,168,21,60
332,167,21,60
328,168,21,60
328,168,21,60
328,168,21,60
325,167,21,60
325,167,21,60
323,168,21,60
320,169,21,60
320,169,21,60
318,169,21,60
318,169,21,60
313,169,21,60
313,169,21,60
311,169,21,60
311,169,21,60
310,169,21,60
310,169,21,60
303,170,21,60
303,170,21,60
301,169,21,60
301,169,21,60
299,169,21,60
299,169,21,60
295,169,21,60
295,169,21,60
290,170,21,60
290,170,21,60
288,170,21,60
288,170,21,60
287,170,21,60
287,170,21,60
283,168,21,60
283,168,21,60
282,168,21,60
282,168,21,60
279,167,21,60
279,167,21,60
276,168,21,60
274,167,21,60
270,165,24,62
269,168,25,60
265,167,25,60
265,167,21,60
265,167,21,60
264,167,21,60
262,167,23,60
259,167,23,60
257,167,23,60
255,167,23,60
255,167,23,60
253,168,23,60
253,168,23,60
250,169,23,60
250,169,23,60
247,168,23,60
247,168,23,60
244,167,23,60
244,167,23,60
239,167,23,60
239,167,23,60
237,167,23,60
237,167,23,60
236,169,24,58
234,169,24,58
231,171,24,58
232,171,24,58
230,171,24,58
227,171,24,58
225,170,24,58
225,170,24,58
222,170,24,58
222,170,24,58
219,170,24,58
219,170,24,58
213,171,24,58
213,171,24,58
210,171,24,58
210,171,24,58
208,171,24,58
208,171,24,58
206,170,24,58
205,171,24,58
205,171,24,58
204,171,22,57
204,171,22,57
200,171,22,57
200,171,22,57
198,171,22,57
198,171,22,57
197,171,22,57
194,171,22,57
194,171,22,57
190,171,22,57
189,173,22,57
189,173,22,57
185,172,22,57
185,172,22,57
180,172,25,58
180,172,25,58
180,172,20,57
180,172,20,57
177,172,20,57
177,172,20,57
173,172,20,57
173,172,20,57
168,172,25,57
168,172,25,57
163,172,25,57
163,172,25,57
163,172,25,57
159,172,25,57
159,172,25,57
154,171,25,57
154,171,25,57
154,171,25,57
154,171,21,57
154,171,21,57
151,171,21,57
151,171,21,57
149,171,21,57
149,171,21,57
144,172,21,57
144,172,21,57
141,172,21,57
141,172,21,57
141,172,21,57
137,172,21,57
137,172,21,57
135,174,21,57
135,174,21,57
132,174,21,57
128,173,23,57
123,173,23,57
123,173,23,57
123,173,23,57
120,172,23,57
120,172,23,57
120,172,23,57
117,173,23,57
117,173,23,57
116,174,23,57
116,174,23,57
112,174,23,57
112,174,23,57
109,172,23,57
109,172,23,57
106,172,23,57
106,172,23,57
103,171,23,57
103,171,23,57
100,172,23,57
100,172,23,57
97,173,23,57
97,173,23,57
93,172,23,57
93,172,23,57
90,172,23,57
90,172,23,57
87,172,23,57
87,172,23,57
83,173,23,57
83,173,23,57
83,173,23,57
78,173,23,57
78,173,23,57
74,173,23,57
74,173,23,57
74,173,23,57
71,173,23,57
71,173,23,57
69,175,23,57
69,175,23,57
66,174,23,57
65,173,23,57
65,173,23,57
61,174,23,57
61,174,23,57
58,174,23,57
58,174,23,57
56,174,23,57
56,174,23,57
56,174,23,57
51,174,23,57
51,174,23,57
46,174,23,57
46,174,23,57
43,173,23,57
43,173,23,57
42,175,23,57
42,175,23,57
37,175,23,57
37,175,23,57
35,175,23,57
