508,60,15,43
509,62,15,43
509,62,15,43
509,62,15,43
509,62,15,43
509,62,15,43
509,62,15,43
509,63,15,43
509,63,15,43
509,63,15,43
509,63,15,43
509,63,15,43
509,63,15,43
509,63,15,43
509,63,15,43
509,63,15,43
509,63,15,43
509,63,15,43
509,63,15,43
509,63,15,43
509,63,15,43
509,63,15,43
509,63,15,43
509,63,15,43
509,63,15,43
509,63,15,43
509,63,15,43
509,63,15,43
509,63,15,43
509,63,15,43
509,63,15,43
509,63,15,43
509,63,15,43
509,63,15,43
509,63,15,43
509,63,15,43
509,63,15,43
509,63,15,43
509,63,15,43
509,63,15,43
509,63,15,43
509,63,15,43
509,63,15,43
509,63,15,43
509,63,15,43
509,63,15,43
509,63,15,43
509,63,15,43
509,63,15,43
509,63,15,43
509,63,15,43
509,63,15,43
509,63,15,43
509,63,15,43
509,63,15,43
509,63,15,43
509,63,15,43
509,63,15,43
509,63,15,43
509,63,15,43
509,63,15,43
509,63,15,43
509,63,15,43
509,63,15,43
509,63,15,43
509,63,15,43
509,63,15,43
509,63,15,43
509,63,15,43
509,63,15,43
509,63,15,43
509,63,15,43
509,63,15,43
509,63,15,43
509,63,15,43
509,63,15,43
509,63,15,43
509,63,15,43
509,63,15,43
509,63,15,43
509,63,15,43
509,63,15,43
509,63,15,43
509,63,15,43
509,63,15,43
509,63,15,43
508,76,15,43
508,76,15,43
508,76,15,43
508,76,15,43
508,76,15,43
508,76,15,43
508,76,15,43
508,76,15,43
508,76,15,43
509,92,15,43
509,95,15,43
509,95,15,43
509,95,15,43
509,95,15,43
512,95,15,43
512,95,15,43
512,95,15,43
512,95,15,43
512,95,15,43
512,95,15,43
512,95,15,43
512,95,15,43
512,97,15,43
512,97,15,43
512,97,15,43
511,97,15,43
511,97,15,43
511,97,15,43
511,97,15,43
509,97,15,43
509,97,15,43
509,97,15,43
508,98,15,43
508,98,15,43
508,98,15,43
508,100,15,43
508,100,15,43
505,100,15,43
505,100,15,43
505,100,15,43
504,101,15,43
504,101,15,43
504,101,15,43
504,101,15,43
507,101,15,43
507,101,15,43
507,101,15,43
507,101,15,43
507,101,15,43
507,101,15,43
507,102,15,43
507,102,15,43
507,102,15,43
507,102,15,43
507,102,15,43
507,102,15,43
507,102,15,43
507,102,15,43
507,102,15,43
507,102,15,43
505,103,15,43
505,103,15,43
505,104,15,43
505,104,15,43
503,104,15,43
503,104,15,43
503,104,15,43
501,106,15,43
501,106,15,43
501,108,15,43
501,108,15,43
501,108,15,43
501,108,15,43
499,108,15,43
499,108,15,43
499,108,15,43
499,111,15,43
499,111,15,43
499,111,15,43
499,111,15,43
499,111,15,43
499,111,15,43
499,111,15,43
499,111,15,43
499,111,15,43
499,111,15,43
499,111,15,43
499,111,15,43
499,111,15,43
499,111,15,43
499,111,15,43
499,111,15,43
499,111,15,43
499,111,15,43
498,111,15,43
498,111,15,43
498,111,15,43
498,111,15,43
498,111,15,43
498,111,15,43
498,111,15,43
498,111,15,43
498,111,15,43
498,111,15,43
498,111,15,43
498,111,15,43
498,111,15,43
498,111,15,43
498,111,15,43
498,111,15,43
498,111,15,43
498,111,15,43
498,111,15,43
498,111,15,43
498,111,15,43
498,111,15,43
498,111,15,43
498,111,15,43
498,111,15,43
498,111,15,43
498,111,15,43
498,111,15,43
498,111,15,43
498,111,15,43
498,111,15,43
498,111,15,43
478,111,15,43
463,112,15,43
452,112,15,43
443,112,15,43
443,112,15,43
443,112,15,43
445,111,15,43
445,111,15,43
435,110,15,43
419,111,15,43
402,110,15,43
397,111,16,43
397,111,16,43
397,111,16,43
397,111,16,43
397,108,16,43
397,108,16,43
401,107,16,43
401,107,16,43
401,107,16,43
401,107,16,43
402,107,16,43
402,107,16,43
404,106,16,43
404,106,16,43
404,106,16,43
404,103,16,43
404,103,16,43
404,103,16,43
406,103,16,43
406,103,16,43
406,103,16,43
409,101,16,43
409,101,16,43
409,99,16,43
409,99,16,43
409,99,16,43
409,99,16,43
410,98,16,43
410,98,16,43
410,98,16,43
410,98,16,43
410,98,16,43
410,96,16,43
410,96,16,43
410,96,16,43
410,96,16,43
410,95,16,43
410,95,16,43
411,94,16,43
411,94,16,43
411,94,16,43
411,94,16,43
411,94,16,43
413,94,16,43
413,92,16,43
413,92,16,43
414,91,16,43
414,91,16,43
414,91,16,39
414,91,16,39
418,91,16,39
418,91,16,39
418,91,16,39
418,91,16,39
418,88,16,39
418,88,16,39
420,88,16,39
420,88,16,39
420,87,16,39
420,87,16,39
420,87,16,39
420,87,16,39
422,87,16,39
422,87,16,39
427,84,16,39
427,84,16,39
427,84,16,39
427,83,16,39
427,83,16,39
427,83,16,39
427,83,16,39
427,83,16,39
427,83,16,39
427,83,16,39
427,83,16,39
427,83,16,39
427,83,16,39
427,83,16,39
427,83,16,39
427,83,16,39
427,83,16,39
427,83,16,39
427,80,16,39
427,80,16,39
427,80,16,39
427,80,16,39
427,80,16,39
427,80,16,39
427,80,16,39
427,80,16,39
427,80,16,39
428,79,16,39
428,79,16,39
428,79,16,39
428,79,16,39
430,79,16,39
430,79,16,39
430,79,16,39
430,79,16,39
430,79,16,39
430,79,16,38
430,79,16,38
430,79,16,38
430,79,16,38
430,79,16,38
430,79,16,38
430,79,16,38
430,76,16,38
430,76,16,38
430,76,16,38
433,76,16,38
433,76,16,38
433,76,16,38
435,76,16,38
435,76,16,38
435,76,16,38
435,74,16,38
435,74,16,38
435,74,16,38
435,74,16,38
435,74,16,38
435,74,16,38
438,74,16,38
