113 70 141 95
113 70 141 95
114 72 142 96
115 73 144 97
115 73 144 97
117 74 145 98
117 74 145 98
117 75 147 100
117 75 147 100
120 78 148 101
120 78 148 101
120 78 148 103
120 78 148 103
120 79 149 104
120 79 149 104
120 80 150 105
120 80 150 105
124 81 151 106
124 81 151 106
125 83 155 109
125 83 155 109
127 84 158 111
127 84 158 111
128 84 158 113
128 84 158 113
129 86 160 114
129 86 160 114
131 89 161 114
131 89 161 114
131 89 162 116
131 89 162 116
133 89 163 118
133 89 163 118
135 93 166 122
135 93 166 122
137 96 168 123
137 96 168 123
136 94 169 124
136 94 169 124
136 96 168 124
138 98 170 127
138 98 170 127
140 100 174 128
141 101 177 130
141 101 177 130
144 105 178 133
144 105 178 133
145 105 179 133
145 105 179 133
148 107 181 136
148 107 181 136
147 106 181 137
149 109 182 136
149 109 182 136
150 109 185 138
154 113 186 137
154 113 186 137
154 111 186 137
156 116 187 139
156 116 187 139
160 116 192 139
160 116 192 139
160 117 193 140
160 117 193 140
162 118 195 142
162 118 195 142
164 120 197 145
164 120 197 145
168 122 202 147
168 122 202 147
170 124 202 148
170 124 202 148
174 128 203 151
174 128 203 151
178 129 205 152
178 129 205 152
181 131 205 151
181 131 205 151
181 134 206 152
181 134 206 152
184 137 206 153
184 137 206 153
184 137 206 153
184 137 206 153
184 137 206 153
184 137 206 153
184 137 206 153
184 137 206 153
184 137 206 153
184 137 206 153
184 137 206 153
184 137 206 153
184 137 206 153
184 137 206 153
184 137 206 153
184 137 206 153
184 137 206 153
184 137 206 153
184 137 206 153
184 137 206 153
184 137 206 153
184 137 206 153
184 137 206 153
230 172 254 205
230 174 259 211
233 170 259 208
233 175 261 210
233 175 261 210
234 174 262 211
233 177 265 220
233 177 265 220
237 180 267 220
237 180 267 220
237 184 274 227
237 184 274 227
241 188 278 231
241 188 278 231
242 189 279 232
242 189 279 232
245 193 285 238
245 193 285 238
248 198 290 241
248 198 290 241
249 201 296 243
250 203 298 248
250 203 298 248
250 204 301 249
250 208 305 254
250 208 305 254
256 213 309 259
256 213 309 259
258 215 314 263
258 215 314 263
263 220 318 267
263 220 318 267
269 226 325 272
269 226 325 272
273 230 333 277
273 230 333 277
276 234 336 283
276 234 336 283
282 238 342 287
282 238 342 287
282 237 341 287
285 243 347 293
