546,58,37,98
546,58,37,98
539,61,37,98
539,61,37,98
535,67,37,98
529,73,37,98
529,73,37,98
523,73,37,98
517,76,37,98
517,76,37,98
504,81,37,98
504,81,37,98
492,83,41,100
492,83,41,100
479,86,41,100
479,86,41,100
445,94,49,106
436,96,49,106
436,96,49,106
427,102,49,106
427,102,49,106
414,106,49,106
414,106,49,106
393,110,49,106
393,110,49,106
375,113,49,106
375,113,49,106
361,112,46,109
362,112,44,103
354,115,41,106
343,110,47,104
345,116,47,107
339,116,47,110
337,117,40,115
320,117,47,109
304,117,48,108
291,118,53,107
294,118,49,113
283,118,49,97
267,120,50,107
260,119,52,109
255,121,51,107
249,121,51,101
237,119,49,110
233,117,51,107
216,116,56,106
212,119,53,100
199,117,58,112
183,119,58,109
176,118,57,114
170,113,55,109
153,115,57,117
155,116,55,112
138,110,58,113
142,110,53,113
131,110,57,117
124,106,56,105
131,106,53,113
125,105,50,117
117,103,56,116
120,103,51,107
113,100,53,110
105,100,55,108
108,98,50,113
109,98,50,112
102,94,53,111
96,94,55,113
100,90,53,113
99,93,57,109
95,90,52,109
96,90,54,109
98,86,50,111
99,83,52,109
102,82,51,106
104,82,49,106
108,80,52,109
109,80,51,108
112,80,49,107
119,78,52,108
120,74,47,108
119,74,46,99
123,69,44,105
129,69,48,107
134,71,47,105
140,70,39,101
146,68,42,105
143,68,45,97
152,65,45,105
153,65,44,105
154,62,46,101
164,62,42,97
161,61,45,90
170,61,44,95
173,58,47,102
181,58,39,97
182,53,47,102
182,53,47,102
182,51,47,102
182,51,41,92
177,53,47,97
177,53,44,98
172,65,47,94
172,65,47,94
166,66,47,94
166,66,47,94
160,75,47,94
160,75,44,93
160,75,44,94
157,84,47,94
157,84,47,94
151,92,47,94
151,92,47,94
151,96,45,90
151,96,45,90
146,105,45,90
146,105,45,90
142,110,45,90
142,110,45,90
139,118,45,90
139,118,45,90
139,118,45,90
133,127,42,88
133,127,42,88
131,134,42,88
131,134,42,88
125,139,42,88
125,139,42,88
122,147,42,88
122,147,42,88
116,156,42,88
116,156,42,88
114,156,41,87
114,156,41,87
108,166,38,84
108,166,38,84
104,165,38,84
104,165,38,84
100,164,38,84
100,164,38,84
100,164,38,84
100,164,38,84
100,164,38,84
100,164,38,84
110,162,38,84
116,162,38,84
116,162,38,84
126,161,36,80
126,161,36,80
134,160,36,80
134,160,36,80
141,160,36,80
141,160,36,80
151,158,36,80
151,158,36,80
159,157,41,80
159,157,41,80
164,156,41,80
164,156,41,80
176,156,41,73
176,156,41,73
176,156,41,73
189,154,36,73
189,154,36,73
189,154,36,73
194,153,36,73
194,153,36,73
203,152,36,73
203,152,36,73
203,152,36,73
208,151,35,63
208,151,35,63
208,151,35,63
220,151,35,63
220,151,35,63
220,151,35,63
223,149,35,63
223,149,35,63
223,149,35,63
229,148,35,63
229,148,35,63
229,148,35,63
229,148,35,63
229,148,35,63
241,145,35,63
241,145,35,63
240,140,35,63
240,140,35,63
240,140,35,63
244,137,35,63
244,137,35,63
244,137,35,63
244,137,35,63
250,137,35,63
250,137,35,63
250,137,35,63
250,137,35,63
250,137,35,63
248,136,35,63
248,136,35,63
248,136,35,63
248,136,35,63
248,136,35,63
248,136,35,63
248,136,35,63
248,136,35,63
244,132,35,63
244,132,35,63
244,132,35,63
240,132,39,66
240,132,39,66
240,132,39,66
235,131,39,66
235,131,39,66
235,131,39,66
232,130,39,66
232,130,39,66
232,130,39,66
226,130,39,66
226,130,39,66
226,130,39,66
220,129,39,66
220,129,39,66
220,129,39,66
216,123,39,66
216,123,39,66
216,123,39,66
216,123,39,66
211,122,39,66
211,122,39,66
211,122,39,66
203,121,39,66
203,121,39,66
203,121,39,66
193,119,39,66
193,119,39,66
193,119,39,66
184,118,39,66
184,118,39,66
184,118,39,66
177,115,39,66
177,115,39,66
177,115,39,66
177,111,39,66
177,111,39,66
177,111,39,66
172,108,39,66
172,108,39,66
172,108,39,66
159,102,39,66
159,102,39,66
159,102,39,66
135,101,35,54
135,101,35,54
127,99,35,54
127,99,35,54
118,96,35,54
118,96,35,54
117,92,35,54
117,92,35,54
116,89,35,54
116,89,35,54
114,83,35,54
114,83,35,54
114,83,35,54
114,83,35,54
114,78,35,54
114,78,35,54
118,78,35,54
118,78,35,54
116,73,35,54
116,73,35,54
124,73,35,54
124,73,35,54
127,70,35,54
127,70,35,54
135,69,35,54
135,69,35,54
138,65,35,54
138,65,35,54
138,65,35,54
150,66,35,54
150,66,35,54
150,66,35,54
161,65,35,54
161,65,35,54
168,64,35,54
168,64,35,54
168,64,35,54
189,60,35,54
189,60,35,54
197,59,35,54
197,59,35,54
207,58,35,54
207,58,35,54
215,57,35,54
215,57,35,54
226,56,35,54
226,56,35,54
235,56,35,54
240,56,35,54
240,56,35,54
254,53,30,49
260,53,30,49
260,53,30,49
267,53,30,49
267,53,30,49
282,56,30,49
290,56,30,49
301,54,30,49
301,54,30,49
308,54,30,49
314,53,30,49
319,54,30,49
319,54,30,49
329,55,30,49
329,55,30,49
344,53,30,49
352,53,30,49
352,53,30,49
362,52,30,49
367,51,30,49
367,51,30,49
367,51,30,49
367,51,30,49
367,51,30,49
367,51,30,49
367,51,30,49
363,51,30,49
363,51,30,49
363,51,30,49
355,49,30,49
355,49,30,49
355,49,30,49
355,49,30,49
355,49,30,49
355,49,30,49
347,46,30,49
347,46,30,49
347,46,30,49
346,56,30,49
346,56,30,49
346,64,30,49
346,64,30,49
345,74,30,49
345,74,30,49
345,74,30,49
343,86,30,49
343,86,30,49
343,94,30,49
343,94,30,49
341,102,30,49
341,102,30,49
339,108,30,49
339,108,30,49
336,115,30,49
336,115,30,49
333,123,30,49
333,123,30,49
329,131,30,49
329,131,30,49
328,139,30,49
328,139,30,49
328,146,29,51
328,146,29,51
324,152,29,51
324,152,29,51
322,160,29,51
322,160,29,51
319,167,29,54
319,167,29,54
317,175,29,54
317,175,29,54
314,183,29,54
314,183,29,54
314,189,29,54
314,189,29,54
310,198,29,54
310,198,29,54
308,206,29,54
305,212,29,54
305,212,29,54
302,217,29,54
302,217,29,54
297,217,29,54
297,217,29,54
297,217,29,54
297,217,29,54
288,217,29,54
288,217,29,54
288,217,29,54
288,217,29,54
285,217,28,51
285,217,28,51
280,214,28,51
280,214,28,51
277,214,28,51
277,214,28,51
273,214,28,51
273,214,28,51
270,213,28,51
270,213,28,51
277,213,28,51
277,213,28,51
287,213,28,51
287,213,28,51
299,212,28,51
299,212,28,51
301,212,25,46
301,212,25,46
301,212,25,46
301,212,25,46
312,212,25,46
312,212,25,46
312,212,25,46
317,210,25,46
317,210,25,46
316,209,25,46
316,209,25,46
316,209,25,46
316,209,25,46
316,209,25,46
316,209,25,46
316,209,25,46
316,209,25,46
316,209,25,46
316,209,25,46
316,209,25,46
311,207,25,46
311,207,25,46
311,207,25,46
305,205,25,46
305,205,25,46
305,205,25,46
305,205,25,46
300,205,25,46
300,205,25,46
300,205,25,46
300,205,25,46
294,205,25,46
294,205,25,46
294,205,25,46
290,205,25,46
290,205,25,46
290,205,25,46
290,205,25,46
290,205,25,46
286,204,25,46
286,204,25,46
286,204,25,46
286,204,25,46
286,204,25,46
286,204,25,46
280,203,25,46
280,203,25,46
280,203,25,46
280,203,25,46
280,203,25,46
273,200,25,46
273,200,25,46
273,200,25,46
273,200,25,46
266,198,24,44
266,198,24,44
