344,253,18,65
344,253,18,65
344,253,18,65
344,253,18,65
344,253,18,65
344,253,18,65
344,253,18,65
344,253,18,65
344,253,18,65
344,253,18,65
344,253,18,65
344,253,18,65
344,253,18,65
344,253,18,65
344,253,18,65
344,253,18,65
344,253,18,65
344,253,18,65
344,253,18,65
386,253,18,65
386,253,18,65
418,254,18,65
409,254,18,65
415,253,18,65
412,253,18,65
413,253,18,65
413,253,18,65
413,253,18,65
413,253,18,65
413,253,18,65
413,253,18,65
413,253,18,65
413,253,18,65
413,253,18,65
413,253,18,65
413,253,18,65
413,253,18,65
413,253,18,65
413,253,18,65
413,253,18,65
413,253,18,65
413,253,18,65
413,253,18,65
413,253,18,65
413,253,18,65
413,253,18,65
413,253,18,65
413,253,18,65
413,253,18,65
413,253,18,65
413,253,18,65
413,253,18,65
413,253,18,65
413,253,18,65
413,253,18,65
413,253,18,65
413,253,18,65
413,253,18,65
413,253,18,65
413,253,18,65
413,253,18,65
413,253,18,65
413,253,18,65
413,253,18,65
413,253,18,65
413,253,18,65
413,253,18,65
413,253,18,65
413,253,18,65
413,253,18,65
413,253,18,65
413,253,18,65
413,253,18,65
413,253,18,65
413,253,18,65
413,253,18,65
413,253,18,65
413,253,18,65
413,253,18,65
413,253,18,65
413,253,18,65
413,253,18,65
413,253,18,65
413,253,18,65
413,253,18,65
413,253,18,65
413,253,18,65
413,253,18,65
413,253,18,65
413,253,18,65
413,253,18,65
413,253,18,65
413,253,18,65
413,253,18,65
413,253,18,65
413,253,18,65
413,253,18,65
413,253,18,65
413,253,18,65
413,253,18,65
413,253,18,65
413,253,18,65
413,253,18,65
413,253,18,65
413,253,18,65
413,253,18,65
413,253,18,65
413,253,18,65
413,253,18,65
413,253,18,65
413,253,18,65
413,253,18,65
413,253,18,65
413,253,18,65
413,253,18,65
413,253,18,65
413,253,18,65
413,253,18,65
413,253,18,65
413,253,18,65
413,253,18,65
413,253,18,65
413,253,18,65
413,253,18,65
413,253,18,65
413,253,18,65
413,253,18,65
413,253,18,65
413,253,18,65
413,253,18,65
413,253,18,65
413,253,18,65
413,253,18,65
413,253,18,65
413,253,18,65
413,253,18,65
413,253,18,65
413,253,18,65
413,253,18,65
413,253,18,65
413,253,18,65
413,253,18,65
413,253,18,65
413,253,18,65
413,253,18,65
413,253,18,65
413,253,18,65
413,253,18,65
413,253,18,65
413,253,18,65
413,253,18,65
413,253,18,65
413,253,18,65
413,253,18,65
413,253,18,65
413,253,18,65
413,253,18,65
413,253,18,65
413,253,18,65
413,253,18,65
413,253,18,65
413,253,18,65
413,253,18,65
413,253,18,65
413,253,18,65
413,253,18,65
413,253,18,65
413,253,18,65
413,253,18,65
413,253,18,65
413,253,18,65
413,253,18,65
413,253,18,65
413,253,18,65
413,253,18,65
413,253,18,65
413,253,18,65
413,253,18,65
413,253,18,65
413,253,18,65
413,253,18,65
413,253,18,65
413,253,18,65
413,253,18,65
413,253,18,65
413,253,18,65
413,253,18,65
413,253,18,65
413,253,18,65
413,253,18,65
413,253,18,65
413,253,18,65
413,253,18,65
413,253,18,65
413,253,18,65
413,253,18,65
413,253,18,65
413,253,18,65
413,253,18,65
413,253,18,65
413,253,18,65
413,253,18,65
413,253,18,65
413,253,18,65
413,253,18,65
413,253,18,65
413,253,18,65
413,253,18,65
413,253,18,65
413,253,18,65
413,253,18,65
413,253,18,65
413,253,18,65
413,253,18,65
413,253,18,65
413,253,18,65
413,253,18,65
413,253,18,65
413,253,18,65
413,253,18,65
413,253,18,65
413,253,18,65
413,253,18,65
413,253,18,65
413,253,18,65
413,253,18,65
413,253,18,65
413,253,18,65
413,253,18,65
413,253,18,65
413,253,18,65
413,253,18,65
413,253,18,65
413,253,18,65
413,253,18,65
413,253,18,65
413,253,18,65
413,253,18,65
413,253,18,65
413,253,18,65
413,253,18,65
413,253,18,65
413,253,18,65
413,253,18,65
371,252,18,65
337,253,18,65
325,252,18,65
292,253,18,65
278,254,18,65
249,254,18,65
233,254,18,65
201,254,18,65
178,256,18,65
160,255,18,65
131,256,18,65
116,256,18,65
122,253,18,65
156,255,18,65
167,256,18,65
197,254,18,65
235,255,18,65
243,258,18,65
277,258,18,65
288,258,18,65
319,256,18,65
344,256,18,65
365,254,18,65
390,254,18,65
412,254,18,65
409,254,18,65
373,253,18,65
344,256,18,65
331,256,18,65
297,251,18,65
286,253,18,65
252,253,18,65
242,254,18,65
210,255,18,65
194,257,18,65
168,254,18,65
146,254,18,65
121,254,18,65
116,258,18,65
150,258,18,65
171,258,18,65
194,256,18,65
224,254,20,65
239,254,20,65
270,255,21,63
282,258,21,63
313,253,21,63
331,257,21,63
358,253,21,63
384,254,21,63
403,254,21,63
416,252,21,63
376,252,21,63
365,253,21,62
334,256,21,62
311,255,21,62
290,253,21,62
258,255,21,62
242,257,21,62
212,255,21,62
195,257,21,62
169,256,21,62
149,254,21,62
126,257,21,62
115,259,21,62
149,258,21,62
157,259,21,62
191,254,21,62
206,258,21,62
236,254,21,62
266,253,21,62
280,254,21,62
308,254,21,62
325,254,21,62
355,254,21,62
380,254,21,62
401,253,21,62
411,254,21,62
378,254,21,62
368,254,21,62
334,255,21,62
322,254,21,62
293,254,21,62
273,255,21,62
248,254,21,62
219,257,21,62
205,257,21,62
178,257,21,62
159,258,21,62
127,257,21,62
116,256,21,62
149,256,21,62
155,255,21,62
185,257,21,62
198,257,21,62
234,254,21,62
248,253,21,62
278,254,21,62
307,253,21,62
324,254,21,62
347,254,21,62
367,254,21,62
397,253,21,62
411,253,21,62
386,253,21,62
373,253,21,62
342,256,21,62
328,256,21,62
292,256,21,62
280,256,21,62
249,254,21,62
231,255,21,62
207,255,21,62
188,257,21,62
161,258,21,62
130,255,21,62
117,254,21,62
122,256,21,62
154,256,21,62
182,254,21,62
198,258,21,62
233,257,22,62
240,259,22,62
271,256,22,62
288,258,22,62
317,254,22,62
339,254,22,62
367,253,22,62
394,254,22,62
407,253,22,62
407,252,22,62
376,256,19,62
345,258,19,62
331,256,19,62
297,257,19,62
286,258,19,62
256,257,19,62
241,256,19,62
214,258,19,62
190,255,19,62
166,260,19,62
147,257,19,62
121,258,19,62
113,260,19,62
151,257,19,62
184,255,19,62
195,256,19,62
229,256,19,62
240,262,19,62
273,253,19,62
287,257,19,62
318,254,19,62
339,256,19,62
360,256,19,62
384,254,19,62
404,255,19,62
413,257,19,62
377,257,19,62
362,255,19,62
334,258,19,62
319,258,19,62
286,257,19,62
259,257,19,62
243,257,19,62
215,258,19,62
195,262,19,62
174,264,19,62
152,261,19,62
127,258,19,62
113,258,19,62
148,259,19,62
157,262,19,62
194,255,19,62
207,260,19,62
239,256,19,62
260,256,19,62
280,260,19,62
310,255,19,62
327,256,19,62
355,256,19,62
368,258,19,62
399,256,19,62
411,255,19,62
409,255,19,62
409,255,19,62
409,255,19,62
409,255,19,62
409,255,19,62
409,255,19,62
409,255,19,62
409,255,19,62
409,255,19,62
409,255,19,62
409,255,19,62
409,255,19,62
409,255,19,62
409,255,19,62
