271,70,78,211
273,74,75,211
273,70,75,211
273,74,75,211
273,68,75,211
271,70,75,211
271,70,75,211
271,70,75,211
271,70,75,211
273,70,75,211
273,70,75,211
271,70,75,211
273,70,75,211
275,70,75,211
273,70,75,211
273,70,75,211
273,70,75,211
273,70,75,211
273,70,75,211
271,70,75,211
275,70,75,211
275,70,75,211
271,70,75,211
273,70,75,211
273,70,75,211
275,70,75,211
273,70,75,211
273,70,75,211
273,70,75,211
273,70,75,211
273,70,75,211
273,70,75,211
273,70,75,211
273,70,75,211
273,70,75,211
273,70,75,211
273,70,75,211
275,70,75,211
273,70,75,211
273,70,75,211
273,70,75,211
273,70,75,211
273,70,75,211
273,70,75,211
273,70,75,211
273,70,75,211
273,70,75,211
273,70,75,211
273,70,75,211
273,70,75,211
273,70,75,211
273,70,75,211
273,70,75,211
273,70,75,211
273,70,75,211
273,70,75,211
273,70,75,211
273,68,75,211
275,70,75,211
273,70,75,211
273,70,75,211
271,70,75,211
271,70,75,211
273,70,75,211
273,70,75,211
273,72,75,211
273,70,75,211
273,70,75,211
269,70,75,211
271,70,75,211
269,72,75,211
269,70,75,211
267,72,79,211
267,72,79,211
271,70,79,211
269,70,79,211
269,72,79,211
267,70,79,211
267,70,79,211
269,70,79,211
267,70,79,211
269,68,79,211
269,68,79,211
269,68,79,213
269,68,79,213
271,68,79,213
271,68,79,213
269,66,79,213
269,66,79,213
269,66,79,213
269,66,79,213
269,66,79,213
269,66,79,213
269,64,79,213
269,66,79,213
271,65,74,216
271,65,74,216
269,67,74,216
268,66,80,217
268,64,80,217
266,64,80,217
265,68,83,217
265,116,83,217
271,159,78,206
267,157,83,222
271,155,80,220
271,155,80,220
273,155,79,220
274,158,79,220
272,160,79,220
274,158,79,220
274,158,79,220
274,160,79,220
276,162,79,220
272,159,82,217
270,161,82,217
272,161,82,217
274,159,82,217
274,161,82,217
272,161,82,217
272,161,82,217
279,165,76,217
279,165,76,217
279,165,80,223
279,167,83,225
280,169,83,225
280,172,87,218
280,174,87,218
284,177,87,218
286,175,87,218
290,177,82,222
292,177,84,223
295,177,80,223
297,177,80,223
297,177,80,223
299,179,83,221
299,183,83,221
290,185,98,231
290,187,98,231
293,196,98,231
296,195,98,231
305,197,91,233
316,195,84,233
316,160,84,233
318,109,80,221
323,119,79,233
326,122,82,230
325,121,87,237
325,123,93,238
329,127,96,236
331,128,97,236
337,128,100,241
341,129,100,241
346,131,107,241
347,128,109,239
351,130,110,236
354,134,107,236
356,134,107,238
361,136,89,247
361,140,89,247
364,144,81,246
363,144,84,249
363,148,84,249
362,150,84,249
362,153,84,249
358,150,93,249
358,152,93,249
354,154,98,246
358,154,98,246
362,156,98,246
365,162,100,248
369,165,97,251
374,168,105,253
376,170,105,253
386,125,97,254
395,79,90,254
396,80,98,257
403,90,97,254
397,88,106,251
407,90,106,251
405,98,112,255
409,95,121,260
413,92,121,260
418,98,121,260
418,100,122,266
419,100,122,266
422,102,118,274
428,106,120,274
427,106,120,274
431,105,117,272
437,106,117,272
439,108,117,272
445,108,114,266
445,112,110,266
455,115,105,268
460,121,101,268
460,121,105,268
469,124,99,268
469,126,100,273
416,130,100,273
365,122,108,271
373,119,98,273
364,124,110,271
367,117,115,276
363,119,115,276
368,124,107,276
370,123,107,276
368,125,107,276
367,124,110,276
361,122,118,279
356,123,124,275
350,127,129,276
340,127,129,276
338,123,133,274
338,126,124,272
333,124,124,272
321,125,121,271
323,125,114,271
325,127,99,270
322,125,93,271
322,127,89,271
316,126,93,269
312,125,96,266
304,122,108,273
299,120,108,273
295,116,108,273
291,112,108,273
292,110,101,279
290,111,101,279
289,109,98,277
283,106,97,271
278,107,103,268
263,107,108,266
164,109,108,266
159,105,98,267
161,108,98,267
156,107,99,271
153,105,99,271
150,104,103,265
146,102,103,265
146,98,97,265
138,95,104,262
135,96,107,258
124,90,125,259
120,91,127,262
120,91,137,264
120,89,137,264
123,87,137,264
123,87,137,264
127,83,137,264
127,79,139,258
129,80,135,258
131,77,130,260
131,75,130,260
129,70,127,260
132,72,120,250
132,70,110,250
132,72,105,250
132,72,92,246
132,70,86,242
127,72,87,242
125,68,87,242
123,68,89,241
123,66,89,241
222,60,83,241
237,57,83,241
229,52,80,238
227,48,87,242
229,51,83,245
227,50,83,245
225,46,87,251
222,44,93,251
220,44,98,254
214,42,105,250
212,41,105,250
212,42,101,246
219,36,95,246
223,32,95,246
222,29,95,246
228,36,83,239
228,32,83,239
227,33,81,236
226,32,81,236
222,30,81,236
220,25,81,236
217,29,82,235
216,28,82,235
216,32,82,235
210,74,89,234
209,128,91,232
200,112,95,236
202,106,95,236
202,109,101,235
198,107,101,235
195,105,99,232
191,107,99,232
189,107,95,231
186,103,95,231
188,103,93,232
190,105,93,232
186,105,93,232
193,100,79,226
190,99,79,226
188,97,79,226
188,95,79,226
185,94,79,226
185,93,81,228
185,91,81,228
180,92,81,228
178,90,81,228
178,92,81,228
173,89,81,228
169,90,84,225
159,87,92,225
157,83,92,225
155,82,92,225
152,80,92,225
157,82,88,225
154,82,88,219
155,81,87,217
157,81,81,215
155,79,81,215
155,79,81,215
150,77,86,217
152,77,86,217
148,72,89,223
148,72,89,223
146,70,89,223
144,68,89,223
142,68,89,223
140,67,89,223
138,67,89,223
137,66,91,221
131,66,92,217
131,66,92,217
127,66,92,217
127,68,86,216
123,67,86,216
120,65,86,210
120,63,86,210
119,62,78,210
116,61,80,205
115,60,80,205
112,60,80,205
114,116,80,205
112,151,82,202
116,150,82,205
107,145,88,212
109,146,90,214
104,145,92,213
102,143,92,213
104,145,92,213
104,143,92,213
114,138,79,217
116,140,75,213
116,140,75,213
117,139,71,209
117,139,71,209
117,139,71,209
116,135,71,204
113,135,79,202
113,133,80,201
113,133,80,201
113,133,80,201
107,131,87,205
107,131,87,205
107,131,87,205
107,129,87,205
107,129,87,205
101,126,87,205
103,126,87,205
103,126,89,201
105,126,89,201
103,126,84,203
110,130,78,201
182,128,78,201
220,131,69,201
220,127,69,201
221,123,69,201
216,131,76,201
210,124,84,203
210,126,84,203
209,129,91,201
209,127,91,201
211,131,91,201
211,135,93,204
216,130,93,204
212,132,93,204
221,134,89,203
229,134,78,207
229,132,78,207
237,136,70,205
237,136,70,205
237,136,75,205
239,138,75,205
237,142,90,212
240,143,96,213
240,145,96,213
240,147,101,213
242,151,123,213
242,151,123,213
252,152,110,211
253,152,92,210
260,154,73,210
261,154,70,211
265,161,69,208
269,161,69,208
265,162,83,211
260,163,93,211
256,165,105,211
258,167,105,211
262,167,100,213
267,167,105,219
267,166,105,219
282,165,95,221
288,166,89,219
292,170,89,219
294,174,89,219
302,179,80,221
303,179,82,227
308,180,86,226
307,181,86,226
310,184,97,225
308,184,97,225
313,107,99,225
313,93,105,221
317,97,113,224
320,99,117,223
327,101,117,223
327,103,117,223
335,109,118,226
338,105,115,230
341,109,115,230
346,108,104,233
346,106,104,233
362,112,82,234
369,117,76,226
371,115,80,230
373,119,86,230
373,119,91,234
367,119,104,234
371,125,104,234
364,125,110,238
367,126,110,238
377,126,101,242
384,126,95,241
392,126,84,238
394,128,84,238
401,132,81,239
402,135,93,241
402,136,106,246
406,140,115,247
407,142,124,249
412,144,126,250
344,150,126,250
306,146,126,250
314,149,124,245
314,151,124,245
318,150,112,246
324,151,105,246
329,157,89,254
336,158,81,255
340,161,81,255
342,163,81,255
340,165,91,268
336,166,97,268
345,170,89,260
348,170,89,260
347,172,89,260
350,174,93,258
354,174,93,258
354,176,95,256
360,180,95,256
363,184,95,256
367,187,100,261
369,190,99,263
380,187,99,259
380,191,99,259
388,191,109,258
386,193,109,258
391,145,101,256
399,105,95,255
403,107,89,262
406,112,93,271
407,113,91,278
409,115,91,278
409,119,91,278
412,121,91,278
412,121,91,278
412,125,91,278
414,124,91,278
414,124,91,278
414,128,97,278
414,128,97,278
412,128,97,278
416,130,97,278
412,132,103,284
414,137,98,282
416,135,98,282
413,138,103,285
414,144,100,285
414,144,100,285
408,144,106,287
410,144,106,287
408,146,106,287
408,148,106,287
406,146,106,287
333,154,106,287
300,154,103,280
287,156,108,280
287,158,108,280
290,156,101,279
280,157,101,279
278,158,101,279
280,152,101,279
274,153,107,281
270,150,107,281
261,144,107,281
253,143,115,283
244,145,115,283
245,142,101,283
236,138,99,280
229,139,104,280
229,139,104,280
218,138,110,278
215,136,107,279
208,141,110,275
204,136,110,275
197,130,121,274
192,132,121,274
189,131,121,274
189,127,121,274
189,126,104,263
189,126,104,263
186,122,97,268
184,122,97,268
186,124,97,268
184,120,97,268
184,122,97,268
184,116,97,268
183,114,97,268
239,110,97,271
297,107,96,271
292,96,100,270
287,99,96,265
290,101,96,261
283,94,101,259
276,94,106,262
274,96,106,262
272,95,106,262
268,91,106,262
268,91,106,262
268,93,106,262
270,89,96,254
271,96,91,247
269,102,90,240
273,110,83,230
269,119,88,221
269,123,88,221
272,136,85,204
265,141,98,199
261,145,103,193
263,152,100,189
261,160,103,182
261,163,104,175
263,169,100,171
261,182,98,164
261,182,97,160
263,190,96,152
263,193,89,150
263,193,89,150
261,193,93,147
261,193,93,147
261,195,95,147
262,196,97,147
261,196,93,145
259,200,96,141
259,198,96,141
259,202,96,141
259,202,96,141
259,198,96,141
259,202,96,141
259,198,93,143
259,198,93,143
259,200,93,143
259,200,93,143
259,202,93,143
259,202,93,143
259,200,93,143
259,200,93,143
259,202,93,143
259,200,93,143
259,200,93,143
259,200,93,143
259,200,93,143
259,200,93,143
259,200,93,143
259,198,93,143
259,200,93,143
259,200,93,143
259,200,93,143
259,202,93,143
259,200,93,143
259,200,93,143
259,200,93,143
259,200,93,143
259,202,93,143
259,202,93,143
259,200,93,143
259,200,93,143
259,200,93,143
259,200,93,143
259,200,93,143
259,198,93,143
259,200,93,143
259,198,93,143
259,200,93,143
259,200,93,143
259,198,93,143
259,196,93,143
259,197,93,143
259,194,98,147
259,192,98,147
259,192,95,149
256,193,95,149
256,193,99,150
254,191,99,150
257,188,100,151
257,187,100,152
257,184,106,154
263,179,100,160
259,174,103,164
263,168,100,167
263,159,104,173
259,152,103,179
266,138,97,204
261,130,103,211
259,121,105,219
259,111,102,230
259,105,103,232
250,93,116,237
236,89,125,238
233,83,125,238
225,78,129,246
219,73,133,247
204,71,142,250
208,73,142,250
203,71,142,250
201,71,141,249
201,71,141,249
236,67,99,251
234,63,99,251
234,59,99,251
229,57,93,246
225,59,92,241
221,58,93,242
214,57,93,242
212,55,83,243
210,54,83,243
205,57,88,242
209,151,88,242
203,154,88,242
195,146,99,243
186,144,108,245
184,144,108,245
186,141,108,236
186,134,108,245
181,134,115,236
181,130,115,236
181,126,115,236
181,126,110,232
180,125,110,232
180,121,110,232
181,120,92,230
178,119,87,239
173,120,95,235
177,113,93,243
168,113,97,244
172,113,97,237
180,110,92,239
185,110,88,239
185,106,88,239
182,102,88,239
173,103,95,231
170,103,101,230
166,100,101,230
172,99,93,236
172,97,93,236
172,95,93,236
174,97,87,233
172,95,90,236
175,92,93,230
172,87,93,230
168,87,93,230
168,87,93,230
168,87,84,222
168,89,84,222
163,87,90,222
158,86,97,225
158,84,97,225
158,84,97,225
158,84,97,225
163,83,84,221
163,83,84,221
163,81,84,221
163,78,84,221
163,78,79,215
163,80,79,215
163,80,79,215
163,78,79,215
163,78,79,215
163,78,79,215
163,78,79,215
163,80,79,215
163,80,79,215
165,80,79,215
167,82,79,215
165,82,79,215
171,84,79,215
169,84,79,215
169,86,76,223
169,86,76,223
169,86,76,223
169,86,76,223
171,88,76,223
173,90,76,217
175,90,76,217
178,92,76,217
178,94,76,217
184,96,76,217
183,96,86,218
183,100,86,218
186,101,86,218
190,103,86,218
192,102,84,228
194,102,90,228
197,102,90,228
197,102,90,228
203,104,93,225
205,106,93,225
210,105,93,225
210,107,101,233
217,111,101,233
217,114,101,233
217,116,106,237
218,117,106,237
218,115,104,243
218,115,104,243
218,119,105,237
218,119,105,237
218,121,104,237
218,123,104,237
228,126,93,230
229,130,93,230
229,129,106,232
229,131,106,232
237,135,106,232
244,135,106,232
244,136,109,235
249,137,109,236
246,137,109,236
248,139,109,236
246,137,115,239
246,135,115,239
258,137,115,239
259,141,121,234
263,141,121,234
267,143,121,234
276,147,112,235
276,153,112,235
278,155,112,235
282,158,99,247
290,158,93,258
295,162,87,258
297,162,87,258
301,166,87,252
299,164,87,252
306,165,87,252
308,169,87,252
310,170,97,251
312,172,97,251
311,176,97,251
311,176,100,259
316,180,100,259
316,180,91,262
319,186,91,262
319,184,91,262
328,184,91,262
322,158,100,260
322,122,100,260
329,96,89,253
330,102,92,253
327,106,92,253
329,107,88,246
325,112,91,246
322,115,96,246
316,113,105,239
303,117,115,237
299,119,115,237
295,118,121,232
287,115,126,233
285,115,126,235
285,115,126,235
285,105,131,238
282,102,132,244
280,99,132,244
282,94,132,244
285,91,132,244
286,86,121,248
284,88,110,238
284,88,110,238
285,83,104,239
287,81,104,239
291,79,96,249
293,75,96,249
291,74,96,249
300,70,81,257
299,69,75,253
301,65,75,253
295,62,75,253
295,63,73,248
286,63,83,244
283,61,89,245
280,59,89,245
269,55,96,246
263,55,96,246
258,51,96,246
254,51,96,246
254,50,96,246
259,48,71,248
259,44,71,248
244,43,76,246
233,46,87,239
226,44,93,238
210,42,110,238
210,42,110,238
210,42,110,238
206,42,110,233
206,38,110,233
195,38,100,232
191,38,100,232
191,36,91,234
189,36,84,234
187,31,86,241
180,30,84,240
178,30,89,244
172,29,97,243
170,29,97,243
172,31,97,237
172,81,97,237
172,119,91,243
173,113,90,242
173,103,90,242
173,107,82,235
173,103,82,235
173,105,79,229
169,104,84,229
172,107,81,230
169,104,81,230
169,106,81,230
169,102,76,231
167,97,76,231
167,97,76,231
163,90,83,230
161,90,89,222
161,91,93,222
161,89,93,222
161,87,93,222
163,85,93,222
167,87,93,222
163,88,100,221
167,88,96,221
172,85,96,221
172,85,96,221
177,85,91,220
177,85,91,220
186,85,83,221
189,85,79,216
197,83,79,216
197,85,83,215
203,85,76,212
273,83,76,212
307,87,81,208
328,92,78,205
320,82,87,205
320,84,87,205
319,83,87,205
324,80,80,213
324,80,80,213
328,80,80,213
329,77,80,213
329,77,80,213
317,77,89,210
314,73,89,210
308,81,93,199
308,88,95,191
304,90,97,190
301,97,100,181
299,97,100,181
299,97,100,181
296,112,110,168
296,110,110,168
292,110,110,168
291,126,113,151
291,124,113,151
291,129,118,147
291,129,118,147
291,130,118,142
291,130,118,142
291,132,118,142
291,132,118,142
295,129,118,142
295,131,118,142
295,133,118,142
295,129,118,142
295,129,118,142
295,131,118,142
295,128,117,147
295,126,117,147
287,125,117,147
287,125,117,147
282,125,117,147
280,120,120,153
283,116,120,159
280,98,105,177
280,88,104,188
280,86,104,190
280,81,95,192
280,78,84,197
278,76,84,197
272,70,82,201
266,66,82,211
263,67,83,208
261,61,80,213
263,61,80,213
259,58,80,214
252,57,80,214
242,53,80,214
242,52,82,214
239,47,73,221
238,47,73,221
233,47,76,216
231,45,76,216
229,46,72,212
226,50,76,209
224,48,81,209
219,50,86,209
219,50,86,209
212,48,86,209
215,46,86,209
210,43,82,208
208,42,86,208
206,42,86,208
198,38,83,207
198,38,83,207
195,34,83,207
190,36,83,207
185,36,89,208
185,33,89,208
187,37,89,208
189,33,89,208
185,35,89,208
185,33,89,208
181,33,89,208
183,33,87,205
184,30,86,204
184,30,86,204
183,26,86,204
183,48,86,204
183,82,86,204
186,120,75,197
182,117,76,198
184,113,75,203
180,114,75,203
180,115,72,202
176,117,72,202
174,117,72,202
171,115,72,202
167,115,72,202
164,113,72,202
161,110,78,200
155,108,83,201
155,109,82,197
155,109,82,197
150,107,82,197
150,109,82,197
147,109,87,196
149,107,87,196
149,105,87,196
157,107,73,197
157,105,73,197
157,107,73,197
159,104,73,197
157,104,73,197
158,104,67,189
158,106,67,189
158,104,71,186
156,98,71,192
159,99,71,192
158,96,71,192
158,94,71,192
158,96,71,192
158,94,71,192
158,96,71,192
152,92,71,192
152,94,65,193
154,94,59,192
155,94,57,186
153,90,57,186
149,86,54,187
151,86,54,187
153,82,48,192
153,84,48,192
151,86,48,192
151,84,48,192
138,82,59,187
131,86,66,182
135,84,66,182
235,90,55,180
252,85,59,180
244,83,59,180
237,80,67,184
241,80,65,180
236,73,65,180
233,74,64,180
227,73,64,180
231,72,58,177
231,76,58,177
226,72,58,177
222,70,62,177
222,74,62,177
218,71,64,177
220,71,64,177
220,73,64,177
220,73,64,177
218,71,64,177
222,72,56,178
222,72,56,178
222,70,56,178
222,72,56,178
222,70,61,182
222,70,61,182
222,74,61,182
222,72,61,182
223,73,58,186
223,77,58,186
223,75,58,186
227,75,54,186
227,77,54,186
227,77,54,186
227,77,54,186
231,79,54,186
229,79,54,186
231,81,54,186
229,82,62,180
229,82,66,180
231,84,71,178
232,85,71,178
235,85,71,178
240,87,71,178
244,84,64,183
244,84,64,183
245,86,64,183
245,86,64,183
248,88,64,183
250,88,64,183
250,90,65,186
257,88,56,190
266,90,49,197
266,90,49,197
266,90,49,197
266,92,49,197
267,97,49,195
267,97,49,195
267,95,49,195
262,97,55,195
253,97,63,193
253,97,63,193
251,102,64,188
251,102,64,188
252,108,64,188
252,108,64,188
252,106,63,192
250,108,63,192
248,109,63,192
246,109,63,192
244,111,63,192
241,111,69,196
239,110,74,197
233,115,83,192
233,115,83,192
233,115,83,192
235,115,83,192
237,119,83,192
239,119,83,192
243,123,80,193
250,124,74,194
245,124,74,194
252,122,69,197
260,122,63,197
262,122,63,197
263,120,63,197
265,120,70,197
269,122,70,197
274,123,74,199
273,124,76,202
280,126,72,205
280,132,72,205
284,132,67,209
284,132,67,209
284,132,67,209
290,138,67,209
290,138,67,209
297,138,67,209
297,138,67,209
299,142,65,206
307,142,65,206
307,142,65,206
310,143,65,206
314,143,65,206
311,145,73,209
317,145,73,209
316,151,73,209
318,151,73,209
322,153,73,209
322,153,73,209
322,153,73,209
327,153,73,209
333,156,73,209
333,156,73,209
337,157,79,216
337,157,79,216
341,159,79,216
341,158,79,216
341,160,79,216
341,160,79,216
341,162,79,216
341,162,79,216
345,164,79,216
347,162,79,216
345,164,79,216
350,164,79,216
354,166,79,216
354,166,79,216
357,168,79,216
359,170,79,216
364,174,79,216
365,174,79,216
369,176,79,216
371,175,74,220
376,174,74,220
376,174,74,220
379,174,74,220
379,174,82,221
381,174,88,221
382,178,88,221
382,176,93,225
382,176,95,228
380,182,95,228
312,190,95,228
278,181,89,228
276,187,92,221
273,197,92,221
274,192,92,228
274,194,92,228
273,195,92,228
273,195,92,228
275,197,92,228
279,199,92,228
275,197,92,228
277,199,92,228
277,203,92,228
277,203,92,234
277,205,92,234
276,210,92,234
275,211,92,234
280,212,84,242
279,212,84,242
279,216,84,242
279,212,84,242
272,212,89,243
270,216,89,243
270,216,93,243
270,216,93,243
274,223,90,234
270,225,93,232
270,227,93,232
270,227,93,232
266,234,93,225
266,234,93,225
266,234,93,225
262,232,93,225
256,236,98,224
256,236,98,224
253,235,98,225
252,235,98,225
252,235,98,225
252,244,98,216
252,244,98,216
254,225,93,231
253,157,88,266
252,160,92,262
248,168,95,258
252,167,95,258
252,163,95,258
252,169,95,258
251,170,95,258
249,168,95,258
249,172,95,258
249,174,95,258
252,175,95,258
254,177,95,258
248,181,95,270
250,184,90,264
250,182,87,269
250,182,87,269
249,185,87,269
244,191,87,269
243,199,90,258
243,201,93,256
243,207,95,250
243,207,95,250
241,222,93,237
241,222,93,237
246,232,90,226
242,245,96,210
246,258,88,201
246,266,93,193
246,275,92,183
246,282,93,176
246,282,93,176
246,282,93,176
246,286,100,172
246,295,103,163
246,295,103,163
246,303,103,155
246,303,103,155
246,303,103,155
252,307,96,151
252,307,96,151
252,317,93,141
252,317,93,141
252,317,93,141
252,317,93,141
252,317,93,141
252,305,93,151
252,307,99,151
252,306,101,147
252,306,101,147
252,310,101,147
252,310,101,147
252,316,97,140
251,322,97,138
252,328,97,128
252,334,98,124
252,334,98,124
252,336,98,118
252,334,98,118
252,334,98,118
252,330,98,126
252,330,103,123
252,330,103,123
252,328,103,127
252,330,103,127
252,328,103,127
252,328,103,127
252,328,103,127
252,328,103,127
252,330,103,127
252,328,103,127
252,328,103,127
252,328,103,127
252,328,103,127
248,330,103,127
248,330,103,127
248,330,103,127
248,330,103,127
248,330,103,127
248,330,103,127
252,330,103,127
254,328,103,127
256,328,103,127
259,330,95,126
259,328,95,126
259,328,95,126
259,330,95,126
259,328,95,126
257,328,98,123
257,328,98,123
257,332,98,123
259,330,98,123
261,328,98,123
257,330,98,123
257,330,98,123
257,330,98,123
257,330,98,123
257,330,98,123
259,330,98,123
255,330,100,124
257,330,100,124
257,328,100,124
257,328,100,124
257,330,100,124
257,330,100,124
257,328,100,124
257,330,100,124
257,328,100,124
253,332,100,124
253,332,100,124
253,330,100,124
253,332,100,124
253,330,100,124
253,330,100,124
253,330,100,124
253,330,100,124
253,330,100,124
253,334,100,124
253,330,100,124
253,330,100,124
253,330,100,124
253,330,100,124
253,330,100,124
253,330,100,124
255,330,100,124
257,330,100,124
253,328,100,124
255,330,100,124
253,330,100,124
253,330,100,124
253,330,100,124
250,330,100,124
254,330,100,124
250,330,100,124
250,330,100,124
254,330,100,124
254,328,100,124
254,330,100,124
250,334,100,124
250,330,100,124
250,330,100,124
254,330,100,124
250,330,100,124
254,330,100,124
254,330,100,124
254,330,100,124
256,330,100,124
256,332,100,124
254,328,100,124
256,330,100,124
256,330,100,124
256,330,100,124
254,330,100,124
256,330,100,124
254,332,100,124
254,330,100,124
254,330,100,124
254,332,100,124
256,330,100,124
254,330,100,124
256,330,100,124
254,330,100,124
254,330,100,124
252,332,100,124
254,330,100,124
254,330,100,124
254,330,100,124
254,332,100,124
254,330,100,124
254,330,100,124
250,330,100,124
250,310,100,124
250,238,100,124
250,240,100,124
250,240,100,124
250,238,100,124
250,242,100,124
250,242,100,124
248,240,100,124
248,242,100,124
248,244,95,124
248,244,95,124
241,243,95,124
236,240,95,124
232,240,103,124
222,237,113,127
221,235,113,127
215,227,118,131
208,220,130,139
208,217,130,145
208,213,130,145
202,203,131,156
202,199,131,166
198,190,133,180
205,184,127,188
203,181,130,193
205,181,130,205
205,177,126,198
205,174,124,219
207,168,124,223
207,161,121,233
209,152,117,244
212,140,110,253
212,136,110,257
218,128,98,259
222,124,91,267
232,118,82,272
232,118,82,272
232,118,82,272
232,114,82,275
232,108,81,280
232,112,81,280
232,110,81,280
232,110,81,280
232,108,81,280
227,104,87,281
227,102,87,273
220,103,97,265
220,103,97,265
214,101,105,267
216,99,105,267
214,101,105,267
214,99,105,267
216,99,98,262
212,96,98,262
212,96,96,262
210,92,96,262
205,90,96,262
205,90,96,262
204,87,93,253
204,87,93,253
202,87,93,253
201,90,93,253
201,86,93,253
201,86,93,253
197,82,99,258
201,142,99,258
210,180,76,256
211,169,76,267
210,161,84,262
210,161,84,262
208,155,87,254
203,158,92,253
203,152,92,253
202,153,92,253
202,151,92,253
202,149,92,253
200,150,92,253
200,148,92,253
195,146,92,253
190,143,92,253
190,141,92,253
182,141,99,240
182,139,99,240
178,136,103,240
178,134,103,240
178,135,103,240
175,135,103,240
173,133,103,240
175,133,103,240
173,135,103,240
175,129,103,240
173,127,103,240
178,123,103,240
180,121,100,234
180,116,100,234
180,112,100,234
180,111,100,234
178,113,100,234
174,111,100,234
172,110,100,234
161,107,100,234
151,105,112,230
147,104,117,223
138,100,129,225
134,98,142,227
125,98,149,227
122,98,149,227
122,98,149,227
135,94,137,225
142,91,118,227
149,89,118,227
151,84,100,233
151,84,87,227
151,84,87,227
148,84,86,217
144,82,86,223
141,82,93,220
138,79,104,221
138,81,109,223
138,81,113,222
138,81,113,222
127,79,113,222
125,77,113,222
123,75,113,222
127,71,113,222
133,71,96,228
135,71,98,226
137,71,79,229
141,71,79,229
141,69,79,229
141,69,79,229
144,71,79,229
142,71,79,229
142,71,79,229
149,75,69,225
147,75,69,225
147,75,69,225
147,75,76,225
147,77,84,222
147,79,84,222
147,79,84,222
149,83,98,221
151,82,98,221
151,84,107,217
151,84,116,221
151,84,116,221
157,84,116,221
157,84,120,226
157,84,120,226
165,84,120,226
167,86,112,226
171,85,120,226
173,85,120,226
173,86,121,224
171,88,121,224
171,88,121,227
180,87,104,231
178,89,110,232
178,87,98,234
178,87,89,234
180,91,89,234
180,89,89,234
184,93,79,235
184,97,79,235
184,97,79,235
182,99,79,235
182,97,79,235
184,101,79,235
184,101,79,235
186,101,79,235
184,105,81,227
188,105,81,227
190,108,88,225
190,107,92,233
190,107,92,233
191,111,92,233
195,112,92,233
199,115,92,233
201,111,90,238
209,111,84,238
210,112,83,235
212,112,83,235
212,112,83,235
212,118,83,235
214,115,80,234
214,121,80,234
217,126,78,242
217,126,78,242
214,133,78,248
214,129,78,248
214,131,78,248
207,135,89,243
207,139,89,243
212,143,80,247
212,143,80,247
216,147,76,250
216,147,76,250
218,148,78,253
222,150,78,253
223,147,79,255
221,151,88,253
220,151,88,253
217,157,96,246
212,159,105,250
212,161,117,259
211,166,117,253
205,170,129,256
205,168,129,256
206,176,129,259
205,174,129,259
207,174,129,259
209,175,123,256
207,175,123,256
220,177,110,259
224,175,115,253
225,179,109,257
229,179,104,257
233,181,104,257
239,188,98,261
237,188,98,261
243,189,98,262
244,188,98,262
248,192,98,262
248,190,98,262
248,154,98,262
243,101,105,264
242,106,110,265
243,109,112,266
244,109,112,264
244,111,116,263
242,115,116,275
242,113,124,272
240,115,124,278
240,121,124,280
240,123,124,279
240,125,124,287
240,126,124,279
241,128,115,282
237,126,115,282
235,133,110,279
233,133,105,275
233,133,108,277
237,133,108,277
242,138,104,272
244,138,104,272
252,138,104,272
252,142,110,271
248,143,124,271
251,146,124,271
255,146,124,271
257,151,131,274
253,146,131,278
253,146,131,278
269,146,123,280
276,147,115,281
280,145,115,281
288,153,110,272
296,155,105,286
296,155,110,287
296,154,112,291
301,156,115,291
299,156,115,291
297,159,127,282
303,163,121,290
309,165,116,291
307,163,116,287
307,167,122,287
314,167,113,281
314,169,113,281
330,172,100,286
324,172,113,280
328,172,104,280
328,172,104,280
337,170,93,278
337,166,93,288
331,164,104,292
323,163,121,294
318,162,133,295
316,159,135,296
312,158,144,289
308,154,144,289
307,150,144,289
308,148,141,289
307,142,140,289
307,140,140,289
307,144,140,281
307,144,140,281
307,146,140,281
309,142,140,281
309,144,140,281
309,142,140,281
316,137,131,287
318,135,129,287
320,131,125,287
322,130,125,287
320,129,125,284
326,127,117,279
328,127,117,275
327,123,117,275
327,123,117,268
327,125,117,268
331,124,113,269
331,124,113,269
331,120,113,269
331,120,113,269
331,118,113,269
331,118,110,273
333,116,110,273
333,122,110,273
339,117,110,273
339,117,110,273
339,117,110,273
341,111,117,275
341,111,117,275
341,115,117,261
346,117,115,255
346,121,112,257
346,123,112,250
350,126,107,250
352,130,107,242
356,137,104,234
356,147,106,225
356,150,107,222
356,159,115,211
356,168,113,204
356,176,112,196
363,186,105,186
363,186,105,186
363,198,105,174
359,203,107,167
357,210,106,163
355,221,107,151
353,221,107,151
355,217,107,151
350,216,117,147
350,210,117,159
346,206,117,165
344,195,122,176
342,190,125,182
338,177,127,193
339,169,127,202
339,158,130,213
339,152,129,217
339,143,123,226
339,137,121,230
339,133,121,236
339,134,118,231
345,129,106,235
345,127,106,235
354,125,100,237
354,123,100,237
358,119,100,237
361,119,97,241
361,108,97,241
365,106,97,241
365,104,97,241
367,102,97,241
367,94,97,249
371,94,97,251
367,89,90,256
367,87,90,258
367,84,89,262
365,80,89,264
361,80,89,262
358,75,91,261
358,73,91,261
356,71,91,261
354,64,91,261
354,64,91,261
356,64,84,252
356,60,84,252
350,61,93,249
350,61,93,249
350,61,93,249
350,61,93,249
348,58,90,251
345,59,90,251
345,59,90,251
345,55,90,251
342,52,90,251
344,47,89,250
341,47,89,250
343,38,89,250
338,40,93,240
336,42,93,240
339,37,93,240
335,39,93,240
335,39,93,240
335,37,93,240
335,39,93,240
335,35,93,240
334,37,88,244
334,31,88,244
334,29,86,248
329,24,88,244
329,38,88,244
340,122,73,234
328,111,84,235
327,111,84,235
328,116,84,235
328,118,84,227
328,112,84,227
321,111,91,232
309,107,96,238
309,107,96,232
301,107,100,233
293,107,104,232
288,101,110,232
286,104,110,232
286,102,110,232
286,98,110,232
286,100,110,232
285,103,104,226
288,104,104,226
290,102,100,226
290,104,100,226
286,103,100,226
286,103,100,226
274,102,110,229
274,106,110,221
274,108,110,221
268,104,110,229
266,104,103,227
268,104,96,227
257,103,87,229
254,105,86,224
248,107,86,224
243,105,83,223
236,109,83,223
229,108,92,223
222,106,97,224
222,108,97,224
215,108,106,225
212,106,109,225
211,106,109,225
207,104,109,225
207,108,106,223
199,98,110,228
172,98,89,229
157,98,95,229
146,100,106,224
139,84,112,238
132,85,112,238
132,89,112,232
124,92,121,229
124,94,121,229
124,98,124,223
124,100,118,223
116,98,113,224
112,98,105,226
104,101,99,221
97,102,99,221
95,101,99,221
93,99,99,221
83,99,106,222
80,102,106,221
80,100,106,221
74,100,106,221
71,97,106,221
71,97,106,221
69,94,95,223
65,94,95,223
59,92,82,221
53,90,95,225
47,90,91,228
42,90,91,228
23,92,109,222
22,94,116,223
50,99,116,218
124,97,110,219
115,89,115,219
113,96,110,216
108,94,108,220
108,92,106,218
103,91,103,223
99,95,97,221
97,89,89,223
96,92,76,222
91,92,76,222
93,90,66,224
89,90,69,224
81,90,78,221
75,90,87,221
62,93,90,217
64,93,90,217
64,97,90,217
59,95,90,217
59,93,95,221
55,95,95,221
54,99,104,219
144,93,133,217
137,91,147,220
139,90,155,217
137,91,155,217
137,91,155,217
143,90,147,223
152,92,131,220
152,92,131,220
159,91,126,221
167,91,110,221
169,93,110,221
175,90,98,223
178,94,98,223
186,92,98,223
192,92,92,223
199,95,97,223
200,96,105,227
200,94,109,230
200,96,113,233
200,96,109,234
200,96,109,234
202,104,109,234
205,103,100,238
205,102,100,238
212,104,95,238
212,104,95,238
214,104,95,238
217,104,95,238
220,105,95,238
218,105,95,238
223,106,99,233
227,111,99,233
229,111,99,233
235,112,99,233
235,115,99,233
236,117,106,236
236,117,106,236
244,118,104,239
244,118,104,239
249,119,104,239
249,121,104,239
249,119,104,239
259,120,96,238
261,122,96,238
269,123,91,239
269,123,91,242
271,123,91,242
271,125,103,246
273,128,103,246
271,131,114,244
271,136,114,246
271,138,122,247
270,141,122,247
280,139,109,257
187,139,95,251
174,151,118,241
172,151,118,241
178,154,110,234
176,156,110,234
182,160,110,234
186,161,110,234
188,161,110,234
192,166,110,234
195,170,110,234
199,167,110,234
206,169,110,240
211,163,107,246
214,167,104,246
218,167,104,246
220,170,110,240
220,172,110,240
222,174,110,240
227,170,107,250
231,172,107,250
231,174,107,250
250,180,103,262
246,182,103,262
248,182,103,262
252,184,103,262
254,184,103,262
260,190,96,254
263,193,106,261
272,195,98,262
272,197,103,257
276,197,103,257
276,201,115,250
280,201,115,250
284,199,115,258
291,201,101,253
296,201,101,253
301,167,101,253
299,129,101,253
303,108,100,277
303,115,100,278
307,124,100,278
312,130,98,283
310,134,98,283
314,136,98,283
314,136,98,283
316,139,98,280
318,139,98,280
316,141,104,280
314,139,104,280
310,147,112,287
311,150,112,287
309,150,112,287
309,152,112,287
312,154,112,287
312,156,110,299
312,156,110,299
309,155,110,299
309,153,110,299
309,151,110,299
309,159,100,291
309,157,100,291
319,159,90,287
319,161,90,287
319,161,90,287
313,158,90,287
318,154,84,291
320,154,84,291
326,152,84,299
322,153,84,291
324,153,84,291
318,148,90,295
318,144,90,295
302,142,106,295
304,141,106,295
314,142,100,287
313,140,100,287
318,140,96,281
316,138,96,281
314,140,96,281
316,139,96,281
312,139,96,281
310,137,96,281
307,132,100,283
307,136,100,283
303,132,100,283
301,131,100,283
299,131,100,283
295,125,100,283
295,123,100,283
293,121,100,283
299,119,91,273
295,117,91,273
295,117,91,273
295,115,91,273
296,114,91,273
296,112,91,273
296,114,91,273
299,114,91,273
297,112,93,273
299,112,93,273
303,106,93,273
305,102,93,273
305,104,93,273
307,99,93,263
309,99,93,263
309,95,93,263
312,95,95,262
312,93,95,262
310,93,95,262
310,91,95,262
312,93,95,262
310,89,95,262
310,87,95,262
308,87,95,262
308,82,95,262
306,80,95,262
307,78,95,262
307,76,95,262
307,74,88,258
307,74,88,258
306,73,88,258
308,73,88,258
310,69,88,258
306,73,93,251
310,71,93,251
312,68,93,251
312,70,93,251
314,70,93,251
317,67,93,251
317,65,93,251
331,55,91,244
331,57,91,244
336,53,88,244
336,51,88,244
336,49,88,244
336,53,88,244
336,45,88,252
339,44,88,244
339,56,88,244
343,101,86,249
347,126,80,241
347,124,81,247
347,118,81,247
354,125,76,244
350,119,84,244
351,119,96,242
351,121,96,242
351,121,96,242
354,121,104,241
354,119,104,241
361,119,104,241
359,115,104,241
362,116,104,241
362,114,104,241
373,120,96,235
375,120,93,232
375,118,93,232
380,116,96,230
378,118,96,230
389,118,90,229
389,118,90,229
389,120,90,229
392,118,90,229
392,118,90,229
389,118,98,228
393,118,98,228
393,116,98,228
403,118,89,228
398,129,98,228
403,177,98,228
418,210,76,228
415,205,81,236
418,203,81,236
415,207,86,228
413,205,86,228
411,205,86,228
416,203,87,235
413,199,87,235
415,199,87,235
419,198,87,235
419,190,87,235
419,192,92,231
420,190,92,234
420,186,92,234
420,184,92,234
420,188,92,234
420,184,92,234
420,186,92,234
420,184,92,234
420,186,93,229
424,184,93,229
426,186,93,229
426,184,93,229
426,184,93,229
429,180,93,229
336,183,89,223
317,177,88,221
320,181,88,221
320,175,88,221
320,179,88,221
317,175,88,221
317,175,88,221
317,175,88,221
312,173,88,221
308,171,88,221
305,170,88,221
303,168,88,221
303,166,88,221
299,166,88,221
295,168,88,221
292,166,88,221
290,165,89,215
290,165,89,215
283,164,89,215
283,164,89,215
282,162,89,215
280,160,89,215
280,160,89,215
280,160,89,215
277,156,89,215
277,158,89,215
284,150,76,217
280,150,76,217
277,152,76,217
270,146,76,217
270,150,76,217
270,148,76,217
263,150,76,217
260,143,76,217
249,142,88,216
249,144,88,216
249,144,88,216
249,146,88,216
255,144,76,213
255,144,76,213
249,142,76,213
249,144,76,213
249,144,76,213
246,140,75,207
242,138,75,207
238,139,75,207
240,137,65,203
238,139,65,203
236,139,63,203
234,141,63,203
234,138,63,203
232,138,63,203
227,138,63,203
227,136,63,203
221,134,63,203
220,132,62,209
218,130,62,209
218,130,58,208
216,132,58,208
210,132,58,208
209,132,62,208
199,131,69,206
201,133,69,206
191,135,76,209
191,135,76,209
191,135,76,209
189,137,78,210
189,137,78,210
185,137,72,211
184,139,72,211
181,141,72,211
177,141,78,211
169,141,86,212
169,141,86,212
169,147,86,205
169,151,86,205
164,150,86,205
167,155,81,209
167,151,81,209
165,153,73,215
163,149,73,215
163,149,73,215
163,151,73,215
163,151,73,215
155,151,76,215
157,153,76,215
156,155,76,215
158,155,76,215
157,160,76,215
160,161,76,215
163,161,76,215
161,161,76,215
166,165,72,221
170,165,72,221
167,167,76,219
167,165,76,219
167,165,76,219
169,167,76,219
169,167,76,219
169,176,76,219
169,176,76,223
203,178,82,227
262,175,76,222
277,180,82,222
278,176,87,228
279,182,83,228
273,182,83,228
274,179,81,231
274,181,81,231
276,181,81,231
276,181,81,231
276,183,81,231
275,187,81,231
275,185,79,235
277,187,79,235
278,192,79,235
278,192,79,235
280,192,79,235
280,192,79,235
280,195,79,235
280,197,79,235
280,195,79,235
284,195,79,235
280,199,79,235
280,201,79,235
282,202,79,235
284,208,79,235
284,204,79,235
282,208,79,235
277,211,79,235
277,209,82,243
273,213,82,243
271,210,82,243
271,212,82,243
271,212,82,243
269,212,82,243
267,214,82,243
267,217,82,243
267,217,82,243
267,219,82,241
267,219,82,241
267,227,82,233
267,227,82,233
267,227,82,233
271,227,82,233
267,227,82,233
271,232,86,225
271,232,86,225
273,234,86,225
269,234,95,221
273,238,95,221
275,238,95,221
275,243,88,217
275,243,88,217
273,246,93,210
275,250,93,210
275,250,93,210
275,250,93,210
275,257,87,203
275,251,87,203
280,257,87,203
283,166,83,256
277,166,89,258
279,169,96,262
280,171,96,256
287,180,97,256
284,179,101,259
287,182,101,259
294,184,107,263
294,180,98,264
305,186,98,264
307,184,98,264
309,184,98,264
314,184,93,263
318,184,93,267
322,189,93,263
320,185,93,269
322,185,93,273
320,184,99,264
320,188,99,264
320,190,99,264
320,190,99,264
318,192,99,264
321,196,87,260
317,200,87,260
316,203,87,257
312,203,87,257
312,203,87,257
307,203,87,257
309,205,84,249
307,207,84,249
302,208,95,247
302,210,95,247
300,215,93,242
300,209,93,242
300,213,93,242
297,213,93,242
297,217,93,242
295,218,93,242
296,219,93,237
296,219,93,232
296,221,93,232
296,225,93,232
296,225,93,232
293,195,96,226
293,175,96,226
290,140,97,273
288,141,97,282
288,141,97,282
286,139,97,282
280,143,97,282
280,145,97,282
271,146,110,279
266,146,115,279
263,150,115,279
262,152,115,279
258,151,115,279
258,149,104,289
258,153,100,283
252,151,100,283
254,153,95,283
252,153,95,283
248,153,95,283
246,155,91,283
246,157,91,283
239,159,90,291
239,159,90,291
239,159,90,291
231,162,90,291
231,164,90,291
231,164,90,291
226,165,90,291
222,169,90,291
222,169,90,291
222,171,89,285
218,171,93,287
214,170,104,287
214,170,104,287
209,172,104,287
209,174,108,280
207,172,108,280
211,174,108,280
211,172,108,280
211,168,108,280
211,168,108,288
218,166,113,284
211,166,113,284
224,162,103,293
226,164,103,285
226,158,108,287
226,158,108,287
233,150,104,283
233,148,104,283
229,146,104,283
227,144,104,283
229,138,104,283
223,142,104,283
221,136,104,283
221,134,104,283
218,132,104,283
218,130,104,277
220,131,97,278
218,129,97,278
222,127,97,278
218,127,97,278
214,126,107,272
214,126,107,272
214,124,107,272
214,126,107,272
214,124,107,272
214,122,107,272
214,122,107,272
214,119,104,277
214,117,104,277
216,117,104,277
214,113,104,277
214,115,107,283
208,113,113,276
202,113,118,271
202,111,118,271
205,108,118,267
209,107,122,265
205,105,122,265
205,107,122,265
211,101,115,265
211,99,115,265
209,103,115,265
205,99,115,265
203,99,115,265
200,100,121,265
200,98,121,265
193,95,121,265
195,91,121,265
193,90,126,266
189,88,126,266
185,91,132,254
176,87,148,254
164,79,166,263
168,83,166,263
180,83,146,262
180,79,146,262
198,71,127,266
198,73,127,266
202,72,124,262
202,70,124,262
202,64,124,262
202,58,123,258
206,63,122,254
209,68,113,249
205,64,113,249
201,68,113,249
203,63,108,254
203,61,108,254
201,63,108,254
198,63,108,254
198,61,108,254
195,57,108,254
193,54,108,254
193,54,108,254
193,56,112,243
192,53,116,242
191,53,131,243
187,55,149,238
185,55,149,238
182,51,149,238
186,47,149,238
186,49,149,238
186,51,149,238
186,47,149,238
186,49,138,242
205,32,91,242
207,33,92,234
207,31,92,234
206,26,92,234
206,28,92,234
206,30,92,234
200,30,92,234
206,27,82,239
204,23,82,239
202,29,82,239
200,23,82,239
199,21,82,239
199,19,82,239
189,15,100,230
189,15,100,230
189,17,120,225
189,15,120,225
189,13,129,224
189,13,129,224
190,7,125,234
190,7,125,234
190,11,125,234
197,6,101,230
197,4,88,228
199,3,88,228
199,5,88,228
202,107,88,215
198,98,93,220
202,92,93,220
201,92,93,220
203,92,93,220
201,90,93,220
208,91,86,221
206,89,93,225
204,89,109,219
204,89,109,223
208,83,109,223
208,81,109,223
208,76,86,234
208,74,86,234
208,74,86,234
214,77,72,230
214,77,72,230
214,77,72,230
214,77,72,230
208,73,72,230
204,73,72,230
199,73,80,227
195,75,80,227
191,77,89,222
185,73,89,222
181,77,98,216
181,77,98,216
174,77,98,216
172,77,98,216
181,79,87,213
174,79,87,213
176,80,87,213
174,80,87,213
164,78,96,213
159,80,96,213
155,79,96,213
151,79,96,213
153,79,96,213
150,81,96,213
157,79,81,216
157,79,81,216
157,79,81,216
157,79,81,216
159,81,81,216
163,79,81,216
166,83,81,216
170,81,81,216
170,81,81,216
172,81,81,216
176,81,81,216
178,83,81,216
178,81,81,216
186,79,75,220
184,83,75,220
190,83,75,220
190,85,79,231
190,85,79,231
190,85,82,231
193,89,82,231
191,89,82,231
193,91,82,231
197,92,82,231
197,94,82,231
201,95,89,230
199,93,95,233
199,95,95,233
203,95,95,233
201,95,110,230
203,95,110,230
210,100,106,226
210,102,106,226
216,103,107,230
216,103,107,230
223,106,91,230
222,103,96,236
231,104,83,234
233,106,83,234
238,104,83,234
240,106,84,238
244,107,84,238
248,107,84,238
250,111,86,243
250,109,86,243
253,114,86,243
253,116,86,243
254,120,86,243
254,122,86,243
254,122,93,245
254,124,93,245
254,124,93,245
254,122,101,245
256,126,106,241
258,126,106,241
256,126,106,241
260,132,106,241
260,132,106,241
263,134,91,246
263,134,91,246
268,135,86,250
270,139,86,250
272,138,86,250
279,141,80,251
282,141,80,251
282,141,84,253
284,143,86,250
286,143,86,250
285,147,88,251
285,149,88,251
287,150,84,254
287,150,87,255
292,153,80,251
290,155,86,254
288,161,89,252
292,159,83,252
290,159,92,259
288,161,96,260
286,159,96,260
286,163,109,259
284,163,109,259
282,162,120,262
284,162,118,262
283,166,125,256
287,168,126,258
286,172,126,258
286,174,125,264
287,177,122,262
283,178,129,264
283,178,129,264
279,184,133,267
279,184,133,272
279,184,133,272
282,184,133,268
282,186,133,268
285,190,129,269
285,190,129,269
295,194,120,262
295,194,120,262
293,193,129,257
293,197,129,257
297,190,124,257
297,158,124,257
297,120,124,257
289,119,130,275
290,121,130,275
291,123,127,278
293,121,123,279
293,124,125,278
293,131,131,275
293,125,127,278
291,123,127,278
291,131,127,278
287,132,129,268
283,136,129,268
285,138,129,279
287,136,127,286
287,140,131,275
293,143,124,281
292,143,127,286
296,143,127,286
301,147,127,286
304,147,132,281
305,146,129,281
307,150,126,282
309,152,126,282
312,152,117,282
313,156,123,281
314,158,117,281
311,161,120,280
311,161,116,284
314,164,116,284
314,166,107,288
317,167,100,283
314,165,100,283
314,169,100,283
314,171,100,283
314,171,104,283
314,169,104,283
314,175,108,275
314,173,108,277
314,135,108,277
317,99,108,277
316,86,108,291
316,98,110,297
319,102,110,297
321,98,107,301
324,102,107,301
326,106,110,301
327,102,116,311
331,102,106,307
331,102,108,308
333,107,113,308
336,105,109,308
336,105,109,308
343,103,108,308
347,108,108,303
351,116,108,303
355,113,110,312
355,109,110,312
358,115,113,316
361,113,114,318
361,112,110,318
367,123,113,321
369,125,113,321
367,127,116,321
371,128,116,321
369,132,126,319
371,135,126,319
371,139,134,313
371,139,134,313
377,143,135,308
377,142,130,307
377,146,135,303
377,148,135,303
384,150,139,306
384,150,139,306
384,155,139,298
390,153,139,298
390,157,139,297
396,163,137,287
385,163,138,283
323,169,138,283
300,167,138,283
300,169,147,284
300,173,147,284
308,168,159,284
312,167,148,280
312,173,148,280
322,174,146,275
322,172,146,275
322,178,146,275
333,184,141,268
336,182,141,268
336,184,141,268
336,187,146,267
336,187,151,263
336,189,151,263
334,191,151,266
336,189,154,269
336,193,154,265
334,199,154,255
333,197,154,255
331,201,158,251
333,199,158,251
336,203,158,251
336,205,152,250
336,203,152,250
336,203,152,250
336,207,144,251
341,203,132,255
344,206,127,252
344,206,127,254
346,158,127,276
352,135,110,242
358,117,98,333
353,119,106,329
345,117,115,327
335,119,120,327
326,119,130,326
314,114,137,336
316,112,137,328
312,112,137,340
310,109,137,344
304,103,142,349
304,105,142,347
300,99,142,345
297,97,142,335
288,95,134,343
286,91,135,347
286,87,135,347
287,90,125,340
285,86,125,340
282,84,127,329
278,86,127,329
274,88,126,322
272,86,126,322
263,86,135,323
263,84,135,323
263,84,135,323
257,86,126,318
259,82,126,318
258,78,130,317
253,80,125,316
251,77,117,315
249,77,113,308
240,75,113,308
240,73,113,308
241,71,100,308
243,71,93,312
239,67,93,316
236,67,100,312
234,65,100,312
233,159,101,295
235,154,101,306
228,148,112,290
224,140,110,299
228,144,104,313
216,134,118,315
218,132,116,311
218,131,116,315
214,131,121,306
209,125,121,308
212,129,114,299
212,125,114,299
212,125,114,299
210,127,114,299
208,124,114,299
208,122,114,299
208,117,107,304
208,119,107,304
208,115,107,304
207,109,96,303
205,109,96,295
200,102,98,295
202,102,98,295
198,96,98,295
198,96,98,295
193,96,98,295
190,100,104,288
182,99,104,288
181,92,105,293
181,94,105,293
173,92,118,295
171,88,118,295
165,86,123,301
143,82,146,302
141,84,150,302
124,74,161,291
117,74,167,291
117,65,167,291
117,67,167,291
117,67,167,291
116,68,164,283
118,67,164,283
118,65,164,283
127,64,149,283
127,64,149,283
127,57,149,283
127,59,149,283
126,56,149,283
126,52,149,283
127,49,141,273
127,49,141,273
122,50,143,270
122,50,143,270
118,45,135,271
118,47,135,271
115,41,137,279
113,39,137,279
113,41,137,279
113,39,137,279
107,35,143,279
107,33,143,279
107,31,143,279
112,29,135,272
112,25,135,272
116,23,135,272
116,25,137,260
116,19,137,260
116,19,137,260
116,19,137,260
116,19,137,260
112,17,129,267
112,17,129,267
112,15,129,267
98,11,137,266
93,9,137,266
93,7,137,266
79,6,151,256
74,4,157,255
74,4,157,255
63,4,173,253
57,4,173,253
82,54,142,253
76,96,147,250
72,86,148,257
68,82,152,257
61,88,160,257
67,84,155,263
61,80,158,257
61,78,160,260
65,78,160,260
65,72,155,258
76,72,144,258
76,72,144,258
80,68,142,257
82,72,134,247
80,72,134,247
76,69,140,248
76,69,140,248
67,68,150,246
59,70,150,246
59,68,150,246
59,70,143,248
51,65,152,246
47,69,152,246
42,68,165,243
40,63,165,243
42,65,165,243
35,73,167,231
61,71,140,231
63,75,138,231
73,74,119,233
76,73,121,229
73,73,121,229
73,71,121,229
73,71,121,229
73,71,121,229
76,66,108,234
109,68,108,234
195,56,113,244
209,53,96,242
210,39,96,242
198,37,105,248
203,37,101,243
183,31,115,243
175,37,127,233
171,39,131,233
152,33,149,230
143,29,155,239
143,31,155,239
143,31,155,239
134,27,163,238
134,29,163,238
134,33,163,238
134,31,163,238
158,29,142,238
152,26,140,239
165,24,127,238
155,24,135,238
165,26,125,231
186,26,98,226
186,26,98,226
186,24,98,226
186,22,98,226
186,20,98,226
186,16,97,242
186,20,79,236
186,20,74,236
186,18,72,238
186,16,72,242
178,15,91,238
176,11,91,238
167,14,91,238
167,14,91,238
154,10,104,239
152,12,110,236
136,9,127,238
136,5,127,238
115,5,149,234
106,3,159,233
92,7,173,227
92,7,173,227
92,9,173,227
92,7,173,227
97,9,167,228
108,5,149,227
108,5,149,227
108,7,149,227
121,3,140,227
123,3,140,227
133,3,130,227
135,8,130,227
150,58,119,227
154,95,119,227
161,86,117,228
163,84,117,228
159,86,117,228
155,80,117,228
159,80,117,228
159,79,117,228
157,81,117,228
157,77,117,228
157,81,117,228
157,79,117,228
157,79,117,228
157,79,117,228
157,75,117,228
157,72,112,225
157,70,112,225
172,68,97,225
172,66,97,225
176,67,92,223
176,65,92,223
192,67,78,216
192,69,78,216
192,69,78,216
192,67,78,216
198,67,84,220
198,65,84,220
198,67,91,221
198,66,91,221
195,64,104,221
195,64,104,221
193,62,110,221
191,58,110,221
191,62,122,213
189,57,132,216
189,57,132,216
188,57,144,213
188,59,144,213
182,57,142,209
182,57,142,209
182,57,142,209
182,57,142,209
181,56,132,209
181,56,132,209
181,56,132,209
176,56,132,209
172,56,130,208
170,56,130,208
166,55,138,212
166,53,138,212
165,53,119,212
165,55,115,212
155,52,108,215
161,52,79,215
157,54,88,217
157,52,79,216
160,54,71,215
160,54,71,215
152,56,78,215
141,57,86,216
141,57,86,216
132,57,93,217
132,57,93,217
132,57,93,217
124,57,103,219
129,57,97,223
129,57,97,223
135,59,97,223
141,63,89,215
141,61,89,215
143,67,89,215
143,65,89,215
148,66,79,225
148,66,79,225
148,66,79,225
148,71,76,221
148,71,76,221
148,75,76,221
141,75,98,227
134,73,106,225
132,74,110,225
127,72,123,227
127,72,123,227
127,74,123,227
127,74,123,227
127,72,123,227
127,76,123,227
129,82,110,230
129,80,110,230
135,84,95,228
135,84,95,228
134,83,93,234
134,83,93,234
138,86,88,234
138,88,88,234
138,88,88,234
138,88,97,233
132,90,107,230
132,90,107,230
132,90,117,231
129,94,124,230
130,94,133,234
130,94,133,234
144,95,119,239
137,97,129,239
154,100,114,234
157,103,108,237
154,101,110,239
154,101,110,239
159,104,110,239
159,104,110,239
159,104,115,238
159,106,115,238
165,107,121,236
161,109,127,237
161,109,127,237
161,109,127,237
166,115,91,240
170,121,98,236
171,124,96,238
175,126,91,236
177,128,87,235
186,128,83,239
184,129,79,238
190,136,79,228
190,134,76,230
156,137,143,231
156,137,143,229
172,135,123,241
180,139,114,237
180,139,114,237
195,144,91,246
195,144,91,246
192,147,101,249
192,147,108,248
188,157,120,246
188,157,123,243
188,157,138,249
188,157,152,249
188,155,166,244
188,159,166,244
185,162,154,239
185,162,140,242
176,160,144,242
176,162,144,242
176,162,158,250
172,166,166,246
175,169,155,243
181,171,146,245
183,167,146,245
184,101,134,244
186,72,131,256
180,72,135,256
174,75,140,258
174,71,140,258
174,75,140,258
174,79,140,258
167,83,159,253
161,80,168,254
150,84,184,258
147,88,193,260
147,92,193,260
140,97,217,261
139,97,228,262
139,101,239,267
139,99,243,267
139,99,243,267
141,100,246,267
147,102,246,267
147,100,246,267
155,103,239,269
178,110,187,262
168,108,181,262
211,115,123,269
207,113,126,266
207,120,125,269
209,121,126,277
201,123,147,276
194,123,158,278
194,125,158,278
195,129,158,278
195,129,158,278
189,128,158,278
189,128,158,278
201,127,138,278
205,134,133,276
205,137,133,276
208,141,125,282
208,141,125,282
212,146,125,282
215,150,113,287
218,152,104,290
218,151,100,296
218,156,100,296
218,156,100,296
211,160,109,294
209,156,109,296
205,166,113,287
203,168,113,287
204,170,114,279
208,170,114,279
209,176,114,279
209,178,114,279
212,179,114,277
211,183,114,277
209,188,118,272
209,187,122,265
209,189,123,264
207,191,123,264
207,139,123,264
210,104,123,264
203,107,144,298
203,111,144,298
208,115,144,293
207,121,143,300
207,123,143,308
211,126,140,312
211,126,140,312
211,128,140,312
207,133,132,313
207,133,132,313
211,137,132,313
211,136,132,313
211,138,132,313
211,140,132,313
211,142,132,313
203,146,140,311
203,148,140,311
199,157,157,301
199,156,154,299
208,162,142,286
208,162,142,286
216,164,132,286
221,166,137,284
217,168,137,284
224,171,137,279
229,173,137,279
231,173,137,279
237,172,136,285
242,176,120,283
245,178,131,282
233,177,144,271
233,179,144,279
243,183,132,276
246,181,132,278
261,185,116,273
261,183,116,273
261,192,127,266
261,196,127,256
254,196,135,259
256,201,137,252
254,185,137,252
254,151,137,252
269,108,113,335
278,113,104,329
278,117,104,329
290,121,98,323
292,125,98,323
290,128,108,316
294,126,108,316
292,129,115,311
284,134,133,307
284,136,133,307
279,142,154,305
279,146,154,305
275,159,161,288
275,159,161,288
275,162,168,287
275,158,168,287
275,170,178,279
275,170,178,279
275,172,178,279
275,183,182,264
275,185,182,264
275,186,178,261
275,186,178,261
275,184,178,261
275,182,178,261
275,182,178,261
275,182,178,261
273,171,178,261
273,177,178,237
263,178,184,236
263,176,184,238
261,176,184,238
254,176,194,238
267,178,180,238
265,174,182,238
266,176,182,238
266,172,182,238
266,168,183,248
272,168,183,248
272,164,174,248
270,164,183,248
270,160,174,259
273,154,174,265
273,154,174,265
284,154,166,282
284,154,166,276
282,156,174,278
277,160,174,272
277,162,181,272
246,168,217,268
232,165,232,271
232,170,244,266
215,170,261,265
215,174,261,265
215,179,262,258
209,185,263,250
209,185,263,250
209,185,263,250
215,183,257,250
215,181,257,250
228,177,246,256
243,164,234,271
260,160,210,275
287,149,168,287
290,133,157,307
290,123,159,313
303,112,136,322
303,107,132,330
307,90,119,340
311,57,114,314
327,50,109,322
353,25,117,308
361,19,118,303
363,17,118,303
365,13,118,303
367,11,118,303
365,7,118,303
368,29,118,303
367,62,118,303
367,94,118,303
365,89,118,310
367,82,121,313
367,83,121,316
367,79,123,316
367,73,123,316
368,76,123,316
367,64,123,316
364,76,126,294
364,74,122,296
364,74,122,296
364,70,122,296
364,78,127,295
364,76,127,295
369,76,127,295
369,76,127,295
369,78,127,295
369,74,132,295
369,76,132,295
369,78,132,295
369,72,132,295
369,76,132,295
369,72,132,295
369,78,132,295
369,68,132,295
369,70,132,295
369,72,115,295
369,64,109,304
371,66,109,304
373,62,109,304
373,60,109,304
373,62,109,304
373,60,109,304
375,62,109,304
377,60,109,288
380,57,107,291
380,53,107,291
384,58,103,269
382,54,103,269
355,50,139,277
350,48,139,284
345,47,152,277
365,47,136,282
377,95,132,277
394,139,112,277
394,141,112,277
402,135,93,283
402,131,93,283
402,130,93,283
407,116,82,286
412,117,83,271
412,121,98,264
412,129,98,264
412,125,98,264
412,125,98,264
416,123,104,264
416,123,104,264
418,119,104,264
418,117,103,268
418,111,101,274
413,110,101,274
409,111,100,279
409,109,100,279
409,105,100,279
409,108,100,279
409,108,100,279
409,110,100,279
409,108,100,279
413,108,100,279
416,109,100,279
416,111,100,279
432,119,83,275
432,119,83,275
433,115,95,278
429,123,110,278
430,127,121,271
430,138,123,266
430,138,123,266
439,138,123,266
441,150,135,254
441,151,144,251
445,156,152,243
447,158,152,243
467,158,142,242
496,156,117,250
429,164,118,241
408,145,108,257
409,147,118,257
410,145,125,258
412,144,135,261
445,142,116,254
460,142,107,260
483,146,99,261
484,145,102,262
495,146,117,258
499,150,117,258
496,161,131,245
498,167,131,245
504,179,126,231
499,191,127,223
503,215,126,194
501,220,124,187
458,226,135,187
374,223,203,179
348,247,239,162
351,244,234,162
352,252,232,161
361,249,208,160
360,236,187,172
367,224,166,186
365,215,165,194
363,193,164,212
361,172,148,228
354,148,125,243
350,138,121,248
339,124,95,261
334,119,90,265
322,111,89,272
312,110,93,273
307,106,98,276
297,86,96,294
295,78,96,304
282,61,95,300
280,46,91,312
272,49,91,307
261,41,98,307
250,40,100,307
227,46,119,298
228,34,110,309
221,41,117,301
214,36,115,297
214,68,110,259
209,68,104,253
201,65,97,252
201,65,97,254
199,62,90,255
193,62,90,249
189,61,90,254
180,60,90,254
180,56,90,254
178,52,87,249
170,40,89,249
168,40,88,242
161,37,89,240
155,36,92,241
146,34,96,241
142,34,96,241
138,33,96,241
134,70,96,241
127,124,100,234
122,111,104,234
117,107,100,233
110,105,100,233
110,107,92,230
105,102,92,230
100,102,90,231
93,99,90,231
93,98,88,236
95,89,88,236
89,85,79,227
89,85,79,227
83,75,79,227
76,83,79,227
74,78,79,227
72,77,79,227
69,76,79,227
56,66,84,217
56,70,79,212
55,62,76,218
48,62,81,218
44,61,81,218
44,61,81,218
44,61,81,218
39,57,81,218
39,50,81,218
38,45,75,209
37,46,72,205
40,43,79,206
139,38,76,213
148,39,76,213
138,31,82,209
138,30,76,209
134,27,78,205
133,18,76,203
132,19,75,204
130,22,81,199
130,20,81,199
130,20,70,202
124,18,79,201
124,18,79,201
124,10,79,195
124,10,75,193
124,5,76,190
124,3,76,190
124,7,76,190
123,0,76,190
124,3,69,191
124,0,69,191
117,0,74,194
117,0,74,194
117,0,70,184
115,0,70,172
115,0,70,173
114,0,83,172
116,0,76,170
116,0,90,169
116,0,97,174
124,0,86,173
124,71,79,181
129,70,73,177
124,65,73,177
126,69,63,182
127,64,63,182
127,64,63,176
126,59,66,171
125,52,66,171
125,54,66,171
125,52,66,171
125,52,66,171
124,50,67,177
124,50,67,177
124,46,67,177
129,41,63,168
129,36,69,167
132,33,61,170
132,35,61,170
134,37,61,170
134,39,61,170
134,37,61,170
136,35,61,170
137,29,59,160
137,27,59,160
140,27,59,160
140,27,59,160
140,27,66,160
140,25,72,160
140,25,72,160
149,25,67,157
151,20,64,156
149,18,64,152
157,60,58,155
161,99,56,154
161,114,59,151
159,107,65,156
161,109,65,156
165,109,65,156
166,104,65,156
166,96,65,156
172,97,58,148
174,97,58,148
176,97,58,148
178,99,58,148
180,99,58,148
184,95,58,148
186,91,58,148
186,89,58,148
185,86,58,148
188,85,58,148
191,86,58,148
191,112,58,148
193,150,58,148
195,183,58,148
199,170,57,144
201,170,50,141
206,170,49,143
205,166,54,143
205,166,54,143
207,169,59,143
209,167,59,143
209,167,59,143
212,163,62,140
212,157,62,140
217,160,56,134
220,159,54,138
223,157,54,138
225,157,54,138
225,157,54,138
227,153,54,138
229,153,54,138
235,210,52,135
240,248,52,135
240,246,55,135
246,248,48,131
243,250,56,129
245,250,61,129
248,250,61,129
258,247,50,124
267,241,58,124
265,237,53,134
271,234,53,132
286,226,51,128
292,226,49,120
296,223,49,122
309,217,46,116
309,212,52,119
316,210,52,111
322,202,53,122
324,201,51,119
327,197,55,121
341,187,50,127
354,178,48,123
358,175,48,123
362,174,48,123
373,168,48,123
377,163,48,123
388,158,48,123
392,157,48,123
396,155,48,123
306,158,56,106
297,145,56,118
307,142,50,124
316,136,54,123
313,126,58,123
326,126,52,117
339,125,49,114
340,115,57,114
341,107,65,115
344,106,65,121
354,102,61,113
351,104,72,112
357,109,62,107
371,103,62,102
376,104,66,104
384,97,66,116
384,97,67,112
396,89,65,116
396,90,67,112
402,92,67,112
430,91,46,109
435,85,48,109
443,82,52,105
443,80,54,115
448,77,50,110
460,75,46,106
467,64,46,120
471,58,42,122
475,57,45,119
479,55,45,111
483,59,45,111
486,64,37,98
513,42,37,98
509,38,55,128
510,27,55,128
514,34,55,84
524,32,53,113
526,32,53,113
530,26,53,113
537,19,53,113
541,16,53,113
543,13,53,113
549,13,53,113
554,13,53,113
564,7,53,113
566,6,53,113
572,2,53,113
577,2,53,113
579,0,51,113
584,0,45,115
594,0,35,116
599,2,30,106
600,0,30,106
600,0,30,106
600,0,30,106
605,2,23,104
605,2,23,104
614,16,14,90
614,16,14,90
614,31,14,82
