266 211 300 242
264 209 297 239
261 206 292 237
250 199 284 230
243 197 280 226
239 191 272 218
238 188 270 214
233 185 266 210
226 181 260 206
221 179 258 204
219 174 253 201
214 171 248 196
212 169 245 196
207 163 238 188
204 161 235 186
202 159 234 183
200 157 231 181
194 152 225 176
194 151 223 174
189 146 218 169
186 145 216 167
185 143 214 165
184 140 211 163
180 136 207 158
177 135 205 157
176 133 204 155
173 130 199 152
170 128 197 149
168 124 192 146
165 124 191 145
164 123 190 143
160 119 186 139
159 118 184 139
158 117 183 138
155 115 179 135
153 113 177 133
151 112 176 131
150 111 176 130
147 108 172 127
145 106 170 125
143 104 167 123
141 103 165 121
140 102 164 121
138 100 161 117
136 98 159 117
136 97 157 116
133 95 156 113
132 93 153 112
130 92 152 111
129 93 150 110
127 89 147 107
125 89 146 106
124 87 143 105
123 86 142 102
121 85 141 103
119 83 139 100
117 82 138 99
116 83 136 98
115 80 134 97
114 79 132 95
