65,386,42,66
63,384,42,66
61,384,41,65
61,383,41,65
61,381,41,65
58,379,41,65
58,377,41,65
58,377,41,65
63,381,41,65
59,376,41,65
67,379,41,65
67,375,41,65
70,374,41,65
66,374,41,65
70,374,41,65
71,374,40,64
71,372,40,64
73,368,40,64
71,368,40,64
76,368,40,64
74,370,40,64
74,370,40,64
80,368,40,64
80,366,40,64
85,365,39,63
85,364,39,63
83,364,39,63
86,363,39,63
84,363,39,63
86,360,39,63
84,360,39,63
88,357,39,63
85,359,39,63
90,355,37,61
87,348,37,61
89,345,37,61
89,343,37,61
89,343,37,61
89,343,37,61
89,343,36,60
88,341,36,60
87,337,36,60
87,337,36,60
87,337,35,59
83,336,35,59
83,336,35,59
83,336,35,59
83,336,35,59
83,335,35,59
83,335,35,59
84,332,35,59
84,332,35,59
84,332,35,59
84,332,35,59
84,332,35,59
81,332,35,59
80,331,35,59
80,328,35,59
80,328,35,59
80,328,35,59
80,328,35,59
80,328,35,59
80,328,35,59
80,328,35,59
80,326,35,59
82,324,35,59
86,322,35,59
86,322,35,59
86,322,35,59
84,321,35,59
84,321,35,59
83,319,35,59
83,319,35,59
83,319,35,59
83,319,35,59
87,316,35,59
88,316,35,59
88,316,35,59
88,316,35,59
88,316,35,59
88,312,33,56
88,312,33,56
88,312,33,56
89,312,33,56
90,312,33,56
91,309,33,56
93,308,33,53
93,308,33,53
93,308,33,53
93,307,33,53
93,307,33,53
93,307,33,53
93,307,33,53
97,303,33,53
97,303,33,53
98,301,33,53
98,301,33,53
98,299,33,53
98,299,33,53
98,299,33,53
98,299,33,53
97,297,33,53
97,297,33,53
98,297,33,53
98,297,33,53
98,297,33,53
100,298,33,53
100,298,33,53
103,296,33,53
103,296,33,53
103,295,33,53
103,295,33,53
105,295,33,53
105,295,33,53
105,295,33,53
105,293,33,53
105,293,33,53
104,291,33,53
104,291,33,53
108,290,33,53
108,290,33,53
108,288,33,53
108,288,33,53
108,288,33,53
108,288,33,53
108,287,33,53
108,287,33,53
108,287,33,53
110,288,29,49
110,287,29,49
110,287,29,49
113,287,29,49
113,284,29,49
113,284,29,49
113,284,29,49
113,284,29,49
113,284,29,49
113,284,29,49
113,283,29,49
117,282,29,49
117,282,29,49
117,282,29,49
120,279,29,49
120,279,29,49
123,279,29,49
123,279,29,49
123,279,29,49
126,277,29,49
126,277,29,49
126,277,29,49
130,277,29,49
130,277,29,49
130,272,29,49
130,272,29,49
129,273,29,49
129,273,29,49
127,271,29,49
127,271,29,49
127,271,29,49
127,271,29,49
127,271,29,49
127,269,29,49
127,269,29,49
127,267,29,49
127,267,29,49
127,267,29,49
127,267,29,49
127,267,29,49
130,266,29,49
130,266,29,49
132,268,29,49
132,268,29,49
132,266,29,49
135,265,28,45
135,265,28,45
135,265,28,45
135,262,28,45
135,262,28,45
135,262,28,45
137,261,28,45
137,261,28,45
138,262,28,45
138,262,28,45
138,262,28,45
138,259,28,45
138,259,28,45
140,256,28,45
140,256,28,45
140,256,28,45
144,255,27,43
144,255,27,43
144,255,27,43
144,255,27,43
144,255,27,43
144,255,27,43
144,255,27,41
144,254,27,41
144,254,27,41
149,253,27,41
154,253,27,41
154,253,27,41
154,253,27,41
154,253,27,41
156,250,27,41
156,250,27,41
156,250,27,41
159,251,27,41
159,251,27,41
159,251,27,41
163,252,25,40
163,252,25,40
163,252,25,40
163,250,25,40
163,250,25,40
163,250,25,40
163,250,25,40
163,250,25,40
163,250,25,40
163,250,25,40
163,250,25,40
166,249,25,40
166,249,25,40
169,249,25,40
169,249,25,40
169,249,25,40
169,249,25,40
172,249,25,40
172,249,25,40
172,249,25,40
172,249,25,40
172,249,25,40
172,249,25,40
172,249,25,40
173,246,25,40
173,246,25,40
173,246,25,40
173,246,25,40
173,246,25,40
176,245,22,38
176,245,22,38
176,245,22,38
176,245,22,38
176,245,22,38
176,245,22,38
176,245,22,38
176,245,22,38
176,245,22,38
176,245,22,38
176,245,22,38
176,245,22,38
176,245,22,38
176,245,22,38
176,245,22,38
176,245,22,38
176,245,22,38
176,245,22,38
176,245,22,38
176,245,22,38
176,245,22,38
176,245,22,38
176,245,22,38
176,245,22,38
176,245,22,38
176,245,22,38
176,245,22,38
178,242,22,38
178,242,22,38
178,242,22,38
178,242,22,38
178,242,22,38
178,242,22,38
186,240,22,38
186,240,22,38
186,240,22,38
191,238,22,38
191,238,22,38
194,235,22,38
194,235,22,38
195,234,22,38
195,234,22,38
195,234,22,38
198,234,22,38
198,234,22,38
198,234,22,38
198,234,22,38
201,234,22,38
201,234,22,38
201,234,22,38
205,234,22,38
205,234,22,38
205,234,22,38
206,231,22,38
206,231,22,38
206,231,22,38
207,229,22,38
207,229,22,38
207,229,22,38
211,228,22,38
211,228,22,38
211,228,22,38
211,228,22,38
211,228,22,38
211,228,22,38
211,228,22,38
211,228,22,38
211,228,22,38
211,228,22,38
211,225,22,38
211,225,22,38
211,225,22,38
211,225,22,38
211,225,22,38
211,225,22,38
211,225,22,38
211,225,22,38
211,225,22,38
212,222,22,38
212,222,22,38
215,221,22,38
215,221,22,38
215,221,22,38
215,221,22,38
218,221,22,38
218,221,22,38
218,221,22,38
222,221,22,38
222,221,22,38
222,221,22,38
223,221,22,38
223,221,22,38
223,221,22,38
223,221,22,38
226,221,22,38
226,221,22,38
227,219,22,38
227,219,22,38
227,219,22,38
231,219,22,38
231,219,22,38
231,219,22,38
231,219,22,38
231,219,22,38
231,219,22,38
232,219,22,38
232,218,23,35
232,218,23,35
232,218,23,35
235,219,23,35
235,219,23,35
235,218,23,35
235,218,23,35
235,218,23,35
237,216,23,35
237,216,23,35
237,216,23,35
237,216,23,35
237,216,23,35
240,216,23,35
240,216,23,35
242,216,23,33
242,216,23,33
242,216,23,33
242,216,23,33
244,214,23,33
244,214,23,33
244,212,23,33
244,212,23,33
244,212,23,33
244,212,23,33
244,212,23,33
244,212,23,33
244,212,23,33
244,212,23,33
246,212,23,33
246,212,23,33
246,212,23,33
246,212,23,33
246,212,23,33
246,212,23,33
246,212,23,33
246,212,23,33
246,212,23,33
246,210,23,33
246,210,23,33
246,210,23,33
246,210,23,33
246,210,23,33
246,210,23,33
246,210,23,33
130,216,23,33
131,216,23,33
130,224,23,33
129,213,19,32
130,214,19,32
127,214,19,32
127,214,19,32
127,212,19,32
127,212,19,32
127,212,19,32
127,212,19,32
129,212,19,32
129,212,19,32
129,212,19,32
129,212,19,32
127,212,19,32
127,212,19,32
126,211,19,32
126,211,19,32
125,210,19,32
125,210,19,32
125,210,19,32
124,209,19,32
123,209,19,32
123,209,19,32
120,208,19,32
120,208,19,32
120,208,19,32
115,208,19,32
115,208,19,32
115,208,19,32
112,208,19,32
112,208,19,32
110,208,19,32
110,208,19,32
107,208,19,32
107,208,19,32
