305,251,22,36
303,252,22,36
305,252,22,36
303,250,24,36
303,250,24,36
301,252,23,36
299,255,23,36
295,255,22,35
293,253,22,35
291,253,22,35
290,255,22,35
291,256,22,35
290,256,22,35
288,257,22,35
288,257,22,35
287,256,22,35
285,257,22,35
284,257,22,35
282,258,22,35
279,258,22,35
277,260,22,35
274,260,22,35
274,258,22,35
272,258,22,35
270,261,22,35
270,261,22,35
271,261,22,35
269,261,22,35
269,262,22,35
268,262,22,35
267,262,22,35
265,260,22,35
263,262,22,35
263,264,22,35
260,264,22,35
255,262,25,35
255,262,25,35
256,262,22,35
256,262,22,35
254,261,22,35
255,263,22,35
253,264,22,35
252,265,22,35
252,264,22,35
251,264,22,35
250,264,22,35
250,264,22,35
246,264,22,36
246,264,22,36
246,264,22,36
245,266,22,36
243,266,22,36
243,266,22,36
242,266,22,36
242,266,22,36
242,266,22,36
242,266,22,36
242,268,22,36
242,268,22,36
243,269,22,36
243,269,22,36
243,269,22,36
241,268,22,36
241,269,22,36
239,269,22,36
239,271,22,36
238,273,22,36
238,271,22,36
238,271,22,36
239,271,22,36
239,271,22,36
240,272,23,36
241,274,23,36
245,278,23,36
245,276,23,36
240,280,23,36
240,282,23,36
238,286,23,36
238,288,23,40
239,288,23,40
239,287,25,42
237,289,25,42
236,293,25,42
233,293,25,42
231,290,25,42
231,294,25,42
229,294,25,45
225,298,25,45
223,301,25,45
221,299,25,45
221,302,25,45
219,303,25,45
216,301,25,45
212,303,25,45
209,307,25,45
205,306,25,45
205,306,25,45
205,306,25,45
201,309,25,45
201,311,25,45
195,309,27,49
192,310,27,49
190,314,27,49
185,317,27,49
184,315,27,49
182,315,27,49
180,316,27,49
177,318,27,49
178,319,27,49
177,319,27,49
173,319,27,49
171,319,27,49
170,320,27,49
165,323,27,49
161,328,27,49
159,326,27,49
156,324,27,49
153,323,27,49
153,325,27,50
151,329,27,50
150,329,27,50
148,329,27,50
144,327,27,50
139,328,30,50
135,332,30,50
129,335,30,50
127,333,30,50
122,332,30,50
120,334,30,50
118,336,30,50
112,338,30,50
109,338,30,50
108,336,30,50
101,338,30,50
100,342,31,51
95,343,31,51
93,343,31,51
89,343,31,51
87,343,31,51
83,343,31,51
84,343,31,51
80,345,31,51
75,346,31,51
71,349,31,51
67,347,31,51
63,348,31,51
61,350,31,51
56,353,31,51
54,353,31,51
50,355,29,51
48,357,29,51
44,355,29,51
44,353,29,51
40,353,29,51
38,355,29,51
36,357,29,51
33,361,29,51
29,361,29,51
