466,333,74,174
460,333,70,174
448,331,70,173
435,329,70,172
423,327,70,171
410,326,70,165
398,327,70,165
387,329,70,165
375,331,70,165
376,330,67,165
377,329,63,165
370,322,65,169
352,324,70,166
334,326,74,163
318,317,80,180
303,309,85,196
303,309,83,193
303,309,81,190
303,309,80,187
303,311,80,187
303,313,80,187
303,314,80,187
303,316,80,187
310,318,78,186
318,319,76,185
325,320,74,183
326,319,73,184
327,319,71,184
328,318,70,185
329,318,69,185
330,317,67,186
331,317,66,187
332,316,65,187
332,314,65,189
332,313,65,191
336,313,65,191
340,313,65,191
339,311,65,191
338,309,65,191
337,307,65,191
336,305,65,191
336,305,65,191
336,305,65,192
336,305,65,192
336,305,65,193
336,305,65,194
336,305,65,195
336,305,65,196
336,308,65,196
336,311,65,196
339,309,65,196
342,307,65,196
342,308,65,196
342,310,65,196
342,311,65,196
342,313,65,196
342,315,65,194
342,318,65,191
342,320,65,189
343,320,63,189
345,320,61,189
347,320,59,189
349,320,57,189
351,320,56,189
353,320,54,189
355,320,52,189
349,322,56,189
343,324,59,189
342,324,61,189
340,324,63,189
338,324,65,189
335,324,65,189
333,325,65,189
330,326,65,189
329,326,65,189
328,326,65,189
327,326,65,189
327,326,65,189
327,326,66,189
327,326,66,189
327,326,67,189
327,326,67,189
327,326,68,189
327,326,69,189
325,326,78,189
323,326,87,189
321,326,89,189
319,326,91,189
318,326,93,189
318,326,93,189
318,326,93,189
318,326,93,189
322,318,88,189
327,311,83,189
327,308,83,189
327,306,83,189
327,303,83,189
327,302,85,190
327,301,86,191
327,301,88,192
327,300,89,193
327,297,89,193
328,295,89,193
329,292,89,193
326,292,89,193
324,291,89,193
321,290,89,193
318,289,92,193
316,287,94,193
315,286,94,193
314,285,94,193
313,284,94,193
313,284,94,193
312,283,94,193
312,283,93,192
311,284,91,191
311,284,89,190
310,285,87,189
312,285,86,187
313,285,84,185
315,285,83,183
316,285,81,182
318,285,80,180
319,285,78,180
320,285,77,180
321,285,76,180
323,281,76,182
325,277,76,185
327,274,76,187
328,274,76,187
329,274,76,187
330,274,76,187
332,274,74,180
332,274,74,180
332,274,75,180
331,274,75,180
331,274,75,180
331,274,76,180
330,274,76,180
331,274,75,180
332,274,74,180
333,274,74,180
334,274,73,180
334,274,72,180
335,274,71,180
336,274,70,180
336,274,70,178
336,274,70,177
336,274,70,175
336,274,70,174
337,274,69,173
338,274,67,172
