5,88,35,109
5,89,38,110
6,89,40,111
7,90,43,112
7,90,46,112
8,90,48,113
10,89,51,114
12,88,54,115
14,88,56,116
16,87,59,117
17,87,60,117
19,87,61,117
21,87,62,117
23,87,63,117
25,86,63,117
27,85,63,117
29,85,63,117
31,85,64,117
34,85,64,117
36,85,65,117
36,85,66,118
36,85,67,119
36,85,68,120
36,85,69,121
36,85,69,123
36,85,70,124
40,85,72,124
43,85,73,124
47,85,74,124
53,85,70,124
58,86,67,124
64,87,63,124
67,86,63,124
71,85,63,124
73,85,64,124
75,86,66,124
77,86,67,124
79,87,69,124
80,86,69,126
81,86,69,128
83,85,69,130
84,85,69,132
84,85,72,133
84,85,76,135
84,85,72,135
84,85,75,135
84,85,77,135
84,85,80,135
84,85,83,135
87,85,81,135
89,85,80,135
92,85,78,135
99,86,74,135
106,87,70,135
109,88,70,135
113,89,70,135
116,90,70,135
119,92,72,135
122,93,74,135
125,94,76,135
126,93,76,139
128,91,76,142
129,90,76,146
130,88,76,144
130,88,78,144
130,88,80,144
130,88,81,144
131,88,84,144
132,88,87,143
136,90,84,143
140,92,81,143
143,93,81,144
146,95,80,145
149,96,80,146
152,96,77,146
155,96,74,146
155,97,75,146
156,98,76,146
160,99,78,146
164,100,81,146
168,101,83,146
170,101,85,146
172,101,86,146
175,101,87,146
178,101,87,148
181,100,87,149
184,100,87,150
186,99,87,150
188,98,87,150
190,98,87,150
191,100,87,152
192,101,87,155
193,103,87,157
196,103,87,159
198,102,87,161
201,101,87,163
204,102,87,163
207,103,87,163
210,103,87,163
213,103,88,164
216,102,88,165
219,101,89,167
226,103,89,167
232,104,89,167
238,105,89,167
242,106,89,168
247,106,89,169
251,107,89,170
255,106,89,173
260,105,89,176
263,105,89,176
266,105,89,176
268,105,89,176
269,105,89,176
271,105,89,176
275,107,89,176
279,109,89,176
279,109,92,178
279,109,94,180
284,111,96,182
288,109,96,183
293,111,96,183
299,113,96,183
305,113,96,183
314,114,96,183
320,114,95,183
327,114,94,183
327,114,100,183
327,114,106,183
332,114,111,189
337,114,110,189
341,114,109,189
345,114,107,189
353,114,104,193
367,114,97,189
369,114,96,194
371,113,96,194
377,113,96,194
377,113,99,194
377,113,102,194
377,113,109,200
382,120,106,196
388,124,106,196
393,127,106,196
401,127,106,196
412,126,106,196
417,126,106,196
421,126,106,196
427,126,104,196
438,126,104,196
447,126,104,196
451,126,104,196
455,126,106,196
456,133,113,202
475,133,104,202
482,133,100,202
490,133,96,202
493,132,96,202
495,131,96,202
500,132,96,202
505,133,96,202
505,133,96,211
508,135,101,213
511,137,106,215
513,138,110,217
516,140,114,216
519,142,117,215
527,143,117,215
534,144,117,215
542,145,117,215
549,146,117,215
558,144,113,218
568,142,109,220
571,142,104,217
