853,213,107,243
848,210,107,244
844,208,107,246
840,206,107,248
835,204,107,250
831,202,107,252
827,200,107,254
819,199,110,255
811,199,112,256
803,199,114,257
795,198,116,257
787,198,118,258
790,198,109,259
785,198,109,259
781,198,109,259
776,198,109,259
771,198,109,259
767,198,109,259
762,198,109,259
762,198,107,259
762,198,106,259
762,198,104,259
762,198,102,259
762,198,100,259
760,196,100,259
757,194,100,258
755,192,100,257
752,190,100,256
750,188,100,255
748,187,100,255
745,185,100,254
744,185,100,254
742,185,100,254
740,185,100,254
738,185,100,254
736,185,100,254
734,185,100,254
732,185,100,254
731,185,100,254
727,185,100,254
724,185,100,254
720,185,100,254
717,185,100,254
713,185,100,254
710,185,100,254
706,185,100,254
703,184,99,254
700,183,99,254
697,182,98,254
694,181,98,254
691,180,97,254
688,179,96,254
685,179,95,252
682,179,94,250
680,178,93,248
677,178,91,246
674,178,90,244
671,177,89,243
670,177,89,241
668,176,89,239
666,175,89,238
665,175,89,236
663,174,89,235
662,173,89,233
660,173,89,231
658,172,89,230
655,171,90,231
652,170,91,232
649,169,92,232
646,168,93,233
643,167,94,234
640,166,94,235
637,165,95,236
634,164,96,237
632,164,96,237
631,163,96,237
629,163,96,237
627,162,96,237
625,161,96,237
623,161,96,237
621,159,96,237
618,158,96,237
616,157,96,237
614,155,96,237
611,154,96,237
609,153,96,237
606,151,96,237
604,151,96,237
602,151,96,237
600,151,96,237
598,151,96,237
596,151,96,237
593,151,96,237
592,150,96,236
590,148,95,234
589,147,94,233
587,145,94,232
585,143,93,230
584,142,92,229
582,140,91,227
581,138,91,226
577,138,91,225
572,138,91,224
568,138,91,223
564,138,91,222
560,138,91,221
556,138,91,220
554,138,91,219
551,137,91,218
548,136,91,217
545,136,91,216
543,135,91,215
540,134,91,213
537,134,91,212
534,133,91,211
534,133,91,209
533,132,91,206
533,132,91,204
532,132,91,202
532,132,91,199
531,131,91,197
531,131,91,194
530,131,91,194
529,131,91,194
529,131,91,193
528,131,91,193
528,131,91,192
527,131,91,192
527,131,91,192
526,131,91,191
526,131,91,191
525,131,91,191
525,131,91,190
524,131,91,190
524,131,91,189
523,131,91,189
522,130,91,188
521,129,91,188
520,128,91,187
519,127,91,187
518,126,91,186
517,125,91,186
516,124,91,185
516,124,89,185
517,124,88,185
518,124,86,185
519,124,84,185
520,124,83,185
520,124,81,185
521,124,80,185
522,123,80,184
523,122,80,183
524,121,80,181
524,120,80,180
525,120,80,179
526,119,80,177
527,118,80,176
526,118,79,176
525,119,78,176
524,119,76,176
523,119,75,176
522,119,74,176
520,120,73,176
519,120,72,176
519,119,72,175
518,118,72,173
518,117,72,172
517,116,72,171
516,115,72,170
516,114,72,169
516,114,72,169
516,113,73,169
516,113,73,169
516,113,73,169
516,112,73,169
516,112,73,169
516,111,73,169
516,111,73,169
516,110,74,169
516,110,74,169
516,109,74,169
516,109,74,169
516,109,75,169
516,109,76,169
517,109,76,169
517,109,77,169
518,109,78,169
518,108,78,169
518,108,78,169
518,108,78,170
518,107,78,170
518,107,78,170
516,107,77,170
515,106,75,170
514,106,74,170
513,106,73,170
511,105,72,170
510,105,70,170
509,104,71,170
508,104,72,170
507,103,73,170
506,102,73,170
505,101,74,170
503,101,74,171
501,101,75,171
499,100,75,172
497,100,76,172
495,100,76,172
495,96,75,172
494,93,75,172
494,89,74,172
493,86,73,172
493,82,72,172
493,79,72,172
492,75,71,172
492,72,70,172
