601,276,31,78
601,276,30,79
601,277,30,80
601,278,30,81
601,278,30,82
600,279,31,81
599,280,31,79
598,281,32,78
598,281,32,78
599,281,31,78
600,282,30,78
601,282,29,79
601,282,29,79
601,282,29,80
600,282,29,82
600,281,29,84
599,281,30,85
598,281,31,85
596,282,31,85
594,282,32,85
592,282,33,85
589,284,32,85
586,285,30,85
583,287,29,85
583,287,29,85
583,288,29,85
584,288,26,86
585,289,24,86
584,290,25,85
583,291,26,84
582,291,27,83
580,292,29,82
578,293,31,81
578,294,31,82
578,294,31,83
578,295,31,83
578,296,31,83
573,296,31,83
569,297,31,83
564,295,31,83
559,292,31,83
554,288,31,83
550,283,31,83
545,281,34,84
540,279,37,84
540,281,37,82
538,287,31,81
535,290,31,83
533,298,28,84
530,304,28,82
527,310,29,85
527,313,29,85
527,314,31,88
531,315,32,86
530,313,32,86
533,303,32,86
535,293,32,86
540,291,31,84
544,288,31,82
547,295,31,82
550,301,31,82
553,307,31,82
556,313,31,82
560,319,31,82
558,318,31,85
556,317,32,87
554,316,32,89
555,314,33,89
556,311,33,90
557,309,33,90
555,307,35,89
554,305,37,89
549,304,41,89
545,302,37,88
541,301,32,87
543,301,31,88
547,299,31,88
548,296,31,88
548,296,32,91
550,298,32,90
548,301,32,90
550,302,32,90
549,305,33,89
550,307,34,88
551,310,35,88
553,311,35,88
555,312,35,88
557,313,35,88
559,314,35,88
557,316,35,88
555,318,35,88
553,319,35,88
550,318,36,89
548,317,36,90
545,316,37,91
541,316,37,90
537,316,37,89
538,317,34,89
539,317,31,89
537,317,31,89
535,317,30,90
530,318,32,91
524,319,34,93
524,316,36,94
524,313,37,94
524,312,36,94
524,311,35,94
523,311,38,93
519,311,43,92
526,311,33,91
526,313,35,87
526,313,32,93
527,315,32,93
527,316,32,93
527,315,35,97
523,317,36,94
524,317,38,95
524,318,38,95
523,316,40,97
521,313,43,98
519,313,44,96
519,313,47,94
519,313,49,93
519,313,49,93
519,313,38,95
522,315,35,95
522,317,35,95
522,315,34,95
520,316,34,95
519,317,34,95
518,318,34,95
518,319,34,95
518,319,34,95
518,318,37,99
521,316,38,95
518,317,39,93
522,317,39,93
518,317,41,94
518,317,33,98
521,317,31,97
519,319,31,97
517,316,31,97
518,319,36,96
518,319,38,96
519,320,39,96
519,320,41,96
519,321,42,96
520,321,44,96
525,323,36,96
527,324,36,96
525,326,39,97
523,327,43,97
523,327,39,100
523,327,36,102
521,327,38,102
519,327,39,101
518,326,41,101
514,326,44,101
510,325,48,101
510,324,47,101
510,323,47,102
509,322,46,102
509,322,45,102
509,321,44,103
507,321,42,104
505,322,40,106
503,321,40,106
502,320,40,106
500,320,40,106
498,319,40,106
497,318,42,107
495,317,44,107
493,316,45,108
491,314,47,109
491,314,47,109
491,314,47,109
491,314,47,108
491,314,47,108
491,314,47,108
491,314,47,107
489,314,47,107
488,314,47,107
486,314,47,107
485,314,47,107
483,314,47,107
482,313,47,107
481,313,47,108
481,313,46,108
480,313,46,108
480,313,45,109
479,313,44,109
479,313,44,109
479,313,43,109
478,313,43,110
478,313,42,110
477,313,42,110
478,311,42,110
479,309,42,110
480,307,42,110
481,305,42,110
482,303,42,110
479,303,42,110
477,303,42,110
474,303,42,110
472,303,42,110
469,304,42,110
467,305,42,110
464,305,42,110
462,306,42,110
459,306,42,110
457,307,42,110
451,307,46,111
446,307,50,111
441,307,54,112
438,306,58,112
435,304,62,113
435,303,62,113
435,303,62,113
438,305,52,116
438,305,44,117
438,305,44,115
436,304,44,115
434,302,44,115
429,302,48,116
424,301,52,117
423,301,52,117
423,301,52,117
415,302,56,116
413,304,56,115
411,306,56,113
410,308,56,112
406,307,51,113
403,307,46,114
399,306,41,116
396,305,36,117
388,305,36,117
380,304,36,117
387,303,36,117
377,304,36,117
366,305,36,117
373,305,36,117
379,306,36,117
372,307,36,117
366,307,36,117
370,309,36,117
374,311,36,117
373,309,36,117
373,306,36,117
372,304,36,117
370,302,36,117
369,299,36,117
367,297,36,117
366,296,36,117
365,294,36,117
363,293,36,117
360,292,42,116
357,292,48,116
354,291,43,118
352,290,38,119
347,291,38,119
342,292,38,119
337,292,38,119
336,293,38,119
335,294,38,119
335,294,38,119
331,294,38,119
328,295,38,119
325,295,38,119
322,295,38,121
320,294,37,122
317,294,37,124
314,293,37,125
311,293,36,126
308,293,36,128
306,292,37,124
304,291,38,119
303,290,36,126
286,290,54,128
281,291,58,127
276,292,62,125
271,292,66,124
269,292,64,125
267,293,61,125
265,293,59,125
263,293,57,126
261,293,55,127
260,293,54,128
258,292,52,130
255,292,53,130
253,293,54,131
250,293,56,132
247,293,62,133
243,294,65,133
239,294,69,132
235,295,72,131
231,295,75,131
231,293,71,132
232,292,66,134
232,290,62,136
232,288,58,137
233,287,54,139
233,287,54,139
233,287,55,139
230,287,60,138
228,287,66,137
226,287,72,135
223,287,78,134
226,288,76,135
229,289,75,137
231,290,74,138
234,291,72,139
233,291,69,139
233,290,66,140
232,289,63,140
232,289,61,140
231,288,58,140
231,288,55,141
223,287,63,141
216,286,71,141
209,285,80,141
208,285,79,141
207,286,79,142
206,286,78,143
205,287,78,144
205,287,74,142
207,285,66,143
210,283,57,144
202,282,57,144
194,282,57,144
186,281,57,144
180,281,64,143
173,281,70,143
170,282,72,144
167,283,73,144
166,285,73,144
164,288,73,144
163,291,73,142
159,291,76,143
159,291,77,144
158,288,77,149
155,286,61,149
146,283,61,149
143,279,61,149
139,279,56,148
133,277,56,148
128,277,59,148
124,277,63,148
120,277,67,148
117,277,69,148
115,277,72,148
112,276,74,147
112,275,74,149
111,273,73,151
110,271,73,153
109,269,70,153
107,266,66,153
106,264,63,153
104,262,59,154
95,263,69,155
90,265,76,154
85,268,83,154
81,271,91,154
79,273,94,152
77,275,97,151
80,271,90,153
83,268,82,154
86,264,74,156
89,261,67,158
92,257,59,159
100,248,57,156
102,239,57,156
93,233,75,155
94,229,75,155
96,228,81,153
97,226,87,152
101,232,89,152
104,238,92,153
108,243,94,153
111,249,96,154
115,251,88,156
118,254,80,158
122,257,72,160
125,259,67,160
129,262,61,160
132,262,63,160
136,263,64,159
139,263,66,158
142,263,68,157
145,263,71,156
148,263,73,155
155,263,73,155
161,263,73,155
168,263,73,155
170,266,73,158
168,269,58,158
164,265,52,167
162,273,60,161
158,274,69,162
150,278,86,162
151,278,94,160
154,279,98,157
158,279,98,157
161,281,98,153
161,276,100,158
161,278,88,165
164,279,84,163
172,279,78,163
172,278,66,162
174,276,52,165
173,276,52,164
168,276,57,164
163,276,62,164
162,282,62,164
160,285,70,164
160,290,77,159
160,290,77,160
147,290,94,162
147,290,99,159
151,289,103,163
160,288,92,163
165,287,90,162
187,286,78,164
197,288,64,163
194,286,60,166
189,288,60,168
185,297,59,163
167,301,68,165
156,306,75,164
146,306,84,166
146,306,85,167
142,305,85,167
139,302,85,167
135,299,91,167
125,299,94,171
128,298,80,171
122,297,56,175
121,293,56,175
121,292,56,175
127,288,53,174
122,288,57,171
114,287,69,169
127,286,66,169
104,283,93,169
128,279,75,171
126,277,75,171
114,277,82,172
98,278,81,174
108,275,61,177
109,277,56,173
107,277,56,173
103,274,60,174
103,274,60,174
97,272,69,173
85,272,79,172
77,272,79,172
75,272,84,173
57,268,102,174
60,268,98,173
59,273,98,178
54,272,95,179
52,267,91,182
52,270,75,181
51,270,52,180
46,273,52,180
41,274,55,180
37,276,59,180
33,277,62,180
32,275,67,179
32,273,72,178
31,271,77,178
31,269,82,177
30,267,88,177
30,265,93,176
46,264,86,176
63,263,79,176
79,263,72,176
96,262,65,176
105,261,65,176
115,260,65,176
125,259,65,176
134,258,65,176
144,257,65,176
154,256,65,176
163,255,65,176
167,255,65,176
171,255,65,176
175,255,65,176
180,255,65,176
184,255,65,176
188,255,65,176
192,255,65,176
196,255,65,176
200,255,65,176
204,255,65,176
201,255,65,176
198,254,65,176
195,254,65,176
192,254,65,176
189,253,65,176
186,253,65,176
183,252,65,176
180,252,65,176
177,252,65,176
174,251,65,176
171,251,65,176
168,251,65,176
167,251,65,176
166,252,65,176
166,253,65,176
165,254,65,176
161,254,73,177
157,254,81,179
153,254,90,180
149,254,98,181
145,254,107,182
145,254,93,181
150,256,75,181
141,256,70,182
139,259,72,181
158,260,61,181
151,261,75,180
151,263,78,176
147,263,88,172
146,262,88,174
146,262,89,169
143,260,94,170
145,256,92,176
130,256,99,174
124,259,91,175
113,259,79,177
110,256,79,181
110,256,89,181
117,258,89,181
97,258,145,179
97,256,145,179
97,256,155,179
115,261,149,173
115,261,155,174
132,261,147,174
149,265,139,173
163,263,126,175
168,262,123,174
174,263,111,174
185,258,86,179
189,257,68,178
192,259,68,178
195,258,68,178
188,256,86,178
178,256,107,176
175,257,120,174
184,263,120,169
192,263,123,165
205,264,123,165
216,264,111,169
225,264,108,168
236,264,99,167
246,263,83,163
247,256,73,172
247,256,70,172
234,254,73,173
211,254,95,173
189,254,123,173
180,254,133,175
181,255,141,172
186,252,142,174
197,252,142,175
208,251,132,177
222,251,120,176
223,254,119,174
223,254,113,173
227,254,94,174
228,254,72,174
228,250,69,177
228,250,69,176
213,250,84,176
197,250,100,177
188,250,100,177
179,250,109,175
176,251,112,175
172,251,116,175
186,251,107,174
194,250,95,175
195,252,95,171
204,252,83,171
205,253,68,170
204,251,63,170
195,251,72,173
172,251,94,170
148,251,114,172
140,251,123,172
137,251,131,171
138,254,132,168
147,254,130,169
156,254,128,169
168,253,113,169
180,255,104,169
180,255,103,169
189,255,95,169
189,255,75,168
206,251,61,167
211,251,61,167
197,249,69,167
185,251,85,169
179,251,98,167
181,251,108,168
194,251,106,168
204,251,106,168
213,250,106,168
222,250,97,164
223,251,94,163
223,248,85,163
223,248,74,164
222,248,66,163
211,248,72,169
188,248,95,169
170,248,110,169
155,251,125,167
147,254,133,166
147,256,133,166
147,258,133,166
151,259,132,167
165,265,117,163
177,270,106,164
169,268,108,166
175,266,90,163
177,262,83,167
189,258,68,167
198,253,68,167
208,251,66,167
208,251,76,164
216,251,90,164
222,251,97,162
236,246,103,165
251,251,106,157
263,249,102,164
277,247,93,163
280,247,89,163
285,248,79,164
285,250,72,161
287,251,56,158
287,251,56,158
270,251,73,159
257,252,92,160
249,257,107,151
249,256,119,152
251,253,125,157
258,250,121,159
260,250,125,158
272,252,116,159
289,251,98,157
289,251,100,158
296,251,94,157
304,251,72,154
310,251,68,156
308,248,58,157
307,247,56,158
299,250,67,158
292,250,75,157
285,251,87,154
285,251,94,154
297,251,90,156
303,249,88,156
307,249,83,155
312,249,78,154
316,249,73,153
321,247,67,155
325,246,61,157
330,246,61,157
325,248,70,154
314,251,83,150
309,246,94,156
301,247,109,153
301,247,110,153
301,247,111,153
301,247,111,153
310,247,105,151
323,248,96,149
327,249,91,149
335,248,88,150
344,249,73,148
351,249,65,150
356,246,52,153
356,246,50,151
351,246,50,151
337,246,64,149
325,246,76,147
325,249,79,145
333,249,79,145
338,246,79,145
348,249,79,145
353,250,79,144
358,251,72,144
358,251,71,142
358,252,61,140
358,252,57,140
355,252,58,141
341,251,69,142
327,256,82,137
330,256,82,137
328,255,88,138
329,254,92,136
328,257,96,135
335,257,96,134
342,254,91,134
348,254,88,133
352,256,81,133
359,255,75,133
364,253,62,134
367,251,52,135
361,251,57,135
356,251,63,135
350,251,69,135
348,251,70,136
346,250,72,136
346,251,77,135
346,253,81,134
354,253,81,134
363,253,81,134
374,252,75,135
376,256,69,130
375,257,62,131
373,258,53,128
369,252,53,133
350,256,65,131
335,248,78,142
329,248,83,142
329,248,89,141
341,248,83,141
341,248,88,141
348,248,85,141
359,248,75,138
360,247,72,138
362,247,69,139
363,246,67,139
367,247,57,139
367,247,57,140
372,247,54,140
376,247,51,140
379,247,55,138
383,247,57,138
383,247,62,138
383,247,70,137
385,246,70,137
393,246,63,137
398,246,60,136
398,247,60,135
401,246,58,135
402,245,54,135
407,244,51,133
405,244,54,132
387,244,71,134
377,244,80,134
370,244,86,135
370,244,90,134
370,246,93,132
371,247,91,132
375,250,90,129
380,251,84,130
383,251,84,130
383,251,82,132
384,251,71,130
384,251,65,130
384,251,56,131
382,250,53,128
377,250,51,132
373,252,51,132
364,255,54,129
356,257,54,129
351,262,55,127
346,266,56,125
340,269,55,127
340,274,55,127
340,274,53,130
337,274,50,130
335,274,47,130
332,274,44,131
323,274,53,128
313,274,62,126
304,274,71,124
301,274,75,123
298,274,79,123
296,274,83,122
301,266,81,127
311,266,76,126
322,265,71,125
329,267,69,125
336,268,66,125
344,270,63,125
350,270,59,125
356,270,54,125
362,270,50,125
368,270,45,125
374,271,49,125
380,271,52,125
386,272,55,125
392,273,58,125
398,272,58,125
403,272,57,124
409,271,57,124
414,271,56,123
416,270,55,122
417,270,54,121
418,269,52,120
420,268,51,119
414,268,58,119
408,267,65,119
402,266,72,119
402,266,76,119
402,266,79,118
402,266,82,117
410,266,78,116
418,266,74,116
425,266,69,116
425,263,66,117
426,260,62,119
426,256,58,120
426,253,54,122
426,250,50,123
426,247,48,122
426,245,47,121
426,242,45,119
425,243,46,117
424,245,46,115
423,246,46,113
423,247,47,114
423,248,49,115
423,249,50,116
423,250,51,118
424,250,49,117
425,250,47,116
425,251,45,116
421,250,49,116
417,250,53,115
413,250,56,115
410,250,60,115
415,251,60,115
421,253,60,114
426,254,60,114
431,255,60,114
436,255,60,114
441,255,60,114
445,255,56,113
448,254,53,113
451,254,49,113
455,253,45,112
454,253,46,112
453,252,47,111
451,251,48,111
450,251,49,110
450,250,49,110
449,249,49,110
449,248,49,110
448,248,49,110
448,248,48,110
448,248,47,111
448,248,46,111
448,249,44,111
444,249,44,111
440,250,44,110
436,251,44,110
433,251,44,109
430,251,47,109
427,251,50,109
424,251,53,109
421,251,56,109
421,251,56,108
421,251,56,107
421,251,56,107
423,251,53,107
425,251,49,107
427,251,45,107
429,251,42,107
429,252,42,107
429,252,42,107
429,252,42,107
429,252,42,107
429,252,43,107
429,252,43,107
429,252,44,107
429,252,44,106
429,252,44,106
428,252,44,105
427,252,43,105
426,252,42,105
425,252,41,104
424,252,40,104
423,252,39,104
419,252,44,103
414,252,48,103
414,252,49,103
414,252,51,103
414,252,52,104
416,252,52,104
417,252,52,104
419,252,52,104
421,252,52,104
422,253,49,103
423,253,46,102
424,253,42,101
425,253,39,101
426,253,36,100
424,253,37,100
421,252,38,100
419,252,38,100
417,251,39,100
414,251,40,100
413,251,41,100
413,251,41,100
412,252,42,100
411,252,43,100
410,253,43,99
409,254,44,99
408,254,45,98
407,255,46,98
406,255,46,97
405,256,47,96
403,257,49,97
400,257,50,97
398,257,51,98
396,258,53,98
395,258,52,98
394,259,51,98
393,259,51,97
392,260,50,97
392,260,47,97
392,260,44,96
392,259,45,96
392,259,46,95
393,259,47,95
393,259,49,94
393,259,50,94
397,257,49,94
401,255,48,95
405,253,46,96
407,250,45,97
410,248,43,97
412,245,42,98
415,243,40,98
417,240,39,99
420,238,37,99
419,238,39,97
418,239,40,96
417,240,42,94
416,240,44,93
429,238,38,96
430,239,37,96
431,241,37,95
432,243,36,94
433,244,35,94
428,244,36,93
424,244,37,93
420,243,38,93
415,243,39,92
411,243,40,92
407,242,42,92
402,242,43,92
410,243,34,91
407,244,36,91
404,244,38,90
401,244,41,89
398,244,43,89
400,245,41,89
401,246,39,88
403,247,37,88
404,248,35,88
401,246,36,89
398,244,37,90
399,244,35,91
398,246,36,90
397,247,37,89
396,248,38,87
395,250,39,86
395,247,44,87
400,246,39,88
405,244,35,89
405,244,35,89
406,243,34,89
406,243,34,89
406,240,37,90
405,237,40,91
405,237,39,91
405,238,37,90
405,238,37,91
406,238,36,93
407,238,36,91
407,239,37,90
408,239,37,89
409,239,37,87
409,240,37,86
410,240,38,86
410,239,39,87
410,239,39,88
411,239,38,88
411,239,38,89
411,238,37,90
410,239,37,89
409,239,37,88
410,240,38,88
410,241,40,87
411,241,41,87
412,242,42,87
412,242,44,87
411,243,44,86
409,243,44,86
407,243,45,86
406,243,42,87
405,242,40,88
404,242,38,89
401,242,37,88
399,242,37,87
397,242,36,86
394,242,36,86
393,243,36,85
391,245,37,84
390,247,37,90
390,247,37,87
389,248,37,83
388,247,37,83
386,247,37,83
385,247,37,84
384,245,37,87
383,243,37,90
384,245,37,87
385,248,36,84
383,247,38,84
382,247,41,83
380,247,43,83
382,247,40,83
383,247,37,83
384,247,35,83
385,248,36,82
386,248,37,82
388,248,37,81
392,250,33,80
396,248,34,83
398,247,33,81
400,246,31,80
400,249,32,80
401,248,32,80
401,247,32,80
401,246,32,79
402,245,33,80
402,244,33,80
403,244,33,80
404,243,34,81
404,242,34,81
405,242,35,81
405,243,33,81
405,243,33,81
405,243,34,81
404,243,34,81
404,243,35,81
404,244,37,80
405,244,38,79
405,244,40,78
408,246,39,78
408,245,38,79
408,245,36,79
408,244,35,80
407,245,35,80
405,245,36,79
404,246,36,78
402,247,36,78
402,248,36,78
402,249,36,78
401,249,36,78
400,250,36,78
400,250,36,78
400,249,35,77
400,249,35,77
400,248,35,77
400,248,34,77
401,247,34,77
401,246,34,77
402,246,34,77
402,245,33,76
402,245,33,77
401,245,32,77
400,245,34,77
398,245,36,78
401,246,34,77
402,245,34,76
402,244,34,75
406,243,34,76
410,242,35,76
412,242,35,76
415,242,36,76
412,242,36,78
412,242,36,76
413,243,36,75
413,243,37,74
413,244,37,74
413,244,38,73
414,245,38,72
414,244,37,73
415,244,37,73
416,243,36,74
417,243,35,74
418,243,34,75
417,243,34,75
416,244,34,74
415,244,34,74
414,245,34,74
413,245,34,74
412,246,34,73
411,246,34,73
409,246,34,73
408,246,34,73
407,246,34,72
405,249,34,72
404,248,34,72
403,248,34,72
402,247,34,72
401,246,34,72
400,246,34,72
400,245,32,72
400,245,32,72
400,246,32,72
400,246,33,72
400,246,33,71
402,246,32,72
404,246,31,72
407,245,31,72
408,246,34,72
409,245,33,71
411,244,32,71
413,243,31,70
414,242,30,69
416,241,34,72
417,242,33,72
418,242,33,71
419,242,32,71
419,241,32,71
420,241,32,71
420,240,33,71
421,239,33,71
421,239,33,71
421,239,33,71
421,239,32,71
421,239,32,71
421,239,31,71
421,239,31,71
421,239,30,71
421,239,30,71
421,239,31,71
421,240,31,71
421,240,31,71
421,240,32,71
422,240,31,70
422,240,31,70
423,240,31,69
423,240,30,69
424,240,30,69
424,240,29,68
425,240,29,68
425,240,29,68
425,240,28,67
425,240,28,67
425,240,28,67
425,240,27,66
425,240,27,66
424,240,27,67
424,240,27,67
424,239,27,67
424,239,27,67
424,239,27,67
424,238,27,68
424,238,27,68
424,238,27,68
423,238,27,67
421,239,27,67
420,239,27,66
419,240,27,66
418,240,27,65
418,240,27,64
419,240,26,63
420,240,25,62
421,240,25,61
421,240,24,60
422,240,23,59
421,240,23,59
421,240,23,59
420,240,23,59
420,240,23,59
419,240,23,59
418,240,23,59
418,240,23,59
416,240,23,59
414,240,23,59
412,241,23,59
409,241,23,59
407,241,23,59
407,241,23,59
407,241,23,59
407,241,23,59
407,241,23,59
407,241,23,59
407,241,23,59
407,241,23,59
407,241,23,59
407,241,23,59
407,241,23,59
407,241,23,59
407,241,23,59
407,241,23,59
406,241,23,59
406,241,23,59
406,242,23,59
406,242,23,59
406,242,23,59
405,242,23,59
405,242,23,59
405,242,23,59
405,242,23,59
405,242,23,59
405,242,23,59
404,242,23,59
404,242,23,59
404,242,23,59
404,242,23,59
404,242,23,59
404,242,23,59
403,242,23,59
403,242,23,59
403,242,23,59
403,242,23,59
403,242,23,59
402,242,23,59
402,242,23,59
402,242,23,59
401,242,23,59
401,242,23,59
400,242,23,59
399,242,23,59
399,242,23,59
398,242,23,59
398,242,23,59
397,242,23,59
397,242,23,59
396,242,23,59
396,242,23,59
395,242,23,59
394,242,23,59
394,242,23,59
393,242,23,59
393,242,23,59
392,242,23,59
392,242,23,59
391,242,23,59
391,242,23,59
390,242,23,59
390,241,23,59
389,241,23,59
389,241,23,59
388,241,23,59
388,240,23,59
387,241,23,59
386,241,23,59
386,241,23,59
385,242,23,59
384,242,23,59
383,242,23,59
383,240,23,59
382,238,23,59
381,236,23,59
380,234,23,59
379,232,23,59
379,232,23,59
379,233,23,59
378,233,23,59
378,233,23,59
378,234,23,59
378,234,23,59
377,234,23,59
377,234,23,59
377,234,23,59
377,234,23,59
376,234,23,59
374,234,23,59
371,234,23,59
369,234,23,59
366,234,23,59
364,234,24,59
361,234,24,59
359,233,25,59
363,233,24,59
366,233,24,59
370,233,23,59
368,235,23,59
366,238,23,59
365,238,23,59
364,238,23,59
363,237,23,59
362,237,23,59
371,237,23,59
369,236,23,59
367,234,23,59
365,233,23,59
365,233,23,59
365,234,23,59
365,235,23,59
365,235,23,59
365,235,23,59
365,235,23,59
365,235,23,59
365,235,23,59
365,235,23,59
365,234,23,59
365,234,23,59
365,234,23,59
365,234,23,59
365,234,23,59
365,233,23,59
365,233,23,59
364,233,23,59
365,233,23,59
365,233,23,59
365,233,23,59
365,233,23,59
365,233,23,59
365,233,23,59
365,233,23,59
365,233,23,59
366,233,23,59
366,233,23,59
367,232,23,59
368,232,23,59
368,232,23,59
377,232,23,59
372,232,23,59
366,232,23,59
373,232,23,59
380,232,23,59
376,234,23,59
372,235,23,59
372,236,23,59
372,236,23,59
373,236,23,59
373,237,23,59
374,237,23,59
375,234,23,59
376,232,23,59
378,229,23,59
379,227,23,59
380,224,23,59
382,221,23,59
382,221,23,59
382,221,23,59
382,221,23,59
382,221,23,59
383,221,23,59
383,221,23,59
383,221,23,59
383,220,23,59
383,220,23,59
384,220,23,59
384,220,23,59
384,220,23,59
384,220,23,59
384,220,23,59
385,220,23,59
385,219,23,59
385,219,23,59
385,219,23,59
385,219,23,59
386,219,23,59
386,219,23,59
386,219,23,59
386,219,23,59
386,218,23,59
387,218,23,59
387,218,23,59
387,218,23,59
387,218,23,59
388,218,23,59
388,218,23,59
388,218,23,59
388,217,23,59
388,217,23,59
389,217,23,59
389,217,23,59
389,217,23,59
389,216,23,59
389,216,23,59
389,216,23,59
389,216,23,59
389,215,23,59
389,215,23,59
389,215,23,59
389,215,23,59
389,214,23,59
389,214,23,59
389,214,23,59
389,214,23,59
386,213,23,59
383,212,23,59
380,211,23,59
383,210,23,59
385,209,23,59
388,208,23,59
390,207,23,59
395,207,23,59
400,207,23,59
403,200,23,59
407,194,23,59
410,187,23,59
400,180,23,59
396,179,23,59
392,179,23,59
389,178,23,59
388,182,23,59
383,184,23,59
378,185,23,59
373,187,23,59
377,189,23,59
378,192,23,59
378,195,23,59
379,199,23,59
379,200,23,59
380,201,23,59
384,207,23,59
389,213,23,59
393,212,23,59
397,210,23,59
392,214,23,59
387,218,23,59
390,224,23,59
393,230,23,59
396,236,23,59
399,242,23,59
402,246,23,59
407,247,23,61
411,248,24,63
415,250,24,65
419,249,23,59
420,251,23,61
420,252,23,63
421,254,23,62
423,255,23,62
422,257,22,64
423,258,23,64
423,259,24,64
423,260,23,62
422,260,23,59
422,261,23,59
422,262,23,59
423,263,23,59
424,265,23,59
424,266,23,59
425,267,23,59
425,268,23,59
429,268,23,61
432,269,22,62
436,269,22,64
435,268,21,62
432,267,25,63
427,265,25,63
423,263,25,63
419,261,25,63
415,259,25,63
412,258,24,64
408,258,24,66
407,257,27,65
407,258,26,65
406,257,28,66
406,259,27,65
407,256,26,64
410,255,27,66
410,255,26,64
408,255,26,64
408,251,25,63
413,250,25,63
411,251,25,63
410,250,26,65
412,247,25,63
412,248,27,65
411,246,27,67
411,247,25,63
410,246,25,63
410,245,25,63
410,245,25,63
406,246,25,63
409,244,25,63
411,243,25,63
411,243,25,63
407,244,25,63
407,244,25,63
406,244,25,63
407,245,25,63
406,245,25,63
405,246,25,63
402,246,25,63
400,247,30,63
399,250,25,63
398,250,25,63
398,249,25,63
397,248,25,63
396,249,25,64
395,250,26,64
395,252,30,64
395,251,28,65
396,253,26,64
392,251,30,65
392,251,27,65
389,251,29,64
390,251,26,63
391,250,25,65
387,248,25,66
388,249,25,66
386,249,28,66
389,248,25,65
388,248,27,64
387,247,28,64
390,248,25,64
388,247,25,65
389,249,25,63
388,246,27,64
389,247,25,63
389,247,27,66
386,247,30,65
390,246,25,63
389,247,25,63
389,248,25,63
389,245,27,65
389,245,27,65
390,245,27,64
390,245,27,64
391,244,26,63
389,242,25,63
388,239,25,64
388,241,25,65
387,241,25,64
383,242,25,64
384,246,25,63
383,251,25,63
381,251,25,64
380,253,26,65
379,254,26,66
382,255,27,66
378,254,26,66
376,255,26,66
375,251,26,66
373,250,26,66
376,248,26,66
377,246,26,66
380,246,26,65
376,246,31,61
376,243,28,62
378,243,26,64
373,240,26,64
369,239,26,64
369,238,26,64
366,237,26,64
365,239,26,64
364,238,26,64
362,240,27,61
361,237,26,64
361,238,26,64
361,239,26,64
361,240,26,64
357,242,26,64
358,241,26,64
355,242,27,63
352,243,27,62
352,243,27,64
352,243,27,66
347,240,27,66
348,242,27,65
347,239,27,65
342,239,29,63
342,238,29,66
341,238,29,64
342,239,27,64
341,240,28,64
342,242,26,64
342,244,26,64
342,245,26,64
342,246,26,64
342,246,26,64
388,254,29,61
389,252,27,63
391,251,26,64
392,249,26,64
391,249,27,65
391,249,29,66
392,250,26,65
393,249,25,66
392,249,28,66
397,247,26,65
397,251,25,65
395,252,26,64
395,250,26,64
397,250,25,65
396,248,27,64
398,248,26,65
401,249,24,66
401,248,26,65
399,248,31,66
402,249,26,64
405,251,24,65
403,251,28,62
405,250,21,66
402,252,22,66
404,252,27,64
404,252,24,66
402,253,24,65
404,254,24,66
404,253,24,66
404,253,23,65
402,255,25,65
403,255,26,64
404,257,26,64
404,255,26,64
405,254,26,64
406,253,26,64
402,252,28,65
404,252,27,65
406,253,26,64
405,249,26,64
407,251,26,64
409,251,26,64
407,250,26,64
406,250,26,64
404,250,26,64
404,250,27,66
404,249,29,67
406,251,26,67
407,252,23,66
404,254,26,66
404,254,26,65
403,254,26,65
403,255,26,65
403,254,25,67
405,254,25,66
407,253,26,64
407,252,26,64
407,252,27,64
408,251,27,63
409,250,27,63
409,249,27,63
410,248,27,64
409,248,27,64
412,248,26,64
409,246,26,64
408,249,26,64
408,247,27,65
407,248,27,65
407,250,28,65
407,250,27,65
403,251,29,64
401,249,27,65
404,250,27,65
404,250,27,65
403,250,27,65
405,248,27,65
404,251,29,62
406,248,27,65
406,249,27,65
405,250,27,65
404,250,27,65
402,249,27,65
401,249,27,65
404,251,27,65
402,252,27,65
403,252,27,65
399,251,27,65
399,251,27,65
399,251,27,65
399,252,27,65
399,253,27,65
401,252,27,65
402,251,27,65
401,251,26,65
399,250,26,65
401,252,26,65
398,251,26,65
399,251,28,64
401,250,29,63
405,249,26,67
406,249,27,65
407,248,27,66
403,248,26,66
406,248,27,63
403,250,26,66
404,250,29,63
406,248,26,64
403,249,26,66
405,249,26,65
401,249,26,65
406,247,26,65
404,249,27,65
407,247,26,65
405,244,27,65
407,243,26,64
407,245,26,64
409,245,26,64
406,246,27,63
403,246,26,64
403,247,26,64
401,250,26,64
399,251,28,65
398,252,28,65
400,251,27,66
401,252,29,65
401,252,26,66
401,249,25,64
402,249,22,65
404,249,24,65
405,249,22,65
405,249,23,65
402,251,28,62
402,251,28,63
403,251,27,64
401,250,27,64
399,250,26,65
399,252,26,65
397,251,26,63
395,248,26,63
404,249,26,61
402,251,26,62
397,252,26,62
398,252,26,62
400,250,26,63
398,253,26,63
397,251,26,66
396,250,26,67
399,253,27,63
401,252,26,64
396,250,29,66
399,248,26,64
400,250,26,64
399,250,26,65
399,250,28,67
399,248,28,65
402,251,28,64
405,250,27,63
406,249,27,64
407,248,26,64
408,247,27,64
408,247,26,64
408,247,26,64
411,247,26,65
414,247,26,66
412,250,26,65
410,253,26,64
408,250,26,64
411,248,26,64
409,253,26,64
408,250,26,64
410,250,26,64
412,250,26,64
411,249,26,64
410,247,26,64
410,247,26,64
411,248,26,64
409,248,26,64
408,249,26,64
412,247,26,64
410,245,26,64
407,247,26,64
405,249,26,64
406,250,26,64
409,252,26,64
412,255,26,64
404,254,26,64
404,251,26,64
401,250,27,66
398,250,27,67
402,246,27,66
406,244,26,65
398,242,26,64
402,241,28,62
400,239,29,60
405,240,25,63
402,241,26,64
399,239,24,58
402,243,27,60
402,243,22,61
401,246,27,56
404,247,24,57
405,255,25,60
406,252,25,62
408,255,24,60
406,257,26,61
406,257,26,63
407,260,26,64
406,260,26,64
405,259,26,64
407,256,26,64
405,254,25,65
401,253,26,64
405,252,26,64
409,253,26,64
412,253,26,64
410,260,27,67
417,259,26,64
421,254,25,71
423,253,26,71
423,254,27,71
423,258,29,70
425,258,27,70
429,261,29,67
428,263,28,65
427,262,31,70
425,261,32,70
426,262,33,70
428,263,32,70
428,264,30,69
432,264,28,71
434,263,28,71
434,264,28,71
437,264,28,71
436,263,28,71
438,266,33,71
440,266,33,69
438,263,32,72
437,260,33,72
438,260,33,71
438,259,33,70
439,258,33,69
440,256,33,70
443,256,33,71
445,255,33,72
446,255,32,73
446,255,31,74
446,255,32,74
446,255,33,74
445,253,33,73
443,251,33,71
441,245,35,74
444,246,36,74
446,246,39,73
449,242,36,73
450,244,34,72
455,244,33,73
458,244,30,74
462,245,27,75
463,246,32,73
462,250,35,72
465,250,33,73
463,252,37,72
467,254,34,73
467,257,34,73
466,257,35,73
467,256,37,74
467,256,37,75
468,255,36,75
472,256,34,75
475,258,33,74
476,256,33,75
477,255,34,76
478,254,35,77
476,254,35,78
478,254,36,78
479,254,36,78
481,253,39,75
484,255,38,76
482,254,36,76
484,253,35,76
486,252,34,77
487,252,33,77
488,252,33,78
491,252,33,78
493,251,33,78
493,252,38,77
492,253,44,77
495,253,42,76
499,253,41,76
498,253,42,78
498,253,44,79
498,253,40,78
501,253,40,78
502,251,38,79
504,249,36,80
506,248,33,81
506,249,35,81
505,248,37,81
506,249,37,79
508,248,38,79
509,247,39,80
510,248,37,75
508,246,40,80
510,246,39,80
512,245,37,80
514,244,36,80
517,243,35,84
522,242,34,82
521,245,34,80
523,245,35,79
524,245,36,81
525,244,38,82
526,245,38,80
526,247,38,77
530,244,35,81
532,244,38,81
535,245,37,82
533,243,35,81
537,243,33,80
540,243,31,78
539,243,33,81
541,244,31,80
540,243,31,82
543,244,33,79
542,244,35,81
540,242,35,82
543,242,34,82
547,242,32,83
545,242,34,80
544,244,38,80
545,242,35,81
546,241,35,85
547,241,35,83
548,240,35,80
549,239,35,84
548,240,36,85
549,239,39,84
550,239,41,83
548,239,42,82
546,238,42,81
547,242,38,82
544,240,40,84
544,242,41,84
544,245,39,83
544,245,38,84
543,246,37,85
544,247,37,85
544,248,38,84
541,247,41,86
539,245,43,87
540,247,41,87
533,247,44,84
527,246,48,82
525,246,46,82
523,245,45,82
530,245,36,81
520,238,46,87
520,236,44,86
521,234,42,85
521,237,39,84
521,235,37,86
520,237,37,86
519,237,39,84
520,237,39,85
517,237,43,87
523,236,43,87
530,235,44,88
538,237,42,86
546,238,41,84
553,237,41,84
556,229,41,88
560,223,39,90
560,218,38,92
569,215,38,91
566,218,42,89
566,216,45,91
568,216,45,91
568,216,48,90
572,219,47,87
568,218,47,89
583,216,44,91
578,215,45,93
585,213,48,90
584,212,46,91
590,212,43,89
587,210,44,90
590,211,38,91
590,212,35,93
592,212,39,92
594,212,44,92
594,213,45,90
593,214,46,89
596,215,44,92
590,215,43,92
591,215,43,92
591,215,43,92
589,214,42,92
586,213,41,92
586,212,42,94
586,210,42,96
581,213,45,92
578,214,44,93
575,215,42,93
572,216,41,93
572,213,42,97
566,219,46,91
565,219,45,91
564,219,44,91
563,220,42,91
562,220,41,90
560,221,39,90
555,220,42,95
550,221,41,93
546,223,39,90
548,224,40,94
547,222,44,98
542,226,53,94
538,224,52,94
534,223,51,94
530,221,50,95
531,223,49,94
530,222,48,95
529,222,46,95
530,220,45,96
534,219,42,99
534,220,41,97
532,219,42,97
530,219,48,98
528,220,49,98
523,221,53,95
526,220,53,97
527,220,50,98
523,222,51,95
521,221,52,95
520,223,62,94
522,222,55,97
522,220,47,100
520,219,45,101
517,219,44,102
515,219,42,102
516,220,42,100
516,219,45,98
513,217,54,99
513,218,54,100
512,219,55,101
513,219,54,100
513,219,53,99
511,219,53,100
509,219,52,101
509,219,51,102
507,220,51,102
504,221,51,102
501,222,51,102
499,221,54,103
496,220,57,104
496,221,56,104
497,222,56,104
497,223,58,104
498,223,60,103
499,223,63,102
491,223,67,103
497,221,62,104
502,220,56,104
506,220,50,105
511,220,44,106
515,220,44,106
519,220,44,105
523,220,44,105
527,221,45,105
528,222,51,105
530,223,58,105
531,225,57,105
533,226,56,104
534,224,53,104
533,226,51,105
533,224,49,105
532,223,46,106
532,224,53,105
537,224,44,103
544,221,39,107
548,221,37,107
547,221,39,107
546,221,42,106
546,222,55,105
550,221,47,106
550,223,49,105
550,225,51,104
542,223,63,108
555,224,48,107
558,223,46,107
560,222,44,107
564,222,44,107
566,223,45,107
570,223,45,107
573,224,45,107
573,224,56,109
571,220,60,109
569,216,63,109
570,217,62,109
571,218,61,108
571,217,57,110
573,216,58,111
573,213,56,114
575,216,58,110
576,215,59,111
581,215,46,110
588,215,40,114
583,214,48,113
581,215,49,113
576,216,52,113
571,217,55,113
566,217,57,113
555,218,64,111
555,218,61,110
561,218,53,113
570,218,56,113
574,218,48,112
579,217,42,115
581,216,44,115
585,219,44,115
587,216,46,116
588,216,53,116
590,216,59,117
590,216,64,114
593,215,57,117
592,215,58,117
591,215,59,117
593,213,59,117
595,214,59,117
598,214,59,117
595,211,58,118
597,213,52,119
602,214,47,118
601,214,43,119
600,212,48,120
598,212,47,122
598,214,49,121
602,212,51,124
596,214,58,119
601,216,59,118
600,216,57,121
603,215,54,121
603,215,46,120
603,213,48,123
601,215,49,123
599,214,45,123
603,214,42,123
605,212,51,124
605,214,57,122
606,216,62,121
606,215,66,121
605,216,68,122
605,219,72,120
602,217,72,122
600,215,72,124
600,217,67,123
600,218,62,121
602,214,58,125
609,214,51,123
604,212,51,128
601,213,55,126
592,212,67,126
585,215,80,124
586,213,72,126
581,213,81,125
584,215,77,123
584,214,80,125
592,212,66,130
598,212,57,130
597,211,55,127
596,212,48,128
591,211,49,128
587,211,53,130
578,213,61,127
576,212,62,125
568,212,70,128
565,213,75,128
557,214,76,127
554,214,75,131
548,213,76,130
545,217,81,124
550,210,73,133
545,210,64,134
550,209,68,134
553,211,58,134
558,213,57,129
556,210,63,132
550,212,66,130
544,210,70,132
537,212,78,131
532,212,82,131
529,210,91,131
531,211,87,128
530,211,82,130
535,210,71,132
540,208,61,133
540,207,50,134
542,209,43,134
539,209,52,132
540,207,49,134
539,206,54,136
542,207,58,135
541,207,68,136
539,207,76,134
539,209,76,134
535,208,82,135
536,208,82,137
532,205,79,137
528,206,75,136
522,205,74,136
525,205,59,138
523,206,60,136
525,207,54,132
519,206,60,137
514,204,72,141
509,206,89,137
509,207,90,136
508,205,91,138
510,205,89,138
515,207,86,136
520,205,80,139
521,203,66,140
524,208,51,135
528,205,44,138
523,204,48,139
522,205,51,138
522,205,57,137
522,205,63,137
522,205,69,137
522,205,75,136
522,205,81,136
523,205,78,137
525,204,76,139
526,204,73,140
527,204,71,142
529,203,69,144
529,204,71,143
530,204,74,143
531,205,76,142
531,205,79,142
530,206,77,141
525,204,95,141
525,205,94,141
524,206,92,141
524,206,90,142
523,207,88,142
529,206,79,143
534,206,70,143
539,205,61,144
544,204,52,144
546,205,55,145
548,205,57,146
550,205,60,147
548,205,68,147
545,205,75,147
542,205,83,146
540,204,90,146
535,204,90,146
531,204,90,146
526,204,90,146
530,204,88,148
535,203,87,150
541,203,79,150
547,203,71,150
553,202,63,150
559,202,56,150
554,202,68,150
548,202,80,150
543,202,93,150
541,202,99,150
539,202,106,151
543,202,91,151
547,202,77,151
550,202,77,151
554,203,77,151
559,202,66,152
564,201,55,153
570,200,45,154
566,200,45,154
561,200,45,155
556,200,59,156
551,199,72,156
546,199,85,157
541,198,99,158
535,199,99,157
529,199,99,156
523,200,99,156
523,201,99,154
524,202,99,153
530,201,82,153
536,201,65,152
537,200,63,154
537,199,61,156
529,200,78,154
522,202,88,151
516,201,106,154
518,202,106,154
520,203,106,154
522,203,106,154
527,202,104,156
531,200,102,157
540,200,88,156
548,199,75,156
549,198,67,158
550,197,59,160
550,197,51,160
543,198,58,159
536,198,65,159
530,199,73,158
523,199,80,157
518,199,80,157
518,199,82,158
518,199,83,158
518,199,85,158
518,199,87,158
518,199,86,159
518,199,85,161
519,199,86,160
519,200,88,159
519,200,89,158
519,200,90,156
513,200,94,157
508,200,98,158
502,199,102,158
496,199,106,159
490,199,110,159
491,199,104,159
491,199,98,160
492,199,92,160
487,199,82,160
482,200,73,160
477,200,63,160
475,198,60,161
474,197,57,162
476,197,65,160
479,198,74,159
482,199,82,158
482,200,82,158
482,202,82,158
484,201,89,159
486,200,96,159
487,199,103,160
496,197,96,160
505,196,88,160
514,194,81,161
527,194,73,163
539,193,65,165
542,194,72,164
544,194,79,163
542,195,86,164
541,195,93,165
539,196,100,165
536,199,106,163
534,202,113,161
529,201,103,163
524,200,94,165
519,199,84,167
521,198,74,168
522,197,63,169
523,196,53,169
527,196,54,167
530,196,56,165
530,196,62,167
530,196,68,169
526,198,88,165
523,200,109,162
518,200,113,163
513,200,117,164
513,200,110,164
513,200,104,163
513,200,97,163
513,200,91,163
522,200,82,164
530,199,73,166
533,200,76,166
535,201,79,166
537,202,82,166
532,203,88,164
534,203,88,164
527,205,89,163
521,207,90,163
512,209,94,160
515,209,84,160
519,209,74,160
522,209,63,160
527,209,63,160
532,209,63,160
536,209,63,160
537,209,90,160
537,209,117,161
529,210,116,160
521,211,115,158
512,212,113,157
503,211,105,157
494,210,96,157
485,209,88,157
485,209,79,158
484,209,71,159
484,209,63,160
482,209,73,161
480,209,83,162
478,209,94,163
474,208,96,163
470,207,99,163
466,206,102,163
462,205,105,163
467,204,98,162
472,203,90,161
477,202,83,161
478,200,75,163
479,198,67,165
481,196,58,167
472,195,63,166
463,195,68,166
455,194,73,165
443,193,75,165
431,193,78,164
419,192,80,163
407,195,102,163
406,199,86,162
406,202,70,162
397,205,65,168
390,209,61,164
381,212,63,162
371,215,66,160
364,218,58,160
362,220,60,160
359,221,62,161
353,221,78,163
354,222,83,161
348,223,84,161
352,221,93,165
356,223,86,162
356,224,86,162
357,223,86,163
357,226,84,163
361,228,76,163
368,232,69,162
376,235,63,162
382,239,57,167
383,243,63,166
383,243,70,165
383,244,77,164
383,245,83,163
385,244,82,163
387,243,81,164
390,235,83,165
394,230,81,169
403,225,75,166
410,220,65,164
414,217,62,164
419,214,53,166
411,214,62,165
403,215,71,164
395,215,80,163
388,217,85,163
382,219,90,163
374,219,96,164
367,218,93,162
359,218,90,161
352,222,84,160
344,226,79,160
336,230,73,160
341,239,60,163
339,245,59,162
336,251,57,161
336,248,64,162
335,249,71,164
334,250,78,165
332,250,83,164
330,249,88,163
328,249,94,163
325,249,88,163
321,252,82,164
318,255,76,164
314,258,71,164
309,262,67,163
304,265,63,163
300,269,58,163
294,271,64,163
289,273,70,163
283,275,76,162
278,276,81,162
272,277,87,162
269,278,87,162
267,278,87,162
264,279,87,162
262,279,87,162
263,280,79,163
264,281,71,163
265,282,63,164
266,283,55,165
254,283,58,165
244,280,62,165
234,277,65,164
223,273,74,164
212,268,82,164
202,265,86,163
192,256,102,163
195,249,95,163
198,243,87,162
208,248,80,162
217,254,72,162
239,265,65,163
251,270,65,164
259,274,65,165
266,278,65,166
260,283,76,163
254,287,86,160
248,292,96,157
248,292,96,158
248,292,96,158
251,292,92,158
254,291,89,158
256,291,85,157
266,286,72,159
277,280,59,162
278,281,59,160
278,281,58,159
279,282,57,158
272,285,64,158
264,289,71,158
256,289,77,158
248,289,83,158
241,289,89,158
239,285,87,158
238,281,84,158
236,277,82,158
239,274,73,158
242,271,65,158
245,268,57,158
239,269,53,158
233,270,50,157
209,275,61,157
185,281,73,157
161,286,85,157
137,292,71,155
139,293,83,156
142,294,84,156
145,295,84,156
153,292,80,156
161,289,76,156
166,292,71,152
169,293,68,154
172,294,65,157
177,300,63,154
191,301,53,154
196,304,58,153
200,307,63,152
203,308,69,153
205,310,76,153
208,311,82,153
211,313,88,154
221,308,86,155
232,303,83,156
236,300,76,154
239,295,68,153
242,291,60,152
245,287,51,150
233,286,59,149
220,285,67,148
218,289,75,146
206,288,73,146
204,290,71,147
202,292,70,147
200,295,68,147
188,293,82,150
187,295,76,149
185,298,70,148
180,299,63,147
173,300,61,147
168,299,60,149
163,298,58,150
159,299,53,149
159,299,62,150
155,296,74,150
152,296,87,152
146,297,83,151
141,297,92,151
140,297,87,151
132,296,90,151
136,299,83,148
140,300,80,144
143,298,62,148
153,295,52,147
152,295,51,147
156,296,49,146
158,295,51,147
157,295,51,151
159,296,54,147
159,298,55,141
158,299,60,142
157,301,64,143
156,302,61,144
156,303,66,145
159,305,64,146
163,307,63,146
166,305,64,146
167,304,62,143
171,305,66,147
172,304,69,147
174,303,71,146
175,301,74,146
174,300,83,146
172,299,81,146
171,298,79,145
176,299,80,143
180,300,80,142
189,302,78,141
200,302,71,141
216,302,64,138
231,302,57,136
235,302,50,141
239,300,49,140
243,302,58,140
247,304,67,140
245,304,77,139
244,304,87,139
247,305,82,139
250,307,78,139
252,305,77,138
254,304,76,138
259,301,70,138
264,297,63,138
268,296,63,138
271,295,63,138
275,295,63,138
274,297,63,138
273,298,68,137
273,298,74,136
272,299,80,136
273,300,79,135
270,302,82,135
271,302,76,136
272,302,70,137
273,301,64,137
274,301,58,138
272,300,53,137
276,302,49,137
274,301,51,136
272,300,53,136
275,301,53,137
274,302,67,138
273,303,66,136
272,303,65,134
274,303,70,134
275,303,65,134
276,304,64,134
277,305,63,134
278,306,62,134
280,305,59,135
281,304,57,135
282,304,54,135
283,303,51,136
283,303,58,135
283,303,65,134
283,303,71,134
283,303,74,133
283,303,76,132
284,303,75,132
285,302,73,132
286,302,67,131
287,301,60,131
284,301,55,130
280,300,50,130
277,299,45,129
267,301,47,129
258,304,48,129
248,306,49,130
239,308,51,130
231,311,57,129
223,314,63,129
214,317,69,129
206,319,55,128
208,320,67,128
210,318,62,127
212,316,57,125
214,314,52,124
214,311,55,126
216,307,54,125
217,302,52,124
227,297,52,124
237,291,52,124
247,286,52,124
248,282,60,122
250,284,60,124
252,286,61,126
260,287,58,124
268,288,55,122
277,289,52,120
288,291,52,120
298,293,52,120
291,297,52,120
283,300,52,120
275,304,52,120
261,313,52,120
248,322,52,120
234,331,52,120
217,335,52,120
216,336,52,120
216,337,52,120
218,336,52,120
221,335,52,120
213,337,52,120
204,339,52,120
196,341,52,120
186,342,52,120
176,342,52,120
166,343,52,120
156,344,52,120
153,345,52,120
152,344,52,120
152,342,52,120
151,341,52,120
150,339,52,120
155,333,52,120
161,328,52,120
166,322,52,120
176,320,52,120
187,317,52,120
186,315,52,120
194,315,55,120
201,314,57,120
205,319,52,120
203,312,55,118
204,315,52,116
205,317,49,113
204,319,50,116
203,321,50,120
203,324,51,120
202,327,52,120
202,330,52,120
200,330,48,115
205,329,49,116
210,327,50,117
211,325,51,118
213,323,51,119
222,327,52,120
220,328,51,112
229,327,51,112
239,327,51,112
248,326,52,120
248,327,50,112
248,328,47,111
248,328,45,109
252,327,45,107
255,325,45,106
258,324,45,107
260,323,45,109
262,323,45,109
264,322,46,109
265,322,47,108
267,321,47,108
268,321,48,108
270,320,49,107
273,318,47,108
275,315,45,108
279,316,45,109
282,317,45,109
277,318,45,109
288,317,45,109
288,316,45,109
289,316,45,109
288,318,45,109
292,318,45,109
297,317,45,109
297,317,45,109
297,317,45,109
300,316,45,109
303,316,45,109
301,315,45,109
300,313,45,109
304,315,41,104
308,317,38,99
309,319,38,98
309,321,38,97
310,323,38,96
311,323,38,96
313,322,38,96
314,322,38,96
340,320,37,95
342,322,37,94
343,323,39,95
343,324,38,95
342,324,38,94
344,323,37,94
352,325,37,93
352,325,37,93
344,326,37,94
348,328,37,93
351,326,36,99
353,327,36,98
356,328,36,96
358,328,36,95
360,329,37,94
362,330,37,93
366,329,37,93
370,329,37,93
375,328,37,93
376,328,37,93
378,328,37,93
380,328,37,93
380,327,37,93
381,326,37,93
383,326,37,93
386,326,37,93
389,326,37,93
389,326,37,93
390,326,37,93
391,326,37,93
391,326,37,93
392,326,37,93
392,326,37,93
393,326,37,93
393,326,37,93
396,326,37,93
400,326,37,93
403,326,37,93
405,326,37,93
407,326,37,93
408,326,37,93
410,326,37,93
411,326,37,93
413,325,37,93
414,325,37,93
414,326,37,93
418,326,37,93
421,326,37,93
425,326,37,93
428,327,37,93
432,327,37,93
433,327,37,93
435,327,37,93
437,327,37,93
440,331,37,93
438,329,37,93
439,330,37,93
441,331,37,93
438,330,37,93
438,330,37,93
439,329,37,93
437,329,37,93
436,328,37,93
434,328,37,93
436,329,37,93
438,331,37,93
434,329,37,93
431,326,37,92
427,324,37,92
424,325,37,92
420,326,37,92
419,326,37,91
418,326,37,91
417,326,37,91
416,326,37,91
411,326,37,90
407,327,37,90
407,328,36,89
406,329,35,87
406,330,34,86
405,329,34,86
404,329,34,86
404,329,34,86
403,329,34,86
401,330,34,86
400,330,34,85
399,331,34,85
396,331,34,85
393,331,34,86
390,331,34,86
388,331,34,86
384,332,34,86
382,333,33,86
379,334,31,86
376,332,33,86
378,335,33,83
378,331,34,86
378,332,34,86
383,331,34,86
381,332,34,86
379,334,33,83
378,332,42,82
382,332,37,82
395,332,32,83
392,332,32,83
394,332,33,83
398,332,33,84
403,333,32,82
407,331,31,84
407,337,32,79
408,336,32,79
408,336,33,83
408,336,34,82
411,335,33,83
413,335,33,85
413,338,34,81
415,334,34,86
417,338,29,83
420,335,29,86
419,338,34,82
418,338,33,78
419,336,35,82
425,338,32,78
427,335,35,82
426,336,33,80
430,333,36,81
438,334,29,82
437,334,32,82
437,333,33,83
439,334,33,84
440,334,33,83
442,338,34,77
444,339,27,76
444,337,36,80
447,338,30,78
449,338,33,79
452,337,33,78
450,336,33,81
450,335,33,81
450,335,33,81
451,335,33,82
456,334,33,82
457,333,32,82
457,333,31,81
460,333,32,82
459,335,33,81
460,335,34,80
462,336,35,79
457,338,35,80
467,335,28,78
462,335,32,80
467,333,35,81
471,334,33,79
476,336,33,80
475,336,34,81
473,335,36,78
474,330,36,80
476,330,33,77
478,330,29,78
475,331,33,78
473,331,37,78
473,334,34,75
468,334,37,76
471,334,35,76
474,334,33,76
477,334,32,77
477,333,34,77
477,332,34,77
480,331,30,76
480,330,28,77
482,332,32,74
479,332,32,74
482,332,33,73
484,331,33,73
489,332,34,73
487,331,32,74
485,332,34,75
492,336,32,74
494,336,30,71
496,335,33,71
497,334,31,74
498,336,32,73
498,334,34,73
499,335,31,73
502,334,29,72
504,334,27,72
506,336,28,72
504,334,29,73
503,332,30,74
502,331,32,75
503,331,29,74
500,331,29,74
499,331,29,74
502,331,29,74
505,330,30,74
505,331,30,74
506,332,30,74
506,333,30,74
507,334,30,74
505,333,30,74
508,338,32,69
506,337,32,71
507,336,31,72
507,337,25,70
506,335,31,72
507,335,28,71
507,336,29,68
508,335,28,72
507,334,29,70
507,334,29,70
506,333,29,70
506,334,30,71
502,334,30,71
505,336,30,72
507,334,31,72
505,333,31,72
506,337,25,69
507,336,24,68
506,335,27,70
506,334,30,72
506,337,29,71
507,336,25,68
508,337,27,70
509,336,27,72
513,335,22,71
513,339,26,70
514,343,25,64
513,338,26,66
517,341,24,67
519,339,23,66
524,339,23,66
524,338,25,68
524,339,21,69
528,338,27,69
528,339,26,66
528,341,26,67
528,338,27,69
528,338,27,70
529,337,27,70
530,338,24,70
530,339,25,69
531,338,27,69
538,334,27,67
539,334,27,69
538,332,27,71
544,332,21,65
537,332,27,71
538,332,27,71
532,334,27,71
532,330,27,71
531,332,27,71
536,332,27,71
539,334,27,70
539,335,28,69
539,333,27,70
544,333,26,71
544,332,28,71
550,331,22,70
552,331,25,69
550,332,25,70
551,334,24,64
551,331,24,68
553,333,24,66
552,333,24,64
553,335,24,64
554,332,24,64
556,333,24,64
556,333,27,66
556,334,26,65
558,332,26,65
557,332,25,65
554,332,25,65
554,330,24,64
553,332,24,64
550,331,24,64
546,330,24,64
547,329,24,64
545,330,24,64
544,330,24,64
547,331,24,64
546,330,24,64
546,329,24,64
544,330,24,64
545,329,24,64
547,328,24,64
544,329,24,64
543,331,24,64
547,331,25,66
546,332,24,63
546,330,24,63
543,330,24,63
547,329,24,63
546,328,24,63
547,331,24,63
548,330,24,63
550,330,25,63
549,330,25,64
550,331,25,64
553,329,26,64
553,329,26,65
557,331,24,62
559,327,27,67
549,329,27,67
552,328,27,66
555,327,27,66
554,325,27,66
557,327,26,66
556,326,26,65
556,326,26,65
558,326,26,65
559,326,26,65
576,325,26,66
566,326,26,66
557,327,26,66
555,326,26,67
556,326,26,67
557,326,26,67
558,326,26,67
561,328,26,67
578,328,26,67
557,329,26,66
557,328,26,65
554,326,29,65
556,327,28,65
556,328,27,65
554,330,27,65
554,329,26,65
555,330,26,65
558,330,26,64
560,330,27,64
562,330,27,64
565,330,27,63
568,329,27,63
567,329,27,63
572,329,27,63
576,329,27,63
577,328,27,63
579,328,27,63
580,328,27,63
581,328,27,63
582,328,27,63
583,328,27,63
584,328,27,63
585,328,27,63
585,328,27,63
585,328,27,63
585,328,27,62
587,328,27,62
588,328,27,62
589,329,26,62
591,330,25,61
591,330,25,61
592,330,25,61
593,330,25,61
594,329,25,61
594,329,25,61
594,329,25,61
595,329,25,61
596,329,25,61
597,329,25,61
598,329,25,61
599,329,25,61
600,329,25,61
600,329,25,61
601,329,25,61
602,329,25,61
604,329,25,61
605,329,25,61
605,329,25,61
606,329,25,61
606,329,25,61
606,329,25,61
608,329,25,61
609,329,25,61
611,329,25,61
613,329,25,61
613,329,25,61
613,329,25,61
614,329,25,61
614,329,25,61
614,329,25,61
614,329,25,61
615,329,25,61
615,327,25,61
615,326,25,61
615,326,25,61
615,327,25,61
616,327,25,61
616,328,25,61
617,328,25,61
618,328,25,61
619,328,25,61
621,327,25,61
623,327,25,60
625,327,24,60
626,327,24,60
627,327,23,60
628,327,22,60
628,327,22,60
628,327,22,60
629,327,22,60
630,327,22,60
630,327,22,60
631,327,22,60
631,327,22,60
632,327,22,60
632,327,22,60
633,327,22,60
633,327,22,60
633,327,22,60
634,327,22,60
634,327,21,60
635,327,20,59
635,327,20,59
635,328,20,59
636,329,20,59
638,329,19,59
640,329,19,59
641,329,19,57
643,330,18,56
644,330,18,56
645,330,18,56
647,329,18,56
647,329,18,56
647,329,19,56
647,329,19,56
647,329,20,56
647,329,20,57
647,329,21,57
648,329,21,57
648,328,21,57
649,328,21,57
650,328,21,57
650,328,21,57
650,327,21,57
649,326,21,57
650,326,21,57
651,327,21,57
651,327,21,57
652,327,21,57
652,327,21,57
652,327,21,57
652,327,21,56
652,327,21,56
654,327,21,56
656,327,21,56
657,327,21,56
658,328,21,56
659,328,21,56
660,328,21,56
661,329,20,55
661,329,20,54
662,329,19,54
663,330,19,53
663,330,19,53
664,331,19,52
664,331,19,52
664,331,19,52
664,331,19,52
664,331,19,52
665,331,19,52
665,331,19,52
665,330,19,52
664,330,19,52
664,330,19,52
664,330,19,52
663,330,19,52
663,330,19,52
662,330,19,52
662,330,19,52
661,330,19,52
660,329,19,52
659,329,19,52
657,329,19,52
656,328,19,52
655,328,19,52
654,328,19,52
653,328,19,52
652,328,18,52
651,328,18,52
650,328,18,51
649,328,18,51
649,328,18,51
648,328,18,51
647,328,18,51
646,328,18,51
646,328,18,51
645,328,18,51
644,328,18,51
644,328,18,51
643,328,18,51
644,328,18,51
644,328,18,51
645,328,18,51
646,328,18,51
646,328,18,51
647,328,18,51
648,328,18,51
647,328,18,51
647,328,18,51
647,328,18,51
646,328,18,51
646,327,18,50
645,327,18,50
645,327,18,50
645,327,19,50
644,327,19,50
644,327,19,50
643,327,19,50
643,327,19,49
641,327,19,50
639,327,18,50
637,327,18,50
635,326,18,50
633,326,18,50
631,326,17,50
630,327,17,50
628,327,17,50
626,328,17,50
624,328,17,50
623,328,17,50
622,328,17,50
620,328,17,50
619,328,17,49
618,328,16,49
615,328,18,49
611,328,21,50
608,328,21,50
605,329,21,50
603,329,21,50
601,329,20,51
599,330,20,51
597,330,20,52
595,330,20,52
592,330,20,52
589,330,20,52
588,330,20,52
586,330,20,52
584,330,20,52
583,330,20,52
581,330,20,51
578,330,20,50
576,331,21,49
574,331,21,48
573,331,21,48
571,331,21,48
570,331,21,48
569,331,20,48
568,331,20,48
567,331,19,47
566,332,18,47
563,331,18,47
560,330,18,48
558,330,18,48
555,329,18,48
554,329,18,47
552,329,18,47
550,329,18,47
548,329,18,47
547,328,18,47
545,327,18,47
543,327,18,47
543,327,18,47
542,327,18,47
541,327,18,47
541,327,18,47
540,328,18,47
540,327,19,47
541,327,19,47
541,327,19,46
541,327,19,46
541,326,19,46
541,326,19,46
541,326,19,46
542,326,20,46
542,326,20,46
542,326,20,46
542,326,20,46
542,326,20,46
542,326,20,46
543,326,20,46
543,326,20,46
543,326,20,46
543,326,20,46
543,326,20,46
543,325,20,46
543,325,20,46
544,325,19,46
544,325,19,45
545,325,18,45
545,325,18,45
546,325,17,45
546,325,16,45
547,325,16,45
547,325,15,45
548,326,15,45
548,326,15,45
549,327,16,45
550,327,16,45
551,328,17,44
552,328,17,44
552,328,17,44
553,328,17,44
553,328,17,44
554,328,17,44
555,328,17,44
556,328,17,44
557,328,17,44
558,328,17,44
558,328,16,44
558,328,16,44
559,328,16,45
559,328,15,45
559,328,15,45
560,328,14,45
559,327,15,45
559,327,16,44
558,327,17,44
558,327,17,44
558,327,17,45
558,328,17,45
559,328,17,45
559,329,17,45
560,329,17,45
560,329,17,45
561,329,17,45
562,329,17,45
563,330,17,44
564,330,16,44
565,331,16,43
565,331,16,43
565,331,16,43
565,331,16,43
566,331,16,43
567,331,16,43
568,331,16,43
568,332,16,43
568,332,16,43
568,332,16,43
568,332,16,43
568,332,16,43
569,332,16,43
569,332,16,43
568,332,16,43
568,332,16,43
568,332,16,43
568,332,16,43
568,332,16,43
568,332,16,43
568,332,16,43
567,333,16,43
567,333,16,43
567,334,16,43
566,334,16,43
567,334,16,43
567,334,16,43
568,335,15,43
568,335,15,43
569,335,15,43
569,335,14,43
570,335,14,42
570,336,14,42
570,336,14,42
570,336,14,42
570,337,14,42
570,337,14,42
569,338,14,42
569,338,14,42
569,338,14,42
569,339,14,42
569,339,14,42
569,339,14,42
569,339,14,42
569,339,14,42
568,339,14,42
568,339,14,42
568,339,14,42
568,339,14,42
568,339,14,42
568,340,14,42
568,340,14,42
568,340,14,42
568,340,14,42
568,340,14,42
568,340,14,42
568,340,14,42
568,340,14,42
568,339,14,42
568,339,14,42
568,339,14,42
568,338,14,42
567,338,14,42
566,338,14,42
565,337,14,42
564,337,14,42
563,336,14,42
562,336,14,42
561,335,14,42
561,335,14,42
561,335,14,42
561,335,14,42
560,334,14,42
560,334,14,42
560,334,14,42
559,333,14,42
559,332,14,42
558,331,14,42
558,330,14,42
557,328,14,42
557,327,14,42
556,326,14,42
555,326,14,42
553,326,14,42
551,326,14,42
550,326,14,42
546,327,14,42
542,328,14,42
538,330,14,42
539,330,14,42
539,331,14,42
539,330,14,42
539,329,14,42
539,329,14,42
541,325,14,42
543,322,14,42
545,318,14,42
547,315,14,42
548,314,14,42
550,314,14,42
551,314,14,42
551,314,14,42
552,313,14,42
552,313,14,42
552,313,14,42
552,313,14,42
554,314,14,42
555,315,14,41
556,317,14,41
555,319,15,40
554,321,15,40
557,324,15,40
559,328,15,40
560,332,15,40
560,333,15,40
561,335,14,39
561,337,14,39
562,336,14,39
562,336,14,39
563,335,14,39
562,335,14,39
561,334,14,39
562,333,15,39
562,332,15,39
562,332,15,39
562,331,15,39
562,330,15,39
562,330,15,39
562,330,15,39
563,329,15,39
563,330,15,39
563,330,15,39
563,331,15,39
563,332,15,39
563,333,15,39
564,333,15,39
565,333,15,39
566,333,15,39
566,333,15,39
566,333,15,39
566,333,15,39
568,336,15,39
569,336,15,39
569,335,15,39
570,335,15,39
571,335,15,39
571,335,15,39
572,335,15,39
572,335,15,39
572,335,15,39
572,335,15,39
572,335,15,39
