415,434,20,93
415,432,19,94
414,430,19,94
414,429,19,95
414,428,20,96
414,429,20,96
415,429,20,96
415,430,20,96
416,429,20,96
416,428,20,96
416,427,20,97
417,426,20,97
417,426,20,97
418,426,19,96
418,426,19,96
419,426,18,97
420,426,17,98
421,427,16,98
419,429,17,96
418,430,19,94
417,432,20,92
416,433,20,92
416,433,20,92
415,434,20,92
415,434,20,91
414,435,20,91
414,436,20,90
414,432,20,91
413,428,19,91
413,424,19,92
413,420,17,89
417,416,18,87
421,412,19,85
418,412,19,85
414,411,19,85
411,411,19,85
413,412,19,90
415,413,20,95
416,414,21,100
420,415,21,99
423,416,22,99
427,417,23,98
431,421,23,97
436,424,24,97
440,428,25,96
448,430,25,97
456,433,26,97
464,435,27,97
467,436,27,97
469,443,30,90
470,449,34,83
471,436,36,98
470,436,36,99
469,436,36,100
470,439,35,97
470,436,35,100
470,434,36,102
471,435,29,100
473,436,29,101
475,437,28,102
475,437,28,102
474,436,28,101
474,436,29,100
473,435,29,99
473,435,29,98
472,434,30,99
471,433,31,99
470,432,32,99
469,432,32,100
469,431,33,100
468,431,34,100
467,432,34,100
467,432,35,100
466,433,35,100
466,434,36,100
465,434,36,100
464,434,36,100
463,434,36,100
463,434,36,100
462,434,36,100
461,434,35,100
461,435,34,100
460,436,34,101
460,437,33,101
459,437,32,101
457,438,34,101
455,439,36,100
454,439,38,100
452,440,39,99
450,440,41,98
449,440,41,99
448,440,40,100
447,440,40,101
446,440,39,102
445,440,39,102
444,440,36,102
443,440,34,102
442,440,32,102
441,440,34,102
441,440,36,102
438,440,34,101
435,440,36,100
433,440,38,98
430,440,40,97
427,440,45,96
426,440,37,97
425,440,38,98
423,440,38,99
422,440,38,100
421,440,39,101
419,439,38,102
417,439,38,103
415,438,38,104
413,437,38,105
411,436,37,106
410,437,36,104
408,439,35,102
406,438,34,104
404,437,34,105
394,439,40,106
390,437,46,105
387,436,52,104
383,435,59,102
383,437,57,102
383,440,55,101
383,440,52,101
383,440,50,101
383,440,47,101
383,440,45,101
383,440,43,101
383,440,39,101
383,440,35,101
381,440,33,100
378,440,32,100
375,440,32,101
373,440,32,102
370,440,31,102
368,439,31,102
366,439,30,102
364,439,30,102
361,438,30,102
359,438,29,102
357,438,29,102
354,437,28,102
352,437,28,102
350,437,27,102
347,436,27,102
345,436,26,102
343,436,26,102
341,436,25,102
338,436,25,102
336,436,25,102
334,436,25,102
332,436,25,102
330,436,25,102
329,436,25,102
328,436,25,102
326,436,25,102
324,436,25,102
322,437,25,102
320,437,25,102
318,437,25,102
316,437,25,102
314,438,25,102
312,438,25,102
310,438,25,102
308,439,25,102
306,439,25,102
304,439,25,102
302,439,25,102
300,440,25,102
298,440,25,102
296,440,25,102
294,440,25,102
292,441,25,102
290,441,25,102
288,441,25,102
286,441,25,102
285,441,25,102
283,441,25,102
281,441,25,102
280,441,25,102
278,441,25,102
276,440,25,102
275,440,25,102
273,440,25,102
273,440,25,102
273,441,26,101
272,441,26,101
272,441,26,100
272,441,26,100
272,442,26,99
272,442,26,98
272,442,26,98
271,442,26,97
271,443,27,97
271,443,27,96
271,443,27,96
271,443,27,95
271,444,27,94
270,444,27,94
270,444,27,93
271,443,27,93
271,443,28,92
272,442,28,92
272,441,28,91
273,440,28,90
275,440,28,90
277,440,28,90
286,434,27,96
296,432,27,96
300,432,27,96
305,432,27,96
314,432,31,96
322,432,36,96
334,435,35,96
366,434,33,96
366,434,32,94
366,434,31,92
366,434,31,90
375,435,29,89
385,436,28,88
390,437,28,89
394,438,28,90
399,439,28,90
400,439,33,90
401,440,39,89
395,437,47,92
390,435,56,94
394,435,56,94
398,435,56,94
399,437,56,92
401,439,56,90
402,439,55,90
403,439,53,90
405,439,52,90
409,437,46,92
413,435,40,94
422,435,39,93
431,436,37,92
449,440,35,92
455,443,35,92
461,447,35,92
461,447,39,90
461,448,44,89
461,448,49,88
464,449,49,88
467,449,49,88
478,449,56,88
500,451,49,88
514,448,41,88
515,448,40,88
516,447,39,88
517,447,39,88
518,446,38,89
519,446,37,89
520,445,36,89
523,445,35,89
525,444,34,89
528,444,33,90
531,443,32,90
527,443,37,90
524,442,41,90
520,441,45,90
512,441,45,90
512,441,45,90
512,441,43,87
511,441,40,84
507,437,40,83
503,434,40,82
502,434,39,82
501,434,39,82
500,434,39,82
499,434,38,82
498,434,38,82
496,434,37,82
494,434,37,82
491,434,37,82
489,433,37,82
487,432,37,82
485,431,37,82
483,430,37,82
481,429,36,82
479,429,35,82
477,429,35,82
475,428,34,82
472,428,33,82
470,428,32,82
471,427,35,82
471,427,37,82
471,426,37,82
471,426,37,81
471,425,37,80
471,424,37,80
471,424,37,79
471,423,37,78
471,422,37,78
471,422,37,77
471,422,37,79
471,422,37,81
471,422,37,84
471,422,37,86
471,422,37,88
471,422,37,88
471,422,36,88
471,422,35,88
471,422,35,88
471,422,34,88
471,422,34,88
471,422,33,88
471,422,33,88
471,422,32,88
470,422,32,88
469,423,32,88
469,423,32,88
469,423,32,88
469,423,32,88
467,422,32,88
465,422,32,88
463,422,33,88
461,422,35,88
461,421,35,88
461,421,35,88
462,421,35,88
462,420,35,88
462,420,35,88
462,420,35,88
462,420,35,88
461,417,35,88
461,414,35,88
461,411,35,88
461,409,35,88
461,407,35,88
462,406,35,88
462,406,35,88
462,406,35,88
462,406,35,88
462,406,35,88
462,406,35,88
462,406,35,88
462,406,35,88
462,406,35,88
462,406,35,88
462,406,35,88
462,406,35,88
462,406,35,88
462,406,35,88
462,406,35,88
462,406,35,88
466,406,31,82
467,406,30,82
468,406,30,82
469,406,30,82
469,406,30,82
470,406,29,82
471,406,29,82
472,406,28,82
473,406,27,82
474,406,26,82
475,406,25,82
475,406,25,82
475,406,25,82
475,406,25,82
475,406,25,82
475,406,25,82
477,406,25,82
478,406,24,82
479,406,24,82
480,406,23,82
481,406,22,82
482,406,21,82
483,406,20,82
484,406,19,82
484,406,19,81
484,406,20,80
484,406,20,79
484,406,21,78
484,406,21,77
484,406,22,76
484,406,23,74
484,403,23,77
484,400,23,80
484,398,23,82
484,395,23,85
485,395,23,85
486,395,23,85
486,396,23,85
487,396,23,85
488,396,23,85
488,396,23,85
489,396,23,85
489,396,23,85
489,396,23,85
489,396,23,85
489,396,23,85
490,396,23,85
490,396,23,85
490,396,23,85
490,396,23,85
490,396,23,85
491,396,23,85
491,396,23,85
491,396,23,85
491,396,23,85
492,396,23,85
492,396,23,85
493,396,23,85
494,396,23,85
494,396,23,85
495,396,23,85
493,396,23,85
492,396,23,85
490,396,23,85
489,396,23,85
488,397,23,85
487,397,23,84
486,397,23,84
485,397,23,84
484,398,23,84
484,397,23,84
483,397,23,84
483,397,23,84
482,397,23,84
482,396,23,84
478,396,23,86
474,395,23,88
467,395,23,88
462,394,23,88
455,394,23,88
452,394,23,88
448,395,23,88
445,396,23,88
441,399,23,86
437,402,23,84
433,406,23,82
433,406,23,82
433,407,23,82
433,408,23,82
427,409,23,82
421,410,23,82
415,411,23,81
412,411,23,80
408,412,23,78
405,412,23,77
402,411,23,80
398,410,23,82
395,410,23,85
394,411,23,85
393,412,23,85
390,412,23,85
388,412,23,85
386,412,23,85
382,413,23,85
378,413,23,85
375,413,23,85
371,414,23,85
367,414,24,85
363,414,24,85
359,415,24,85
354,414,24,85
347,411,24,85
339,408,24,85
339,409,24,85
338,409,24,85
338,409,24,85
337,410,24,86
337,410,24,86
336,410,24,86
336,411,24,86
335,411,24,86
335,411,24,86
334,412,24,86
333,412,24,86
333,412,24,86
333,412,24,87
333,412,24,87
334,412,24,87
334,412,24,88
334,412,24,88
334,412,24,88
335,412,24,88
335,412,24,89
335,412,24,89
336,412,24,89
336,412,24,89
336,412,24,89
336,412,24,89
336,412,24,89
336,412,24,89
336,412,24,89
336,412,24,89
336,412,24,89
336,412,24,89
336,412,24,89
336,411,24,89
336,409,24,89
336,407,24,89
336,406,24,89
336,404,24,89
336,404,24,89
336,404,24,89
336,404,24,89
336,404,24,89
336,404,24,89
336,404,24,89
336,404,24,89
336,404,24,89
336,404,24,89
336,404,24,89
336,404,24,89
336,404,24,89
336,404,24,89
336,404,24,89
336,404,24,89
336,404,24,89
336,404,24,89
336,404,24,89
336,404,24,89
336,404,24,89
336,404,24,89
336,404,24,89
336,404,24,89
336,404,24,89
336,404,24,89
336,404,24,89
336,404,24,89
336,404,24,89
336,404,24,89
336,404,24,89
336,404,24,89
336,404,24,89
336,404,24,89
336,404,24,89
336,404,24,89
336,404,24,89
336,404,24,89
336,404,23,89
337,404,23,89
338,404,22,89
338,404,21,89
338,404,21,89
338,404,21,89
338,404,21,89
338,404,21,89
338,404,21,89
338,404,21,89
338,404,21,89
338,404,21,89
338,404,21,89
338,404,21,89
338,404,21,89
338,404,21,89
338,404,21,89
338,404,21,89
338,404,21,89
338,404,21,89
338,404,21,89
338,404,21,89
338,404,21,89
338,404,21,89
338,404,21,89
338,404,21,89
338,404,21,89
338,404,21,89
338,404,21,89
338,404,21,89
338,404,21,89
337,403,21,89
337,403,21,89
337,403,21,89
336,402,21,89
336,402,21,89
336,402,21,89
332,399,21,89
328,395,21,89
326,394,21,89
322,389,21,89
318,384,21,89
316,385,21,89
314,386,21,89
314,386,21,89
314,387,21,89
314,387,21,89
314,387,21,89
314,388,21,89
314,388,21,89
314,391,21,89
314,394,21,89
314,396,21,89
314,399,21,89
314,399,21,89
314,399,21,88
314,399,21,87
314,399,21,87
314,399,21,86
314,399,21,85
314,399,21,85
314,399,21,84
314,399,21,84
314,399,21,83
314,399,21,82
316,398,21,82
318,398,21,82
318,398,21,82
318,398,21,82
318,398,21,82
318,398,21,82
318,398,21,82
318,398,21,82
318,397,21,82
317,397,21,82
317,397,21,82
316,397,21,82
316,396,21,82
309,396,21,83
303,396,21,84
297,395,21,85
290,395,21,86
276,393,23,88
261,391,24,89
250,392,24,88
238,392,24,86
228,396,24,86
218,399,24,86
213,398,24,90
208,398,24,93
203,398,24,92
198,399,24,90
193,400,24,89
185,399,24,89
180,400,24,89
175,400,25,88
170,401,25,88
165,402,25,88
162,404,25,88
158,407,25,87
154,410,24,87
150,412,24,87
147,415,24,86
144,415,24,86
141,415,24,86
139,415,24,86
136,415,24,86
133,415,24,87
130,416,25,88
127,416,25,89
125,417,33,91
123,418,41,93
121,418,41,93
120,418,41,93
119,419,45,96
117,420,48,100
117,420,43,100
117,420,39,100
121,422,35,96
125,423,31,93
127,424,31,94
128,424,31,94
127,426,40,93
127,428,49,92
123,428,49,92
119,428,49,92
114,424,52,96
109,420,55,100
109,420,46,97
109,420,37,94
106,421,36,97
103,422,35,100
97,421,34,99
91,420,33,98
91,420,33,98
91,420,33,98
91,420,39,98
91,420,44,98
91,420,44,98
91,420,44,98
91,420,44,98
91,420,44,98
89,418,46,101
87,415,48,104
87,415,48,102
87,415,48,101
87,415,48,99
87,416,48,98
87,416,48,96
87,416,48,95
87,416,48,93
82,416,51,93
77,416,55,93
72,416,59,93
72,412,59,94
72,408,59,96
73,408,48,93
75,408,37,90
71,406,37,92
67,404,37,93
64,406,41,94
61,409,45,96
57,411,49,97
56,410,51,98
55,408,52,99
53,407,53,100
53,407,49,100
53,407,45,100
53,407,45,100
53,407,45,100
53,407,45,100
61,407,37,93
61,407,37,93
61,407,37,93
61,407,42,97
61,407,46,100
61,407,51,104
55,408,51,104
49,410,51,104
38,412,56,101
27,415,61,98
16,419,55,98
16,419,46,98
16,419,37,98
20,423,39,101
24,420,39,101
27,416,40,101
28,408,53,101
31,396,53,98
31,382,63,96
34,372,63,96
28,368,63,96
14,362,59,96
4,362,49,96
4,362,44,96
9,365,41,96
14,368,37,96
18,376,35,96
18,386,35,97
22,391,35,94
24,395,57,97
24,398,57,97
26,402,56,97
34,403,48,100
40,408,47,102
38,410,47,101
36,413,47,99
34,415,47,97
19,415,47,97
11,414,39,97
2,412,39,97
