443,255,78,72
439,248,76,72
433,241,73,72
427,234,70,72
410,227,74,72
399,227,71,72
389,226,70,72
378,226,69,72
368,226,72,72
358,227,73,72
348,229,74,72
338,231,74,72
328,233,75,72
318,235,76,72
305,238,67,72
300,238,68,72
292,234,73,72
290,229,69,72
284,227,74,72
277,226,76,72
264,220,76,72
258,218,78,72
253,217,80,72
247,215,81,72
242,214,83,72
236,213,85,72
233,212,85,72
230,211,85,72
227,210,85,72
224,210,85,72
221,209,85,72
219,209,83,72
217,209,81,72
215,210,79,72
213,210,77,72
211,210,75,72
209,210,73,72
207,210,71,72
205,211,69,72
200,210,69,72
195,209,69,72
191,208,69,72
186,207,69,72
180,208,69,72
174,209,69,72
168,210,69,72
162,211,69,72
156,213,69,72
150,213,69,72
144,214,69,72
138,214,69,72
132,215,69,72
126,216,69,72
119,216,69,72
115,219,69,71
111,222,69,70
107,226,69,69
103,229,69,67
99,232,69,66
95,235,69,65
92,233,69,65
89,230,69,65
86,228,69,65
83,226,69,65
80,224,69,65
77,222,69,65
77,218,67,65
77,214,66,65
77,211,64,65
77,207,63,65
77,203,61,65
76,202,61,65
76,201,61,65
76,200,61,65
75,199,61,65
75,198,61,65
73,197,61,65
72,196,61,65
70,196,61,65
69,195,61,65
67,194,61,65
64,193,61,65
60,192,61,65
56,191,61,65
53,190,61,65
49,189,61,65
45,188,61,65
42,188,61,65
38,188,61,65
34,187,61,65
30,187,61,65
27,187,61,65
24,187,60,65
22,187,59,65
19,188,58,65
16,188,57,65
14,188,56,65
12,188,56,65
11,187,56,65
9,187,56,65
8,186,56,65
6,185,56,65
5,185,56,65
5,183,56,65
6,181,56,65
6,179,56,65
7,177,56,65
8,176,56,65
8,174,56,65
10,173,56,65
11,172,56,65
13,171,56,65
14,171,56,65
16,170,56,65
17,170,55,65
18,170,54,65
19,170,53,65
21,170,52,65
22,170,51,65
23,170,50,65
24,170,50,64
25,169,50,63
26,169,50,63
27,168,50,62
29,168,50,61
32,169,51,61
35,171,51,61
38,172,52,61
41,173,52,61
44,174,53,61
47,176,54,61
51,176,53,62
55,176,53,62
59,176,53,63
63,176,52,64
67,176,52,64
71,176,52,65
78,176,51,64
85,176,50,63
92,177,49,61
99,177,47,60
106,177,46,59
111,177,47,59
116,177,48,59
120,177,49,59
125,177,50,59
130,177,51,59
134,177,52,59
137,178,52,59
140,179,52,59
143,179,52,59
147,180,52,59
150,180,52,59
153,181,52,59
154,183,52,59
155,185,52,59
156,187,52,59
157,188,52,59
158,190,52,59
160,191,52,59
161,192,52,59
163,193,52,59
165,194,52,59
166,194,52,59
168,195,52,59
169,196,52,59
173,196,52,59
176,196,52,59
180,197,52,59
183,197,52,59
187,197,52,59
190,197,52,59
193,198,52,59
196,198,52,60
199,198,53,60
202,199,53,60
205,199,54,60
208,199,55,61
211,199,55,61
214,200,56,61
212,200,56,61
209,201,57,62
207,201,57,62
205,202,58,62
203,203,59,63
201,203,59,63
195,205,59,63
188,206,59,63
182,208,59,63
176,209,59,63
170,211,59,63
164,213,59,63
159,213,59,63
155,213,59,63
151,213,59,63
147,214,59,63
142,214,59,63
138,214,59,63
138,215,59,62
138,217,59,60
139,218,58,59
139,219,58,58
139,220,58,56
139,221,58,55
140,222,57,54
142,222,57,54
145,221,57,55
147,221,57,56
150,221,57,56
152,220,57,57
155,220,57,57
156,220,57,57
158,220,57,57
160,220,57,57
162,220,57,57
164,220,57,57
165,221,57,57
166,221,57,57
168,222,57,57
169,222,57,57
170,223,57,57
171,224,57,57
172,224,57,57
172,224,57,57
173,224,57,57
173,224,57,57
174,224,57,57
174,224,57,57
175,224,57,57
175,224,57,57
174,224,57,57
174,225,57,57
174,225,57,57
173,225,57,57
173,226,57,57
172,226,58,57
172,226,59,57
171,226,59,57
171,226,60,57
170,226,61,57
169,226,61,57
169,226,61,57
169,226,61,57
169,226,61,57
169,226,61,57
169,226,61,57
169,226,61,57
169,226,61,57
170,226,61,57
170,226,61,57
170,226,61,57
170,226,61,57
170,226,60,57
170,226,60,57
170,226,60,57
170,226,60,57
171,226,60,57
171,226,60,57
171,226,60,57
171,226,60,57
171,226,59,57
171,226,59,57
171,226,59,57
172,225,58,58
173,224,58,58
174,224,57,59
174,223,56,60
175,223,55,60
176,222,55,61
177,222,54,61
177,222,54,61
177,222,54,61
177,222,55,61
177,222,55,61
177,222,55,61
177,222,55,61
177,222,56,61
178,222,56,61
179,221,56,61
180,221,57,61
181,221,57,61
183,221,58,61
184,220,58,61
185,220,59,61
186,220,59,61
188,219,59,61
191,219,59,62
193,218,58,62
196,218,58,62
198,217,58,62
200,217,58,63
203,216,57,63
205,215,57,63
208,214,57,63
210,213,57,63
213,213,57,63
215,212,57,63
218,211,57,63
219,210,57,63
221,210,57,63
222,210,57,63
224,210,57,63
225,209,57,63
227,209,57,63
229,209,57,63
232,208,57,63
235,208,57,63
238,207,57,63
241,207,56,63
244,206,56,63
248,206,56,63
251,205,56,63
253,205,55,62
256,205,54,62
258,205,54,61
261,205,53,60
263,205,52,60
266,205,52,57
268,206,52,60
270,207,52,58
272,208,52,56
274,208,52,57
277,209,51,59
279,210,51,59
277,211,56,63
278,211,56,62
280,211,56,62
282,212,56,61
283,212,56,61
285,212,56,60
286,212,56,59
288,213,56,63
287,213,56,62
286,213,56,61
286,213,56,60
285,213,56,59
284,213,56,58
283,213,56,57
282,213,56,56
282,209,55,56
281,206,55,56
281,202,55,56
280,199,55,56
280,195,54,56
279,192,54,56
279,188,54,56
278,190,54,57
278,191,54,58
278,192,55,59
277,193,55,60
277,194,56,61
276,194,56,61
275,195,56,61
274,195,56,61
273,195,56,61
272,196,56,61
271,196,56,61
271,197,56,61
271,199,56,61
271,200,56,61
270,201,56,61
270,203,56,61
270,204,56,61
270,206,56,61
269,207,56,61
269,208,56,61
269,209,56,61
269,210,56,61
268,212,56,61
268,213,56,61
268,214,56,61
268,215,56,61
268,216,56,61
268,214,56,63
268,211,57,64
268,209,57,66
268,206,58,67
268,204,59,69
268,201,59,70
268,202,59,70
268,203,59,69
268,204,59,69
268,205,59,69
268,206,59,68
268,207,59,68
268,208,59,67
268,209,59,67
268,210,59,66
268,211,59,66
268,212,59,65
268,213,59,65
268,214,59,64
268,215,59,64
268,216,59,63
268,217,59,63
268,218,59,59
267,219,59,61
267,219,59,59
267,219,59,57
266,220,59,55
266,220,59,55
266,221,59,56
266,221,59,57
265,222,59,57
265,222,59,58
265,222,59,59
264,223,59,61
264,223,59,63
264,224,59,65
264,224,59,65
264,224,59,65
264,224,58,65
264,224,58,65
264,224,57,65
264,224,57,65
264,224,57,65
264,224,56,65
264,224,56,65
264,224,56,65
264,224,55,65
264,224,55,65
264,224,54,65
264,224,54,65
264,224,54,65
264,222,54,65
263,220,54,65
263,219,54,65
263,217,54,65
263,216,54,65
262,214,54,65
262,212,54,65
262,211,54,65
262,209,54,65
261,207,54,65
261,206,54,65
261,204,54,65
261,203,54,65
261,201,54,65
260,199,54,65
260,198,54,65
257,198,54,65
254,198,55,65
251,198,56,65
248,198,57,65
245,199,57,65
242,199,58,65
239,199,59,65
236,199,60,65
233,199,60,65
230,200,61,65
230,200,61,65
230,200,61,65
230,200,61,66
230,200,61,66
230,200,61,67
229,201,61,67
229,201,61,67
229,201,61,68
229,201,61,68
229,201,61,68
229,201,61,69
228,203,61,69
227,205,60,69
226,206,60,69
225,208,60,69
224,210,59,69
223,211,59,69
222,213,59,69
221,215,58,69
220,216,58,69
219,218,57,69
225,219,57,69
230,220,57,69
235,222,57,69
241,223,57,69
246,224,57,69
251,225,57,69
257,226,57,69
262,227,57,69
268,227,57,67
273,227,57,65
279,227,57,64
284,227,57,62
290,227,57,61
295,227,57,59
298,228,57,59
302,230,57,59
305,231,57,59
308,232,57,59
311,233,57,59
314,234,57,59
318,235,57,59
319,237,57,60
321,238,57,60
322,240,56,60
324,242,56,61
325,244,56,61
327,246,56,61
327,248,56,61
327,250,56,61
327,251,56,61
327,253,56,61
327,255,56,61
327,257,56,61
327,259,56,61
329,260,56,61
330,260,56,61
332,261,56,60
334,262,56,60
336,263,56,60
338,264,56,60
340,264,56,59
345,262,56,59
351,259,56,59
357,257,56,59
363,254,56,59
368,252,56,59
374,249,56,58
380,247,56,58
385,244,57,58
391,242,57,58
397,239,57,58
402,237,57,58
408,234,57,58
414,232,57,58
419,229,57,57
425,233,58,58
430,236,58,59
436,240,58,59
442,243,58,60
447,247,59,61
453,250,59,62
458,254,59,62
464,257,59,63
467,257,59,63
470,257,60,63
473,258,60,63
476,258,60,63
479,258,60,63
482,258,61,63
485,259,61,63
488,259,61,63
489,260,62,63
490,260,63,63
491,261,63,63
493,262,64,63
494,262,65,63
495,263,65,63
496,264,66,63
497,264,67,63
498,267,67,63
499,270,66,63
499,273,66,63
500,275,66,63
501,278,66,63
501,281,66,63
502,283,65,63
503,286,65,63
503,289,65,63
504,291,65,63
505,294,65,63
505,294,65,63
505,294,65,63
505,293,65,64
505,293,65,64
505,293,65,64
505,293,65,64
505,292,65,65
505,292,65,65
508,292,65,65
512,292,66,65
516,292,66,65
519,292,67,65
523,292,67,65
527,292,68,65
531,292,68,65
534,292,69,65
538,293,69,65
541,293,69,65
544,293,69,65
547,294,69,65
551,294,69,65
554,295,69,65
557,295,69,65
561,296,69,65
564,296,69,65
564,295,69,65
564,295,69,65
564,294,69,65
564,293,69,66
564,293,69,66
564,292,69,66
564,292,69,66
564,291,69,66
564,290,69,67
563,290,69,67
563,289,69,68
562,288,69,68
562,288,69,69
562,287,69,69
561,286,69,69
561,285,69,70
560,285,69,70
562,286,69,70
564,286,69,70
566,287,69,70
569,288,70,69
571,289,70,69
573,290,70,69
575,290,70,69
578,291,70,69
580,291,70,69
583,292,70,69
586,292,69,69
588,293,69,69
591,294,69,69
593,294,69,69
595,294,69,69
596,293,69,70
597,292,69,70
599,292,69,71
600,291,69,71
601,291,69,72
603,290,69,72
602,290,69,72
602,290,69,72
601,290,69,72
601,290,69,72
600,290,69,72
600,290,69,72
600,290,69,72
599,290,69,72
599,290,69,72
599,290,69,72
598,290,69,72
598,290,69,72
598,290,69,72
598,290,69,72
597,290,69,72
597,290,69,72
596,290,69,73
595,289,69,73
593,288,69,73
592,287,69,74
591,287,69,74
589,286,69,74
588,285,69,75
587,284,69,75
586,284,69,76
584,283,69,76
581,282,69,76
578,281,69,76
575,280,69,76
572,279,69,76
569,278,69,76
566,277,69,76
563,276,69,76
560,276,69,76
557,275,68,76
553,275,68,76
550,274,67,75
546,274,67,75
543,273,66,75
539,273,66,75
536,273,66,74
532,272,65,74
529,272,65,74
527,272,65,74
525,272,65,73
523,272,66,72
522,272,66,72
522,272,66,71
522,273,66,71
522,273,67,70
522,273,67,70
523,273,67,69
525,274,67,69
526,275,68,68
528,275,68,68
532,274,68,67
536,274,69,67
539,275,69,67
542,277,69,67
545,278,69,67
548,280,69,67
551,281,69,67
554,283,69,67
557,284,69,67
560,286,69,67
563,287,69,67
566,289,69,67
565,288,69,66
563,287,69,66
562,286,69,65
561,286,69,64
560,285,69,64
559,284,69,63
558,283,69,63
557,283,69,62
556,282,69,62
555,281,69,61
553,282,68,61
550,282,68,61
548,282,67,61
546,283,67,61
544,283,66,61
542,284,66,61
540,284,65,61
538,285,65,61
538,285,65,61
538,284,65,61
538,284,65,62
538,284,65,62
538,284,65,62
538,284,65,62
538,284,65,62
538,283,65,62
538,283,65,63
538,283,65,63
538,283,65,63
538,283,65,63
539,283,65,63
540,283,65,63
540,283,66,63
541,283,66,63
541,283,66,63
542,283,66,63
542,283,66,63
543,283,66,63
543,283,67,63
543,283,67,63
542,283,67,63
542,283,67,63
541,283,67,63
540,283,67,63
540,283,67,63
539,283,67,63
539,283,67,63
538,283,67,63
535,283,67,63
533,282,68,64
531,282,69,64
528,281,70,65
526,281,71,65
523,280,72,65
521,280,72,66
518,280,73,66
516,279,74,67
513,279,74,67
510,279,73,67
507,279,73,67
505,279,72,67
502,279,72,67
499,279,71,67
496,279,71,67
493,279,70,67
492,278,71,67
491,276,71,67
490,275,71,67
489,274,71,67
488,272,72,67
487,271,72,67
485,270,72,67
484,268,72,67
483,269,72,66
481,270,72,66
479,270,72,66
478,271,71,66
476,272,71,66
474,272,71,65
473,273,71,65
471,274,70,65
469,274,70,65
468,274,70,65
466,274,70,65
464,274,70,65
462,274,70,65
460,274,70,65
458,274,70,65
456,274,70,65
455,274,70,65
454,275,70,65
452,275,70,65
451,276,70,65
450,276,70,65
448,277,70,65
447,277,70,65
448,277,70,65
448,276,69,66
449,276,69,66
449,276,69,67
449,275,68,67
450,275,68,68
450,274,67,68
451,274,67,69
452,274,67,69
453,275,67,69
454,275,67,69
455,276,67,69
456,276,67,69
456,276,67,69
457,277,67,69
458,277,67,69
458,277,67,69
458,277,67,69
458,277,67,69
457,277,67,69
457,277,67,69
457,277,67,69
457,277,67,69
456,277,67,69
456,277,67,69
456,277,67,69
456,277,67,69
456,277,67,69
456,277,67,69
456,277,67,69
456,277,67,69
456,277,67,69
456,277,67,69
456,277,67,69
455,277,67,69
455,277,67,69
455,277,67,69
455,277,67,69
455,277,67,69
455,277,67,69
455,277,67,69
455,277,67,69
455,277,67,69
455,277,67,69
455,277,67,69
454,277,67,69
454,277,67,69
454,277,67,69
454,277,67,69
454,277,67,69
454,277,67,69
453,277,67,69
453,277,67,69
453,277,67,69
453,277,67,69
453,277,67,69
453,277,67,69
453,278,67,69
453,278,67,69
453,278,67,69
453,278,67,69
453,278,67,69
453,278,67,69
453,278,67,69
453,278,67,69
453,278,67,69
453,278,67,69
453,278,67,69
453,278,67,69
453,278,67,69
453,278,67,69
453,278,67,69
453,278,67,69
453,279,67,69
453,279,67,69
453,279,67,69
453,279,67,69
453,279,67,69
453,279,67,69
453,279,67,69
453,279,67,69
453,279,67,69
453,279,67,69
453,279,67,69
453,279,67,69
453,279,67,69
453,279,67,69
453,279,67,69
453,280,67,69
453,280,67,69
453,280,67,69
453,280,67,69
454,280,67,69
454,280,67,69
454,280,67,69
454,280,67,69
454,280,67,69
454,280,67,69
454,280,67,69
454,280,67,69
454,280,67,69
455,279,67,69
456,279,67,69
408,288,67,69
406,287,67,69
403,287,67,69
400,286,67,69
398,285,67,69
395,285,67,69
393,284,67,69
390,283,67,69
388,282,67,69
385,282,67,69
382,281,67,69
382,280,67,69
381,279,67,69
381,278,67,69
380,277,67,69
380,276,67,69
380,276,67,69
379,275,67,69
379,274,67,69
377,273,67,69
376,271,67,69
374,270,67,69
373,269,67,69
371,268,67,69
370,267,67,69
368,266,67,69
367,265,67,69
365,264,67,69
364,263,67,69
358,262,66,68
353,262,65,68
347,262,65,67
342,261,64,67
336,261,64,66
330,261,63,66
325,260,62,65
319,260,62,65
314,260,61,64
308,259,61,64
303,259,60,63
297,259,59,63
293,258,59,63
288,257,58,63
284,255,58,62
280,254,57,62
275,253,57,62
271,252,56,62
266,251,56,61
262,250,56,61
261,250,56,61
260,250,56,61
258,250,56,61
257,250,56,61
256,250,56,61
255,250,56,61
254,250,56,61
253,250,56,61
253,249,56,61
254,248,56,61
255,247,56,61
255,245,56,61
256,244,56,61
256,243,56,61
257,242,56,61
258,241,56,61
258,240,56,61
258,240,56,61
258,239,56,60
258,238,57,60
258,238,57,59
258,237,58,59
258,237,58,59
258,236,58,58
258,235,59,58
258,235,59,57
256,235,59,57
254,235,59,57
251,235,59,57
249,235,59,57
247,235,59,57
244,235,59,57
242,235,59,57
240,235,59,57
236,235,59,57
231,235,59,57
227,235,59,57
223,235,59,57
219,235,59,57
215,235,59,57
211,235,59,57
206,235,59,57
205,235,59,57
203,235,59,57
201,235,59,57
200,235,59,57
198,235,59,57
197,235,59,57
195,235,59,57
193,235,59,57
192,235,59,57
195,235,59,57
198,234,59,57
201,234,59,57
204,234,59,57
207,234,59,57
210,234,59,57
213,233,59,57
216,233,59,57
219,233,59,57
222,232,59,57
225,232,59,57
228,231,59,57
231,231,59,57
234,230,59,57
237,230,59,57
240,229,59,57
243,228,59,57
246,228,59,57
249,227,59,57
246,227,59,57
243,227,59,57
240,227,59,57
237,227,59,57
234,227,59,57
231,226,59,57
228,226,59,57
225,226,59,57
222,226,59,57
219,226,59,57
216,226,59,57
214,225,59,57
212,225,59,57
211,225,59,57
209,224,59,57
208,224,59,57
206,224,59,57
205,224,59,57
206,224,59,57
207,225,58,57
209,225,58,57
210,226,57,57
211,226,57,57
212,227,56,57
214,227,56,57
217,227,53,57
220,227,51,57
224,227,49,57
227,227,47,57
230,227,44,57
235,227,44,57
239,227,44,57
243,227,44,57
247,227,44,57
252,227,44,57
256,227,44,57
260,227,44,57
263,227,45,57
266,227,46,57
269,227,47,57
272,227,47,57
275,227,48,57
276,228,48,57
277,229,49,57
279,230,49,57
280,231,49,57
281,232,50,57
282,233,50,57
283,234,51,57
284,235,52,57
284,237,53,57
285,238,54,57
285,239,55,57
286,240,56,57
286,241,56,58
285,241,57,59
285,242,58,59
284,242,58,60
284,243,59,61
283,243,60,62
283,244,60,62
282,244,61,63
283,244,61,63
284,244,61,63
285,244,61,63
286,244,61,63
287,244,61,63
288,244,61,63
289,244,61,63
290,244,61,63
290,245,61,63
289,246,60,62
289,247,60,62
289,249,59,61
289,250,59,61
289,251,59,60
289,252,58,60
289,253,58,60
288,254,57,59
288,255,57,59
288,257,56,58
288,258,56,58
288,259,56,57
287,260,56,57
286,260,56,57
285,261,56,57
284,262,56,57
283,263,56,57
282,264,56,57
280,264,56,57
278,264,56,57
277,263,56,57
275,262,56,57
273,262,56,57
271,261,56,57
269,260,56,57
267,260,56,56
265,259,56,56
263,258,56,56
261,258,56,56
259,257,56,56
257,256,56,56
255,256,56,56
253,255,56,56
254,255,56,55
255,254,56,55
257,254,56,54
258,253,56,53
259,253,56,53
261,252,56,52
262,251,56,52
264,252,56,52
266,253,56,52
268,253,56,52
269,254,56,52
271,255,56,52
273,255,56,52
275,256,56,52
277,256,56,52
279,257,56,52
277,257,56,52
275,257,56,52
274,257,56,52
272,256,56,52
271,256,56,52
269,256,56,52
268,256,56,52
266,256,56,52
265,256,56,52
263,256,56,52
261,255,56,52
260,255,56,52
258,255,56,52
255,255,56,52
253,255,56,52
250,256,56,52
247,256,56,52
244,256,56,52
242,256,56,52
239,256,56,52
236,256,56,52
233,257,56,52
230,257,56,52
228,257,56,52
225,257,56,52
224,257,56,52
224,257,56,52
224,257,56,52
223,257,56,52
223,258,56,52
222,258,56,53
222,258,56,53
221,258,56,53
221,258,56,53
220,258,56,53
220,258,56,53
219,258,56,53
219,259,56,53
218,259,56,53
218,259,56,54
218,259,56,54
217,259,56,54
217,259,56,54
217,260,56,54
217,260,56,54
217,260,56,54
217,260,56,54
217,260,56,54
217,261,56,54
217,261,56,54
216,261,56,54
216,261,56,54
216,261,56,54
216,262,56,54
216,262,56,54
216,262,56,54
216,262,56,54
216,263,52,54
215,263,53,54
215,263,53,54
214,263,54,54
213,263,55,54
213,263,55,54
212,263,54,54
212,263,54,54
211,263,53,54
211,263,52,54
210,263,52,54
210,263,51,54
209,263,51,54
209,263,50,54
208,263,50,54
207,263,49,54
207,263,49,54
206,263,48,54
205,263,48,54
204,263,47,54
203,263,47,54
202,263,47,54
201,263,46,54
200,263,46,54
199,263,46,54
198,263,45,54
196,263,45,54
195,263,44,54
196,263,46,53
197,263,49,53
197,263,51,53
198,263,53,52
199,263,55,52
199,264,57,52
200,264,56,51
201,264,56,51
201,264,55,51
202,264,54,50
203,264,54,50
202,265,55,51
201,265,55,52
200,266,56,52
199,266,57,53
199,266,58,54
198,267,59,55
197,267,59,56
196,268,60,57
195,268,61,57
195,269,61,57
194,271,61,57
193,272,61,57
193,273,61,57
192,274,61,57
192,276,61,57
191,277,61,57
190,278,61,57
190,279,61,57
190,280,61,57
191,280,61,57
191,280,60,57
191,281,60,56
192,281,60,56
191,282,60,56
189,282,59,56
188,282,59,55
187,283,59,55
186,283,58,55
184,284,58,55
181,284,58,54
178,284,58,54
175,285,57,54
171,285,57,53
167,285,57,53
163,285,56,52
158,286,56,52
154,286,55,52
150,286,55,51
146,286,55,51
142,286,54,50
138,287,54,50
136,288,54,50
134,289,54,50
132,290,54,50
133,288,54,50
133,286,54,51
133,284,54,51
134,282,54,51
138,282,54,51
142,282,54,51
146,282,54,51
150,282,54,51
154,281,54,51
158,281,54,52
162,281,54,52
166,281,54,52
168,283,54,52
172,282,54,52
176,281,54,52
180,279,54,52
183,281,54,52
185,283,54,52
187,285,54,52
189,287,54,52
192,289,54,52
192,288,54,52
192,287,54,52
192,286,54,52
193,285,54,52
193,285,54,52
193,284,54,52
193,283,54,52
194,283,54,52
194,284,54,52
194,284,54,52
195,284,54,52
195,284,54,52
195,285,54,52
196,285,54,52
196,285,54,52
196,286,54,52
197,286,54,52
197,286,54,52
197,287,54,52
197,287,54,52
198,287,54,52
198,287,53,52
198,287,53,52
199,287,53,52
199,287,53,52
199,287,53,52
200,287,53,52
200,288,53,52
200,288,53,52
201,288,53,52
201,288,52,52
201,288,52,52
201,288,52,52
202,288,52,52
202,288,52,52
202,288,52,52
203,289,52,52
203,289,51,52
204,289,51,52
204,289,51,52
204,289,50,52
205,289,50,52
205,289,49,52
206,289,49,52
206,289,48,52
207,289,48,52
207,289,48,52
207,289,47,52
208,289,47,52
208,289,46,52
208,289,46,52
208,289,47,52
208,289,47,53
208,289,47,53
208,289,47,53
208,289,47,53
207,289,47,53
207,289,47,54
207,289,47,54
207,289,47,54
207,289,48,54
207,289,48,55
207,289,48,55
207,289,48,55
207,289,48,55
206,289,48,56
207,289,49,56
207,289,49,56
207,289,49,56
207,289,50,56
207,290,50,56
207,290,50,56
207,290,51,56
207,290,51,56
208,291,51,56
208,291,52,56
208,291,52,56
208,291,53,56
208,292,53,56
208,292,53,56
208,292,54,56
208,293,55,55
208,294,56,54
208,295,57,53
208,295,57,54
207,295,57,54
207,295,57,55
207,294,58,55
207,294,58,56
204,294,58,56
201,295,59,56
198,295,59,56
195,295,60,56
193,296,61,56
190,296,61,56
187,296,62,56
184,296,62,56
181,296,62,56
178,296,63,57
175,296,63,57
173,296,64,57
170,296,64,58
167,296,65,58
164,296,65,58
161,296,65,58
158,296,66,59
156,296,66,59
153,296,67,59
152,296,67,60
151,295,67,60
151,295,67,61
150,295,67,61
149,295,67,62
149,294,67,62
148,294,68,63
147,294,68,64
147,294,68,64
146,293,68,65
145,293,68,65
145,293,68,66
144,292,68,66
143,292,69,67
144,294,69,67
144,295,69,67
145,297,69,67
145,298,69,67
145,300,69,67
146,301,69,67
146,303,69,67
146,304,69,67
147,306,69,67
147,307,69,67
148,307,68,67
149,307,67,67
149,307,67,67
150,308,66,67
151,308,65,67
152,308,65,67
153,308,64,67
153,308,64,67
154,308,63,67
155,309,62,67
156,309,62,67
156,309,61,67
158,309,61,67
159,309,61,67
161,308,61,67
163,308,61,67
164,308,61,67
166,308,61,68
167,308,61,68
169,308,61,68
170,307,61,68
172,307,61,68
173,307,61,68
175,307,61,69
173,308,62,68
171,309,62,68
168,310,63,68
166,310,63,67
164,311,64,67
162,312,64,67
160,313,65,66
157,314,65,66
155,315,66,65
153,315,66,65
151,316,67,65
150,317,66,64
149,318,66,63
149,318,66,62
148,319,66,61
147,320,66,60
147,320,65,59
146,321,65,58
145,322,65,57
145,322,64,57
145,322,64,57
145,322,63,57
144,322,63,57
144,322,63,57
144,322,62,57
144,322,62,57
143,322,61,57
143,321,61,58
143,320,62,58
143,320,62,59
143,319,63,59
143,318,63,59
143,317,63,60
143,317,64,60
143,316,64,60
143,315,64,61
143,314,65,61
145,315,64,61
147,315,64,61
148,315,64,61
150,315,63,61
152,315,63,61
153,316,63,61
155,316,62,61
157,316,62,61
158,316,61,61
160,316,61,61
161,317,61,61
161,318,61,61
162,319,61,61
163,320,61,61
163,320,61,61
164,321,61,61
165,322,61,61
165,323,61,61
166,324,61,61
167,325,61,61
168,326,61,61
167,325,61,61
167,324,61,61
167,324,61,61
167,323,61,61
167,323,61,61
166,322,61,61
166,322,61,61
166,321,61,61
166,321,61,61
166,320,61,61
166,320,62,61
166,319,62,61
166,319,63,61
167,319,63,61
167,319,64,61
167,318,64,61
168,318,65,61
168,319,65,61
168,320,65,61
169,321,65,61
169,321,65,61
170,322,65,61
170,323,65,61
170,324,65,61
171,325,65,61
171,326,65,61
171,326,65,61
171,326,65,61
171,326,66,61
170,326,66,62
170,326,66,62
170,326,67,62
170,326,67,62
169,326,67,62
169,327,68,62
169,327,68,62
169,327,68,62
169,327,69,62
168,327,69,63
168,327,69,63
168,327,70,63
168,327,70,63
168,327,70,63
168,327,70,63
168,328,70,63
168,328,70,63
168,328,70,63
169,328,70,63
169,328,70,63
169,328,70,63
169,328,70,63
169,328,70,63
170,328,70,63
170,328,70,63
170,328,70,63
170,328,70,63
170,329,70,63
171,329,70,63
171,329,70,63
171,329,70,63
171,329,70,63
171,329,70,63
172,329,70,63
172,329,70,63
172,329,70,63
172,329,70,63
172,329,70,63
173,329,70,63
173,329,70,63
173,330,70,63
173,330,70,63
173,330,70,63
174,330,70,63
174,330,70,63
174,330,70,63
174,330,70,63
174,330,70,63
175,330,70,63
175,330,70,63
175,330,70,63
175,330,70,63
175,331,70,63
176,331,70,63
176,331,70,63
176,331,70,63
176,331,70,63
176,331,70,63
177,331,70,63
177,331,70,63
178,332,70,63
179,333,69,63
180,334,68,63
181,334,67,63
182,335,66,63
183,336,65,63
184,337,65,63
185,338,64,63
186,339,63,63
187,340,63,63
189,341,63,63
190,343,63,63
192,344,63,63
192,345,63,63
192,346,64,63
193,346,64,63
193,347,64,63
193,348,65,63
