530,96,26,78
530,96,23,81
528,100,26,78
527,92,27,77
528,95,25,83
530,98,26,83
531,97,26,88
531,96,30,90
531,98,28,84
532,99,23,83
532,100,28,83
534,102,26,83
534,104,23,83
534,105,25,82
534,105,27,84
535,105,26,84
536,106,28,85
537,108,26,84
536,110,26,83
535,111,25,84
535,107,28,87
534,109,26,83
535,111,27,84
535,110,27,87
535,112,27,84
536,111,28,88
535,113,27,86
537,115,26,89
537,115,25,85
536,114,31,86
536,115,27,84
536,113,31,87
537,115,26,87
537,115,26,88
537,116,30,87
537,116,27,83
537,116,30,89
537,121,26,81
537,122,26,83
537,122,26,82
537,123,27,84
537,125,27,84
539,125,26,87
540,123,30,82
540,126,27,86
537,131,28,85
540,130,26,87
541,129,26,90
541,125,31,94
539,127,32,93
540,129,31,90
543,130,31,92
544,130,30,93
543,132,30,94
543,132,30,94
545,132,28,93
543,133,31,90
548,131,31,93
549,139,28,85
550,139,30,87
552,140,30,84
550,140,30,90
550,142,28,84
553,143,28,90
550,141,30,88
554,138,31,94
553,143,30,90
556,143,27,93
556,144,30,94
554,146,31,89
554,150,30,90
554,151,27,89
554,147,28,94
550,145,34,94
552,159,28,83
552,155,28,90
550,156,30,92
550,156,28,88
550,155,28,91
549,156,30,92
548,156,30,95
547,158,32,97
544,157,31,93
543,153,31,99
540,156,28,100
539,158,34,98
536,160,32,95
534,163,30,90
531,163,30,93
527,160,32,101
525,166,30,95
521,167,31,93
517,169,31,91
515,164,32,101
512,170,31,98
506,168,35,98
503,167,32,102
499,171,35,101
499,175,31,97
491,176,32,96
488,175,30,92
480,176,31,97
477,178,31,98
470,181,30,98
462,181,34,97
456,179,34,103
446,179,34,95
453,179,30,84
446,183,31,76
435,184,31,75
425,190,31,75
403,188,31,75
399,192,31,75
390,192,31,75
386,192,30,84
374,196,31,90
356,200,32,91
348,202,35,95
339,203,38,96
328,203,35,95
319,202,31,102
306,203,35,96
298,204,36,98
288,201,31,99
275,204,40,97
265,204,40,98
254,198,34,105
245,205,32,94
231,208,31,97
221,208,36,100
207,207,34,100
199,207,39,89
190,201,32,81
190,202,30,75
174,197,32,80
162,193,31,81
154,197,27,75
144,199,27,67
131,196,28,65
120,202,31,53
114,199,28,50
101,193,27,52
92,200,27,50
78,202,30,46
65,201,28,47
