468,230,19,44
483,232,18,43
482,227,27,55
478,222,31,65
475,223,32,56
469,222,30,57
462,222,30,53
464,221,30,51
466,224,26,52
461,224,28,51
460,219,30,62
458,221,28,60
460,221,27,59
452,224,28,59
447,222,30,55
446,219,28,57
443,218,32,59
440,215,31,58
435,218,30,61
431,219,34,60
434,213,30,63
436,219,27,61
433,217,32,60
431,214,31,58
433,218,31,55
430,220,30,54
426,218,31,59
430,219,31,57
431,215,30,59
430,219,30,56
431,212,27,59
427,218,31,57
426,221,32,54
430,215,34,57
436,217,31,56
433,222,28,57
429,218,32,58
429,217,34,54
429,222,35,52
430,220,31,57
434,218,27,55
430,214,32,56
426,219,31,54
431,220,28,47
426,221,34,54
431,221,31,54
426,220,27,51
425,220,28,52
422,221,28,58
426,217,26,54
424,218,26,54
421,219,27,52
422,220,28,52
425,221,26,52
424,219,27,58
421,217,31,58
418,219,31,58
418,222,30,53
416,219,34,65
420,224,28,55
418,225,31,55
414,221,32,62
413,222,34,63
412,222,32,64
412,222,32,63
411,224,30,61
411,219,25,64
401,218,35,57
405,215,31,59
400,213,31,61
400,214,32,59
399,218,32,55
398,215,27,54
394,214,28,57
395,217,26,55
396,218,27,57
390,212,30,62
387,211,31,57
385,211,28,51
385,206,35,54
386,205,31,56
383,204,32,59
385,206,31,54
382,207,27,50
377,206,28,50
370,201,34,64
368,203,31,58
368,204,30,58
364,202,31,62
365,204,27,56
357,199,32,56
354,200,34,53
350,201,39,53
347,195,35,56
346,199,30,52
348,200,28,55
343,202,30,53
342,199,28,56
338,199,27,56
334,198,30,54
326,201,31,54
329,201,28,53
325,201,30,52
320,197,30,55
319,201,30,52
312,200,32,49
311,199,31,53
310,195,27,52
306,195,27,52
297,195,30,55
291,194,34,51
294,195,31,55
291,195,30,51
290,191,34,54
286,194,30,53
288,194,23,51
273,191,32,60
271,196,31,54
271,196,30,54
264,192,31,51
260,190,32,59
259,191,30,53
258,189,31,55
254,189,30,59
246,187,30,57
240,186,32,56
243,189,27,56
236,187,30,57
232,189,34,54
228,190,32,53
228,189,28,55
224,188,32,55
220,186,30,58
215,189,30,57
215,189,31,58
211,191,31,57
207,186,31,58
207,189,25,54
207,189,25,54
194,186,32,54
198,182,30,57
192,184,34,53
188,184,30,55
188,186,31,53
177,184,35,55
176,180,34,55
174,180,28,57
170,181,35,54
170,182,32,53
164,179,36,58
161,179,31,56
161,179,35,56
154,176,35,56
154,174,30,55
153,175,31,53
152,175,32,54
148,175,31,53
141,173,31,51
145,172,30,52
141,173,30,53
139,171,31,53
142,172,25,53
139,173,28,54
131,172,28,58
130,171,28,58
128,170,30,55
122,169,35,58
119,173,34,58
126,166,28,59
123,167,28,56
124,169,27,57
118,166,30,58
110,169,34,53
111,171,31,50
106,164,30,54
104,161,32,56
