109,383,65,85
117,381,59,85
124,379,52,85
131,377,46,85
125,377,53,85
118,377,60,85
111,377,67,85
116,379,64,85
121,380,62,85
126,381,59,85
133,384,56,85
139,386,52,85
146,389,48,85
146,389,50,85
146,389,53,85
146,389,55,85
146,389,57,85
149,389,57,85
152,389,57,85
155,389,57,85
163,389,57,85
171,389,57,85
179,389,57,85
187,389,57,85
191,389,60,85
194,389,62,85
198,389,64,85
202,389,67,85
217,390,59,85
233,391,52,85
248,392,44,85
248,392,53,85
248,392,62,85
248,392,70,85
258,391,66,86
268,390,62,88
278,389,67,89
290,387,61,89
302,385,54,89
315,383,48,89
318,381,54,89
321,379,59,89
324,377,65,89
333,376,60,89
343,375,55,89
352,374,50,89
358,375,50,89
364,376,50,89
370,376,50,89
376,377,50,89
373,380,58,89
371,382,66,89
368,385,74,89
378,386,69,89
387,387,63,89
396,389,57,89
408,387,53,89
420,386,49,89
418,384,60,89
415,383,70,89
418,383,70,89
420,383,70,89
423,383,70,89
426,383,70,89
440,384,65,90
454,384,59,91
468,385,54,93
468,385,59,93
468,385,65,93
468,385,70,93
468,385,76,93
475,385,69,94
482,385,62,96
489,385,56,98
482,388,61,96
475,390,66,94
468,393,71,93
461,396,76,91
456,396,76,91
452,396,76,91
452,399,65,91
452,401,54,91
453,401,54,91
454,400,54,91
455,399,54,91
456,398,54,91
456,398,59,91
456,398,64,91
456,398,69,91
460,399,66,91
464,400,64,91
468,401,61,91
475,401,57,91
482,400,52,91
489,400,48,91
487,396,56,91
485,392,63,91
483,389,70,91
488,389,66,91
493,389,62,91
498,389,57,91
509,387,52,91
519,385,46,91
530,383,52,91
531,383,56,91
533,383,61,91
535,383,65,91
543,384,61,91
552,385,57,91
560,386,54,91
568,387,50,91
568,387,56,91
568,387,62,91
568,387,69,91
571,385,67,91
574,384,66,91
577,382,64,91
580,381,63,91
586,380,56,88
592,379,49,86
598,377,43,83
589,376,49,83
581,374,55,83
572,372,61,83
567,373,61,83
562,374,61,83
557,376,61,83
560,376,59,83
562,376,56,83
564,376,54,83
567,376,52,83
567,374,45,85
567,372,49,87
567,370,52,89
567,368,56,91
570,368,52,91
574,368,48,91
578,368,44,91
577,368,44,91
575,368,44,91
574,368,44,91
578,367,47,88
583,366,49,86
587,364,52,83
582,369,52,83
583,374,52,83
583,379,52,83
586,378,52,83
589,377,52,83
592,376,52,83
594,376,52,83
596,375,52,86
597,375,52,88
599,374,52,90
600,374,52,93
600,374,54,93
600,374,56,93
600,374,57,93
600,374,59,93
600,374,61,93
601,371,57,92
602,368,53,91
603,365,49,90
604,363,44,89
601,364,44,89
597,365,44,89
594,366,44,89
598,365,44,89
601,364,44,89
604,362,44,89
607,361,44,89
608,357,42,89
609,353,39,89
603,353,40,88
597,352,41,86
591,351,43,85
594,348,40,85
597,344,38,85
600,340,35,85
600,342,35,85
600,343,35,85
600,345,35,85
600,346,35,85
603,348,35,81
606,350,35,76
606,346,44,80
606,342,52,83
611,342,47,83
617,342,43,83
618,342,43,83
620,342,43,83
625,342,38,83
629,342,34,83
633,342,30,83
632,342,31,83
631,342,32,83
630,342,33,83
631,342,37,80
633,342,41,76
635,343,41,76
637,343,41,76
639,344,41,76
643,344,36,76
648,344,31,76
648,344,36,76
648,344,40,76
648,344,44,76
652,343,44,76
657,342,44,76
661,340,44,76
666,341,41,76
671,342,38,76
676,342,35,76
678,342,35,76
680,342,35,76
681,342,35,76
683,341,35,76
685,341,35,76
687,341,35,76
689,341,35,76
691,340,35,76
693,341,35,76
694,342,35,76
698,340,35,76
702,339,35,76
706,337,35,76
708,337,35,73
710,338,35,71
713,339,35,69
715,339,35,69
718,340,35,69
720,340,35,69
725,340,35,69
730,340,35,69
734,340,35,69
739,340,35,69
742,341,36,69
745,341,37,69
748,341,39,70
751,342,40,70
754,342,41,70
757,342,38,72
761,342,36,74
765,342,33,76
766,343,31,75
767,344,30,74
770,344,30,74
774,344,30,74
778,344,30,74
778,344,30,72
778,344,30,70
778,344,30,69
782,343,30,69
786,343,30,69
791,342,30,69
792,342,30,69
794,341,30,69
795,341,30,69
797,340,30,69
799,340,30,69
800,339,30,69
802,339,30,69
804,340,30,69
806,342,30,69
807,344,30,69
809,346,30,69
811,346,30,69
812,346,30,69
813,346,30,69
814,346,30,69
816,346,30,69
817,346,30,69
818,346,30,69
820,346,30,69
821,346,30,69
822,346,30,69
824,345,30,69
826,344,30,69
828,344,30,69
830,343,30,69
831,342,30,69
