193,193,28,53
194,193,28,54
196,193,29,54
197,193,29,54
199,193,29,54
201,194,29,54
203,195,29,54
206,197,28,54
208,198,28,54
210,199,28,53
211,199,29,54
212,199,30,55
213,198,31,56
214,198,32,57
215,198,33,58
218,198,32,58
221,199,31,58
224,200,30,58
227,200,29,58
230,201,29,58
233,201,29,58
235,202,29,58
238,202,29,58
241,203,29,58
243,203,29,58
246,202,29,58
249,202,30,58
252,201,31,58
255,201,32,58
258,200,32,58
262,201,31,58
266,201,30,58
270,202,29,58
274,202,28,58
278,203,26,58
281,203,27,58
284,202,27,58
287,202,28,57
290,201,28,57
293,201,29,57
297,201,28,58
300,202,28,58
304,202,27,58
308,203,27,59
312,203,26,59
314,203,27,60
317,203,28,60
320,204,29,60
323,204,30,60
326,204,31,60
329,203,31,61
333,203,31,61
336,202,32,62
340,201,32,63
343,201,32,63
346,202,31,63
350,202,30,63
353,203,28,63
356,204,27,63
360,205,26,62
361,205,28,62
362,205,30,62
363,205,33,62
364,205,35,62
365,205,38,62
369,205,36,62
374,206,34,62
378,206,32,62
382,207,30,62
387,208,29,62
387,208,29,62
388,209,30,62
388,209,31,62
389,210,32,62
389,211,33,62
389,210,34,63
390,210,35,63
390,210,37,64
391,210,38,64
391,210,39,65
391,211,41,65
392,212,43,65
392,213,45,66
400,215,36,65
408,217,26,64
409,218,29,64
410,218,32,64
411,219,35,64
412,219,38,64
413,220,41,64
417,220,40,68
422,220,38,67
427,220,35,67
432,220,32,66
437,220,29,65
437,219,34,67
438,218,38,68
438,217,42,69
438,217,47,71
444,219,38,67
446,217,36,67
448,216,35,66
450,214,34,66
452,212,32,66
454,211,31,65
447,208,41,70
452,208,36,69
457,209,32,68
462,209,27,68
466,210,23,67
465,210,26,67
464,210,29,68
463,209,33,69
462,209,36,69
461,209,40,70
459,211,40,70
458,212,40,70
456,214,40,70
454,216,40,70
452,217,40,70
447,219,43,70
442,221,47,70
436,224,50,70
431,226,54,70
436,226,49,70
446,225,42,70
451,224,40,70
456,223,38,71
461,222,35,71
457,221,42,71
463,221,46,71
468,222,49,71
474,222,44,70
480,222,39,70
486,222,34,70
490,224,38,70
493,227,42,70
497,229,45,70
500,231,49,70
503,233,53,70
509,232,48,70
515,230,43,70
520,229,38,69
526,228,33,69
531,227,28,69
524,230,36,70
516,233,43,70
509,236,51,71
510,239,54,72
520,242,48,72
528,243,42,72
535,245,35,72
539,247,33,72
531,246,40,72
523,246,47,72
519,246,50,73
519,245,50,73
520,244,50,74
527,244,43,74
534,243,36,75
540,241,32,75
537,238,38,74
533,236,44,74
530,234,50,73
526,231,55,73
527,230,51,73
528,229,47,73
529,228,43,73
535,227,35,73
531,226,37,74
529,225,41,74
527,224,45,74
526,223,49,75
524,223,54,75
526,222,49,76
530,222,45,75
534,222,40,74
531,222,42,74
528,222,44,73
526,222,47,72
521,221,52,72
516,221,57,72
521,220,49,72
526,220,41,72
531,219,33,71
528,219,38,71
525,219,42,71
521,218,47,71
518,218,51,71
515,217,55,71
511,219,57,71
513,220,50,71
520,222,43,71
526,223,41,71
532,225,39,71
532,226,43,72
531,227,42,72
531,228,41,72
530,229,40,72
530,230,39,72
529,230,35,72
523,229,38,72
517,229,41,72
511,229,44,72
506,229,47,72
504,229,45,72
502,229,44,72
500,230,42,71
498,230,41,71
496,230,39,71
493,228,41,71
490,226,42,71
487,224,44,71
485,222,46,71
482,219,47,71
483,219,45,71
485,218,43,71
487,217,41,71
488,216,38,71
490,216,36,71
490,215,38,70
489,214,40,69
489,214,42,68
488,213,44,67
488,212,46,66
494,213,46,66
501,213,45,66
507,214,45,65
514,214,45,65
520,215,45,65
527,215,42,65
533,215,40,65
539,215,37,66
546,214,34,66
552,214,32,66
553,214,35,66
553,215,39,65
554,215,43,64
555,215,47,64
555,215,50,63
562,215,48,64
568,215,45,65
574,215,42,66
581,216,40,67
587,216,37,68
587,214,37,69
588,212,37,70
588,210,38,70
589,208,38,71
589,206,38,71
593,205,37,71
597,204,36,70
600,203,35,70
598,203,40,69
597,202,44,68
603,204,43,69
609,206,42,69
616,208,40,69
622,211,39,69
628,213,38,69
634,213,40,69
638,211,39,68
636,208,42,68
633,206,44,67
631,203,47,67
635,202,44,66
639,201,40,65
643,201,37,65
647,200,34,64
651,199,30,63
647,199,36,63
643,200,43,63
646,200,43,63
648,201,43,63
651,201,43,63
655,200,41,64
660,199,38,64
664,197,36,65
669,196,34,66
663,195,41,66
664,194,40,66
665,192,38,65
666,191,37,64
667,189,35,64
668,188,34,63
669,187,36,63
670,186,38,63
671,186,40,63
671,185,42,63
672,185,44,63
678,185,41,63
685,186,39,63
691,187,37,62
697,188,35,62
703,188,33,62
705,189,34,62
708,189,34,62
710,190,35,62
712,190,36,62
714,191,36,62
716,191,36,62
717,191,35,62
719,191,34,62
720,191,34,62
722,191,33,62
725,191,33,62
728,191,34,61
731,191,34,61
734,191,34,61
737,191,35,61
738,189,35,61
740,188,35,61
742,187,35,61
744,185,35,60
745,184,35,60
748,184,35,60
751,185,34,60
753,185,33,59
756,185,32,59
759,185,32,59
762,185,32,59
764,185,33,60
767,184,33,60
770,184,33,61
773,183,34,61
776,182,34,61
779,182,34,60
782,181,33,60
785,180,33,59
788,179,33,59
791,180,33,58
793,180,32,58
796,181,31,58
798,181,31,58
801,182,30,57
802,181,31,57
802,181,33,58
803,180,34,58
804,179,35,58
805,179,36,58
807,179,36,57
810,180,35,57
813,180,35,56
816,181,34,56
819,181,34,55
821,180,33,56
824,180,32,56
826,179,30,56
829,179,29,57
831,178,28,57
832,178,29,57
833,178,30,57
834,178,31,57
835,177,32,57
836,177,32,57
839,178,32,57
842,178,31,56
845,178,30,56
848,178,29,56
851,179,29,55
852,178,29,55
852,177,29,55
853,176,29,55
853,175,29,55
854,174,29,55
855,174,29,55
856,175,29,55
858,175,30,54
859,175,30,54
861,175,30,54
863,175,30,54
864,175,30,54
866,175,30,54
868,175,30,54
870,175,30,54
871,175,29,54
872,175,28,54
873,175,27,54
875,175,25,54
876,175,24,54
875,175,24,53
875,176,24,53
875,176,24,53
875,176,24,52
874,177,24,52
875,176,25,52
875,176,26,52
876,176,27,52
876,175,28,52
876,175,29,52
877,174,29,52
878,174,28,52
879,173,28,52
880,173,28,52
881,172,28,51
882,172,27,51
883,173,26,51
884,173,25,51
886,173,24,50
887,174,24,50
887,173,24,50
887,173,24,50
888,173,24,50
888,173,25,51
888,173,25,51
889,173,25,50
890,173,25,50
891,173,25,49
892,173,26,49
894,173,26,48
894,172,25,49
894,172,25,49
895,171,24,49
895,171,24,49
896,170,23,50
896,170,23,49
897,170,23,48
898,170,22,47
899,170,22,46
900,170,22,45
901,170,22,45
901,170,22,45
902,170,22,45
903,169,22,45
904,169,22,45
904,169,22,45
905,168,22,45
905,168,21,45
906,167,21,45
906,166,21,45
907,166,21,45
907,166,20,45
908,166,20,45
908,166,20,45
908,166,20,45
909,166,20,45
909,166,19,45
910,166,19,45
911,166,19,45
911,166,19,45
911,165,19,45
911,165,19,45
911,164,19,45
911,164,19,45
911,164,19,46
911,164,18,46
911,164,18,46
911,164,18,46
911,164,18,46
911,164,17,46
911,163,17,46
911,163,17,46
911,163,17,46
911,162,17,46
911,162,17,46
911,162,17,45
912,163,17,45
912,163,16,44
912,164,16,44
912,164,16,44
911,164,16,44
910,164,16,44
909,164,16,44
908,163,16,44
908,163,16,44
907,163,16,44
907,163,16,44
907,163,16,44
906,163,16,44
906,163,16,44
906,162,16,44
906,162,16,44
907,161,16,44
907,160,16,44
907,159,16,44
907,159,16,42
906,158,15,41
906,158,15,40
906,158,15,39
906,157,15,37
905,157,15,36
905,156,15,36
904,156,15,36
904,155,15,35
904,155,15,35
903,155,15,35
903,154,15,34
902,154,15,34
902,154,15,34
901,154,15,34
901,154,15,34
900,154,15,34
899,154,15,34
899,154,14,34
898,154,14,33
898,154,14,33
897,153,14,33
897,153,14,33
896,153,14,33
896,152,14,32
895,152,14,32
895,152,14,32
895,151,14,31
894,151,14,31
894,151,14,31
893,150,14,31
893,150,14,31
892,149,13,31
891,149,14,31
889,148,14,31
888,147,14,31
886,146,14,31
885,146,14,31
883,145,14,31
882,144,14,31
881,144,14,31
881,144,14,31
880,144,14,31
880,145,14,31
879,145,14,31
878,145,14,31
878,145,13,31
