331,294,69,89
338,293,71,93
344,293,73,96
350,292,76,100
361,297,70,99
372,301,64,99
383,305,57,98
392,303,59,99
401,301,61,101
409,300,63,102
414,300,69,101
419,301,75,99
424,301,81,98
436,302,73,98
448,303,65,98
457,305,62,98
467,306,59,98
476,307,56,98
476,306,62,99
476,305,68,101
476,303,74,102
488,307,72,98
500,311,70,94
497,313,65,94
495,316,59,94
493,318,54,94
497,318,54,97
501,318,54,99
506,318,54,102
506,318,63,102
506,318,72,102
517,318,68,102
528,318,64,102
539,318,59,102
546,320,56,102
552,322,52,102
559,324,48,102
551,329,57,97
542,334,65,92
533,339,74,87
533,339,72,87
533,339,70,87
533,339,69,87
539,339,65,87
546,339,61,87
552,339,57,87
556,335,61,89
559,331,64,91
563,327,67,93
567,327,67,95
570,327,67,98
574,327,67,100
578,330,61,100
581,332,56,100
585,334,50,100
589,337,44,100
583,337,53,100
577,337,62,100
570,337,70,100
568,339,68,100
567,340,65,100
565,342,63,100
562,339,59,100
559,335,54,100
556,331,50,100
546,329,56,100
536,327,61,100
526,326,67,100
531,327,64,100
536,329,61,100
541,331,58,100
546,333,56,100
553,334,53,100
560,334,51,100
567,335,48,100
562,337,54,100
558,339,59,100
554,340,65,100
555,340,58,100
556,340,52,100
558,340,45,100
559,340,39,100
544,348,54,100
544,348,57,100
544,348,61,100
544,348,65,100
546,348,65,100
548,348,65,100
551,345,60,97
554,343,55,94
557,340,50,91
550,342,50,91
543,344,51,91
537,346,51,91
530,348,52,91
529,343,52,91
528,339,52,91
528,335,52,91
530,336,52,91
533,337,52,91
535,339,52,91
535,339,50,91
535,339,49,91
535,339,48,91
535,339,46,91
536,338,46,91
536,338,46,91
537,337,46,91
537,337,46,91
539,335,46,91
540,332,46,91
542,330,46,91
543,328,46,91
545,326,46,91
547,324,46,91
548,322,46,91
548,324,46,89
548,326,46,87
548,327,46,85
548,329,46,83
551,328,46,83
555,326,46,83
558,325,46,83
561,324,46,83
561,325,46,82
561,326,46,81
561,327,46,80
561,328,46,79
561,329,46,78
561,330,46,77
561,331,46,76
567,329,45,76
572,326,44,76
578,324,44,76
583,322,43,76
588,321,43,78
593,321,43,81
598,320,43,83
602,319,43,84
606,317,44,85
611,316,44,86
615,314,44,87
619,314,43,87
623,314,42,86
627,313,40,86
631,313,39,85
634,313,39,85
636,314,39,85
638,314,39,85
641,314,39,85
644,314,39,85
648,314,39,85
652,313,39,85
656,313,39,85
657,313,39,85
659,313,39,85
661,313,39,85
663,313,39,85
665,313,39,85
667,313,39,83
668,314,39,81
670,314,39,78
672,314,39,76
675,313,39,76
677,311,39,76
680,310,39,76
682,308,39,76
685,307,39,76
687,305,39,76
688,307,39,76
688,309,39,76
689,311,39,76
690,313,39,76
691,314,39,76
693,314,39,76
695,313,39,76
697,312,39,76
700,311,39,76
702,311,39,76
704,311,39,76
706,311,39,76
707,311,39,76
709,311,39,76
711,311,39,76
712,310,39,76
713,309,39,76
714,308,39,76
715,307,39,76
716,306,39,76
717,305,39,76
718,307,39,76
720,309,39,76
722,311,39,76
724,313,39,76
725,310,39,76
726,307,39,76
727,304,39,76
728,301,39,76
730,301,39,74
732,301,39,72
735,301,39,70
737,301,39,69
738,301,38,69
739,301,37,69
740,301,36,69
741,301,35,69
742,301,34,69
743,301,33,69
744,301,31,69
746,301,31,69
747,301,31,69
749,301,31,69
750,301,31,69
752,301,31,69
753,301,31,69
755,301,31,69
756,300,31,69
758,300,31,69
759,300,31,69
760,300,31,69
761,300,31,69
761,300,31,69
762,300,31,69
763,300,31,69
763,300,31,69
764,300,31,69
765,300,31,69
765,300,31,69
766,300,31,69
767,300,31,69
767,299,31,69
767,299,31,69
767,298,31,69
767,298,31,69
768,298,31,69
768,297,31,69
768,297,31,69
768,296,31,69
769,296,31,69
770,295,31,69
771,294,31,69
772,294,31,69
773,293,31,69
774,292,31,69
774,292,31,69
775,293,31,69
775,293,31,69
776,293,31,69
776,293,31,69
777,293,31,69
777,294,31,69
777,294,31,69
778,294,31,69
779,294,30,69
781,294,29,69
782,294,27,69
783,294,26,69
783,295,26,66
783,296,26,63
783,297,26,60
783,298,26,57
