564,285,69,137
560,285,69,137
556,285,69,137
553,285,69,136
550,284,69,135
546,284,69,134
543,284,69,133
539,283,69,132
536,283,69,131
532,283,69,130
529,282,69,128
526,282,69,127
523,282,69,125
519,281,69,124
515,281,69,123
511,282,69,121
506,282,69,119
502,282,69,118
498,283,69,116
493,283,69,115
491,282,68,116
489,280,67,117
486,279,67,118
484,278,66,119
481,277,65,119
479,276,65,120
476,276,65,120
472,276,65,120
469,276,65,120
466,276,65,120
463,276,65,120
460,276,65,120
456,275,65,120
452,274,65,119
448,274,65,118
444,273,65,117
440,273,65,116
436,272,65,116
432,272,65,115
428,271,65,115
424,270,65,114
419,269,66,114
415,268,66,114
411,267,66,113
406,266,67,113
403,266,67,113
399,265,67,113
395,264,67,113
392,263,67,113
388,263,67,113
386,262,65,113
384,261,64,113
381,261,62,113
379,260,61,113
377,259,59,113
375,259,57,113
372,258,57,113
369,258,57,113
366,257,57,113
363,257,57,113
360,256,57,113
357,256,57,113
355,255,57,113
351,255,58,112
347,256,58,112
343,256,58,111
340,256,59,111
336,257,59,110
332,257,59,109
329,256,59,109
326,255,59,109
322,254,59,109
319,253,59,109
316,251,59,109
313,251,59,109
311,250,59,108
308,249,59,108
305,248,59,107
303,247,59,107
300,246,59,107
298,245,59,106
295,244,59,106
293,244,59,105
291,245,59,105
289,245,59,104
287,245,59,103
285,245,59,103
283,246,59,102
280,246,59,102
278,246,59,102
276,246,59,102
273,246,59,102
271,246,59,102
268,246,59,102
266,246,59,102
264,246,59,101
262,245,59,101
260,245,58,100
258,245,58,100
256,245,58,99
255,244,58,99
253,244,57,98
252,243,57,98
251,243,57,98
250,242,57,98
249,242,57,98
248,241,57,98
247,240,57,98
246,240,57,98
244,240,57,98
243,240,57,98
242,240,57,98
241,240,57,98
239,240,57,98
238,240,57,98
238,240,57,98
239,240,56,98
239,240,56,98
240,240,55,98
241,240,55,98
241,240,54,98
242,240,54,98
242,240,54,98
243,240,54,98
243,240,54,98
244,240,54,98
245,240,54,98
245,240,54,98
244,240,54,98
244,239,54,98
243,239,54,98
242,238,54,98
241,238,54,98
241,237,54,98
240,237,54,98
238,237,54,98
237,237,54,99
236,237,54,99
234,237,54,99
233,237,54,99
232,237,54,100
230,237,54,100
230,236,54,100
229,235,54,100
228,234,54,100
227,233,54,100
226,234,54,99
224,234,54,98
223,235,54,96
222,235,54,95
221,236,54,94
219,237,54,93
220,237,53,94
222,237,51,95
223,238,50,96
224,238,49,97
225,238,48,98
226,236,48,99
226,233,49,99
227,230,49,100
227,227,49,101
228,225,50,101
229,222,50,102
226,218,50,100
224,215,50,98
222,212,50,96
220,208,50,94
218,205,50,93
216,201,50,91
215,198,50,91
215,195,50,91
215,192,50,91
214,189,50,91
214,186,50,91
214,183,50,91
219,182,50,91
224,181,50,91
230,179,50,91
235,178,50,91
240,177,50,91
246,176,50,91
251,175,50,91
256,174,50,91
265,170,50,91
274,167,50,91
283,163,50,91
291,160,50,91
300,156,50,91
309,153,50,91
318,150,50,91
324,149,50,91
330,148,50,91
336,147,50,91
342,146,50,91
348,145,50,91
355,144,50,91
362,143,50,91
370,142,50,91
378,141,50,91
385,140,50,91
393,139,50,91
401,138,50,91
401,140,50,90
402,141,50,89
402,142,50,88
403,143,50,87
404,144,50,85
404,145,50,84
405,146,50,83
405,145,51,84
405,144,52,84
405,143,52,85
406,142,53,85
406,141,54,86
406,140,55,87
406,138,56,87
408,138,56,87
410,138,56,87
412,138,56,87
414,138,56,87
416,138,56,87
417,138,56,86
418,138,56,86
418,138,56,85
419,138,56,85
420,138,56,84
421,138,56,83
422,140,55,83
423,141,53,82
424,142,52,82
424,144,51,81
425,145,50,81
426,146,49,80
427,148,48,80
427,147,48,80
427,147,48,80
428,146,48,80
428,145,48,80
428,145,48,80
429,144,48,80
430,144,48,80
432,144,48,80
433,144,48,80
435,144,48,80
436,144,48,80
438,144,48,80
439,149,48,80
440,153,48,80
441,158,48,80
442,163,48,80
443,167,48,80
443,172,48,80
441,173,48,79
438,174,47,79
435,175,47,79
432,176,46,79
429,177,46,78
426,178,45,78
423,179,44,78
421,185,44,78
419,192,44,78
417,198,44,78
414,204,44,78
412,210,44,78
410,216,44,78
410,218,44,78
410,222,44,78
410,226,44,78
406,229,44,78
403,233,44,78
399,237,44,78
398,238,44,78
397,240,44,78
