345,188,31,74
342,187,28,75
335,189,30,73
332,190,31,74
325,190,36,71
319,190,31,75
312,189,35,79
303,192,32,76
297,193,31,76
293,193,31,76
286,195,32,76
281,197,31,76
273,197,31,76
265,194,32,75
255,199,32,77
248,204,33,77
244,198,33,79
239,196,33,81
233,197,34,83
227,198,34,83
211,198,35,83
212,202,35,82
211,204,37,82
227,203,37,89
256,194,37,89
276,195,38,88
302,195,38,88
333,197,37,89
356,197,38,88
388,197,36,86
414,197,37,84
402,195,39,84
400,199,37,85
396,197,38,86
391,197,37,84
383,197,37,84
376,200,37,87
368,201,34,82
364,198,35,87
358,199,34,83
350,200,37,87
345,200,36,87
338,199,36,87
332,199,34,87
320,202,36,87
313,202,37,87
305,201,38,86
300,202,36,86
293,203,36,87
285,203,36,87
280,203,36,84
270,204,35,88
265,208,34,87
253,207,36,85
245,204,35,87
243,206,34,85
235,213,34,79
232,209,35,84
232,209,35,84
281,219,35,84
311,219,35,84
341,215,35,84
373,211,35,84
406,223,38,70
455,217,38,76
488,218,37,74
526,220,36,71
541,222,38,76
554,214,36,68
560,214,36,68
553,210,36,68
534,208,36,68
514,207,36,68
501,209,36,68
480,206,36,68
467,209,36,68
464,209,36,68
443,209,36,68
420,214,36,68
420,214,36,68
406,219,36,68
387,217,36,68
373,223,36,68
360,224,36,68
337,223,36,68
325,220,36,68
305,224,36,68
272,221,36,68
255,230,36,68
254,227,36,68
235,227,36,68
209,230,36,68
207,237,36,68
192,235,36,68
218,229,36,68
188,237,36,68
166,230,36,68
159,235,36,68
140,235,36,68
129,235,36,68
113,240,36,68
103,238,36,68
80,236,36,68
60,231,36,68
52,235,36,68
86,235,36,68
133,235,36,68
179,230,36,68
235,235,36,68
279,234,36,68
334,233,36,68
383,233,36,68
442,236,36,68
409,241,36,68
401,239,36,68
394,243,36,68
376,241,36,68
367,219,39,72
353,223,38,81
335,222,36,68
351,230,36,68
326,235,36,68
298,225,36,68
282,226,36,68
266,229,36,68
250,225,36,68
244,231,36,68
222,226,45,77
220,225,33,77
203,228,40,84
189,228,40,77
169,238,41,75
165,229,43,86
149,225,36,89
137,234,35,84
126,234,35,80
109,235,44,82
94,232,43,86
137,236,46,80
189,237,44,78
246,232,39,82
287,232,48,84
346,239,40,76
391,236,41,77
453,235,37,81
493,230,45,82
526,230,45,86
520,234,38,83
496,239,35,79
488,239,40,84
472,243,40,76
461,240,41,78
449,232,41,77
434,245,38,72
419,244,38,71
404,242,38,73
394,240,40,77
378,240,38,79
368,236,39,83
350,241,37,79
338,238,40,82
333,243,36,77
311,241,39,79
306,241,36,78
286,241,40,79
280,241,41,79
265,245,34,75
256,246,37,74
243,244,36,77
229,240,43,81
223,244,37,80
223,240,35,83
214,247,35,77
205,246,36,78
199,245,36,78
199,245,36,78
184,246,37,78
225,241,37,79
252,248,37,76
283,248,40,76
304,247,36,74
328,244,39,77
325,245,38,76
320,245,37,74
311,241,37,78
304,245,38,77
301,246,36,68
297,241,36,76
281,251,36,68
292,245,38,74
333,242,33,77
371,241,33,78
403,240,38,82
436,238,44,82
463,239,37,83
454,242,36,78
446,242,39,78
439,246,39,74
435,239,37,82
428,239,36,82
419,243,41,77
415,242,41,79
409,242,39,76
401,240,40,78
395,242,34,80
386,243,41,78
381,242,37,77
375,241,37,82
364,242,37,81
360,246,39,74
353,246,40,76
348,244,40,77
342,241,37,80
335,245,37,78
333,244,35,78
366,244,33,77
392,245,38,76
418,245,39,77
452,243,38,78
480,242,40,79
483,241,43,81
477,246,36,74
468,243,37,77
461,241,36,77
459,241,30,79
453,242,32,77
446,243,38,76
443,242,40,77
463,238,43,80
497,240,38,78
519,240,41,80
547,240,37,80
576,240,33,80
595,240,36,80
609,237,22,80
609,240,22,80
605,240,26,77
602,238,29,79
596,240,34,77
591,240,32,75
583,237,35,78
578,238,30,76
568,237,34,77
564,238,36,75
562,237,36,75
555,235,34,77
548,235,32,78
538,239,36,73
534,241,34,73
532,239,31,76
525,238,32,76
516,239,33,75
512,242,36,71
587,229,32,77
501,239,33,73
494,240,31,75
489,240,32,74
481,238,31,75
478,238,31,75
471,239,32,76
460,240,40,74
458,239,36,76
453,237,32,76
448,238,31,75
442,239,32,76
436,240,34,73
433,236,27,75
426,239,27,73
413,238,36,74
409,240,39,71
406,236,31,75
403,238,31,74
397,238,31,74
393,238,29,73
389,235,29,76
382,236,28,74
371,238,32,76
366,237,35,72
361,236,35,75
358,235,31,76
350,235,32,75
344,237,35,71
341,235,32,73
337,234,26,75
331,235,28,75
320,237,35,71
318,235,32,74
311,233,29,75
308,235,26,71
301,238,30,71
297,235,31,71
295,235,26,71
287,235,27,71
278,234,36,72
273,233,34,71
271,232,32,73
267,234,30,70
262,233,32,72
259,233,29,72
254,231,24,72
246,231,28,71
237,232,34,70
238,230,29,72
235,229,28,73
230,230,28,72
227,230,28,71
219,230,32,71
220,230,30,70
217,229,27,72
213,231,27,68
209,230,31,70
207,230,29,69
203,228,32,68
201,229,30,68
197,231,31,66
197,230,27,66
196,227,23,69
190,228,24,69
183,228,31,68
218,228,30,68
251,225,30,68
277,224,31,68
310,224,27,69
301,224,27,68
299,223,23,68
292,223,27,69
285,224,30,67
283,224,31,66
280,223,31,66
278,219,27,68
273,222,28,66
270,224,32,65
267,222,31,66
265,220,26,67
259,220,27,66
255,220,27,66
253,219,28,66
251,219,27,66
248,219,28,66
247,220,27,65
242,218,29,66
240,217,27,65
237,218,23,65
234,217,24,66
231,218,27,63
230,216,24,64
225,214,29,65
225,217,30,63
221,217,30,64
220,214,30,66
217,214,24,65
214,214,29,64
213,214,28,63
212,213,29,65
211,213,29,65
207,212,30,66
207,213,28,63
205,213,30,64
204,211,30,63
203,211,28,63
201,211,27,63
199,211,27,62
198,209,30,65
198,209,27,62
196,209,29,62
196,209,27,63
196,209,26,61
195,208,26,62
194,208,26,63
194,208,26,61
194,207,24,61
193,206,27,62
192,205,28,62
193,208,28,60
193,206,27,61
194,204,28,62
194,204,28,62
194,204,26,61
194,205,27,61
195,204,27,61
193,202,26,62
193,204,26,60
194,204,27,60
194,200,28,61
195,199,26,63
196,202,28,59
200,204,23,57
200,200,24,60
201,199,24,61
201,200,23,60
203,201,23,57
204,199,26,60
204,199,24,59
205,198,29,61
207,198,27,61
205,198,26,60
210,198,23,58
207,199,27,58
211,198,22,57
210,198,24,56
211,197,27,58
210,198,28,57
211,197,29,58
211,197,29,59
210,196,28,60
211,197,23,57
212,197,21,56
211,198,26,55
211,197,22,56
211,195,24,56
212,196,22,56
210,196,27,57
209,196,24,56
206,194,26,56
207,193,22,57
206,195,26,56
206,195,28,56
209,193,21,56
207,194,26,56
206,193,26,56
205,194,26,56
204,193,28,56
202,193,29,54
202,193,28,55
203,194,27,54
202,193,27,54
204,193,24,54
204,192,24,56
201,192,26,56
201,195,26,53
199,193,28,54
199,192,24,55
198,190,23,56
197,192,22,54
197,192,24,53
197,192,21,54
196,191,26,54
194,191,26,55
192,191,27,55
192,191,24,54
188,189,23,56
187,190,26,55
187,190,23,54
184,190,23,54
184,190,23,53
183,189,21,54
181,188,24,54
180,190,24,53
177,190,26,51
176,188,24,54
173,188,23,52
171,189,21,52
169,188,19,52
169,189,23,50
167,189,23,50
164,189,27,51
163,189,27,51
159,188,26,50
156,184,28,55
155,188,24,50
152,188,22,50
153,188,21,50
151,187,19,51
147,186,22,52
146,186,22,52
143,186,24,51
139,187,27,50
137,187,24,50
135,136,21,53
135,88,21,59
132,86,18,50
129,87,20,50
124,87,22,49
121,87,27,49
121,87,24,50
118,85,22,51
114,86,20,49
112,88,24,48
112,86,22,50
110,82,21,52
107,84,21,50
105,81,22,54
104,78,21,57
101,76,24,59
99,73,21,55
97,76,21,52
95,76,22,49
94,81,21,46
