366,263,226,193
386,255,212,185
407,246,198,176
427,238,183,168
448,229,169,159
468,220,155,150
489,212,140,142
502,206,128,137
515,199,115,133
528,193,102,128
540,187,89,124
553,180,76,119
562,176,67,116
571,172,58,114
579,167,49,111
588,163,40,109
596,159,32,106
602,154,26,106
607,150,21,106
612,145,15,106
618,140,10,106
626,138,2,105
626,137,3,104
625,135,4,103
625,133,0,0
625,132,0,0
624,130,0,0
625,128,0,0
626,126,0,0
627,125,0,0
628,123,0,0
628,121,0,0
629,119,0,0
628,118,0,0
628,116,0,0
627,114,0,0
626,113,0,0
626,111,0,0
625,109,0,0
625,107,0,0
624,106,0,0
623,104,0,0
622,102,0,0
622,100,0,0
621,99,0,0
620,97,0,0
621,95,0,0
621,94,0,0
622,92,0,0
622,90,0,0
623,88,0,0
624,87,0,0
624,85,0,0
625,83,0,0
626,81,0,0
627,80,0,0
627,78,0,0
622,76,6,64
617,75,12,63
611,73,17,62
609,73,19,62
607,73,22,62
605,73,24,62
602,73,26,62
600,73,29,62
597,73,31,62
595,73,34,62
592,73,36,62
590,73,39,62
587,73,42,62
567,74,57,60
546,74,72,59
526,75,87,57
527,76,81,56
528,76,75,54
526,76,75,54
523,76,75,54
521,76,75,54
519,76,75,54
516,76,75,54
515,75,75,54
514,75,75,54
512,74,75,54
511,74,75,54
510,74,75,54
509,73,74,54
508,73,73,53
507,73,72,53
506,72,72,52
505,72,71,52
504,72,70,52
503,72,70,52
501,72,69,52
500,72,69,52
499,72,68,52
498,71,67,52
498,70,65,52
497,69,64,52
497,68,63,52
496,66,62,52
496,66,61,51
496,66,60,51
496,66,60,51
496,66,59,51
496,66,59,51
496,66,58,50
496,66,58,50
496,66,57,50
496,66,56,50
496,66,56,49
496,66,56,49
497,66,55,48
497,66,55,47
497,66,55,47
497,66,54,46
499,66,54,46
500,66,54,46
501,65,54,46
503,65,54,46
504,64,54,46
504,64,56,46
504,64,58,46
504,64,60,46
504,64,62,46
504,64,64,46
505,64,63,46
507,64,61,46
509,64,60,46
510,64,58,46
512,64,57,46
513,64,55,45
515,64,54,44
516,64,52,43
518,64,51,42
519,64,49,42
518,64,50,42
518,64,51,42
517,64,52,42
516,64,52,42
515,64,53,42
515,64,54,42
514,64,54,42
513,64,55,42
513,64,56,42
512,64,57,42
512,64,57,41
512,64,57,40
512,64,57,40
512,64,57,39
512,64,57,39
511,64,57,39
511,64,57,39
511,64,58,39
511,64,58,39
510,64,58,39
510,64,58,39
510,64,59,39
510,64,59,39
510,63,59,40
510,63,59,40
510,62,59,41
510,62,59,41
510,61,59,42
510,61,59,42
510,61,59,42
510,61,59,42
510,61,59,42
510,61,59,42
510,62,59,41
510,62,59,41
510,62,59,41
510,62,59,41
510,62,59,41
510,62,59,40
510,63,59,40
510,63,59,40
510,63,59,40
510,63,58,40
510,63,58,40
511,63,58,40
511,63,58,40
511,63,57,40
511,63,57,40
512,63,57,40
512,63,57,40
512,63,56,40
512,63,56,40
513,63,56,40
512,63,56,40
512,63,57,40
511,63,57,40
511,63,57,40
511,63,58,40
510,63,58,40
511,63,58,40
511,63,58,40
511,63,57,40
511,63,57,40
511,63,58,40
511,63,58,40
510,63,58,40
510,63,58,40
510,63,58,40
510,63,59,40
510,63,59,40
509,63,59,40
509,63,59,40
509,63,60,40
509,63,60,40
508,63,60,40
508,63,60,40
508,63,61,40
508,63,61,40
508,63,61,40
508,63,61,40
508,63,61,40
508,63,62,40
508,62,62,40
508,62,62,40
508,62,62,40
508,62,62,40
508,62,62,40
508,62,62,41
508,62,62,42
508,62,62,42
508,62,62,43
508,62,62,43
509,62,61,43
510,62,60,43
510,62,59,43
511,62,59,43
512,62,58,43
511,62,58,43
511,62,58,43
511,62,58,43
510,62,58,43
510,62,58,43
509,62,58,43
509,62,58,43
509,61,58,43
508,61,58,43
508,61,58,43
509,61,58,43
509,61,58,43
509,61,58,43
509,61,58,43
509,61,58,43
510,61,58,43
510,61,58,43
510,61,58,43
510,61,58,43
510,61,58,43
510,61,58,43
510,61,58,43
510,61,58,43
510,61,58,43
510,61,58,43
510,61,58,43
510,61,58,43
509,61,58,43
509,61,59,43
509,61,59,43
508,61,59,43
508,61,60,43
508,61,60,43
508,61,60,43
507,61,60,43
506,61,60,43
506,61,60,43
505,61,60,43
505,61,60,43
504,61,60,43
503,61,61,43
503,61,61,43
502,61,62,43
501,61,63,43
501,61,63,43
500,61,64,43
500,61,64,43
500,61,66,43
500,61,67,43
500,61,68,43
500,61,69,43
500,61,70,43
500,61,71,43
500,61,72,43
498,61,74,43
497,61,76,43
496,61,78,43
495,61,80,43
494,61,82,43
494,61,82,43
494,61,82,43
494,61,82,43
494,61,82,43
494,61,82,43
495,61,82,43
495,61,82,43
495,61,81,43
495,61,81,43
495,61,81,43
495,61,81,43
495,61,81,43
497,61,78,43
499,61,75,43
501,61,72,43
502,61,69,43
504,61,65,43
506,61,62,43
507,61,62,43
507,61,61,43
508,61,60,43
509,61,60,43
509,61,59,43
510,61,59,43
510,61,58,43
510,61,58,43
510,61,58,43
510,61,58,43
510,61,58,43
510,61,58,43
510,61,58,43
510,61,58,43
510,61,57,43
510,61,57,43
510,61,56,43
510,61,55,43
510,61,54,43
510,61,54,43
510,61,53,43
510,61,52,43
510,61,53,43
510,61,53,43
510,61,53,43
510,61,54,43
510,61,54,43
510,61,55,43
510,61,55,43
510,61,55,43
510,61,56,43
510,61,56,43
510,61,56,43
510,61,56,43
510,61,56,43
510,61,56,43
510,61,56,43
510,61,57,43
510,61,57,43
510,61,57,43
510,61,57,43
509,61,58,43
509,61,58,43
509,61,58,43
509,61,58,43
508,61,59,43
508,61,59,43
508,61,59,43
508,61,59,43
508,61,59,43
508,61,59,43
508,61,59,43
508,61,59,43
508,61,59,43
508,61,59,43
508,61,59,43
508,61,59,43
508,61,59,43
508,61,59,43
508,60,59,43
508,60,59,43
508,60,59,43
508,60,59,44
508,60,59,44
508,60,59,44
508,60,59,44
508,60,59,44
508,59,59,44
508,59,59,44
508,59,59,44
508,59,60,44
508,59,60,44
508,59,61,44
508,59,61,44
508,59,61,44
508,59,62,44
508,59,62,44
508,59,63,44
508,59,63,44
508,59,63,44
508,59,64,44
508,59,64,44
508,59,63,44
508,59,63,44
508,59,63,44
508,59,63,44
508,59,63,44
508,59,63,44
508,59,63,44
508,59,62,44
508,59,62,44
508,59,62,44
508,59,62,44
508,59,62,44
508,59,62,44
508,59,62,44
508,59,62,45
508,59,62,45
508,59,62,45
508,59,62,45
508,59,62,45
508,59,62,45
508,59,62,45
508,59,62,45
508,59,62,45
508,59,62,45
508,59,62,45
508,59,62,45
508,59,62,45
508,59,62,45
508,58,62,46
508,57,62,47
508,56,62,47
508,56,62,48
508,55,62,49
508,54,62,49
508,54,62,49
508,54,62,49
508,55,62,49
508,55,62,49
508,55,62,49
508,55,62,49
508,56,62,48
508,56,62,47
508,57,62,47
508,58,62,46
508,59,62,45
508,59,62,44
508,60,62,44
508,59,62,44
508,59,62,45
508,58,62,46
508,58,62,46
508,57,62,47
508,56,62,47
508,56,62,48
508,56,62,47
508,57,62,47
508,57,62,46
508,58,62,46
508,58,62,45
508,59,62,45
508,59,62,44
508,60,62,44
508,60,62,44
508,60,62,44
508,60,62,44
508,60,62,44
508,60,62,44
508,60,62,44
508,60,62,44
508,60,62,44
508,60,62,44
508,59,62,44
508,59,62,44
508,59,62,44
508,59,62,44
508,59,62,44
508,59,62,44
508,59,62,45
508,59,62,45
508,59,62,45
508,59,62,45
508,59,62,45
508,59,62,45
508,59,62,45
508,59,62,45
508,59,62,45
508,59,62,45
508,59,62,45
508,59,62,45
508,59,62,45
508,58,62,45
508,58,62,46
508,58,62,46
508,58,62,46
508,58,62,46
508,57,62,46
508,57,62,47
508,58,61,46
508,58,61,46
509,58,60,45
509,59,60,45
510,59,59,45
510,60,59,44
511,60,59,44
511,59,59,45
511,58,59,46
512,57,57,47
512,57,57,47
512,57,57,47
512,57,57,47
