515,183,71,70
512,181,70,70
510,179,69,71
507,178,68,72
504,176,67,72
504,176,67,71
503,176,67,70
502,175,67,68
502,175,67,67
501,175,67,66
501,176,67,65
501,177,67,64
501,177,67,64
501,178,67,63
501,167,60,61
501,157,53,59
500,146,46,58
500,136,39,56
500,125,32,55
499,114,25,53
493,110,27,54
487,105,29,55
481,100,31,56
475,95,34,58
473,98,34,58
470,101,34,58
468,104,34,59
466,107,34,59
490,125,34,59
514,144,34,59
537,162,34,59
561,180,34,59
585,199,34,59
590,216,39,52
596,233,44,45
601,250,50,38
606,267,55,31
593,261,55,36
581,256,55,41
569,250,55,46
556,245,55,51
555,247,51,46
555,249,46,41
554,252,42,37
553,254,38,32
557,261,38,32
560,269,38,32
564,277,38,32
567,285,38,32
541,245,41,44
514,206,44,56
488,167,47,69
461,127,51,81
450,99,52,82
439,70,54,83
427,42,56,84
416,13,58,85
414,12,58,83
412,10,58,81
409,9,58,79
407,8,58,77
420,37,56,76
433,65,54,74
446,94,52,73
459,123,51,71
472,151,49,70
484,183,46,62
496,215,43,55
509,246,39,48
521,278,36,40
514,266,38,43
507,255,40,45
500,244,42,47
492,232,44,49
492,227,41,46
492,222,39,44
492,217,37,41
492,212,34,39
501,224,34,39
510,237,34,39
519,250,34,39
529,262,34,39
538,275,34,39
523,252,39,45
508,229,43,52
493,206,47,59
478,183,52,65
442,153,50,65
407,123,49,65
371,93,47,65
336,63,46,65
326,65,46,64
316,67,46,63
306,69,46,61
296,71,46,60
297,70,46,61
299,69,46,62
301,68,46,63
302,67,46,64
324,74,46,64
346,81,46,64
368,88,46,64
389,95,46,64
446,116,44,64
504,137,42,64
561,158,40,64
618,180,39,64
619,197,39,58
620,215,39,52
621,232,39,47
622,249,39,41
611,247,39,41
599,246,39,41
587,244,39,41
575,242,39,41
564,240,39,41
570,242,39,41
575,244,39,41
581,246,39,41
587,249,39,41
596,247,45,41
605,246,52,41
613,245,58,41
622,243,64,41
596,216,60,43
570,188,56,45
543,160,52,47
517,133,48,50
491,105,44,52
474,97,44,54
456,90,44,56
439,82,44,59
422,75,44,61
421,75,44,61
421,75,44,61
420,75,44,61
419,75,44,61
444,80,44,61
470,86,44,61
495,91,44,61
520,96,44,61
546,112,44,61
572,129,44,61
598,145,44,61
624,161,44,61
627,171,44,64
629,181,44,66
632,192,44,69
634,202,44,71
607,209,44,66
580,216,44,60
553,223,44,55
526,230,44,49
535,231,44,49
545,231,44,49
554,231,44,49
564,230,44,49
574,229,44,49
583,227,44,49
593,226,44,49
580,217,44,49
566,208,44,49
553,198,44,49
540,189,44,49
507,166,44,55
474,143,44,60
440,120,44,66
407,96,44,71
402,92,44,73
396,89,44,74
391,85,44,75
385,81,44,77
386,82,44,77
387,84,44,77
388,85,44,77
389,87,44,77
393,90,44,77
398,92,44,77
402,95,44,77
406,98,44,77
410,101,44,77
415,99,44,77
421,98,44,77
426,96,44,77
432,95,44,77
437,93,44,77
443,92,44,77
447,92,44,77
450,93,44,77
454,93,44,77
458,93,44,77
462,94,44,77
462,95,44,77
461,96,44,77
461,97,44,77
460,99,44,77
460,100,44,77
458,98,44,77
456,97,44,77
455,95,44,77
453,94,44,77
451,92,44,77
451,90,44,77
452,88,44,77
452,86,44,77
452,85,44,77
453,83,44,77
453,81,44,77
450,71,44,77
448,61,44,77
445,50,44,77
443,40,44,77
440,30,44,77
432,28,44,77
425,27,44,77
417,25,44,77
409,23,44,77
401,22,44,77
386,49,44,77
370,77,44,77
355,105,44,77
339,133,44,77
324,161,44,77
323,183,46,68
321,205,49,59
320,227,51,50
318,250,53,41
317,272,56,33
321,263,54,35
325,254,52,37
328,245,50,39
332,237,48,41
336,228,46,43
329,235,46,43
323,243,46,43
316,251,46,43
310,258,46,43
303,266,46,43
304,254,46,47
305,242,46,52
305,230,46,56
306,218,46,60
307,206,46,64
318,190,46,67
330,173,46,69
341,157,46,71
353,140,46,73
364,124,46,75
375,130,50,69
386,136,54,62
397,141,58,56
408,147,62,50
419,153,66,44
376,160,66,44
333,168,66,44
290,175,66,44
247,183,66,44
204,190,66,44
192,190,63,44
179,190,60,44
166,190,56,44
153,190,53,44
140,190,50,44
131,185,50,44
122,180,50,44
114,175,50,44
105,170,50,44
96,165,50,44
96,160,51,46
97,155,53,48
97,151,55,50
97,146,56,52
98,141,58,54
120,144,58,56
142,148,58,58
164,151,58,60
186,155,58,62
208,158,58,64
230,162,58,66
250,153,58,66
269,143,58,66
289,134,58,66
309,125,58,66
328,116,58,66
348,107,58,66
352,105,56,66
356,104,54,66
360,103,52,66
364,102,51,66
368,100,49,66
372,99,47,66
376,96,47,69
379,93,47,73
383,90,47,76
386,87,47,79
390,85,47,82
394,82,47,85
394,80,47,85
395,79,47,85
395,77,47,85
396,76,47,85
396,75,47,85
397,73,47,85
390,69,47,85
384,65,47,85
377,61,47,85
371,57,47,85
364,53,47,85
358,49,47,85
351,45,47,85
354,37,47,78
357,30,47,71
360,23,47,64
362,16,47,56
365,8,47,49
368,1,47,42
381,1,46,46
395,2,44,49
409,2,43,52
422,3,41,56
436,3,40,59
433,4,40,59
431,4,40,59
428,5,40,59
425,5,40,59
423,5,40,59
416,5,40,59
410,5,40,58
404,4,40,57
397,4,40,57
391,3,40,56
387,13,40,56
384,22,40,56
380,32,40,56
377,41,40,56
373,51,40,56
370,60,40,56
366,70,40,56
367,72,41,65
368,75,43,73
369,78,44,82
369,81,46,91
370,83,47,100
372,86,47,97
374,88,47,95
376,90,47,92
378,93,47,90
380,95,47,88
382,97,47,85
386,99,48,87
389,101,49,89
393,103,51,90
396,105,52,92
399,103,52,92
401,102,52,92
403,100,52,92
406,98,52,92
408,96,52,92
411,95,52,92
407,93,52,92
404,91,52,92
400,90,52,92
396,88,52,92
393,87,52,92
389,85,52,92
389,86,52,91
388,87,52,90
387,88,52,89
387,89,52,88
386,89,52,87
380,97,52,87
374,105,52,87
368,113,52,87
362,120,52,87
356,128,52,87
350,136,52,87
345,144,52,87
339,147,52,87
333,150,52,87
327,153,52,87
321,156,52,87
315,159,52,87
323,144,52,87
331,128,52,87
338,113,52,87
346,97,52,87
353,82,52,87
361,66,52,87
373,65,52,87
386,65,52,87
398,64,52,87
410,63,52,87
423,62,52,87
418,62,52,87
414,61,52,87
410,61,52,87
406,61,52,87
401,60,52,87
376,64,52,87
351,68,52,87
326,72,52,87
301,75,52,87
276,79,52,87
264,95,52,87
252,112,52,87
241,128,52,87
229,144,52,87
217,161,52,87
234,168,52,87
250,174,52,87
267,181,52,87
283,188,52,87
300,194,52,87
319,199,59,85
339,203,66,83
358,207,73,82
377,212,80,80
391,208,83,81
405,204,85,83
419,200,88,84
433,196,91,85
447,193,94,87
445,192,94,87
442,191,94,87
440,190,94,87
438,189,94,87
436,187,94,87
410,193,86,84
385,199,79,80
359,205,71,77
334,210,63,74
308,216,56,70
283,222,48,67
263,222,50,66
243,222,52,65
224,222,54,64
204,222,56,62
185,223,58,61
165,223,60,60
170,227,60,59
176,231,60,58
182,236,60,56
187,240,60,55
193,244,60,54
198,249,60,52
206,224,60,57
214,200,60,62
222,176,60,67
230,152,60,73
238,128,60,78
246,104,60,83
271,93,60,83
297,82,60,83
323,71,60,83
348,60,60,83
369,72,60,83
389,85,60,83
411,92,60,83
433,98,60,83
430,99,60,89
426,100,60,95
423,101,60,101
419,102,60,107
416,102,60,113
394,105,61,113
371,108,62,113
349,111,63,113
326,114,64,113
304,117,65,113
282,120,66,113
249,129,66,105
217,139,66,98
184,149,66,90
152,159,66,83
142,162,66,85
132,165,66,87
122,169,66,90
112,172,66,92
102,175,66,95
92,178,66,97
82,181,66,100
81,178,66,100
81,175,66,99
80,172,66,99
79,169,66,99
78,166,66,99
77,163,66,99
107,163,74,99
136,163,81,100
165,164,89,101
195,164,96,101
224,165,103,102
253,165,111,102
277,168,111,104
300,171,111,106
324,173,111,108
347,176,111,110
370,179,111,112
359,183,118,107
348,188,126,102
337,192,133,98
326,197,141,93
315,201,148,88
304,206,156,83
263,208,149,83
221,211,142,83
179,214,136,83
138,217,129,83
96,220,123,83
55,223,116,83
44,217,104,83
33,212,92,83
22,206,80,83
11,201,68,83
0,195,56,83
4,202,60,79
7,209,64,74
11,216,68,69
15,223,72,64
19,230,77,59
29,232,77,59
39,235,77,59
50,238,77,59
60,241,77,59
70,244,77,59
81,246,77,59
91,249,77,59
101,252,77,59
139,252,83,61
176,253,89,63
213,253,95,64
250,253,101,66
288,253,107,68
325,254,113,70
327,254,125,70
329,254,137,70
331,254,150,70
333,254,162,70
335,254,175,70
309,268,175,70
284,283,175,70
258,298,175,70
232,313,175,70
206,328,175,70
173,325,161,71
141,323,148,73
108,321,135,74
75,318,122,75
43,316,109,77
10,314,95,78
9,314,77,78
8,314,58,78
7,314,39,78
5,314,20,78
4,314,1,78
6,294,13,87
7,273,25,95
8,253,37,104
10,232,49,113
11,212,61,121
13,192,73,130
68,168,81,134
124,144,90,137
179,120,98,141
235,96,106,145
290,73,115,148
346,49,123,152
401,25,132,156
435,38,130,156
469,51,129,156
503,64,127,156
537,77,126,156
570,89,124,156
604,102,123,156
561,101,123,164
519,99,123,173
476,98,123,182
433,97,123,191
391,95,123,200
348,94,123,209
290,125,104,193
233,156,85,176
175,187,66,160
118,219,47,144
60,250,28,127
2,281,9,111
8,287,18,112
14,293,27,114
19,299,36,115
25,305,44,117
30,311,53,118
36,316,62,120
41,322,71,121
47,328,79,122
53,334,88,124
58,340,97,125
64,346,106,127
69,352,114,128
100,337,132,135
131,323,149,142
162,309,166,149
193,295,183,156
224,281,200,162
255,267,218,169
286,252,235,176
317,238,252,183
311,232,247,187
305,226,242,191
298,220,237,194
292,213,233,198
286,207,228,202
241,213,211,198
196,218,195,195
150,224,179,191
105,229,162,187
60,234,146,183
14,240,130,180
14,246,119,166
14,251,108,152
14,257,97,138
14,263,86,125
14,269,75,111
14,274,64,97
33,275,66,97
52,275,67,97
70,276,69,97
89,276,70,97
108,277,72,97
126,277,73,97
145,278,75,97
137,270,85,100
128,262,94,103
120,255,104,106
112,247,114,109
104,239,124,111
95,231,133,114
107,222,126,117
119,212,118,121
130,202,111,124
142,192,103,127
154,183,96,130
166,173,89,133
181,170,89,133
197,168,89,133
213,165,89,133
229,163,89,133
245,160,89,133
260,157,89,133
243,170,89,126
225,183,89,118
207,195,89,111
189,208,89,103
171,220,89,96
154,233,89,89
156,235,89,89
158,236,89,89
160,238,89,89
162,240,89,89
164,242,89,89
166,243,89,89
174,232,89,97
182,221,89,105
190,209,89,113
198,198,89,121
206,187,89,129
214,176,89,137
222,164,89,145
237,161,89,145
251,159,89,145
265,156,89,145
279,153,89,145
293,150,89,145
307,147,89,145
311,147,89,143
315,147,89,141
319,147,89,139
323,147,89,137
327,147,89,135
331,147,89,133
328,151,94,131
325,154,100,129
322,157,106,127
319,161,112,125
316,164,118,123
313,168,124,121
310,171,130,120
314,158,134,128
317,145,139,137
320,131,144,145
324,118,148,154
327,105,153,162
331,92,158,171
334,78,162,180
332,66,153,173
330,54,144,165
327,42,134,158
325,30,125,151
323,18,115,144
320,6,106,137
318,10,106,147
316,15,106,157
314,19,106,167
312,24,106,177
309,28,106,187
307,33,106,197
305,37,106,207
308,53,106,207
311,68,106,207
314,84,106,207
317,100,106,207
320,116,106,207
323,131,106,207
326,147,106,207
314,151,114,207
303,156,122,207
291,160,131,207
279,165,139,207
268,169,148,207
256,174,156,207
245,178,164,207
242,164,161,207
238,150,157,207
235,136,153,207
232,122,149,207
229,108,146,207
226,94,142,207
222,80,138,207
219,68,134,203
215,57,130,198
211,45,125,194
208,34,121,190
204,22,116,185
200,11,112,181
197,0,107,176
193,0,107,169
190,0,107,162
186,0,107,156
183,0,107,149
179,0,107,142
176,0,107,135
173,0,107,128
177,6,117,162
180,13,126,196
184,20,135,231
188,27,145,265
192,34,154,299
196,40,163,333
200,47,173,367
214,101,173,340
229,155,173,312
243,209,173,285
257,263,173,257
272,317,173,230
286,371,173,202
291,377,173,196
295,383,173,189
299,390,173,183
304,396,173,176
308,403,173,170
313,409,173,164
317,415,173,157
302,392,179,180
287,369,185,202
271,346,191,224
256,322,197,247
241,299,203,269
226,276,209,291
219,268,215,299
213,261,222,306
206,253,228,314
200,245,234,321
193,237,240,329
186,230,247,336
199,263,244,304
212,296,240,273
225,329,237,241
238,363,234,209
251,396,231,177
264,429,228,145
272,424,220,151
280,418,212,156
288,413,204,162
296,407,196,167
304,402,188,173
312,396,180,178
306,374,180,192
300,351,180,207
294,329,180,221
288,306,180,236
282,283,180,250
277,261,180,265
271,238,180,279
271,199,180,277
271,160,180,275
271,120,180,273
272,81,180,271
272,42,180,269
272,3,180,267
279,3,180,248
287,3,180,228
294,3,180,208
301,4,180,188
308,4,180,169
315,4,180,149
304,26,172,172
294,47,164,196
283,68,156,219
272,89,149,243
261,110,141,266
250,132,133,290
259,152,133,268
268,173,133,247
277,193,133,225
286,214,133,204
294,235,133,182
303,255,133,161
298,254,142,161
293,253,150,161
288,251,159,161
283,250,168,161
277,249,176,161
283,236,169,161
288,224,161,161
293,212,154,161
298,199,146,161
303,187,139,161
308,175,132,161
313,156,129,165
317,137,126,168
321,119,123,172
325,100,121,176
329,82,118,180
326,83,118,183
324,85,118,185
321,87,118,188
319,89,118,191
316,90,118,194
314,92,118,197
317,114,118,182
321,136,118,168
325,158,118,153
329,180,118,138
332,202,118,124
336,224,118,109
340,226,118,109
345,228,118,109
349,230,118,109
353,231,118,109
357,233,118,109
362,235,118,109
357,236,115,109
351,238,113,109
346,239,110,109
341,240,107,109
336,242,105,109
331,243,102,109
330,240,100,109
329,237,98,109
327,234,96,109
326,231,94,109
325,228,92,109
324,224,90,109
281,216,90,109
238,207,90,109
196,198,90,109
153,189,90,109
110,180,90,109
67,171,90,109
25,163,90,109
22,158,88,109
19,154,85,109
16,150,83,109
13,145,80,109
10,141,77,109
8,137,75,109
30,140,75,109
53,143,75,109
75,146,75,109
98,149,75,109
121,151,75,109
143,154,75,109
166,157,75,109
197,161,75,109
229,164,75,109
260,167,75,109
291,170,75,109
323,173,75,109
354,177,75,109
386,180,75,109
395,175,75,107
405,171,75,105
415,166,75,103
424,162,75,100
434,158,75,98
443,153,75,96
453,149,75,94
455,145,75,95
457,141,75,97
460,138,75,98
462,134,75,99
464,130,75,101
467,126,75,102
463,126,75,99
459,125,75,95
455,124,75,92
452,123,75,89
448,122,75,85
444,121,75,82
425,121,78,82
405,121,81,82
386,121,84,82
366,121,87,82
346,121,90,82
327,121,93,82
307,121,96,82
288,121,99,82
280,121,99,82
273,120,99,82
266,120,99,82
258,119,99,82
251,119,99,82
244,118,99,82
236,118,99,82
258,125,99,82
280,133,99,82
302,140,99,82
324,148,99,82
363,157,99,82
402,167,99,82
442,176,99,82
481,185,99,82
520,194,99,82
529,200,99,78
538,206,99,75
547,211,99,71
556,217,99,68
565,223,99,64
574,228,99,61
584,234,99,58
588,232,99,58
593,230,99,58
598,229,99,58
603,227,99,58
608,225,99,58
613,224,99,58
618,222,99,58
616,218,99,58
614,215,99,58
613,212,99,58
611,208,99,58
609,205,99,58
608,201,99,58
597,198,99,59
587,194,99,59
577,191,99,60
566,187,99,61
556,184,99,62
546,181,99,63
535,177,99,64
525,174,99,65
515,170,99,66
504,167,99,67
494,163,99,68
447,161,99,68
399,158,99,68
351,155,99,68
304,152,99,68
256,149,99,68
209,146,99,68
203,144,94,70
197,142,89,72
191,140,83,74
185,138,78,76
179,136,73,78
173,134,68,80
213,133,68,80
254,132,68,80
294,131,68,80
335,130,68,80
375,129,68,80
416,128,68,80
456,127,68,80
476,130,68,80
496,133,68,80
516,136,68,80
535,139,68,80
555,142,68,80
575,144,68,80
572,146,68,85
569,147,68,90
565,148,68,95
562,149,68,101
559,150,68,106
556,151,68,111
546,141,68,111
536,130,68,111
527,119,68,111
517,108,68,111
507,97,68,111
497,87,68,111
487,76,68,111
481,73,68,109
474,70,68,107
468,67,68,106
461,64,68,104
455,61,68,102
448,59,68,101
442,56,68,99
435,53,68,97
429,50,68,95
425,52,68,95
422,53,68,95
418,55,68,95
415,57,68,95
412,59,68,95
408,60,68,95
408,59,68,95
408,58,68,95
408,56,68,95
407,55,68,95
407,53,68,95
407,52,68,95
407,51,68,95
406,49,68,95
406,48,68,95
406,47,68,95
406,45,68,95
406,44,68,95
405,43,68,95
405,41,68,95
405,40,68,95
405,38,68,95
405,37,68,95
404,36,68,95
404,34,68,95
404,33,68,95
404,32,68,95
403,30,68,95
403,29,68,95
403,28,68,95
397,27,68,98
392,26,68,100
386,25,68,103
380,25,68,105
374,24,68,108
369,23,68,110
363,22,68,113
357,21,68,115
351,21,68,118
351,39,68,113
350,58,68,109
349,77,68,105
348,95,68,101
347,114,68,96
346,132,68,92
346,147,70,90
346,161,72,88
346,175,74,86
346,189,76,83
346,203,78,81
346,218,80,79
346,232,81,77
346,246,83,75
353,237,83,75
360,229,83,75
366,220,83,75
373,212,83,75
379,203,83,75
386,194,83,75
393,186,83,75
392,160,80,75
392,135,77,75
391,109,74,75
391,84,71,75
390,58,67,75
390,32,64,75
389,7,61,75
387,6,61,81
385,6,61,87
383,5,61,93
382,4,61,100
380,4,61,106
378,3,61,112
376,2,61,118
374,2,61,125
375,20,65,125
375,39,70,125
376,58,74,125
377,76,78,125
378,95,83,125
379,114,87,125
382,118,85,125
384,123,82,125
387,128,80,125
390,132,78,125
392,137,76,125
395,142,74,125
398,146,71,125
370,148,73,122
342,149,75,120
314,151,77,118
286,152,78,115
257,153,80,113
229,155,82,111
221,154,82,111
212,153,82,111
204,153,82,111
195,152,82,111
186,151,82,111
178,150,82,111
169,150,82,111
158,155,85,104
146,160,88,97
135,166,91,90
123,171,93,83
111,177,96,77
100,182,99,70
88,187,102,63
91,189,102,63
94,190,102,63
96,192,102,63
99,193,102,63
102,195,102,63
105,196,102,63
107,198,102,63
134,182,101,69
160,167,100,74
187,151,98,80
213,136,97,86
239,120,96,92
266,105,95,98
292,89,93,103
319,74,92,109
316,70,92,112
314,66,92,115
311,62,92,118
308,58,92,121
306,54,92,124
303,50,92,126
265,69,97,125
226,88,102,124
187,108,107,122
149,127,111,121
110,146,116,119
71,165,121,118
85,167,121,115
98,170,121,111
112,172,121,108
125,174,121,105
139,176,121,102
152,178,121,99
166,181,121,95
189,170,121,95
211,159,121,95
234,148,121,95
257,138,121,95
280,127,121,95
302,116,121,95
325,105,121,95
348,95,121,95
330,113,114,95
313,132,106,95
295,151,99,95
277,169,92,95
260,188,84,95
242,207,77,95
224,225,70,95
209,217,70,95
193,208,70,95
178,200,70,95
162,191,70,95
147,182,70,95
131,174,70,95
116,165,70,95
165,157,75,91
213,150,80,87
262,142,85,83
311,134,90,78
359,126,95,74
408,119,101,70
418,119,105,72
429,120,110,74
439,120,115,76
449,121,119,78
460,121,124,81
470,122,129,83
480,122,133,85
457,118,128,90
434,114,123,95
411,110,118,101
388,106,113,106
365,102,107,111
342,99,102,116
319,95,97,121
292,112,93,114
266,129,89,106
239,146,85,98
213,163,80,91
186,181,76,83
160,198,72,76
133,215,68,68
149,211,68,68
165,207,68,68
181,203,68,68
197,199,68,68
213,195,68,68
229,191,68,68
245,187,68,68
248,178,68,68
251,169,68,68
254,160,68,68
257,151,68,68
261,142,68,68
264,132,68,68
266,131,68,68
268,130,68,68
270,129,68,68
272,128,68,68
274,127,68,68
277,126,68,68
279,125,68,68
281,124,68,68
269,121,78,68
257,118,89,68
246,115,99,68
234,112,109,68
222,109,120,68
210,106,130,68
198,103,140,68
203,104,137,68
208,106,134,68
213,107,131,68
218,108,127,68
223,109,124,68
228,111,121,68
233,112,118,68
235,112,118,68
238,112,118,68
241,112,118,68
243,112,118,68
246,112,118,68
248,112,118,68
251,110,118,68
253,109,118,68
255,107,118,68
258,106,118,68
260,104,118,68
263,103,118,68
265,101,118,68
268,99,118,68
270,98,118,68
272,96,118,68
275,95,118,68
277,93,118,68
280,92,118,68
282,90,118,68
284,89,118,68
287,87,118,68
289,86,118,68
292,84,118,68
294,82,118,68
296,81,118,68
299,79,118,68
301,78,118,68
304,76,118,68
306,75,118,68
308,73,118,68
311,72,118,68
313,70,118,68
316,68,118,68
318,67,118,68
320,65,118,68
323,64,118,68
325,62,118,68
328,61,118,68
330,59,118,68
333,58,118,68
335,56,118,68
337,55,118,68
340,53,118,68
342,51,118,68
345,50,118,68
325,54,115,72
305,57,111,77
285,61,108,81
265,65,105,86
246,68,102,90
226,72,98,95
206,75,95,100
186,79,92,104
191,85,92,103
195,90,92,101
199,95,92,99
203,101,92,98
207,106,92,96
212,111,92,95
216,117,92,93
220,122,92,92
224,127,92,90
231,117,92,96
237,106,92,102
243,96,92,108
250,85,92,114
256,74,92,120
263,64,92,126
269,53,92,132
278,60,92,128
288,66,92,124
297,73,92,120
306,79,92,116
316,85,92,112
325,92,92,108
334,98,92,104
334,99,92,107
333,99,92,109
333,100,92,112
332,100,92,115
332,101,92,118
331,101,92,120
331,102,92,123
319,110,92,119
307,119,92,114
296,127,92,110
284,136,92,106
272,144,92,101
260,153,92,97
260,155,92,95
260,157,92,94
260,158,92,92
260,160,92,90
260,162,92,89
260,163,92,87
264,159,95,87
268,155,98,87
272,150,101,87
276,146,104,87
280,141,107,87
284,137,110,87
288,132,113,87
285,133,110,82
283,133,108,78
280,133,106,73
277,134,103,68
275,134,101,64
272,134,99,59
270,122,92,65
268,110,85,70
266,97,78,76
264,85,71,81
262,73,64,87
260,60,58,92
268,58,61,87
275,55,65,82
282,52,69,77
290,49,72,71
297,47,76,66
305,44,80,61
312,41,83,56
315,48,83,56
319,56,83,56
322,63,83,56
326,70,83,56
329,77,83,56
333,84,83,56
333,84,83,61
333,84,83,67
333,84,83,72
333,84,83,78
333,84,83,83
332,88,82,83
331,92,80,83
331,96,78,83
330,100,77,83
330,104,75,83
329,108,73,83
329,112,76,81
328,116,78,78
327,120,81,76
327,123,83,73
326,127,86,70
326,131,89,68
313,130,85,69
300,130,82,71
288,130,79,72
275,130,76,74
263,129,73,75
250,129,70,77
252,133,73,77
255,137,76,77
257,142,79,77
260,146,82,77
262,150,86,77
265,154,89,77
267,158,92,77
275,150,89,78
282,142,85,79
290,133,82,81
297,125,78,82
304,117,75,84
312,108,71,85
320,108,74,82
328,108,77,79
336,108,79,76
344,108,82,73
352,108,84,69
360,108,87,66
357,113,87,66
354,118,87,66
350,123,87,66
347,128,87,66
344,133,87,66
341,138,87,66
338,143,87,66
337,140,85,70
337,137,83,74
336,134,82,77
335,131,80,81
335,128,78,85
334,126,77,89
334,125,78,85
334,124,80,81
333,123,82,77
333,122,83,73
333,121,85,68
333,120,87,64
328,120,87,64
324,119,87,64
320,118,87,64
315,117,87,64
311,116,87,64
307,115,87,64
301,116,83,66
296,117,79,67
290,118,76,68
285,119,72,69
279,120,68,70
274,120,64,71
275,123,64,71
276,126,64,71
276,129,64,71
277,131,64,71
278,134,64,71
278,137,64,71
279,139,64,71
271,155,64,71
264,171,64,71
256,187,64,71
248,202,64,71
241,218,64,71
233,234,64,71
242,242,68,67
251,249,71,63
261,257,74,60
270,264,77,56
279,272,80,52
289,280,84,48
298,287,87,44
287,283,87,46
276,279,87,48
265,275,87,51
253,271,87,53
242,267,87,55
231,263,87,58
237,255,83,58
243,246,79,58
249,238,76,58
256,230,72,58
262,221,68,58
268,213,65,58
274,205,61,58
296,203,65,58
319,201,70,58
341,200,74,58
363,198,78,58
386,196,83,58
408,194,87,58
420,192,87,57
431,189,87,56
443,187,87,55
454,184,87,54
465,181,87,53
477,179,87,52
471,179,87,52
465,179,87,52
459,180,87,52
453,180,87,52
447,180,87,52
441,181,87,52
408,181,83,55
374,181,78,58
341,181,74,60
308,181,70,63
275,181,65,65
241,181,61,68
238,189,61,68
235,197,61,68
232,206,61,68
229,214,61,68
225,222,61,68
222,231,61,68
219,239,61,68
215,240,61,68
211,240,61,68
207,241,61,68
203,241,61,68
199,242,61,68
195,243,61,68
195,232,61,68
194,221,61,68
194,211,61,68
194,200,61,68
194,190,61,68
193,179,61,68
193,169,61,68
205,147,61,68
217,126,61,68
229,105,61,68
241,84,61,68
253,63,61,68
265,42,61,68
277,21,61,68
282,22,61,71
287,24,61,74
292,26,61,77
297,28,61,79
302,29,61,82
307,31,61,85
309,38,61,85
311,44,61,85
313,51,61,85
316,58,61,85
318,64,61,85
320,71,61,85
322,77,61,85
315,84,61,85
308,90,61,85
302,97,61,85
295,103,61,85
288,109,61,85
281,116,61,85
274,122,61,85
276,122,61,85
278,122,61,85
280,122,61,85
282,122,61,85
284,122,61,85
286,122,61,85
286,119,69,81
285,116,77,77
284,113,84,72
284,110,92,68
283,106,100,64
283,103,107,59
283,103,112,59
283,103,117,59
283,103,122,59
283,103,127,59
283,103,132,59
283,103,137,59
283,103,142,59
283,97,135,64
284,90,128,69
285,84,120,74
286,78,113,79
286,71,106,84
287,65,99,89
288,59,92,94
281,64,95,98
275,69,98,102
268,74,101,106
261,79,103,110
255,84,106,114
248,89,109,118
263,93,103,121
277,96,98,125
292,100,92,128
307,103,86,132
321,107,81,135
336,110,75,138
344,109,75,138
352,108,75,138
360,106,75,138
367,105,75,138
375,104,75,138
383,103,75,138
391,102,75,138
388,101,76,138
384,100,77,138
381,100,77,138
377,99,78,138
374,99,79,138
370,98,80,138
344,106,86,127
317,114,91,116
290,122,97,105
263,130,103,93
236,139,108,82
210,147,114,71
183,155,120,59
164,154,120,59
144,153,120,59
125,152,120,59
106,151,120,59
87,150,120,59
94,134,122,69
100,118,124,78
107,102,127,87
114,86,129,96
121,71,132,106
133,64,134,102
144,58,136,98
156,51,138,93
167,45,140,89
179,38,142,85
191,32,144,81
202,25,147,77
214,19,149,73
236,22,142,81
259,25,135,90
282,29,129,98
304,32,122,106
327,35,116,115
349,38,109,123
372,41,102,132
366,45,108,128
361,49,114,125
355,52,120,122
349,56,126,119
344,60,132,116
338,63,138,112
333,67,144,109
325,75,139,109
318,83,135,109
311,91,130,109
304,100,126,109
297,108,121,109
290,116,117,109
283,124,113,109
271,116,113,111
260,108,113,113
249,100,113,114
237,92,113,116
226,85,113,118
215,77,113,120
204,69,113,121
191,74,126,116
178,79,140,111
165,84,154,106
152,89,168,101
139,95,181,95
126,100,195,90
139,93,181,97
151,86,167,104
164,79,153,110
176,72,139,117
189,65,125,123
201,59,111,130
214,52,97,137
209,51,104,129
204,51,111,121
199,50,119,113
194,50,126,105
189,49,133,97
184,49,140,90
179,48,147,82
163,56,143,79
147,64,140,76
130,72,136,74
114,80,132,71
97,88,129,68
81,95,125,65
64,103,121,63
59,104,113,71
53,105,106,80
47,106,98,89
42,107,90,97
36,108,82,106
30,109,74,114
25,110,66,123
41,127,73,117
57,144,79,110
73,160,86,104
90,177,93,97
106,194,99,91
122,210,106,85
138,227,113,78
132,225,109,78
127,223,106,78
121,221,102,78
115,219,99,78
110,217,95,78
104,215,92,78
121,213,96,78
139,211,100,78
156,208,104,78
174,206,108,78
191,204,112,78
208,202,116,78
226,200,120,78
224,197,114,81
222,195,108,85
220,193,102,88
218,190,96,91
216,188,90,94
214,186,84,98
213,183,78,101
211,181,72,104
209,179,66,107
198,188,78,100
187,197,90,93
176,206,101,86
165,214,113,79
154,223,125,72
143,232,137,64
151,234,133,64
158,235,129,64
165,236,125,64
172,238,121,64
179,239,117,64
186,241,113,64
182,231,110,70
179,221,108,75
175,210,106,80
171,200,103,85
167,190,101,90
163,180,98,95
159,170,96,101
155,160,94,106
182,164,96,100
208,167,98,95
235,171,100,90
262,175,103,84
288,178,105,79
315,182,107,73
341,186,109,68
342,183,109,68
343,181,109,68
344,179,109,68
345,176,109,68
346,174,109,68
337,166,103,77
327,159,98,87
318,151,92,96
308,144,86,106
299,136,81,115
290,129,75,125
288,124,75,122
286,118,75,120
284,113,75,118
283,107,75,115
281,102,75,113
279,96,75,111
289,95,72,108
299,95,70,105
309,94,67,102
319,93,64,99
329,92,62,97
339,91,59,94
345,90,59,94
350,89,59,94
356,88,59,94
361,87,59,94
367,86,59,94
375,84,59,94
383,83,59,94
391,81,59,94
399,79,59,94
407,77,59,94
416,76,59,94
424,74,59,94
427,72,59,94
431,69,59,94
435,67,59,94
439,65,59,94
442,63,59,94
446,60,59,94
449,61,59,94
452,61,59,94
456,61,59,94
459,62,59,94
462,62,59,94
465,63,59,94
468,63,59,94
471,63,59,94
475,64,59,94
478,64,59,94
481,65,59,94
484,65,59,94
487,65,59,94
492,64,59,94
496,63,59,94
501,62,59,94
506,61,59,94
510,60,59,94
515,59,59,94
512,63,59,96
509,67,59,99
507,71,59,102
504,75,59,105
501,79,59,107
496,73,59,107
491,68,59,107
486,62,59,107
480,56,59,107
475,50,59,107
470,45,59,107
