268,153,88,76
268,153,88,76
268,153,88,76
268,153,88,77
268,153,88,77
268,153,88,78
268,153,87,78
268,153,87,78
268,153,87,79
268,153,87,79
268,153,87,80
269,153,87,80
269,153,87,81
269,153,87,81
269,153,87,81
269,153,87,82
269,153,87,82
269,153,87,83
269,153,87,83
269,153,86,83
270,153,86,84
271,153,86,85
272,153,85,85
273,154,85,86
274,154,84,86
275,154,84,87
276,155,83,88
277,155,83,88
278,155,82,89
278,156,82,90
279,157,85,86
280,159,88,83
286,162,83,85
286,162,83,86
286,162,88,86
286,162,88,88
286,165,88,86
289,166,84,86
292,168,80,86
294,168,80,86
294,168,81,86
295,168,81,85
295,169,81,85
296,169,81,84
296,169,82,84
297,170,82,83
299,170,80,83
302,170,79,82
302,170,80,83
302,170,82,84
302,170,83,85
305,170,83,85
305,170,85,85
305,170,86,85
303,170,86,86
302,170,86,86
302,168,86,88
299,170,86,86
295,168,86,86
291,173,80,83
282,174,80,82
274,174,83,86
271,173,83,85
266,174,86,83
259,173,84,83
252,173,82,83
249,163,85,91
250,161,83,93
251,159,82,96
251,159,80,93
249,159,82,92
248,160,83,92
246,160,85,91
247,161,84,91
248,162,83,90
249,163,82,90
249,165,82,87
249,167,83,85
249,170,83,83
252,168,83,86
252,168,83,85
248,171,90,82
249,171,89,82
251,171,88,82
252,171,87,81
254,171,86,81
255,171,85,81
257,171,85,81
258,171,84,81
260,171,83,81
262,171,82,80
263,171,81,80
265,171,81,80
266,171,80,80
286,173,76,85
286,173,76,85
287,173,76,85
287,173,76,85
287,173,76,85
288,173,76,85
288,173,76,84
288,173,76,84
289,173,76,84
289,173,76,84
289,173,76,84
290,173,76,84
290,174,76,84
290,174,76,84
291,174,76,84
291,174,76,84
291,174,76,84
291,174,76,84
292,174,76,83
292,174,76,83
292,174,76,83
292,174,76,83
293,174,76,83
293,173,76,83
293,173,76,83
293,173,76,83
293,173,76,83
293,173,76,83
293,172,76,83
293,172,76,83
293,172,76,83
294,172,76,83
294,171,76,83
294,171,76,83
294,171,76,83
294,172,77,83
294,172,77,83
294,173,78,82
294,174,79,82
294,174,80,82
303,177,80,82
305,177,80,82
314,182,77,80
319,183,77,80
320,183,86,83
317,182,105,83
359,180,80,88
376,180,77,82
391,176,79,79
411,166,79,79
447,140,82,91
457,125,93,91
471,108,91,94
487,91,91,94
495,72,91,94
508,35,90,96
518,21,80,91
522,11,73,90
522,1,74,82
522,1,68,71
522,1,69,51
522,1,66,40
522,1,68,37
522,1,68,38
522,1,68,39
522,1,68,39
522,1,68,40
522,1,68,41
522,1,68,42
522,1,68,42
522,1,68,43
522,1,66,46
522,1,65,49
525,1,65,49
527,1,65,49
527,1,65,51
527,1,65,52
527,1,65,54
527,1,65,62
527,1,66,73
527,1,66,85
524,11,71,85
522,20,74,94
513,32,82,99
513,48,77,99
491,83,85,97
478,103,90,99
461,120,94,97
450,140,91,93
431,154,83,90
394,177,83,80
376,179,82,80
359,180,86,85
356,180,77,93
334,182,83,88
314,185,88,88
303,185,91,90
302,186,88,90
294,190,90,77
289,190,90,77
294,188,90,79
295,185,90,79
305,179,90,86
312,179,93,96
328,182,86,91
368,185,77,83
393,182,74,83
411,180,74,79
427,168,76,85
442,156,76,85
464,132,71,93
464,123,71,90
468,115,71,90
471,106,71,90
471,102,66,91
465,94,66,91
463,95,66,91
461,97,66,91
457,105,66,91
444,115,66,91
417,137,79,91
403,149,79,96
388,165,82,88
370,174,83,88
351,183,83,79
317,194,77,71
292,196,73,74
266,196,76,65
245,188,79,63
224,162,79,86
194,142,99,96
194,142,90,93
183,142,97,93
183,142,97,88
187,140,97,88
212,153,85,96
232,162,83,96
248,160,83,96
283,191,73,80
309,194,73,80
351,188,73,80
370,180,71,85
387,177,65,83
399,170,60,83
403,146,59,94
417,151,48,85
417,149,48,83
417,148,48,82
416,148,45,82
415,155,43,81
414,162,42,80
408,168,43,73
408,168,45,80
400,173,46,82
393,179,52,79
377,185,59,77
370,182,60,76
366,182,60,76
354,177,68,76
348,173,69,76
334,165,74,71
329,160,71,71
329,160,60,69
329,160,52,69
328,156,40,74
314,156,45,65
308,156,45,65
297,156,52,65
294,156,52,65
292,156,52,65
292,156,52,65
291,153,52,65
285,153,62,69
282,147,62,69
280,142,62,69
311,148,56,82
311,148,59,86
308,156,71,88
306,162,74,80
310,165,71,79
314,168,68,79
322,168,63,79
323,168,63,80
326,171,66,77
326,170,69,78
326,170,73,79
334,174,68,74
348,174,52,77
360,182,46,71
356,177,49,80
349,176,71,74
351,176,69,73
353,176,66,73
356,176,57,77
356,176,56,76
356,176,54,74
352,175,58,76
348,174,62,77
348,174,69,79
340,173,76,80
356,179,43,71
356,179,48,74
345,179,62,74
345,179,62,69
337,177,68,71
332,177,73,73
340,177,60,74
339,177,60,74
338,177,61,73
337,176,62,73
336,176,63,72
336,176,63,71
331,174,69,74
331,174,68,74
328,174,68,74
325,174,68,74
323,174,69,74
316,177,76,76
316,177,73,80
311,177,76,77
311,177,74,79
305,176,73,79
302,180,73,79
297,179,76,74
306,180,66,80
303,180,66,80
289,177,76,79
285,180,80,74
280,186,77,73
282,185,85,68
295,186,73,76
308,188,73,76
314,188,79,76
319,182,86,82
325,183,88,80
345,182,79,82
360,179,83,82
374,179,73,82
379,176,73,82
388,180,65,76
399,180,56,73
405,177,48,69
402,176,49,70
399,176,51,71
399,176,56,71
397,174,54,73
396,173,52,74
394,173,52,74
393,173,52,74
390,173,52,74
388,173,52,74
388,186,49,71
382,185,56,68
368,183,56,68
361,183,56,68
354,183,56,68
351,183,56,68
351,180,56,68
351,176,56,68
348,170,62,80
348,166,62,80
363,170,51,82
365,176,60,76
366,176,60,76
368,176,60,76
371,176,60,76
377,180,57,77
377,180,57,77
378,182,57,77
379,183,57,77
379,183,52,73
379,183,57,79
379,183,56,79
379,185,56,79
382,186,48,79
379,186,52,79
376,186,56,79
374,186,56,79
373,185,56,79
368,185,59,77
363,185,63,77
354,183,63,77
348,180,66,80
340,179,73,82
331,177,80,85
323,174,83,86
309,162,90,90
305,157,90,91
297,148,90,94
295,137,93,102
289,131,97,94
282,112,94,97
278,105,93,99
272,102,99,102
269,91,99,103
269,86,97,103
266,80,103,103
267,81,103,103
268,82,102,103
268,86,103,97
275,97,99,97
291,115,91,97
294,125,96,100
305,139,94,99
312,151,94,96
322,162,94,96
336,182,94,93
351,186,88,86
348,185,90,99
359,185,83,93
362,185,79,90
363,185,73,83
357,177,62,79
351,176,62,74
349,171,62,73
345,170,59,69
339,170,56,59
337,166,51,59
337,166,48,56
334,163,48,56
334,163,48,54
334,163,49,56
334,163,49,57
339,163,46,62
343,170,48,63
348,173,48,63
359,177,51,73
360,179,57,79
370,186,56,74
370,186,62,77
376,186,62,77
385,191,62,77
387,191,62,77
390,188,66,77
391,190,66,77
393,188,66,77
397,185,66,77
400,183,66,77
402,182,65,77
402,182,65,73
404,178,65,73
407,174,65,73
407,172,65,73
407,170,65,73
406,170,66,70
405,171,67,67
403,171,68,65
408,171,60,65
414,173,54,66
410,173,49,68
405,165,62,80
399,165,77,80
399,162,77,83
399,161,77,83
398,161,77,83
398,160,77,83
398,159,77,83
397,159,77,83
397,159,77,83
397,160,77,83
397,160,77,83
399,160,73,83
399,160,60,83
400,177,66,69
391,183,82,62
385,182,82,74
379,185,82,74
373,191,73,74
366,191,76,77
362,191,76,77
354,188,76,77
354,188,73,77
339,179,73,77
336,174,79,77
332,168,79,76
329,160,79,76
326,156,79,76
319,146,82,79
319,146,83,78
320,145,85,77
319,145,86,80
320,145,86,80
316,148,93,77
317,154,91,79
317,155,91,79
317,156,91,79
317,162,91,85
319,170,86,83
322,176,85,80
319,180,85,80
325,183,80,80
328,188,80,80
334,193,80,80
335,193,82,82
336,194,83,83
343,196,80,82
348,196,77,80
353,194,79,80
353,194,80,80
354,194,82,80
356,190,83,83
357,191,83,83
357,190,85,85
360,190,85,85
360,185,85,85
360,185,83,85
360,185,81,86
360,185,79,86
354,185,79,86
354,185,77,86
349,185,76,86
343,185,73,85
340,186,65,82
336,183,65,83
329,186,65,83
323,185,65,83
317,185,69,82
312,185,69,82
306,185,74,77
305,182,76,85
304,181,76,85
304,181,77,85
304,181,78,85
303,180,79,85
303,177,86,86
305,177,83,90
305,180,83,85
311,180,82,83
320,183,77,83
319,185,80,80
325,186,80,80
328,188,80,80
345,188,76,80
346,185,77,86
353,182,77,86
353,182,80,90
359,182,76,90
358,182,77,90
356,182,78,90
355,182,79,90
354,182,80,90
353,182,81,90
352,182,82,90
351,182,83,90
350,182,85,90
349,182,86,90
347,182,87,90
346,182,88,90
346,182,83,88
346,182,83,86
346,177,77,88
346,175,77,88
345,173,77,88
345,173,73,85
342,172,75,83
339,171,77,82
338,171,77,82
337,170,77,82
336,170,77,82
336,170,74,82
331,170,74,82
328,171,74,82
320,177,74,77
314,177,76,79
311,179,76,79
305,182,76,79
294,182,76,79
280,176,79,80
275,174,79,80
265,174,83,79
260,166,83,79
257,166,83,79
257,162,83,79
249,159,83,79
252,159,83,79
252,159,83,79
252,159,83,79
251,158,83,79
251,158,83,79
251,158,83,79
251,158,83,79
250,158,83,79
250,158,83,79
250,158,83,79
250,158,83,79
249,158,83,79
249,158,83,79
249,158,83,79
248,157,83,79
248,157,83,79
248,157,83,79
248,157,83,79
248,156,83,79
248,156,83,79
248,155,83,79
248,154,83,79
252,154,81,79
256,154,78,79
260,154,76,78
264,154,74,78
268,154,71,78
272,154,69,78
276,154,66,78
276,153,68,78
276,153,69,78
276,152,70,78
275,151,72,78
274,152,73,77
272,152,74,77
271,153,76,77
268,153,77,77
266,153,78,77
265,153,80,77
265,153,81,77
266,156,82,77
275,156,71,77
274,154,73,76
272,153,75,76
271,151,76,76
275,153,73,76
276,157,71,73
277,161,68,70
273,151,76,77
276,149,69,79
277,156,73,80
272,152,74,82
271,146,75,86
275,146,70,86
272,146,74,82
275,148,69,82
274,158,68,74
273,157,71,74
271,159,69,73
279,158,56,76
280,163,59,66
283,161,56,70
286,159,51,73
286,159,53,78
283,162,54,74
282,162,57,77
283,164,56,73
283,163,53,74
280,165,56,76
279,165,56,76
277,166,57,76
275,166,59,72
274,166,60,72
274,165,60,72
272,165,61,71
273,166,61,71
281,166,53,71
281,166,53,72
280,165,54,72
280,165,55,72
280,165,56,73
279,165,57,73
279,164,58,73
279,164,58,74
277,164,61,72
275,164,63,71
273,163,66,70
276,163,62,71
276,163,63,71
276,162,64,72
276,162,66,72
274,160,66,71
274,160,64,72
274,160,65,72
273,160,65,74
272,159,65,76
273,161,68,74
274,162,70,71
273,162,71,71
271,162,72,72
270,162,73,72
269,162,74,72
269,163,73,71
269,164,72,70
269,165,73,71
272,161,74,72
275,165,74,71
281,163,69,72
238,147,76,82
236,152,71,90
236,152,75,82
236,150,71,89
229,150,78,85
224,153,79,93
213,156,83,93
203,156,99,96
197,160,97,86
189,162,99,88
186,163,99,86
170,160,94,90
163,160,93,94
157,165,91,82
150,163,90,86
146,171,88,76
144,161,87,86
146,164,86,84
145,161,87,87
147,158,86,91
150,165,82,77
154,165,82,84
153,168,86,79
156,166,83,83
157,165,86,88
157,165,86,88
157,165,86,88
160,166,86,88
163,166,86,88
163,166,86,88
163,166,86,88
164,166,86,88
164,166,86,88
164,166,86,88
164,166,86,88
165,165,86,88
165,165,86,88
165,165,86,88
166,165,86,88
166,165,86,88
168,166,84,86
170,168,82,85
175,168,63,82
180,168,49,79
183,171,49,83
192,165,39,83
183,163,52,85
183,170,59,80
175,170,68,82
170,173,76,82
170,173,78,83
169,173,80,85
170,172,80,85
172,172,80,85
174,172,80,85
175,171,80,85
177,171,80,85
178,174,82,82
180,170,85,86
187,166,79,85
194,166,80,83
206,165,80,80
211,160,79,88
215,163,79,79
220,160,79,79
224,160,79,79
229,153,79,79
232,151,79,79
238,153,79,79
241,149,79,79
246,149,79,79
246,149,78,79
245,148,77,79
245,148,76,79
244,149,76,79
244,150,76,79
243,151,76,79
243,152,76,79
242,153,76,79
242,155,76,79
241,156,76,79
242,155,76,79
242,154,76,79
242,154,76,79
243,153,76,79
243,153,76,79
243,153,76,79
243,153,76,79
243,153,76,79
243,153,76,79
243,153,76,79
243,153,76,79
243,153,76,79
243,153,76,79
243,153,76,79
243,153,76,79
243,154,76,79
243,154,76,79
243,154,76,79
243,154,76,79
243,154,76,79
243,154,76,79
244,154,76,79
245,154,76,79
245,154,76,79
246,154,76,79
247,154,76,79
248,154,76,79
249,154,76,79
250,154,76,79
250,154,76,79
251,154,76,79
252,154,76,79
253,154,76,79
254,154,76,79
254,154,76,79
255,154,76,79
256,154,76,79
257,154,76,79
257,154,76,79
257,155,76,79
257,155,76,79
257,156,76,79
269,154,86,77
275,157,85,76
280,158,84,78
285,158,84,81
289,159,83,83
291,157,90,83
299,154,88,96
308,157,80,93
308,168,88,85
320,171,86,85
336,171,77,79
346,174,73,82
353,174,68,82
363,176,57,80
379,177,46,82
385,179,43,77
394,180,34,77
399,183,34,77
407,186,31,77
407,182,39,79
403,179,49,80
399,179,60,88
396,179,66,85
393,179,73,82
383,173,83,88
383,174,83,88
383,174,83,90
380,174,83,91
376,176,81,87
373,177,79,83
368,173,80,86
368,173,73,85
368,173,71,80
354,168,82,86
348,166,76,86
348,166,73,86
345,170,69,86
339,173,66,80
332,173,71,83
325,173,74,83
320,171,74,83
320,171,74,82
319,173,74,82
319,168,74,82
320,168,69,83
317,168,69,83
319,165,69,83
319,163,69,83
323,163,69,83
326,163,69,83
331,166,68,77
334,168,68,77
340,170,62,79
342,171,62,76
346,171,62,73
346,174,62,73
348,174,59,73
349,174,56,73
351,174,56,73
354,174,56,73
354,176,52,69
356,176,52,69
360,176,52,69
360,177,51,69
362,176,51,69
363,176,51,69
365,176,51,69
366,176,51,69
371,176,51,69
376,176,51,69
376,176,52,70
376,176,54,71
379,176,54,71
382,177,54,71
385,177,56,66
387,174,56,66
388,174,56,66
390,174,56,66
391,175,53,66
393,176,51,66
396,176,51,66
397,174,51,66
399,173,51,66
399,175,51,64
399,177,51,62
399,177,51,63
399,177,52,65
399,177,52,66
399,177,56,69
399,177,59,71
399,177,58,69
399,177,57,68
399,177,59,66
398,176,59,66
398,175,59,66
397,174,59,66
395,173,59,66
393,171,59,66
388,170,59,66
379,166,59,66
370,168,63,63
368,166,63,63
360,160,65,69
354,156,68,77
353,156,68,82
351,156,68,82
351,154,68,82
351,157,68,82
356,157,68,82
362,165,68,82
370,165,62,85
374,166,63,83
380,168,60,85
382,176,63,77
388,183,62,73
390,184,61,73
391,185,61,73
393,186,60,73
389,188,59,73
385,190,59,74
385,190,55,73
385,190,51,71
385,190,51,71
385,191,51,71
386,192,52,72
387,193,52,73
388,193,57,79
393,193,56,79
394,191,60,79
397,183,59,79
400,166,59,79
400,165,59,79
403,154,57,88
410,153,56,86
410,151,56,86
411,143,56,86
411,143,57,91
414,148,59,91
414,156,59,88
420,162,54,85
417,165,54,83
413,165,59,83
410,165,59,83
408,168,59,83
406,167,59,83
403,166,59,83
400,165,62,85
391,163,69,85
387,162,69,90
374,162,73,82
354,163,85,76
337,159,97,79
325,154,102,79
314,137,103,93
306,134,103,100
306,134,103,102
306,134,103,107
311,139,103,107
340,157,90,97
360,163,97,97
380,174,83,90
394,177,83,90
407,179,85,85
414,182,79,82
420,183,85,82
434,180,77,86
437,180,75,86
439,180,73,85
439,179,71,85
439,177,69,85
434,180,65,82
431,180,65,82
424,185,69,79
424,186,66,76
416,191,71,73
411,196,71,73
411,194,66,66
402,196,73,71
399,193,74,74
396,190,76,77
390,179,79,83
385,176,79,83
382,174,80,82
382,173,80,77
377,170,80,77
376,166,80,77
373,164,81,77
370,162,82,77
374,165,79,76
371,165,79,76
371,165,78,75
370,166,78,75
370,166,77,74
371,170,74,73
376,170,71,77
379,171,68,77
377,174,68,71
382,177,63,69
384,178,62,70
387,178,60,70
390,179,59,71
392,180,58,70
394,181,57,69
396,182,56,68
398,183,56,68
400,183,56,68
400,183,56,68
400,183,56,68
400,183,57,68
400,183,57,68
402,183,57,68
403,183,57,68
404,183,57,68
405,183,57,68
403,183,57,68
402,185,57,68
402,185,59,68
397,183,62,74
397,183,62,73
397,183,62,73
390,185,65,73
390,183,65,73
387,186,65,73
384,185,65,73
382,183,65,73
366,183,73,77
365,183,73,79
363,183,73,80
359,186,69,74
354,186,71,74
342,190,74,73
337,190,74,73
334,190,69,77
329,188,62,77
325,188,63,74
319,188,54,71
317,190,52,68
316,199,39,62
317,193,56,68
316,203,43,54
300,207,39,51
295,205,42,54
294,200,37,49
292,199,42,56
291,194,42,56
286,188,49,57
286,190,49,52
286,190,48,52
286,190,48,56
286,190,47,58
286,190,46,60
289,193,46,60
289,196,43,59
289,196,48,57
292,197,48,57
295,199,48,57
297,202,48,54
297,202,54,52
297,202,46,54
302,211,56,45
302,211,49,43
303,205,39,49
323,205,29,54
317,205,39,60
317,205,41,64
317,205,43,68
316,205,43,74
312,207,48,71
312,207,48,69
311,202,48,69
305,197,49,66
302,196,54,68
302,188,56,74
305,183,52,76
306,185,51,60
306,185,57,60
311,186,52,54
319,183,51,60
322,191,51,62
325,197,51,62
331,205,51,62
329,208,54,63
326,210,60,66
323,209,60,66
320,209,60,66
317,208,60,66
312,213,60,57
309,211,61,61
306,210,62,65
305,214,62,63
297,208,62,63
297,208,62,63
297,210,62,63
297,210,62,63
297,211,62,63
300,219,62,63
316,219,46,68
317,220,54,63
319,222,59,63
316,222,65,66
337,216,65,66
343,214,65,66
345,210,73,66
356,205,73,66
366,202,73,74
385,186,74,80
390,177,74,86
390,171,86,86
394,163,85,93
399,154,85,97
403,151,85,97
408,145,85,97
408,147,85,97
408,149,85,97
406,153,83,94
403,157,82,91
397,163,85,86
396,166,85,86
387,173,90,86
385,177,85,86
373,185,82,80
356,183,85,82
362,185,71,82
348,188,74,79
334,188,76,79
319,191,65,62
309,194,63,59
294,194,66,54
266,174,56,54
266,176,51,54
248,190,54,73
243,188,62,80
226,190,62,82
218,183,60,91
206,186,69,90
203,188,66,88
183,191,82,93
177,191,82,93
172,193,82,93
172,193,80,91
169,190,80,91
169,193,77,91
173,193,73,90
177,193,68,90
184,193,60,88
189,193,60,88
201,196,51,83
201,196,49,80
206,202,48,71
215,202,42,71
215,202,43,76
221,202,32,74
221,206,33,70
221,210,34,66
226,210,31,66
226,210,31,66
226,210,32,66
226,210,32,66
226,210,35,66
229,210,39,66
237,211,35,62
248,210,31,59
257,208,28,60
258,208,28,60
263,208,32,62
268,208,32,62
272,208,39,67
277,208,45,73
275,211,45,73
275,211,43,72
275,211,42,70
275,211,40,69
269,214,48,66
266,219,48,66
248,213,37,60
235,217,26,54
218,217,28,63
211,216,28,63
200,214,29,68
195,214,29,68
183,214,29,68
157,211,29,63
143,210,40,57
138,207,35,56
132,207,35,56
124,207,40,54
112,203,40,54
115,204,38,54
118,205,35,53
121,205,33,53
124,206,30,53
127,207,28,52
140,207,28,52
146,211,28,52
152,208,28,52
158,207,28,52
163,219,28,52
169,217,28,52
177,216,28,52
181,216,28,52
184,216,28,52
184,216,29,60
185,216,29,60
185,217,29,60
186,217,29,60
180,216,40,60
180,217,40,60
180,219,40,60
178,219,40,60
172,222,48,59
167,222,48,59
163,222,39,60
160,222,39,60
155,222,39,60
149,222,43,60
149,219,43,60
140,224,46,52
127,214,34,54
129,213,34,54
106,219,23,52
99,225,29,54
81,224,34,60
78,220,37,60
72,219,42,60
67,222,46,56
62,222,48,56
58,217,49,57
59,217,50,56
59,216,51,56
59,216,54,52
62,216,54,52
75,216,48,51
76,216,48,49
82,214,48,49
89,214,45,46
95,211,45,46
104,214,45,42
109,211,43,42
116,210,39,42
118,207,39,42
124,207,39,42
133,207,35,42
140,203,35,42
147,197,35,42
149,188,37,40
153,183,37,40
157,179,37,40
160,177,37,40
164,171,37,40
166,168,37,40
170,170,37,40
175,174,37,40
178,179,37,40
180,186,37,40
189,190,37,40
221,203,43,54
226,207,43,54
226,207,45,49
231,210,42,49
235,208,37,48
237,208,37,48
238,211,37,48
245,213,31,48
246,217,31,48
246,217,32,52
248,216,32,52
240,222,32,52
240,222,35,56
239,221,37,55
238,221,39,54
237,220,40,52
234,222,40,52
228,225,45,49
228,225,45,49
224,222,45,49
221,220,45,49
217,222,39,46
214,222,42,52
212,222,37,49
212,222,37,46
212,217,32,46
209,216,29,48
212,216,26,48
212,216,32,49
212,216,32,51
212,216,32,52
213,216,32,52
214,216,32,52
214,216,32,56
214,216,33,56
214,216,34,56
214,216,37,57
214,217,34,52
213,217,32,52
212,217,31,52
207,214,32,57
204,217,32,49
201,217,35,49
201,219,35,49
201,219,35,48
200,217,35,48
201,216,35,48
203,214,35,48
203,214,37,49
203,214,39,49
206,217,42,49
207,220,42,49
220,222,42,49
220,227,46,43
224,226,46,43
228,225,46,43
235,224,46,43
248,225,42,40
249,222,45,40
255,219,43,45
258,210,42,51
263,207,42,51
268,199,42,52
269,196,42,52
270,196,42,52
271,196,42,52
271,196,45,57
271,207,45,54
271,210,43,54
271,216,43,46
266,216,43,46
263,224,43,46
260,225,43,46
254,224,43,46
251,222,45,48
248,220,46,49
248,220,45,48
248,220,45,42
246,219,45,42
248,217,45,42
240,208,42,35
237,210,42,35
268,216,42,37
268,216,43,46
275,216,43,46
275,216,46,48
277,214,56,49
294,213,56,51
299,211,52,52
303,207,52,52
308,207,52,52
311,203,52,52
316,197,52,52
317,197,52,52
320,197,52,52
325,197,48,46
325,197,49,47
325,197,49,48
325,197,56,52
326,199,56,52
326,200,57,52
326,203,57,52
329,203,57,56
332,205,59,59
334,205,59,60
335,205,59,61
336,205,59,62
343,205,59,62
346,203,59,62
348,204,59,62
349,205,60,62
357,200,57,66
362,202,57,66
366,207,57,62
368,207,58,60
370,207,59,59
374,203,54,59
379,202,56,59
380,202,56,59
383,202,54,60
387,202,51,59
387,202,48,59
391,199,37,59
391,199,35,57
391,199,34,56
391,193,32,62
388,193,32,62
383,186,29,62
382,186,26,56
376,185,32,57
371,180,35,60
371,176,35,60
370,172,35,62
369,168,35,64
368,165,35,66
366,164,41,65
365,163,46,63
354,154,69,76
359,159,68,71
362,165,69,65
370,168,63,60
376,168,57,63
388,174,37,66
394,180,31,65
397,185,31,68
394,185,34,66
394,185,43,68
399,190,43,68
400,190,43,68
400,196,43,63
403,196,43,63
408,200,37,63
410,203,37,63
410,211,35,62
410,211,34,62
410,211,32,62
410,213,32,65
408,217,28,63
405,220,26,63
404,219,26,63
403,218,26,63
402,217,26,63
400,216,26,63
402,216,29,66
405,216,29,66
408,216,29,66
408,216,35,65
411,214,45,68
420,210,40,73
425,205,43,77
427,207,48,74
444,205,40,68
457,194,40,68
465,188,40,68
468,188,40,68
470,182,40,68
471,177,42,71
478,170,42,73
478,170,37,69
478,170,42,76
478,170,37,76
478,171,35,76
476,174,32,77
468,186,32,73
465,186,35,82
464,188,35,82
462,190,35,82
461,197,35,82
461,197,34,82
461,197,29,86
461,202,31,83
459,201,31,83
457,201,31,83
456,200,31,83
453,201,32,83
451,202,33,82
448,203,34,82
441,199,34,82
439,200,34,82
437,199,34,82
434,197,34,82
434,203,34,82
427,203,34,82
425,196,34,82
413,200,34,82
413,200,35,77
405,197,37,76
403,188,37,76
394,188,37,76
390,185,37,76
387,180,37,76
382,180,37,76
379,177,37,76
373,176,39,71
370,177,40,69
366,179,43,74
365,179,43,73
360,186,39,74
360,196,39,74
360,200,39,74
360,200,35,71
359,200,35,71
359,200,35,71
360,207,29,73
359,213,31,73
359,213,31,73
359,214,31,73
360,222,31,65
360,217,28,68
361,216,28,68
361,216,28,68
361,215,28,68
361,214,28,68
362,213,28,68
362,213,29,67
362,213,31,66
365,213,29,64
368,214,26,62
368,214,28,61
368,214,29,60
368,214,31,59
368,214,32,59
366,211,32,59
376,205,28,57
376,204,28,57
376,204,28,57
376,203,29,57
376,203,29,57
376,202,29,57
376,202,29,57
376,201,29,57
377,200,29,57
377,199,29,57
380,196,29,57
380,194,29,57
382,190,29,57
383,185,29,57
394,183,29,57
399,177,35,59
397,171,37,59
397,170,46,56
396,166,54,59
394,166,56,59
394,166,57,59
394,166,60,62
393,168,60,62
394,171,59,60
399,171,52,60
402,176,40,59
403,179,40,59
405,183,35,57
407,188,31,59
407,188,28,59
407,188,28,58
