210,277,54,83
204,279,49,82
195,279,50,82
185,280,50,82
176,279,51,81
164,280,51,81
155,281,51,81
146,281,52,81
137,282,52,81
127,283,53,81
118,283,53,80
109,284,54,80
102,285,54,80
96,286,53,80
89,287,53,80
82,288,52,80
75,289,52,80
68,290,51,80
61,291,51,80
62,292,49,81
63,293,48,82
63,294,46,83
64,296,45,85
64,297,43,86
65,298,42,87
66,299,40,88
66,300,39,89
67,302,37,90
70,302,38,90
73,302,39,91
76,303,40,91
79,303,41,91
82,304,42,92
85,304,43,92
88,305,44,92
95,305,44,92
102,306,44,92
108,306,43,91
115,307,43,91
122,307,43,90
129,308,43,90
136,308,43,89
143,309,43,89
151,308,45,89
159,308,47,89
166,307,48,89
174,307,50,89
181,306,52,89
189,306,53,89
197,305,55,89
204,305,57,89
209,303,55,89
214,302,53,90
219,301,52,91
224,300,50,91
229,299,49,92
234,298,47,92
238,297,45,93
243,296,44,93
244,295,44,93
246,294,44,92
247,294,44,91
248,293,44,90
249,292,44,90
250,291,44,89
252,291,44,88
253,290,44,88
254,289,44,87
255,288,44,86
254,287,43,86
253,287,42,85
253,286,41,85
252,285,41,84
251,284,40,84
250,284,39,83
249,283,38,83
248,282,38,82
248,281,38,82
248,281,38,83
247,280,38,83
247,279,38,83
247,278,38,84
247,278,38,84
247,277,38,84
247,276,38,85
248,275,38,84
249,275,38,84
249,274,38,84
250,273,37,84
251,272,37,84
252,271,37,83
253,271,37,83
254,270,37,83
255,269,37,83
256,268,37,83
257,268,37,82
256,267,36,81
255,266,35,80
253,266,34,79
252,265,33,78
248,264,34,78
243,264,35,77
239,263,36,77
235,262,37,77
230,262,38,76
226,261,39,76
221,260,40,75
216,260,41,75
210,261,42,75
206,260,42,75
202,259,42,76
197,259,42,77
193,258,42,77
189,257,41,78
185,257,41,79
181,256,41,79
176,255,41,80
170,255,41,79
165,255,41,78
159,254,41,78
153,254,41,77
147,254,41,76
141,253,41,76
135,253,41,75
130,252,42,74
125,252,42,74
118,252,43,73
111,252,43,72
103,252,44,72
96,252,44,71
89,252,45,70
82,252,45,70
76,252,45,70
70,252,45,70
64,252,45,70
58,251,45,70
53,251,45,70
48,251,45,70
43,251,45,70
38,251,45,70
34,249,45,70
29,249,45,70
25,248,45,70
19,248,45,70
15,249,45,70
29,247,45,70
37,247,45,70
50,247,45,70
67,246,45,70
84,246,45,70
103,244,45,70
121,245,45,70
139,246,45,70
158,245,45,70
179,251,45,70
178,252,45,70
178,252,45,70
177,252,45,70
177,252,45,70
177,252,45,70
176,253,45,70
176,253,45,70
176,253,45,70
175,253,45,70
175,253,44,71
174,252,43,71
173,252,43,71
173,251,42,71
172,251,41,72
172,250,41,72
171,250,40,72
170,250,39,72
170,250,39,73
169,250,38,73
168,250,38,73
168,250,37,73
167,250,36,74
166,250,36,74
166,250,35,74
166,250,35,74
165,250,35,74
165,250,35,74
165,250,35,74
165,250,35,74
165,250,35,74
165,250,35,74
165,250,35,74
165,250,35,74
164,250,35,74
164,250,35,74
164,250,35,74
164,250,35,74
164,250,35,74
164,250,35,74
163,250,35,74
163,251,36,74
163,251,36,74
162,251,36,74
162,251,36,74
161,251,36,74
161,251,37,74
161,251,37,74
160,251,37,73
160,252,37,73
159,252,37,74
159,252,36,74
160,248,36,75
159,249,35,75
159,250,35,76
158,250,33,76
156,251,33,76
153,251,32,77
149,251,32,77
145,252,32,78
146,252,32,78
146,252,32,78
146,252,31,78
147,252,31,78
147,252,30,78
147,251,33,78
147,251,36,79
148,251,34,78
148,252,32,78
148,252,32,78
147,251,32,78
147,251,32,78
147,251,32,78
147,251,32,78
147,251,32,78
147,252,32,78
147,252,32,78
144,252,34,78
143,251,34,78
143,250,35,79
141,250,38,79
142,250,37,79
143,250,36,79
145,249,34,79
148,249,31,79
151,250,29,79
154,250,26,79
156,250,27,79
158,250,27,78
160,250,28,78
161,249,28,78
163,249,28,78
162,249,28,78
166,251,29,78
167,247,30,82
169,243,31,86
170,242,32,86
172,242,31,86
173,242,29,87
175,242,28,87
177,241,27,87
178,241,26,87
178,241,26,87
178,241,27,87
178,241,27,87
177,240,28,87
177,240,29,88
177,240,29,88
177,240,29,88
176,239,29,88
176,239,30,88
175,240,30,89
175,240,30,90
174,241,30,90
174,241,30,91
173,240,31,89
172,239,31,88
172,240,31,88
171,241,32,88
171,240,33,89
175,240,30,90
178,239,27,90
179,239,31,91
179,245,33,88
179,247,32,85
179,249,31,82
180,249,32,81
180,249,33,81
180,250,33,81
181,250,32,80
181,250,32,80
181,250,31,80
182,250,31,80
182,250,30,79
182,250,30,79
182,250,29,79
183,250,30,79
183,250,31,79
183,250,32,79
183,250,33,80
183,250,34,80
183,249,35,80
183,250,34,80
183,250,34,79
183,250,34,79
183,251,34,79
183,251,34,79
183,251,34,79
183,250,34,79
183,250,34,79
183,250,34,79
183,250,34,79
183,250,34,79
183,250,34,79
183,250,34,79
183,250,34,79
183,250,34,79
183,250,34,79
183,250,34,79
183,250,34,79
183,250,34,79
182,250,34,79
182,250,34,79
182,250,34,79
183,250,34,79
184,249,34,79
185,249,34,79
185,249,34,79
185,249,33,79
184,249,32,79
184,249,32,79
183,249,31,79
182,249,30,79
183,249,29,79
183,249,29,79
183,250,28,79
183,250,27,79
184,250,26,79
185,250,26,79
186,250,25,79
187,250,24,79
188,251,23,79
189,251,23,79
192,250,24,79
194,250,25,79
196,250,27,79
198,249,28,79
200,249,30,79
202,249,31,79
205,249,33,79
207,248,34,79
209,248,36,79
211,248,35,78
213,249,35,77
213,248,34,77
213,248,34,77
213,247,34,77
213,247,34,77
213,246,34,77
213,246,33,77
213,245,33,77
213,244,33,77
213,244,33,77
214,244,32,77
213,244,33,77
212,244,33,77
211,244,33,77
211,243,33,77
211,243,33,77
211,242,33,77
211,242,33,77
211,241,34,77
211,241,34,77
212,240,34,77
212,240,34,77
212,239,31,77
212,239,30,77
212,238,30,77
213,238,30,77
213,238,30,77
214,237,30,77
215,237,30,77
215,237,29,77
216,237,29,77
216,236,29,77
216,236,29,77
215,236,29,77
215,235,29,77
215,234,29,77
213,234,29,77
212,233,30,77
213,234,30,77
213,234,31,77
213,233,31,77
213,233,31,77
214,233,32,77
215,233,32,77
216,233,32,77
218,232,35,78
220,232,37,78
224,232,35,78
227,232,33,77
231,232,31,77
235,231,30,77
238,231,28,77
242,231,27,78
242,231,28,78
242,231,30,78
244,230,30,78
246,230,30,79
251,230,28,79
257,230,24,78
260,229,25,78
263,229,27,78
265,229,28,78
268,229,29,78
270,229,30,78
273,229,31,78
275,228,32,78
278,228,33,78
279,228,33,78
280,228,33,79
281,229,33,79
282,229,33,79
283,229,33,79
284,229,33,80
285,229,33,80
286,229,33,78
287,229,33,78
287,230,33,78
288,230,33,79
289,230,33,79
290,231,33,79
290,231,32,79
291,231,32,79
292,232,32,79
291,232,33,79
289,233,35,79
288,233,36,79
287,234,37,79
285,234,38,79
284,235,40,79
283,235,41,79
282,236,42,79
283,235,43,81
286,235,40,82
289,235,37,82
292,236,34,82
292,236,38,82
291,236,42,83
291,236,46,83
287,237,50,83
286,237,52,83
286,237,54,83
286,237,56,84
286,237,58,84
285,238,57,83
285,240,56,83
285,241,55,82
284,241,53,82
283,241,51,83
283,241,49,83
283,242,46,83
283,242,43,83
283,243,40,82
284,244,37,82
285,245,34,82
285,246,31,82
284,246,32,83
282,246,33,83
280,246,34,84
279,246,35,84
277,246,34,85
275,246,33,85
274,246,33,86
272,246,32,87
270,246,31,87
267,246,30,87
263,247,35,87
253,247,44,86
252,248,43,86
250,248,39,86
247,247,32,87
241,248,31,87
235,250,35,85
230,249,41,85
225,249,40,85
220,249,39,85
215,248,38,85
210,248,38,85
205,247,37,85
200,247,36,85
195,246,35,85
190,247,35,85
185,248,35,85
181,248,35,85
176,249,35,85
172,249,35,85
167,250,35,85
162,251,35,85
158,251,35,85
153,252,36,86
148,252,36,86
143,252,37,87
139,253,37,88
132,253,38,89
132,253,36,89
132,254,34,89
131,254,32,88
129,255,33,89
128,256,34,89
126,257,35,89
125,257,35,89
123,258,35,89
122,258,35,89
121,258,35,89
119,259,35,89
118,259,35,89
117,260,35,89
117,260,35,90
117,260,35,91
117,261,35,91
116,261,35,92
116,262,36,92
116,262,36,93
115,262,36,93
115,263,36,93
114,264,36,93
114,264,36,93
113,265,36,93
113,265,36,94
113,266,36,94
112,267,36,94
113,267,35,94
113,267,35,94
113,268,34,94
114,268,33,95
114,269,33,95
115,269,34,95
116,269,35,96
116,270,36,96
117,270,37,96
118,270,38,96
116,271,39,97
118,271,38,97
119,272,36,97
121,272,35,97
122,273,34,98
124,273,32,98
125,274,34,99
126,274,35,99
127,274,36,100
127,275,38,101
128,275,39,101
128,276,41,101
129,276,43,100
129,277,45,100
129,277,47,99
133,278,45,99
135,279,44,100
137,279,43,100
138,280,41,101
139,281,40,101
139,281,38,101
139,282,37,101
139,283,36,101
139,284,34,101
136,284,35,101
133,284,36,102
131,284,38,103
128,284,39,103
129,285,33,103
124,285,35,107
111,285,45,108
109,285,43,105
107,285,42,103
101,284,39,103
94,281,42,105
91,282,43,105
88,283,43,105
85,284,44,106
83,285,44,106
81,286,43,104
78,287,42,103
76,288,42,101
77,287,38,103
77,287,34,105
75,287,34,106
74,287,35,105
73,288,35,105
71,289,36,104
70,289,36,103
69,290,37,103
67,290,38,104
66,290,38,106
64,290,38,107
62,290,38,108
62,290,37,109
61,290,35,109
61,290,34,110
60,290,32,110
60,290,32,110
60,291,32,109
60,291,32,109
61,291,32,108
61,291,32,108
61,291,33,108
59,291,38,108
53,291,46,108
52,292,47,108
51,292,46,108
50,292,45,108
49,292,44,109
48,292,42,109
45,293,42,109
43,293,41,109
43,294,40,109
43,294,39,110
44,295,38,110
45,295,38,110
46,296,37,110
48,297,35,111
49,298,34,112
51,299,38,113
53,299,36,113
55,300,35,112
57,301,34,112
59,302,33,111
61,303,32,110
63,303,35,110
65,304,38,109
67,305,41,109
66,306,40,108
68,306,40,109
70,306,41,109
72,306,41,110
71,306,41,111
71,305,41,113
71,305,41,115
70,304,40,116
70,306,40,116
70,307,40,115
71,307,40,117
72,307,40,118
73,308,40,118
73,308,40,119
73,308,40,119
73,308,40,119
71,310,41,120
69,311,41,120
67,313,42,121
66,315,43,121
64,316,43,122
66,320,42,124
65,322,42,123
67,323,42,123
69,324,42,124
70,326,42,124
69,326,42,125
68,327,43,125
66,328,44,126
66,329,43,126
65,329,43,126
67,330,43,127
68,331,43,127
70,332,43,128
69,332,43,128
68,333,44,129
66,333,43,129
65,334,43,129
63,335,43,130
61,337,43,130
60,337,44,130
62,337,49,128
65,338,51,132
69,338,47,131
71,339,49,130
71,340,51,131
84,340,43,130
88,342,42,131
90,342,54,130
92,343,55,128
96,344,53,129
110,343,42,129
122,342,35,129
123,342,44,130
123,342,52,131
122,343,56,128
131,342,50,128
148,341,37,128
150,340,46,128
152,340,56,128
156,339,57,128
159,338,54,127
164,336,56,127
166,335,57,127
169,334,64,126
171,334,64,126
173,333,63,126
175,333,62,125
177,332,63,125
179,331,65,125
179,331,69,124
177,330,73,123
175,330,78,122
170,329,82,122
172,329,83,121
175,327,81,120
177,327,78,119
179,327,76,119
178,327,75,118
177,326,73,117
176,326,71,117
173,325,72,116
172,325,73,116
171,326,74,115
172,325,73,115
173,324,72,114
173,322,71,114
174,321,74,113
173,320,73,113
173,320,72,113
168,319,70,113
164,318,73,113
161,317,76,113
157,316,77,112
158,316,75,113
158,315,75,112
159,314,75,112
160,313,75,112
160,312,74,111
161,311,69,111
164,311,64,111
161,312,62,110
160,311,60,110
162,310,51,109
161,309,50,109
164,308,48,109
166,307,46,109
167,306,48,108
168,305,47,107
167,304,47,108
167,303,47,108
166,302,47,109
165,302,47,109
165,301,48,109
164,300,48,110
163,299,48,110
163,298,48,110
162,297,48,111
161,296,48,111
162,295,48,111
162,294,48,111
162,293,47,111
161,293,43,109
161,294,38,108
161,292,37,108
162,290,36,109
162,288,34,109
163,286,33,110
163,284,32,111
164,283,31,111
166,283,30,111
167,283,30,110
169,283,29,110
171,284,28,109
171,284,30,109
171,284,31,108
170,284,32,108
170,285,34,108
170,285,35,107
170,285,36,107
172,285,37,106
174,284,39,106
176,284,40,105
173,284,39,104
174,284,37,103
178,283,35,104
183,282,32,105
185,281,33,103
187,280,33,101
185,279,37,103
189,279,41,102
194,279,45,100
196,278,44,100
201,277,40,100
209,276,34,100
213,276,33,99
217,275,33,99
221,274,32,99
224,273,31,99
228,272,31,98
231,273,34,98
234,273,45,98
235,272,43,97
237,272,41,97
241,273,40,96
246,271,35,96
255,271,29,96
257,271,30,95
259,271,31,95
261,271,31,95
263,271,31,94
266,271,31,94
268,271,31,93
270,271,30,92
272,270,36,93
273,269,43,95
276,267,43,96
278,266,44,97
282,265,42,97
286,264,40,97
290,263,38,97
288,265,40,96
286,264,41,96
284,262,42,97
283,260,43,98
283,259,44,98
283,258,45,99
283,256,46,100
282,255,47,101
282,254,48,101
282,252,49,102
281,255,52,98
277,256,54,97
274,256,56,96
269,257,59,94
266,257,61,93
265,258,63,92
264,258,65,91
265,261,64,88
266,261,59,88
268,261,55,88
269,260,48,88
267,260,40,88
265,260,32,87
263,259,32,87
261,259,32,87
259,258,33,86
257,257,36,87
259,258,40,87
261,257,38,87
263,255,45,87
267,255,49,87
267,254,54,87
266,254,57,87
266,253,57,87
263,253,57,87
261,252,59,87
259,252,59,87
258,252,59,87
256,251,59,87
255,251,57,87
254,250,55,87
253,249,54,86
252,249,52,86
251,248,50,86
251,248,48,86
250,247,46,85
242,247,51,86
238,246,53,88
234,245,54,87
235,245,51,89
235,244,48,88
236,243,45,87
236,243,42,87
236,243,40,88
233,242,41,88
230,242,42,87
227,241,43,87
226,241,43,87
224,240,43,87
222,240,42,87
223,239,42,87
224,238,42,88
225,238,42,88
226,237,41,89
227,236,41,89
228,236,41,90
229,235,41,90
230,234,41,91
232,234,40,90
234,233,40,90
236,233,40,89
238,232,40,89
240,232,39,88
242,231,39,88
247,237,38,82
250,236,39,83
253,235,39,83
256,235,39,84
260,234,39,85
265,233,37,85
271,232,37,85
275,230,35,87
277,230,37,87
279,231,38,86
280,232,43,84
287,235,42,81
295,234,37,81
297,234,26,81
296,234,28,81
286,234,39,81
283,234,43,80
285,235,48,80
286,235,46,80
293,235,40,80
293,235,36,80
292,236,33,80
285,236,37,80
278,236,40,80
275,237,38,80
275,237,35,80
276,237,32,80
277,237,28,81
278,238,25,81
274,238,27,82
267,239,33,82
259,239,39,82
261,239,37,83
260,239,33,83
248,240,38,84
245,240,37,84
243,240,36,84
240,241,39,82
242,241,36,83
240,241,33,84
236,241,31,85
231,242,32,84
227,242,34,84
223,243,37,84
219,244,35,84
215,244,33,85
211,245,31,85
208,245,30,85
204,245,30,85
201,245,29,85
198,245,28,85
195,245,27,85
192,245,27,85
188,245,26,85
185,245,25,85
182,245,24,85
179,245,24,85
176,245,23,85
172,245,22,85
169,246,21,85
167,246,23,85
164,246,25,85
162,247,26,85
159,247,28,84
157,247,30,84
156,248,29,84
154,248,29,84
153,248,28,83
152,249,28,83
152,249,29,83
152,249,29,82
151,249,31,83
150,249,33,83
149,249,35,83
148,248,36,83
147,248,36,83
146,248,35,83
144,248,38,83
142,247,40,84
140,247,42,84
138,247,43,84
136,247,43,84
135,247,41,83
134,248,39,82
133,249,37,81
135,248,34,82
137,247,32,82
138,245,30,83
140,244,28,84
140,245,28,84
141,245,27,84
142,245,27,84
142,245,27,84
143,246,27,84
144,246,27,84
144,246,26,83
145,246,26,83
146,247,26,83
146,247,26,83
147,247,26,83
147,247,26,83
147,247,26,83
147,247,26,83
147,247,26,83
147,247,26,83
