513,139,51,39
502,142,51,39
494,144,51,39
483,143,51,42
477,146,51,42
471,150,54,42
465,152,53,44
457,154,53,44
444,156,59,42
433,155,61,49
422,157,61,49
414,160,61,48
404,163,61,48
395,164,64,48
388,168,64,48
374,168,69,51
368,172,69,51
359,175,69,49
350,175,68,52
345,181,65,54
337,185,65,54
331,187,65,62
325,191,67,61
322,195,69,65
318,201,69,65
312,204,73,70
308,208,73,70
304,213,78,69
302,217,83,75
298,218,91,81
299,228,89,81
301,233,89,85
303,238,89,85
306,246,95,89
311,249,98,92
318,254,103,94
323,263,114,102
330,270,124,108
342,278,130,116
353,287,134,125
366,298,139,130
381,310,153,136
399,324,164,142
421,335,175,143
445,348,183,131
