57,385,110,96
81,384,108,96
108,383,105,97
130,381,96,97
152,379,95,97
174,377,93,96
196,374,89,94
225,370,84,96
244,368,78,93
264,365,72,91
279,363,72,90
296,361,67,89
311,358,63,88
326,355,59,87
340,352,54,86
350,350,52,85
359,347,50,84
369,345,48,83
379,343,46,82
385,341,46,81
390,339,45,81
394,337,45,79
398,335,44,78
402,333,43,78
403,330,43,77
403,328,42,77
405,325,41,76
405,323,41,75
404,320,40,75
403,319,39,74
402,317,39,73
399,315,38,72
396,313,38,71
393,311,38,70
391,309,37,69
388,307,37,68
384,305,36,68
380,302,36,67
376,301,36,66
374,299,35,66
371,297,35,65
368,295,34,65
365,294,34,64
363,292,34,63
360,291,33,63
358,288,33,62
356,287,32,61
354,285,32,60
353,283,32,59
351,281,32,59
350,280,33,58
350,278,33,58
350,276,32,57
350,275,31,56
350,273,31,56
350,271,30,55
352,270,29,55
352,269,29,54
353,268,29,53
353,266,29,53
354,265,28,52
354,264,28,51
355,262,28,51
355,261,28,51
356,260,27,51
356,258,27,51
357,255,27,51
356,255,28,50
357,254,27,48
358,254,27,48
358,252,27,48
359,252,26,46
360,250,27,46
362,249,26,46
364,248,25,47
365,247,25,45
367,247,25,43
369,246,24,43
370,245,24,43
372,244,24,42
373,243,24,41
375,242,24,41
377,241,24,41
378,240,24,41
380,239,24,41
381,238,23,39
383,237,23,39
385,237,23,39
386,236,23,39
388,235,22,39
389,234,22,38
391,233,22,38
392,232,22,37
394,231,21,37
395,230,21,37
397,229,21,38
399,228,21,38
400,227,21,38
402,227,21,38
404,226,22,38
405,225,22,37
406,224,23,37
408,223,23,36
410,223,22,36
413,222,22,36
415,221,21,35
418,221,20,35
419,220,21,35
421,219,21,34
423,219,21,34
425,218,21,34
428,218,20,34
432,217,18,33
434,216,18,33
436,216,18,33
437,215,19,32
439,215,19,32
441,214,19,32
443,213,19,31
445,213,19,31
447,212,19,31
450,212,18,31
452,211,17,31
455,210,17,31
456,210,17,31
458,209,17,31
460,209,17,31
461,208,17,31
463,207,17,31
465,207,17,32
467,206,17,32
468,205,17,31
470,205,17,31
471,204,17,30
473,203,17,30
474,203,17,30
476,202,17,30
477,201,17,30
479,202,17,29
480,201,17,29
482,201,17,28
484,201,17,28
485,200,17,27
487,200,17,27
488,200,17,26
490,198,16,27
491,197,16,29
494,197,16,28
496,196,15,28
498,195,14,29
