243,51,19,31
243,51,18,31
243,51,18,32
243,51,18,32
243,51,17,32
243,51,17,33
242,51,17,33
241,51,17,34
240,51,17,35
239,51,17,36
237,51,17,36
235,51,18,36
233,51,18,36
231,51,18,36
229,51,19,36
227,51,18,36
226,51,17,36
224,51,17,36
222,51,16,36
220,51,16,36
219,51,16,35
217,51,16,34
216,51,16,33
215,51,17,32
214,51,17,31
214,54,17,32
214,57,17,34
214,56,18,34
214,56,18,34
214,55,18,34
214,54,18,35
214,53,18,35
214,53,18,35
214,52,18,35
214,51,19,36
217,60,15,32
257,57,17,28
291,57,16,36
336,57,16,36
344,57,12,36
346,57,14,36
347,57,17,36
349,57,19,36
350,57,18,36
351,57,17,36
352,57,16,36
356,57,16,38
360,57,17,40
361,57,18,42
362,57,18,43
364,57,19,44
365,57,20,45
366,57,20,47
368,58,20,45
369,60,20,43
371,61,20,42
372,62,20,40
374,63,20,39
374,63,20,39
375,63,19,39
376,63,18,39
376,63,18,39
377,63,17,39
377,63,17,39
378,63,17,39
379,63,17,39
379,63,17,39
380,63,17,39
380,64,17,39
380,65,18,39
380,65,18,39
380,66,18,39
380,67,19,39
381,67,19,39
382,67,19,39
382,67,19,39
383,67,19,39
384,67,19,39
385,67,19,39
386,68,19,39
387,69,19,39
388,70,19,40
389,71,19,40
390,72,19,40
391,73,19,40
391,73,19,41
392,73,20,42
392,73,20,43
393,73,21,43
393,73,21,44
394,73,22,45
395,74,21,44
396,75,21,44
397,76,20,43
399,77,20,43
400,78,19,42
397,76,26,45
398,77,25,45
399,77,23,44
400,78,22,43
401,78,24,44
402,77,26,45
402,78,26,45
403,79,25,45
404,80,25,45
404,81,24,45
405,82,23,45
406,82,23,45
407,83,23,45
408,83,23,45
409,83,23,45
409,84,23,45
411,84,23,45
413,84,22,45
415,85,21,45
416,85,20,45
414,85,23,45
416,87,24,45
417,89,24,46
419,91,24,46
424,88,18,48
421,90,20,52
420,91,22,53
421,92,22,53
422,93,22,53
423,93,23,53
424,94,23,53
425,94,23,53
425,95,23,53
425,96,23,53
425,97,23,53
425,98,23,53
425,98,23,53
425,99,23,53
425,100,23,53
424,101,23,53
423,102,23,53
423,103,23,53
422,104,23,53
422,105,23,53
421,105,24,55
421,105,24,57
420,105,25,59
420,105,25,61
419,105,26,63
419,105,26,65
419,107,26,65
419,108,26,65
420,109,26,65
420,111,26,65
420,112,26,65
420,113,26,65
420,114,27,66
420,115,27,66
420,116,28,66
420,117,28,66
420,118,29,67
420,119,30,67
421,120,30,67
421,121,30,67
421,122,30,67
421,123,30,67
422,125,30,67
422,126,30,67
421,128,30,67
419,130,31,67
418,132,31,67
417,134,32,67
416,136,33,67
414,138,33,67
413,140,33,67
411,141,33,67
409,143,33,67
408,144,33,67
405,145,33,68
403,146,33,69
400,147,33,71
398,148,33,72
395,149,33,73
392,150,33,75
389,152,33,75
386,154,34,76
382,156,34,77
379,158,35,78
375,160,36,79
371,161,36,81
367,163,36,84
362,164,36,86
358,166,36,88
354,167,36,90
350,170,36,90
347,172,36,90
344,174,37,90
341,176,37,90
338,178,37,90
336,181,37,90
334,185,37,90
333,188,37,90
331,191,37,90
329,194,37,90
327,197,37,90
325,199,37,93
322,202,37,95
319,204,37,98
317,206,37,100
314,209,37,103
312,211,37,106
307,215,38,107
302,218,38,109
298,222,38,111
293,225,38,113
288,229,39,115
284,233,39,117
276,236,41,119
268,239,44,121
260,243,47,123
252,246,49,125
244,250,52,127
236,253,54,129
226,257,55,129
216,262,56,129
207,266,57,129
197,270,58,129
187,275,59,129
176,280,59,132
164,286,59,135
153,291,59,138
141,297,59,141
130,303,59,144
111,308,64,151
93,314,68,157
