419,123,31,58
414,123,31,58
408,122,31,58
403,122,31,59
398,121,31,59
395,120,31,59
393,120,31,59
388,120,31,59
386,117,31,59
398,119,31,59
411,121,31,59
426,120,31,59
440,119,31,59
455,118,31,59
457,118,31,59
460,117,26,59
456,117,28,59
452,117,30,59
449,116,31,59
444,115,31,59
440,114,31,59
436,112,31,59
431,111,31,59
427,110,31,59
422,108,31,59
420,114,32,60
417,119,32,61
415,124,33,61
412,130,33,62
409,135,34,63
407,141,34,63
404,146,35,64
400,148,35,64
395,149,35,64
390,151,35,64
390,160,35,64
390,171,35,64
389,182,35,64
380,187,35,64
381,198,35,64
379,201,35,64
378,204,35,64
376,205,35,64
375,206,34,64
373,208,33,64
371,209,32,64
370,210,31,64
368,212,30,64
366,211,29,64
364,211,29,64
363,210,29,64
366,211,28,64
370,212,28,64
389,212,28,63
404,212,28,61
420,212,28,60
435,212,28,59
450,212,28,58
450,212,28,58
449,213,28,58
448,214,28,58
448,214,28,58
447,215,28,58
444,215,28,58
441,215,28,59
441,214,28,60
440,213,28,61
440,215,28,58
438,216,28,58
436,217,28,58
434,218,28,58
430,219,28,58
425,220,28,58
421,221,28,58
417,222,28,58
412,223,28,58
404,225,28,58
396,227,28,58
388,229,28,58
380,231,28,58
371,233,28,58
364,233,28,58
356,234,28,58
349,234,28,58
341,234,28,58
334,235,28,58
330,237,23,58
334,236,24,58
341,236,25,58
354,237,26,58
368,237,27,58
381,238,28,58
393,238,28,58
405,238,28,58
400,238,28,58
395,238,28,58
389,238,28,58
384,237,28,58
378,237,28,58
372,236,28,58
366,235,28,58
360,235,28,58
360,238,28,58
350,235,28,58
359,234,28,58
369,234,28,58
378,233,28,58
393,234,28,58
408,234,28,58
410,231,28,58
407,233,28,58
394,231,28,58
390,231,28,58
386,231,28,58
382,231,28,58
377,231,28,58
373,231,28,58
369,232,28,58
364,232,28,58
360,232,28,58
356,232,28,58
351,232,28,58
347,233,28,58
342,233,28,58
337,231,28,58
328,231,28,58
323,231,28,58
318,231,28,58
314,230,28,58
309,230,28,58
304,230,28,58
295,229,28,58
290,228,28,58
285,227,28,58
280,225,28,58
279,224,28,58
278,223,28,58
271,229,28,58
266,228,28,58
261,226,28,58
256,224,28,58
251,222,28,58
245,219,28,58
239,216,28,58
233,214,28,58
226,211,28,58
220,208,28,58
217,207,28,58
213,205,28,58
209,204,28,58
206,202,28,58
202,200,28,58
200,202,28,58
198,203,28,58
195,205,28,58
193,206,28,58
191,208,28,58
189,209,28,58
186,211,28,58
186,213,28,58
182,213,28,58
179,212,28,58
176,211,28,58
172,210,28,58
169,209,28,58
166,208,28,58
163,208,28,58
159,207,28,58
154,205,28,58
149,204,28,58
144,203,28,58
140,203,28,58
136,204,28,58
132,205,28,58
128,205,28,58
128,205,28,58
126,204,28,58
120,204,28,58
120,204,28,58
127,205,28,58
140,205,28,58
153,205,28,58
167,205,28,58
181,205,28,58
195,205,28,58
209,205,28,58
204,204,28,58
199,202,28,58
195,200,28,58
190,199,28,58
185,197,28,58
181,195,28,58
192,195,28,58
203,195,28,58
214,195,28,58
225,195,28,58
237,195,28,58
251,192,35,58
265,191,33,58
279,188,31,58
288,187,30,58
283,181,28,58
279,181,28,58
276,181,28,58
273,181,28,58
269,181,28,58
266,181,28,58
263,180,28,58
260,179,28,58
257,178,28,58
254,177,28,58
251,176,28,58
249,176,27,58
247,176,26,58
244,176,25,58
242,176,24,58
240,176,23,58
237,175,23,57
233,174,23,56
229,172,23,55
235,172,23,54
256,172,23,53
272,172,23,53
287,171,23,53
303,171,23,53
316,171,23,53
329,172,23,53
327,172,25,53
325,172,26,53
324,172,28,53
322,172,30,53
320,172,31,53
319,172,30,53
317,171,28,53
315,171,26,53
313,170,25,53
311,170,23,53
309,169,21,53
303,165,23,57
298,160,25,61
295,163,24,58
292,165,22,55
289,167,21,53
286,166,23,53
283,165,24,53
279,164,25,53
276,163,26,53
273,161,25,53
269,160,23,53
266,159,21,53
262,158,24,53
257,157,26,53
253,157,29,53
249,156,31,53
244,155,34,53
240,154,36,53
239,155,35,53
238,155,35,53
237,156,34,53
237,156,33,53
238,156,32,53
238,155,32,53
239,155,31,53
242,155,30,53
244,155,29,53
247,155,29,53
249,155,28,53
252,154,27,53
255,154,26,53
254,154,26,53
254,154,26,53
253,154,26,53
253,154,26,53
252,154,26,53
252,153,26,53
251,153,26,53
251,153,26,53
250,153,26,53
250,153,26,53
249,153,26,53
249,153,26,53
248,153,26,53
246,144,26,53
243,134,26,53
241,125,26,53
238,116,26,53
238,118,27,52
237,119,27,51
237,120,28,50
236,122,28,50
236,123,29,49
235,123,30,50
234,122,30,51
234,122,31,52
233,121,31,53
230,121,31,54
227,121,31,56
223,121,31,58
220,121,31,58
216,120,31,58
212,120,31,58
205,116,31,56
203,116,31,55
201,116,31,54
196,113,31,53
190,113,31,53
184,113,31,53
179,113,31,52
173,112,31,52
168,112,31,52
163,112,31,51
158,111,31,51
151,110,31,50
145,109,31,49
138,109,31,48
132,108,31,47
131,115,31,46
121,111,31,46
116,111,31,46
111,111,31,46
106,111,31,46
102,111,31,46
93,110,31,46
84,108,31,46
