220,281,220,164
216,283,223,155
288,251,195,151
348,227,174,138
408,204,153,123
443,187,139,115
484,161,119,109
507,150,113,103
534,135,99,97
549,125,86,91
564,115,72,85
572,106,71,81
578,99,64,76
581,92,63,68
581,85,65,65
582,79,67,62
576,73,65,57
572,67,56,56
565,62,61,55
559,56,58,52
552,51,56,53
544,47,55,51
535,43,53,50
526,40,52,51
518,36,51,51
510,33,51,50
500,31,52,49
492,28,52,48
483,26,53,43
480,24,48,44
473,21,46,44
464,21,49,42
459,15,49,45
453,14,48,44
448,12,45,42
445,11,41,41
440,11,44,40
438,11,43,39
436,11,42,38
436,11,40,37
432,11,41,38
430,11,41,37
428,10,41,37
426,9,42,37
426,9,40,36
422,8,41,36
419,7,42,36
418,7,42,35
416,7,42,35
416,6,41,35
413,6,42,35
410,5,41,35
410,4,40,35
410,4,39,35
409,3,38,35
408,3,37,34
406,3,36,33
404,3,36,33
403,3,35,32
401,3,35,31
399,3,35,30
397,2,36,29
395,2,36,28
394,2,36,30
394,2,35,32
393,1,35,31
389,1,35,31
