588,184,33,92
581,184,35,86
575,185,37,85
569,186,39,85
565,188,33,83
560,191,27,80
555,185,32,87
549,185,38,87
545,186,34,84
537,185,34,85
529,185,34,86
528,185,32,86
527,186,30,85
521,185,30,85
516,185,29,85
508,186,35,85
500,187,42,84
495,188,33,83
490,188,24,83
485,188,29,83
480,187,33,84
476,186,28,85
473,186,24,85
467,186,25,84
461,186,27,82
458,186,28,83
454,186,30,84
452,185,26,85
450,183,23,86
447,183,24,85
445,183,25,84
442,183,25,84
440,183,25,84
439,183,25,84
437,183,25,84
434,184,25,83
431,184,25,81
429,183,25,82
426,182,25,83
424,183,23,82
421,183,22,80
417,183,26,80
413,183,31,80
409,184,35,80
405,185,39,79
401,184,35,80
396,183,30,81
394,183,30,81
392,183,30,81
389,183,28,80
385,183,25,80
381,183,25,80
376,183,25,80
376,185,23,76
375,187,21,72
374,191,21,72
372,195,21,72
371,194,21,72
369,192,21,72
367,190,21,72
366,189,21,72
362,188,22,71
358,187,23,71
355,183,25,69
353,180,28,67
353,179,27,67
353,179,25,67
353,178,24,67
353,178,23,67
351,178,24,68
349,178,25,69
348,178,25,69
347,177,24,69
347,177,24,69
346,177,24,69
345,177,24,69
344,177,24,69
342,177,22,69
340,177,21,70
338,177,22,70
335,177,23,70
324,177,23,70
312,176,23,70
292,178,23,70
244,170,23,70
211,169,23,70
201,170,23,70
192,171,23,70
194,170,24,70
196,170,25,69
195,169,25,69
194,168,25,69
192,167,25,69
191,168,25,69
189,168,25,69
187,168,25,69
187,168,25,69
186,167,25,69
186,167,25,69
186,167,25,69
183,166,25,69
180,165,25,69
177,164,25,69
174,163,25,69
173,162,25,70
171,162,24,71
170,162,24,72
169,161,23,73
168,161,23,73
167,162,23,73
166,162,23,73
164,162,23,73
162,162,23,73
160,162,23,73
159,162,23,73
158,162,23,73
157,163,23,73
156,163,23,73
155,163,23,73
153,163,23,73
150,163,23,73
148,163,23,73
145,163,23,73
144,164,23,73
142,164,23,73
141,164,23,73
139,164,23,73
138,165,23,72
137,165,23,71
136,166,22,71
134,167,22,70
132,167,22,69
130,167,22,69
128,166,23,68
126,166,23,68
126,164,23,68
125,162,22,69
122,162,24,68
120,161,25,68
119,162,25,68
118,162,25,68
117,162,25,68
115,162,25,68
112,162,25,67
108,162,25,67
108,161,25,67
107,160,25,67
105,160,24,67
103,160,24,68
104,159,24,68
120,160,24,68
154,159,24,68
196,159,24,68
215,158,24,68
235,157,21,68
230,157,23,69
226,155,24,68
222,153,25,68
221,155,25,67
220,156,25,67
216,156,25,67
212,156,25,67
209,155,24,66
207,154,23,66
205,154,23,66
203,154,23,66
200,154,23,65
198,154,23,65
196,153,23,65
194,153,23,65
192,152,23,65
189,152,23,65
187,152,23,65
184,152,23,65
182,152,23,65
180,152,23,65
174,152,26,65
169,151,29,64
165,150,27,65
161,149,25,65
158,151,25,62
155,153,24,60
148,150,24,64
141,146,24,68
137,148,25,64
132,151,27,60
126,151,25,61
120,150,24,62
115,150,24,62
109,151,24,62
105,150,24,62
100,150,24,62
94,150,26,62
88,149,28,63
85,149,26,63
82,148,24,63
76,148,25,63
69,148,27,63
65,148,27,63
61,148,27,63
55,148,27,63
49,148,27,63
45,148,29,62
41,147,30,62
36,147,27,62
32,147,23,62
27,148,25,61
23,150,28,59
