321,349,188,120
308,342,179,114
294,334,173,110
281,327,167,107
268,319,161,104
259,311,150,103
248,308,145,98
238,298,134,99
231,295,130,88
225,290,130,89
219,286,126,85
213,281,121,83
207,276,116,81
202,272,110,77
196,266,111,76
194,263,107,75
192,260,102,74
190,257,98,73
189,254,97,72
187,252,92,70
185,248,91,69
183,245,90,68
181,242,88,67
179,239,86,65
177,236,84,64
176,233,83,63
175,230,81,63
174,227,80,62
173,224,78,61
171,221,76,60
171,218,76,58
171,215,75,57
170,213,74,55
170,210,73,55
169,207,72,54
170,205,71,53
170,202,70,52
171,200,69,51
171,197,68,51
171,195,65,51
173,194,64,50
174,192,63,48
175,191,62,47
176,190,61,46
177,188,60,44
179,186,59,44
182,184,58,44
184,182,58,44
187,180,61,43
189,177,64,43
193,176,63,43
198,175,61,42
202,174,60,42
206,173,58,41
210,172,57,41
214,170,57,40
219,168,57,40
223,166,57,39
227,165,57,38
231,163,57,38
236,162,56,37
241,160,56,37
246,159,55,37
251,158,55,37
256,156,54,37
261,155,54,36
266,154,55,35
272,153,56,34
277,152,57,33
282,151,58,32
288,150,56,32
293,149,54,32
299,148,53,32
304,147,52,32
310,146,51,32
314,145,49,31
319,144,47,30
323,143,45,29
