5,226,37,44
13,220,37,44
20,214,37,44
37,205,50,52
54,188,50,52
109,153,50,52
133,137,50,52
157,116,50,52
187,109,50,52
205,92,50,52
252,81,50,52
276,68,50,52
302,63,48,48
322,55,48,48
354,55,48,48
396,48,48,48
426,51,48,48
454,50,48,48
472,53,48,48
493,57,48,48
535,63,48,48
554,68,48,48
580,74,48,48
598,87,48,48
618,92,48,48
661,120,48,48
676,135,48,48
687,131,48,48
696,109,48,48
693,102,48,48
691,96,48,48
693,87,48,48
689,79,44,46
687,76,45,45
685,74,46,44
678,68,46,44
678,72,44,41
678,76,43,37
674,83,43,37
670,90,43,37
666,100,43,37
661,109,43,37
667,122,43,37
661,131,43,37
654,153,43,37
663,166,43,37
658,188,43,37
654,209,43,37
657,226,43,37
654,257,43,37
652,300,43,37
650,321,43,37
648,342,43,37
641,396,43,37
634,445,43,37
637,462,43,37
652,478,43,37
656,454,43,37
661,430,43,37
665,406,43,37
669,382,43,37
673,357,43,37
678,333,43,37
682,309,43,37
686,285,43,37
690,261,43,37
694,237,43,37
699,228,43,37
703,219,43,37
707,210,43,37
711,201,43,37
717,201,43,37
723,201,43,37
730,201,43,37
736,206,43,37
742,210,43,37
748,214,43,37
752,221,43,37
756,227,43,37
759,233,43,37
766,253,43,37
772,274,43,37
777,292,43,37
781,311,43,37
783,337,43,37
783,353,43,37
787,361,43,37
791,376,43,37
794,397,43,37
793,418,43,37
789,432,43,37
807,456,43,37
804,483,43,37
819,474,43,37
825,455,43,37
832,437,43,37
839,419,43,37
845,400,43,37
852,382,43,37
859,364,43,37
865,345,43,37
872,327,43,37
879,309,43,37
885,290,43,37
889,296,43,37
893,301,43,37
900,306,43,37
906,311,43,37
913,315,43,37
920,320,40,37
