494,227,69,171
496,227,74,164
498,227,79,158
496,229,79,157
494,232,79,156
493,232,95,156
493,232,106,156
493,232,111,160
493,232,115,164
493,232,120,168
493,232,125,171
493,232,128,190
504,248,118,179
504,248,125,187
504,248,129,193
504,248,128,192
504,248,126,190
504,248,125,189
504,248,124,187
504,248,122,186
504,248,122,187
504,247,122,188
504,247,122,189
504,246,122,190
504,246,122,191
504,245,122,193
504,244,122,194
504,244,122,195
504,243,122,196
504,243,122,197
504,242,122,198
504,241,122,199
504,241,122,200
504,240,122,201
504,240,123,201
504,240,123,201
504,240,124,201
504,240,125,201
504,240,125,201
504,240,126,201
504,240,126,201
504,240,127,201
504,240,128,201
504,240,128,201
504,240,129,201
504,240,129,201
504,240,130,201
504,240,130,201
504,240,131,201
504,240,132,201
504,240,132,201
504,240,133,201
504,240,133,201
504,240,134,201
504,240,134,201
504,240,137,202
504,240,139,203
504,240,142,204
504,240,144,205
504,240,145,204
504,240,145,203
504,240,146,202
504,240,146,201
504,240,147,200
504,240,147,199
504,240,148,198
504,240,148,197
504,240,149,197
504,240,150,196
504,240,150,195
504,240,151,194
504,240,151,193
504,240,152,192
504,240,152,191
504,240,153,190
504,240,154,189
511,247,154,188
519,254,154,187
520,262,159,182
526,268,159,180
532,274,159,178
532,274,166,186
532,274,165,186
533,274,165,185
533,274,164,184
533,274,164,184
533,274,163,183
533,272,164,186
532,269,164,189
531,266,165,192
531,263,166,194
531,263,160,188
531,263,155,182
531,263,156,177
531,263,156,173
531,263,159,174
531,263,162,175
531,263,164,177
531,263,168,179
531,263,171,182
544,270,158,177
547,272,155,178
550,273,152,178
551,274,151,175
548,269,154,178
546,265,158,181
544,261,159,184
543,257,160,188
542,254,162,192
542,254,160,189
542,254,159,186
542,250,160,185
542,247,160,183
544,246,156,182
546,244,151,181
548,243,147,179
548,243,154,178
548,243,158,176
548,243,163,174
548,243,166,173
548,243,170,173
553,246,168,172
557,249,166,172
562,253,164,171
569,261,164,168
577,270,163,166
580,274,162,166
583,277,161,166
586,281,160,166
586,281,167,166
585,281,167,167
583,280,168,168
581,280,168,168
579,279,168,169
577,279,168,170
576,278,168,171
576,278,164,167
576,278,159,163
568,272,162,168
561,265,164,174
561,265,157,174
561,265,150,175
561,265,143,175
557,261,148,175
553,257,154,175
548,253,158,177
544,250,163,179
540,246,167,181
536,246,172,174
531,246,177,167
531,246,170,166
531,246,164,164
524,246,162,168
517,246,160,171
517,246,160,178
517,246,162,189
517,246,156,193
517,246,151,197
525,270,134,181
523,270,109,193
525,270,107,191
527,270,105,188
529,270,103,186
531,270,101,183
531,269,108,187
531,267,115,190
531,267,120,188
531,267,125,186
531,267,133,182
531,267,141,181
531,267,143,178
531,267,145,175
531,267,148,174
531,267,151,173
527,264,154,175
524,261,156,177
520,258,159,179
516,257,157,180
512,256,154,181
509,255,152,182
505,254,149,183
491,250,139,187
478,247,128,192
478,247,107,197
478,247,91,198
482,265,58,182
463,265,69,183
441,265,69,182
426,265,84,189
419,265,92,191
411,265,99,193
411,265,99,198
429,267,99,192
441,266,79,192
453,265,60,192
474,265,77,192
489,265,76,189
505,265,75,186
526,265,69,184
547,265,64,182
559,265,65,178
575,265,56,177
573,265,65,178
573,265,72,177
573,265,84,179
573,265,95,182
573,265,98,177
573,265,101,171
573,259,103,171
573,259,113,167
573,259,121,163
573,259,126,162
573,259,130,160
573,259,137,158
573,259,143,156
573,259,148,154
577,246,144,167
577,246,156,177
583,246,158,176
589,247,160,175
594,250,161,175
599,254,162,174
603,258,164,173
610,262,163,171
607,259,166,174
606,259,167,174
605,259,168,174
604,258,169,175
602,258,170,175
601,258,171,175
601,258,169,170
601,258,167,166
589,258,174,159
587,257,173,160
585,255,171,160
585,255,160,160
585,255,149,159
585,255,146,157
585,255,143,155
585,255,140,154
565,240,160,168
565,240,158,160
565,240,158,158
565,240,158,155
565,239,162,153
565,238,166,151
565,238,172,154
565,238,178,156
565,238,194,155
565,238,209,154
572,233,206,158
580,229,202,162
586,231,209,159
593,233,215,156
601,240,215,156
610,247,216,155
618,254,216,155
618,254,217,162
618,254,211,164
618,254,205,167
618,254,202,166
618,254,198,165
618,254,195,164
618,254,192,163
618,254,182,164
618,254,173,166
593,255,197,164
593,254,184,166
593,253,171,167
593,253,164,166
589,253,167,166
582,251,159,164
582,250,152,166
582,250,139,166
582,250,125,166
582,250,129,164
582,250,133,163
589,225,134,187
605,225,118,187
611,227,138,176
617,229,158,165
623,231,178,154
623,231,185,149
648,229,177,152
648,229,194,147
660,229,192,148
682,242,185,148
682,242,208,156
692,247,206,151
698,250,205,154
698,250,206,160
698,250,197,162
698,250,190,168
677,261,211,158
677,261,198,159
676,261,187,158
675,261,177,158
675,261,162,158
675,261,148,155
671,261,136,160
661,257,136,161
652,253,136,162
652,253,128,162
652,253,121,162
652,252,118,162
652,252,115,162
652,251,113,162
652,251,115,160
652,251,117,158
652,251,118,156
652,251,120,154
652,251,122,152
664,243,118,158
670,240,122,160
676,238,125,163
683,238,140,160
683,238,151,159
688,239,166,152
688,239,183,151
688,239,185,151
688,239,206,159
709,247,208,156
709,247,216,159
711,254,213,152
711,254,208,159
711,254,197,160
707,256,194,159
703,258,192,158
698,259,192,159
698,259,187,160
698,259,170,160
698,259,149,160
698,259,136,160
698,259,117,160
683,253,114,167
683,253,107,167
681,253,110,167
678,253,112,167
676,253,114,167
673,253,117,167
665,258,126,162
656,263,134,156
647,269,143,151
638,274,152,145
615,269,177,155
600,289,193,139
586,293,206,134
582,308,211,120
565,325,228,103
550,365,243,62
559,375,234,53
561,383,232,45
562,391,231,37
543,391,250,38
544,391,249,41
545,391,248,43
546,391,247,46
546,389,247,48
546,388,247,50
546,386,247,51
546,384,247,53
546,384,247,55
546,384,247,56
546,384,247,58
546,384,247,59
546,384,247,61
546,384,247,62
546,384,247,64
546,384,247,63
546,384,247,63
546,384,247,63
546,384,247,62
546,384,247,62
546,384,247,62
546,384,247,61
546,384,247,61
546,384,247,61
546,384,247,60
546,384,247,60
546,384,247,60
546,384,247,59
546,384,247,59
546,384,247,59
546,384,247,58
546,384,247,58
546,384,247,58
546,384,247,57
546,384,247,57
546,384,247,56
546,384,247,56
546,384,247,56
546,384,247,55
546,384,247,55
546,384,247,55
546,384,247,54
546,384,247,55
546,384,247,55
546,384,247,55
546,383,247,55
546,383,247,55
546,383,247,56
546,383,247,56
546,383,247,56
546,382,247,56
546,382,247,56
546,382,247,57
546,382,247,57
546,382,247,57
546,381,247,57
546,381,247,57
546,381,247,58
546,381,247,58
546,381,247,58
546,380,247,58
546,380,247,59
546,380,247,59
546,380,247,59
546,379,247,59
546,379,247,59
546,379,247,60
546,379,247,60
546,372,247,54
546,368,247,57
546,364,247,60
546,349,247,66
546,334,247,72
546,322,247,84
546,314,247,83
546,304,247,92
546,291,247,102
546,277,247,111
546,270,247,102
546,259,247,107
546,246,247,106
546,239,247,113
546,232,247,120
546,227,247,129
546,227,250,133
546,225,250,133
547,224,249,133
547,223,249,133
547,223,249,133
547,223,249,133
547,223,249,132
547,224,249,132
547,224,249,132
547,224,249,132
547,224,249,132
547,224,249,131
547,225,249,131
547,225,249,131
547,225,249,131
547,225,249,130
547,226,249,130
547,226,249,130
547,226,249,130
547,226,249,129
547,227,249,129
547,227,249,129
547,227,249,129
547,227,249,129
547,227,249,128
547,228,249,128
547,228,249,128
547,228,249,128
547,228,249,127
547,229,249,127
547,229,249,127
547,229,249,127
547,229,249,126
547,230,249,126
547,230,249,126
547,230,249,126
547,230,249,126
547,230,249,125
547,231,249,125
547,231,249,125
547,231,249,125
547,231,249,124
547,232,249,124
547,232,249,124
547,232,249,124
547,232,249,123
547,233,249,123
547,233,249,123
547,233,249,123
547,233,249,123
547,233,249,122
547,233,248,123
547,233,247,124
547,233,246,125
547,233,245,126
547,233,244,127
547,233,243,128
547,233,244,128
547,233,244,127
547,233,245,127
547,233,245,127
547,233,246,127
547,233,246,127
547,233,247,127
547,233,248,127
547,233,248,126
547,233,249,126
551,233,245,127
554,232,241,128
558,231,237,129
558,231,237,130
558,231,236,130
559,231,236,131
559,231,235,131
559,230,235,132
559,230,234,132
560,230,234,132
560,230,233,133
560,230,233,133
560,229,232,134
561,229,232,134
561,229,231,135
561,229,231,135
561,229,230,136
562,228,230,136
562,228,229,137
562,228,229,137
562,228,228,138
563,227,228,138
563,227,227,139
563,227,227,139
563,227,226,140
564,227,226,140
564,226,225,140
564,226,225,141
564,226,224,141
565,226,224,142
565,226,223,142
565,225,223,143
565,225,223,143
566,225,222,144
566,225,222,144
566,225,221,145
566,224,221,145
567,224,220,146
567,224,220,146
567,224,219,147
567,224,219,147
568,223,218,147
568,223,218,148
568,223,217,148
568,223,217,149
569,223,216,149
569,222,216,150
569,222,215,150
569,222,215,151
570,222,214,151
570,221,214,152
570,221,213,152
573,219,211,154
573,219,211,154
572,219,212,155
572,219,212,155
572,219,213,155
571,218,213,155
571,218,214,155
571,219,214,155
571,219,214,155
570,219,215,155
570,219,215,155
570,219,215,154
570,220,216,154
570,220,216,154
570,220,216,154
569,220,217,154
569,221,217,154
569,220,217,154
569,220,217,154
569,220,218,154
570,220,218,154
570,220,218,154
570,220,218,154
570,220,218,154
570,220,218,154
570,220,218,154
570,220,218,155
570,220,218,155
570,220,219,155
570,220,219,155
570,220,219,155
567,221,222,154
567,221,222,154
567,221,221,154
567,220,221,155
567,220,222,155
567,220,222,155
566,220,222,155
566,219,223,156
565,219,223,156
565,219,224,156
564,219,224,156
564,219,224,157
564,218,225,157
563,218,225,157
563,218,226,157
562,218,226,158
562,217,226,158
561,217,227,158
561,217,227,159
561,217,227,159
561,217,227,159
561,217,227,159
561,217,227,159
561,217,227,159
561,217,227,159
561,217,227,159
561,217,227,159
561,217,227,159
561,217,227,159
561,217,227,159
561,218,227,159
561,218,227,158
561,218,227,158
561,218,227,158
561,218,227,158
561,218,227,158
561,218,227,158
561,218,227,158
561,218,227,158
561,218,227,158
561,218,227,158
561,218,227,158
561,218,226,158
561,218,226,158
561,218,226,158
561,219,226,158
561,219,226,158
561,219,226,158
561,219,226,158
561,219,226,158
561,219,226,158
561,219,226,158
561,219,226,158
561,219,226,158
561,219,226,158
561,219,226,158
561,219,226,158
561,219,226,158
561,219,226,158
561,219,226,158
561,220,226,158
561,220,226,158
561,220,226,158
561,220,226,158
561,220,226,158
561,220,226,158
561,220,226,158
562,220,228,156
563,221,230,154
564,221,232,151
547,221,253,149
573,221,230,149
580,221,226,149
582,217,225,154
582,219,227,154
583,216,223,158
584,213,220,163
586,212,217,166
589,210,215,168
592,209,212,171
595,208,209,174
597,206,206,177
606,206,198,177
615,205,189,178
615,205,187,179
615,205,185,180
615,205,183,180
615,205,181,181
615,205,179,182
615,205,177,187
615,205,174,193
627,211,163,190
639,217,152,186
639,217,149,190
638,218,146,189
637,219,143,188
636,220,140,187
635,221,137,186
635,221,135,187
635,221,133,188
635,221,131,188
635,221,129,189
635,221,127,190
635,221,125,191
635,221,123,191
635,221,120,192
635,221,118,193
635,221,116,194
635,221,114,194
635,221,109,196
635,221,105,198
635,221,109,200
635,221,113,201
639,231,109,192
642,240,106,182
642,240,102,183
642,240,98,183
642,240,98,184
643,239,97,185
643,238,97,186
643,237,97,186
643,237,97,187
643,236,97,188
643,235,97,189
644,234,96,189
644,234,96,190
644,233,96,191
644,232,96,191
644,231,96,192
644,231,96,193
645,230,95,194
645,229,95,194
645,229,95,195
645,228,95,196
645,227,95,197
645,226,95,197
646,226,94,198
646,225,94,199
646,224,94,200
646,223,94,200
646,223,94,201
646,223,84,193
646,223,73,185
640,218,79,190
634,213,85,195
629,208,91,200
620,208,99,200
612,208,107,200
612,208,107,197
612,208,108,194
612,208,108,192
612,208,108,189
612,208,108,186
612,208,108,183
612,208,109,181
612,208,109,178
601,201,120,177
589,194,130,175
589,194,143,170
589,194,156,181
608,221,156,162
608,221,158,173
608,221,152,181
620,223,135,172
633,225,118,163
633,225,130,164
633,225,141,166
633,225,134,147
633,225,139,122
633,225,130,115
597,198,160,132
597,198,166,122
597,198,168,128
597,198,170,134
597,198,173,141
597,198,175,147
597,198,162,162
631,227,132,145
631,227,115,152
614,224,109,152
614,224,105,158
614,224,95,163
604,227,76,162
591,227,77,164
578,227,69,167
565,235,83,163
565,240,82,159
566,245,82,156
566,250,82,152
567,257,80,151
569,263,79,151
574,263,73,158
574,276,88,155
577,288,96,147
580,300,109,144
608,304,94,140
608,304,100,139
608,304,106,139
608,304,113,139
614,298,103,132
620,292,92,125
620,292,103,134
620,292,101,140
620,292,115,144
626,289,110,147
626,273,121,147
626,273,122,147
626,273,124,148
626,273,128,153
626,273,133,158
626,273,137,155
626,273,141,152
626,273,145,147
626,273,148,139
626,273,154,145
626,273,151,143
624,269,148,146
622,266,144,150
620,262,141,154
620,262,145,151
620,262,148,149
620,262,151,146
620,262,155,144
620,262,174,141
635,261,171,134
635,261,193,143
635,261,209,139
649,267,213,132
649,267,232,143
649,267,253,139
698,274,216,133
698,274,208,144
698,274,202,147
687,277,200,147
687,277,202,140
681,278,202,139
675,278,201,139
675,278,182,143
665,278,170,144
665,278,156,145
652,272,170,152
652,272,162,149
652,270,154,149
652,268,147,149
652,266,140,148
650,263,142,151
648,261,144,154
646,258,145,156
644,256,148,155
641,255,151,154
638,253,154,153
635,251,156,152
633,250,159,151
630,248,151,152
627,247,143,154
622,248,132,152
618,250,121,151
618,250,121,147
618,250,114,158
618,250,104,162
618,250,94,166
612,250,87,171
612,250,84,177
612,250,84,179
620,263,82,168
627,277,80,156
627,277,83,154
627,277,86,151
632,276,88,149
637,274,90,147
638,274,99,147
639,274,109,147
639,274,114,145
639,274,124,140
635,261,128,158
635,261,128,156
635,261,130,152
635,261,134,148
635,257,134,152
635,253,134,156
635,253,134,154
635,253,134,152
623,251,136,152
617,250,134,153
611,250,132,154
611,250,120,154
607,250,101,156
607,250,87,159
607,250,80,158
596,250,91,162
596,250,95,164
596,250,98,167
596,250,102,170
610,250,90,168
625,250,79,167
635,250,79,164
645,250,80,162
654,250,79,160
654,250,77,159
653,249,76,157
652,249,75,156
652,249,73,154
651,249,72,152
650,248,71,151
646,246,65,152
633,242,65,152
633,242,39,152
626,242,46,163
612,242,56,148
596,223,48,159
578,220,68,163
569,220,61,167
559,220,71,174
547,220,83,174
547,244,72,154
542,244,73,158
531,244,84,163
531,244,84,174
532,255,88,170
533,266,92,166
533,266,98,174
533,266,105,173
558,267,80,171
563,267,77,170
569,267,75,168
574,267,72,167
596,267,65,166
611,267,64,160
623,267,64,156
631,267,68,158
631,267,75,158
631,267,80,155
631,267,85,152
631,267,90,149
629,264,91,153
628,261,93,156
626,258,95,159
626,258,90,154
626,258,86,149
615,257,86,151
611,254,82,156
607,251,79,162
596,251,75,162
584,251,72,167
578,251,67,173
578,251,65,177
578,251,64,181
586,251,72,178
601,251,73,181
610,251,75,181
618,251,77,181
635,251,75,178
646,251,76,179
651,251,81,178
656,251,86,177
656,251,84,174
656,251,83,172
656,251,82,169
656,251,81,167
656,251,80,164
656,251,79,162
650,247,85,163
644,243,91,164
643,241,90,164
642,239,88,164
642,239,92,169
642,239,96,174
641,238,103,179
639,238,109,185
635,246,118,179
631,254,126,174
644,267,124,167
644,267,136,175
644,267,139,173
644,267,140,172
644,267,142,171
644,267,144,170
644,267,146,169
644,267,148,168
644,267,149,167
644,267,150,165
644,267,151,162
644,267,152,160
644,267,154,158
644,267,151,156
644,267,149,154
644,267,145,147
644,267,141,140
636,257,149,151
629,246,156,162
629,246,155,163
629,246,154,165
629,246,153,166
629,246,152,168
629,246,151,170
629,246,149,171
629,246,149,176
629,246,149,181
629,246,151,185
629,246,152,190
633,255,150,183
637,265,148,175
637,265,148,177
637,265,148,179
637,265,149,177
637,265,149,175
637,265,150,173
637,265,151,171
637,265,151,170
637,265,151,169
637,265,151,168
637,265,151,167
640,257,147,175
644,248,144,183
644,246,141,183
645,244,139,183
646,242,136,183
646,240,133,183
646,240,133,182
646,240,133,181
646,240,131,179
646,240,129,178
646,238,130,181
645,235,130,183
645,235,130,190
645,235,130,196
645,235,133,200
645,235,136,204
645,235,148,205
645,235,154,202
645,235,156,202
645,235,159,200
648,255,159,185
