409,157,60,121
413,156,60,117
418,154,59,113
427,151,59,113
432,151,59,113
440,151,54,102
444,149,54,102
447,147,54,102
448,144,54,102
449,140,54,102
452,140,56,105
455,137,56,105
457,134,56,105
460,132,54,105
463,130,53,105
459,129,52,105
456,128,51,105
452,127,49,105
423,122,49,105
384,125,43,97
356,125,43,97
330,125,49,96
332,124,49,96
335,123,49,96
336,113,49,96
338,113,49,96
340,113,49,96
342,113,49,96
341,106,48,96
344,106,47,96
347,105,46,96
347,103,46,96
347,102,46,96
347,100,46,96
347,100,45,95
347,100,43,94
347,100,43,94
347,100,43,94
347,99,44,90
347,99,45,87
348,96,45,87
350,94,45,87
350,94,45,79
347,94,43,77
344,94,42,75
344,94,40,75
344,94,38,74
342,93,34,75
341,93,34,73
340,93,33,72
336,89,33,72
332,88,33,72
332,88,34,67
328,88,38,63
326,86,38,63
325,85,34,63
325,84,34,66
321,81,34,66
321,81,34,66
320,81,34,66
319,80,34,65
318,79,35,65
319,77,35,65
319,76,35,65
320,76,35,65
321,75,35,65
322,74,35,65
323,74,35,65
323,74,35,60
323,74,35,60
324,74,35,60
326,71,35,60
326,70,35,60
327,70,35,60
327,69,35,60
328,69,35,60
328,68,35,60
329,68,35,60
329,67,35,60
331,66,35,60
332,65,35,60
333,64,35,60
334,63,35,60
335,63,34,60
337,63,32,59
340,63,32,59
341,62,32,59
343,61,31,58
345,61,30,58
346,58,30,58
349,57,28,58
351,57,28,58
353,58,28,58
356,57,28,58
358,57,27,57
360,57,26,56
362,56,26,56
364,56,26,56
367,56,25,55
370,55,24,55
372,54,24,55
374,53,22,52
375,53,22,52
377,53,22,52
380,54,20,50
383,54,20,50
385,54,17,48
386,53,17,48
387,53,17,48
389,53,17,48
390,52,17,48
393,51,17,48
394,51,17,48
394,52,17,48
395,51,17,48
396,51,17,48
400,48,19,50
400,47,21,50
401,46,24,50
404,45,24,50
406,45,24,50
408,44,24,50
409,44,24,50
412,43,24,49
415,43,24,48
417,42,24,48
420,42,24,48
423,42,24,48
423,41,24,48
427,41,24,48
428,41,24,48
430,39,24,48
429,39,28,51
430,38,31,49
437,38,26,43
437,38,26,43
440,38,26,43
443,39,24,43
445,38,24,43
447,38,24,43
