2,118,36,42
2,122,37,38
3,122,36,40
11,123,31,40
19,128,28,36
22,124,30,38
27,123,29,40
33,123,30,42
36,123,32,42
42,124,31,40
49,123,30,42
53,124,29,42
57,124,30,43
63,124,29,44
67,125,31,44
70,126,31,42
74,126,30,40
79,126,26,46
82,126,26,46
85,128,22,45
85,128,22,45
89,131,22,44
88,131,23,44
88,133,26,42
87,131,25,44
88,133,23,44
85,134,24,45
85,133,26,46
81,133,27,48
80,135,27,46
83,135,22,47
81,137,22,45
78,136,22,48
75,137,22,49
73,137,23,48
66,138,29,49
67,137,25,51
65,139,27,52
63,138,25,54
60,139,27,52
57,139,25,55
54,139,27,57
52,143,28,54
50,144,27,53
49,145,26,54
48,146,26,54
45,146,27,55
43,147,29,54
42,147,27,56
40,148,28,55
38,149,28,56
37,149,27,57
36,151,29,57
35,153,30,57
35,153,29,57
37,155,27,56
37,156,28,57
37,157,29,56
38,157,30,59
39,158,30,58
39,159,30,60
41,160,29,59
42,161,30,59
42,162,31,61
41,163,31,60
42,165,30,61
43,167,31,62
42,168,32,63
43,169,31,63
43,170,29,63
42,171,30,61
42,173,30,62
42,174,31,65
43,176,31,59
44,177,32,58
46,179,31,59
46,179,31,59
48,181,32,71
50,183,34,69
53,185,34,71
57,186,36,71
62,187,33,72
65,190,34,72
67,190,34,73
71,192,35,73
75,195,34,73
76,197,37,74
78,197,37,76
80,199,38,76
85,201,36,76
86,203,38,78
87,205,38,79
90,207,38,81
96,209,36,82
99,212,36,82
102,213,38,82
105,215,39,85
110,217,39,87
114,220,41,86
119,223,39,88
123,225,41,89
127,227,40,90
127,227,40,90
132,233,41,89
133,236,41,90
135,238,41,96
136,242,42,98
136,246,41,100
135,250,43,101
137,254,42,101
138,259,42,103
138,263,44,104
142,266,41,107
140,269,45,107
142,274,47,108
146,277,48,112
150,281,49,114
156,285,48,116
159,290,52,118
167,297,52,120
172,301,53,124
178,307,53,124
184,311,53,128
190,318,54,131
195,323,56,135
199,328,57,135
205,333,61,137
214,341,62,139
222,347,64,133
232,353,65,127
243,361,65,119
