887,274,66,69
863,273,94,71
873,274,81,71
871,275,78,68
874,275,79,69
866,273,79,71
858,273,83,70
863,272,70,69
848,274,84,68
853,273,65,67
847,273,65,68
837,275,65,67
837,276,65,68
827,274,65,66
822,273,65,66
809,272,62,65
813,277,63,66
808,276,65,65
795,273,65,66
792,275,65,67
784,273,65,67
774,273,65,66
772,274,65,67
767,274,65,68
764,273,65,67
750,275,62,67
745,273,63,70
732,274,65,71
735,276,65,67
725,274,62,70
719,275,66,66
714,274,65,67
711,276,65,66
701,274,65,65
699,276,65,65
688,274,65,67
678,275,65,67
675,274,65,64
669,274,65,65
654,275,65,67
654,273,65,67
641,275,65,65
636,275,66,66
638,273,66,67
625,275,66,67
609,276,66,65
610,274,66,66
602,275,66,67
597,273,68,67
593,276,66,65
573,278,70,66
571,273,66,66
567,275,68,67
560,277,68,65
559,274,68,66
541,275,66,67
539,275,66,67
529,276,68,66
523,278,70,67
521,278,66,68
505,276,68,68
503,276,68,66
487,276,70,67
486,276,68,68
478,276,70,68
465,277,70,66
466,277,73,74
453,277,68,67
447,276,68,68
427,277,86,78
426,276,76,75
423,279,74,73
410,277,78,76
393,276,97,77
405,279,70,66
393,282,66,67
384,279,70,68
379,281,70,68
372,278,70,67
358,281,68,67
359,282,70,67
343,278,70,67
337,278,70,67
329,278,70,68
327,276,71,69
312,279,70,67
306,279,71,68
290,280,70,68
293,279,71,68
283,277,70,67
272,278,71,68
267,277,71,68
259,279,71,69
249,280,71,68
248,280,71,69
243,279,71,69
227,280,71,69
222,279,71,69
219,276,71,70
204,281,73,70
199,280,73,70
189,278,71,69
181,280,71,68
175,282,71,68
178,277,73,69
162,281,71,68
152,281,71,68
147,279,71,67
138,280,71,68
136,276,71,68
125,277,71,68
113,280,71,69
104,281,71,69
96,275,71,67
97,276,71,68
81,277,71,68
73,279,71,69
70,282,73,79
65,279,68,83
57,274,58,87
53,281,52,84
47,279,55,81
39,282,58,79
39,282,50,78
24,282,60,74
21,281,55,70
8,284,50,74
2,282,49,77
