51,215,111,112
71,214,118,114
92,214,118,114
118,214,115,111
143,212,112,112
164,209,111,116
179,209,114,112
209,209,103,110
227,205,106,113
260,205,93,111
279,200,89,111
299,198,84,111
318,197,80,111
334,196,80,108
347,193,83,108
366,191,83,109
383,188,83,107
398,188,85,106
413,185,86,107
424,183,83,105
442,182,79,104
458,181,70,103
435,179,68,102
415,176,69,100
388,174,67,102
364,172,69,101
345,173,73,97
329,169,68,99
338,161,62,96
349,157,56,100
360,156,52,99
366,155,50,98
379,156,44,97
383,154,47,98
392,150,50,96
400,149,48,95
410,148,45,93
420,144,45,93
428,144,45,92
435,142,45,89
443,140,46,88
450,140,45,88
461,138,44,86
468,135,52,87
476,135,51,86
485,133,54,85
496,134,60,86
507,133,59,81
480,133,61,81
458,124,65,87
439,124,67,87
414,123,71,87
395,124,65,83
367,123,72,81
346,120,72,84
332,117,72,84
306,119,73,79
281,119,71,80
261,115,77,80
238,114,80,81
218,114,79,82
200,112,82,82
184,114,81,81
162,111,82,82
145,112,78,80
123,111,79,82
107,113,80,77
126,114,79,80
137,115,82,79
151,114,81,77
163,112,79,80
183,110,81,82
198,110,79,82
213,111,80,79
226,105,83,87
236,107,84,83
247,106,84,82
265,111,82,78
275,108,80,79
289,120,82,68
299,119,85,71
317,136,79,52
295,118,81,71
285,126,76,58
266,124,77,62
247,122,74,66
219,119,90,69
207,119,79,64
192,120,81,65
175,114,80,71
146,119,85,66
133,117,83,66
114,110,86,71
93,114,85,72
83,114,83,85
81,114,89,75
98,112,94,75
113,114,94,70
117,115,89,77
149,132,81,83
175,132,80,84
172,133,79,81
194,134,77,80
179,109,78,80
195,109,78,80
226,105,77,79
231,108,77,79
233,105,79,81
263,105,77,80
273,113,76,79
280,103,77,79
301,106,98,66
314,103,102,71
350,102,80,71
355,103,83,69
366,100,85,71
386,89,83,81
396,89,86,82
414,90,79,82
434,93,77,81
444,86,78,81
464,87,78,81
447,86,84,82
425,86,79,81
411,87,79,81
387,89,78,80
375,86,78,80
347,88,78,80
342,82,78,80
314,81,78,80
289,82,78,80
270,83,78,80
249,86,78,80
227,83,76,78
194,80,76,78
161,83,76,78
144,78,76,78
103,77,76,78
79,71,76,78
81,87,77,79
84,88,78,80
95,90,72,86
104,86,74,83
103,83,77,81
116,86,77,82
116,93,78,80
