555,310,42,59
557,309,40,59
562,311,40,56
562,310,42,57
562,310,42,56
563,307,42,58
565,307,42,58
567,310,42,57
568,308,42,59
570,309,44,59
575,310,42,59
575,310,42,59
578,311,40,58
581,313,40,58
583,313,40,58
584,313,40,58
586,313,40,58
586,314,44,59
589,313,40,59
589,311,42,59
591,310,42,60
594,311,42,59
596,311,42,59
597,311,44,60
599,310,44,62
602,307,44,63
602,308,44,62
607,308,44,63
609,309,45,64
609,308,45,65
612,307,44,62
614,306,44,62
617,308,44,62
618,309,44,63
618,308,45,64
622,309,45,64
622,309,45,64
627,310,45,64
627,310,45,65
628,309,45,67
628,309,49,68
630,307,49,70
635,307,47,71
635,308,47,70
636,309,47,69
638,309,45,69
638,307,49,71
639,307,49,73
643,309,47,70
643,307,49,73
643,307,50,73
643,309,50,71
644,306,50,73
644,307,50,74
646,307,50,74
648,308,50,73
648,308,50,73
648,307,52,75
648,306,52,75
651,306,52,78
651,307,52,77
651,310,50,76
651,310,52,76
651,310,52,77
651,309,52,77
651,309,52,76
651,307,52,77
649,306,52,78
649,307,52,77
648,307,52,78
648,308,52,77
648,310,52,75
646,309,53,75
646,308,53,75
641,305,57,78
639,304,57,78
639,306,57,80
636,307,58,78
635,306,57,80
635,306,57,83
635,306,57,85
630,308,57,81
628,310,57,82
625,305,58,89
622,308,58,83
620,308,60,84
617,309,62,83
614,306,62,84
610,305,62,85
604,306,66,84
599,302,65,84
597,304,66,83
588,304,73,83
586,304,70,81
581,300,71,83
576,301,73,78
573,299,73,85
568,301,74,81
562,299,71,87
555,297,76,89
552,299,71,91
549,297,76,94
533,298,83,93
531,297,78,99
525,298,78,97
518,296,81,98
521,296,73,99
510,299,79,97
502,298,79,99
499,299,76,92
479,298,91,97
476,298,89,98
481,295,73,99
474,294,65,103
461,293,71,105
452,293,81,107
450,290,73,112
445,294,73,104
432,292,73,92
426,294,71,91
419,295,65,92
410,295,74,93
392,293,78,93
382,291,74,103
372,292,76,104
364,289,73,107
355,290,76,108
343,288,78,112
321,290,87,110
314,290,86,108
314,289,87,114
327,293,87,113
348,296,76,103
379,299,91,100
401,298,87,99
411,296,84,106
418,294,83,111
413,287,87,119
411,285,86,119
413,288,87,105
418,287,92,105
418,288,100,103
429,287,94,102
457,288,84,105
458,289,91,104
466,289,94,112
473,293,91,108
482,291,84,111
481,288,86,118
473,287,83,120
465,287,83,117
450,285,87,121
452,287,83,120
450,287,86,124
461,290,83,119
465,292,87,120
466,291,83,118
469,290,79,118
465,290,86,114
466,288,84,114
465,290,84,117
463,290,86,117
465,288,86,122
473,286,81,123
474,288,81,122
474,289,84,119
474,284,81,128
474,286,84,125
476,285,76,113
471,287,81,108
469,283,84,116
476,284,78,117
476,284,81,118
489,281,74,123
489,283,83,124
502,281,78,127
507,282,83,123
523,280,89,118
570,271,91,116
596,270,91,118
617,268,91,113
631,268,89,114
648,267,79,116
656,265,78,122
651,268,79,117
646,270,76,109
638,266,81,118
627,267,78,118
623,267,79,100
618,269,76,107
615,269,78,114
617,266,73,113
617,268,86,112
628,272,74,114
635,277,76,114
643,282,76,112
649,285,81,112
664,281,74,112
693,282,66,113
699,281,70,112
703,278,73,112
707,279,70,115
707,277,73,110
703,273,70,112
693,270,71,114
685,267,71,110
683,265,60,109
680,261,52,108
669,261,58,100
644,256,66,109
630,258,66,109
614,259,66,109
596,263,66,109
584,259,66,109
570,266,66,109
557,263,66,109
557,271,66,109
546,269,66,109
528,266,66,109
542,262,66,109
554,272,66,109
559,267,66,109
550,264,66,109
534,254,66,109
525,254,66,109
521,253,65,98
512,255,68,97
503,254,68,100
492,257,63,94
482,257,62,92
476,257,62,94
471,256,62,93
465,258,63,92
469,259,58,89
474,257,57,89
474,258,62,88
476,256,63,94
474,258,62,87
473,257,65,92
469,254,62,95
469,255,63,95
469,254,62,95
473,255,57,95
478,255,58,98
482,255,58,95
487,257,60,94
492,256,60,90
497,254,55,92
505,256,55,88
507,257,53,86
502,256,58,88
500,254,58,90
499,255,57,87
502,257,57,85
503,253,55,86
508,254,57,86
512,257,52,81
512,257,52,81
512,254,58,85
515,255,52,85
515,255,53,83
515,253,52,84
516,255,52,83
515,254,53,84
516,254,55,83
516,253,53,88
512,252,53,89
510,250,57,86
508,250,57,85
510,254,53,82
513,254,57,82
518,254,57,81
526,256,55,75
531,253,52,80
534,253,50,78
533,252,52,82
534,254,52,80
533,252,52,81
533,252,55,81
529,253,57,79
529,255,53,78
528,254,53,79
526,255,52,79
525,253,53,79
525,253,53,77
525,251,55,80
525,249,53,80
525,252,52,76
525,252,49,77
531,253,53,77
531,250,53,77
533,251,55,76
529,251,57,76
531,251,57,75
529,251,57,74
529,250,53,75
526,249,55,73
528,249,53,73
525,249,52,73
518,250,50,71
516,251,47,69
515,250,45,70
508,250,52,73
507,251,49,70
505,249,49,71
505,253,49,68
508,252,47,68
512,251,47,70
515,250,45,70
512,251,45,70
507,253,49,67
500,253,47,62
495,252,49,68
492,252,50,63
487,250,47,66
482,248,44,66
478,247,45,66
474,248,45,66
469,249,50,67
465,249,49,65
460,248,50,65
455,251,50,62
452,249,50,66
447,250,49,65
442,249,50,64
440,249,47,61
437,247,45,63
432,246,45,66
431,245,45,67
426,244,42,65
423,245,45,64
418,244,45,64
416,244,45,65
411,243,45,64
406,241,45,62
401,241,44,62
398,240,45,63
395,240,47,63
392,240,45,62
387,239,44,62
384,240,44,60
380,239,45,64
377,241,45,61
374,239,47,64
371,240,45,63
367,242,45,60
364,241,42,63
363,242,47,61
359,241,45,63
355,242,44,60
355,240,40,64
350,241,45,61
346,240,45,64
343,240,47,63
338,241,47,61
338,241,45,62
335,239,44,62
333,239,40,60
330,240,45,59
325,240,45,58
324,240,44,59
321,240,44,59
317,239,44,59
316,240,40,58
311,242,40,58
309,240,42,59
308,241,42,60
304,242,42,60
303,241,40,59
299,242,40,58
296,244,40,58
295,240,39,60
293,240,39,60
290,240,39,58
288,240,37,57
287,240,37,56
282,240,39,56
278,242,39,56
277,240,39,56
272,240,39,55
270,239,40,55
265,240,40,57
264,240,39,56
261,241,40,56
257,241,40,56
256,241,39,56
253,242,39,55
251,241,37,54
248,241,37,53
244,241,37,54
241,242,37,54
240,243,37,54
236,242,37,53
235,243,37,54
232,242,37,54
228,243,37,52
225,243,37,52
222,243,37,52
222,242,36,51
219,241,37,52
217,240,36,51
214,241,37,51
214,241,37,48
214,241,36,49
223,241,36,48
227,240,37,51
228,240,36,51
228,240,36,50
227,240,36,51
222,241,36,49
220,241,36,50
220,241,36,49
217,241,36,50
215,240,36,50
212,241,36,50
210,242,36,50
209,243,36,49
206,243,36,49
204,243,36,49
201,242,36,50
198,243,36,49
196,244,36,49
194,243,36,49
193,244,36,50
189,244,36,51
188,245,36,51
185,244,36,51
185,243,36,49
185,243,36,47
198,243,34,48
206,242,34,48
222,239,34,48
235,241,32,47
240,241,32,46
265,240,34,46
274,242,34,46
275,242,34,47
277,243,32,45
278,243,32,45
283,245,32,44
290,244,34,45
298,241,34,46
314,237,34,47
330,240,32,47
355,244,32,45
358,245,32,47
359,245,32,46
359,245,32,44
359,245,32,43
359,245,32,45
358,246,32,43
356,246,32,44
355,248,32,42
351,245,32,46
350,246,32,46
346,246,32,46
345,246,32,47
343,245,32,47
342,245,32,47
338,246,32,46
337,245,32,46
335,244,32,46
333,241,32,47
332,240,32,46
330,238,32,46
327,239,32,45
325,239,31,44
324,241,32,43
322,240,32,45
321,239,32,45
317,238,31,45
316,239,31,45
316,238,29,46
316,238,29,46
314,238,29,47
312,238,29,47
311,238,29,46
309,239,29,46
308,240,29,45
304,240,29,45
304,242,29,43
303,241,31,43
301,242,31,42
299,241,31,42
298,241,31,41
296,240,29,41
295,241,28,38
295,242,29,38
291,241,29,40
291,242,29,39
290,241,29,39
287,240,29,40
287,241,29,40
287,241,28,41
287,241,28,42
283,242,29,41
283,241,28,42
283,240,28,42
285,240,28,39
283,239,28,40
280,240,28,39
278,238,26,39
280,237,26,40
278,235,28,40
278,236,23,40
278,235,24,41
274,234,24,42
269,238,23,41
275,236,21,41
274,234,23,40
265,238,24,39
262,236,28,42
261,238,28,41
261,238,28,41
261,237,28,41
259,239,28,41
259,238,29,42
257,240,29,42
256,242,29,43
254,237,28,43
253,239,29,43
251,240,29,44
251,237,29,43
249,240,29,43
248,237,28,41
248,239,29,41
248,238,28,42
246,238,29,43
243,238,29,42
243,236,29,43
243,237,29,44
241,239,26,38
241,239,28,37
238,237,31,42
238,239,29,41
236,239,31,40
236,238,31,41
235,239,31,39
232,240,36,39
235,235,31,47
233,240,31,37
232,237,29,43
232,238,28,41
232,241,28,38
230,239,28,42
228,239,26,39
228,240,28,38
225,239,32,38
227,240,31,37
223,240,31,38
222,238,31,37
220,238,32,39
220,237,31,45
220,238,28,39
217,239,34,37
215,235,34,42
215,235,32,42
217,236,31,42
215,238,29,38
214,238,32,40
212,240,32,38
210,236,32,41
210,238,32,39
209,239,32,38
209,236,31,41
207,236,34,43
206,238,32,40
204,237,31,40
207,235,29,41
202,240,34,38
199,238,36,38
201,239,31,40
201,239,31,39
201,238,31,36
199,240,31,35
198,239,31,38
198,241,31,33
194,242,32,34
193,239,31,38
193,241,29,36
191,237,31,41
191,240,29,39
189,240,31,39
189,238,31,40
186,241,31,36
189,242,29,32
185,240,31,37
186,238,29,40
185,240,32,38
186,240,28,37
181,241,32,34
181,240,32,35
181,242,31,34
181,241,29,35
180,239,29,38
178,239,31,44
176,241,31,40
176,242,31,38
173,240,34,42
172,240,34,36
172,238,31,40
173,239,28,41
172,241,29,39
170,240,34,39
172,238,28,40
167,241,31,38
168,238,26,39
168,239,29,37
168,239,26,39
167,238,31,37
165,240,26,35
162,243,31,34
162,241,31,37
160,242,29,35
159,243,32,36
155,242,34,40
159,243,32,38
159,245,29,38
154,242,36,41
154,242,31,41
152,243,32,41
152,244,29,36
151,243,31,37
151,242,31,39
147,243,31,40
147,246,31,38
146,243,26,39
144,244,31,38
146,242,24,38
146,245,26,34
142,244,29,36
139,241,31,37
138,243,34,32
139,243,28,37
139,244,31,34
133,244,36,31
133,242,31,38
130,243,37,33
133,242,28,36
131,242,29,36
130,245,29,39
126,247,31,34
126,244,29,35
125,247,32,34
126,245,26,35
123,246,31,33
123,244,28,32
118,246,32,32
120,245,31,33
118,244,32,37
118,247,31,32
