333,310,127,158
306,306,121,158
274,303,119,156
245,297,118,155
216,294,115,152
189,291,115,150
170,287,116,150
145,282,109,148
110,278,106,145
95,274,102,141
104,268,100,141
117,265,93,138
135,260,85,137
151,257,81,135
167,250,81,131
187,243,81,133
193,242,83,129
210,235,79,131
224,234,81,123
239,227,79,127
255,225,74,123
267,222,79,123
284,218,77,122
299,214,78,123
315,211,75,121
331,208,75,120
349,205,74,117
367,201,72,117
386,197,72,117
402,197,71,113
430,193,59,115
436,191,67,113
415,187,73,111
398,187,68,107
384,184,66,110
366,182,65,108
353,179,65,107
342,178,60,103
330,175,60,103
320,172,55,103
307,169,55,102
297,168,51,100
284,165,50,98
271,163,51,99
262,161,51,97
255,159,49,98
243,157,51,97
234,155,51,97
223,153,51,95
211,152,54,95
199,150,56,93
189,149,55,92
175,146,55,91
167,145,55,91
156,145,53,90
150,142,50,91
141,139,46,91
133,139,46,89
127,137,42,89
119,137,45,89
111,135,45,89
107,134,46,89
99,134,45,86
93,132,46,87
85,131,45,85
