373,347,52,126
382,340,46,123
385,334,46,123
388,326,45,123
391,320,45,123
396,313,42,122
395,307,43,121
398,304,40,118
401,298,40,118
401,294,40,118
402,292,40,118
404,290,40,118
404,288,40,115
405,287,40,99
405,283,40,99
405,278,40,99
405,274,40,99
406,273,40,99
406,271,40,99
406,270,40,99
408,267,40,99
411,265,40,99
415,263,36,96
418,263,36,96
422,260,33,95
427,257,33,95
431,255,33,95
435,254,33,95
439,251,33,95
445,248,33,95
454,248,33,95
460,245,33,95
467,244,32,86
471,241,30,82
478,238,30,82
488,238,30,82
490,237,30,82
493,235,30,82
498,234,30,82
501,231,30,82
507,230,30,82
510,227,30,73
510,227,33,67
513,225,33,67
514,223,33,67
515,221,33,67
516,219,33,67
516,219,33,67
516,218,33,67
516,218,32,65
516,218,32,62
516,214,32,62
516,214,30,62
516,214,29,62
516,214,27,62
516,209,27,62
513,209,30,62
511,209,30,62
510,208,30,62
510,208,29,60
510,208,27,57
508,207,27,57
507,205,27,57
506,203,27,57
506,201,27,57
506,201,24,57
504,198,24,60
503,198,26,60
501,198,27,60
497,198,29,59
497,195,29,59
497,195,26,59
494,195,26,59
493,194,26,59
491,194,26,59
488,192,24,57
485,191,24,57
484,189,24,57
482,189,24,57
480,188,24,57
478,186,24,57
478,186,19,56
473,186,24,55
468,184,24,55
467,183,24,55
467,182,24,55
464,184,20,55
462,181,20,55
460,179,20,55
458,179,20,52
455,179,21,53
452,179,22,55
448,181,24,50
445,181,24,50
441,181,24,50
440,181,24,49
439,181,23,48
439,182,22,47
438,182,22,46
437,180,23,46
435,178,24,46
435,176,24,47
435,175,24,49
429,174,24,49
429,174,22,48
429,174,20,47
424,174,24,49
424,174,22,47
419,174,22,47
417,174,22,46
414,175,23,45
411,176,23,45
409,176,23,45
407,176,23,45
405,176,23,45
404,176,23,45
402,175,23,45
401,176,23,45
398,174,23,45
396,172,23,45
395,171,23,45
395,170,23,45
395,169,23,45
393,168,23,45
391,168,23,45
389,166,23,45
388,165,23,45
386,163,23,45
385,162,23,45
383,162,23,45
382,162,23,45
380,162,23,45
378,162,23,45
377,162,23,45
376,161,23,45
376,161,23,45
375,161,23,45
375,161,22,43
373,161,24,43
371,161,26,43
371,161,25,43
371,161,24,43
371,161,23,43
366,159,23,43
366,159,23,44
365,159,22,44
365,158,22,45
364,158,22,45
363,158,22,46
363,158,22,46
