14,248,119,111
46,242,121,119
78,239,120,121
112,237,113,122
142,236,112,119
172,235,105,119
202,234,106,119
230,232,107,118
251,230,103,118
281,226,100,118
306,224,97,118
333,220,95,119
358,220,85,115
381,215,79,115
403,215,78,113
421,212,74,112
442,209,71,111
459,206,71,109
468,204,70,109
486,200,64,107
503,198,57,107
515,192,54,108
524,192,61,108
532,189,54,106
541,187,51,105
550,185,47,102
557,183,46,101
562,182,40,98
567,177,38,100
575,177,37,98
582,175,31,95
584,172,34,98
585,171,37,92
590,168,37,95
593,166,34,97
595,165,34,93
585,161,40,93
561,160,46,93
534,158,41,92
498,142,36,93
497,141,38,88
498,140,38,86
498,140,36,86
497,135,37,84
497,135,38,81
498,132,36,83
498,130,36,81
498,130,36,81
498,126,34,82
497,125,36,82
498,123,38,81
502,124,32,79
502,122,33,78
504,119,35,77
503,119,34,80
508,116,31,79
508,116,33,75
508,114,35,76
513,112,32,78
511,110,35,76
516,109,30,74
515,105,32,78
516,105,32,76
517,105,32,72
516,104,33,71
518,101,31,73
516,101,31,70
514,98,33,70
517,99,30,67
516,97,30,71
513,94,32,68
516,93,28,69
514,93,30,70
515,92,29,70
514,92,28,67
513,90,28,66
511,89,31,66
512,90,30,62
512,90,32,62
513,90,30,61
514,90,32,59
512,89,31,55
512,87,30,58
512,87,31,59
512,87,26,56
510,84,27,57
507,83,32,56
509,82,27,57
509,79,28,61
505,77,29,61
507,77,28,59
502,77,31,57
504,75,29,59
505,76,28,56
507,75,27,56
504,73,29,55
508,71,29,57
508,73,27,56
508,71,29,56
510,70,24,56
510,68,27,56
511,67,26,56
513,66,26,53
516,66,23,53
516,66,27,53
520,63,29,56
525,64,28,55
528,62,28,54
530,62,29,54
534,62,23,52
536,61,29,51
535,60,31,53
543,59,27,55
544,59,27,51
548,59,26,45
552,57,24,50
553,56,23,49
554,55,23,50
557,55,24,46
559,56,22,48
560,55,24,49
561,54,24,50
563,52,24,49
565,53,26,50
567,53,24,47
571,52,21,42
572,51,23,40
575,50,24,43
577,51,21,40
580,49,20,42
579,49,26,44
582,47,21,43
584,49,20,40
585,47,21,43
586,48,23,43
588,45,22,45
592,45,19,43
592,46,22,44
594,47,22,45
596,43,23,42
601,44,21,38
604,44,18,37
604,45,21,38
604,45,20,34
607,41,20,40
609,40,20,41
610,40,20,40
610,37,19,45
608,36,23,45
612,44,19,36
