29,277,60,121
31,276,65,124
35,275,64,122
38,272,66,124
41,270,67,124
47,267,62,126
49,268,63,122
53,267,62,124
54,266,66,122
61,262,61,123
67,262,58,123
71,264,57,119
74,262,59,119
77,259,62,121
83,258,61,118
83,258,64,120
89,256,58,116
96,256,58,118
98,254,52,119
103,254,50,116
105,255,61,116
107,253,61,115
111,251,62,118
115,250,62,116
118,249,58,116
123,248,55,116
126,246,58,118
129,246,58,116
132,244,58,112
135,242,60,114
136,242,59,113
143,243,57,109
145,241,56,110
150,239,54,108
151,238,57,111
153,239,56,109
156,238,57,108
157,236,57,108
161,235,56,108
163,235,56,107
167,235,54,107
169,235,53,103
172,232,52,104
175,232,52,105
176,232,53,102
179,229,53,106
182,228,53,104
183,227,54,102
188,227,51,106
190,226,53,101
193,225,52,102
195,225,52,100
196,224,54,100
198,223,54,99
200,221,53,100
203,221,53,100
206,221,53,96
210,219,48,98
211,219,50,98
214,219,52,96
215,219,51,96
217,217,53,96
220,216,49,95
222,216,51,96
223,215,50,96
226,214,49,96
228,213,49,96
230,213,49,95
231,213,51,92
233,211,51,94
235,211,51,94
238,210,51,94
239,209,54,92
242,210,53,91
244,209,53,92
246,207,53,92
247,207,53,94
250,207,52,91
252,207,53,91
254,205,52,91
255,204,53,92
258,204,53,91
260,203,53,91
262,202,52,91
263,202,53,91
265,202,53,89
268,201,51,90
269,199,53,89
270,200,53,90
270,199,55,90
272,198,56,88
274,198,53,87
281,197,50,87
285,197,48,87
286,196,48,88
287,196,48,86
286,195,50,86
289,196,52,83
294,194,47,85
297,193,47,86
298,193,45,83
298,193,46,85
300,193,46,81
301,192,44,81
302,191,43,81
303,191,47,81
306,190,45,85
308,187,42,83
308,188,45,82
309,188,46,81
310,187,44,85
311,186,45,83
313,186,44,79
314,186,46,79
315,184,45,80
316,185,45,83
317,185,45,83
317,184,46,80
319,182,46,79
320,184,45,76
321,183,45,79
322,182,46,76
323,180,44,81
322,180,46,82
323,181,45,79
324,179,46,78
325,178,45,76
326,178,44,79
328,178,43,77
329,176,43,75
330,176,45,77
331,177,42,76
332,176,42,75
333,175,42,78
333,175,41,75
334,174,41,77
335,175,42,76
337,174,41,74
338,172,40,75
338,173,40,73
337,173,42,73
337,172,42,73
340,171,40,75
340,172,41,72
342,170,39,71
343,170,41,73
343,169,40,74
342,169,44,73
342,169,42,71
341,168,41,72
342,167,42,72
343,167,41,72
345,168,39,71
349,167,38,69
347,165,39,69
348,165,39,69
347,166,43,68
347,165,43,69
349,164,42,71
350,164,41,70
350,164,41,70
353,163,40,69
353,164,41,68
354,162,40,69
353,163,40,68
354,162,41,68
353,161,40,69
355,161,39,69
355,161,39,66
357,159,37,69
356,159,39,69
357,160,38,66
357,159,39,66
356,159,41,66
356,159,41,66
357,159,39,65
357,157,41,66
359,160,37,63
360,157,37,66
360,155,37,66
361,156,38,65
360,155,38,67
360,154,38,66
358,154,40,65
360,154,39,65
362,154,37,65
361,153,38,66
361,153,39,65
364,153,37,66
362,153,38,65
362,151,39,62
363,151,38,65
363,151,38,64
365,151,37,64
367,151,35,63
365,149,37,65
364,150,39,63
366,151,37,61
364,149,39,63
364,149,38,63
365,149,40,63
365,149,39,63
367,149,37,62
367,147,37,63
367,148,38,61
367,148,39,61
370,147,35,61
369,147,37,63
369,146,37,63
370,146,37,61
372,145,34,63
373,145,34,62
372,145,34,60
370,145,36,61
369,145,37,61
371,143,37,60
371,143,35,59
373,143,33,59
374,143,34,57
373,143,34,57
372,143,37,56
375,142,34,60
374,143,34,57
373,141,36,61
375,141,36,61
375,141,37,60
377,141,34,60
379,140,32,63
380,139,31,60
378,139,34,60
378,140,34,62
377,139,34,61
377,139,34,63
379,139,34,61
377,139,34,61
381,139,31,60
381,137,30,62
381,137,30,59
381,138,32,57
382,139,30,57
381,137,30,61
381,136,31,62
381,137,31,59
381,137,30,59
381,137,31,59
381,136,31,54
382,135,28,54
380,136,30,52
381,135,30,48
381,134,31,48
381,135,31,52
381,135,31,49
381,134,31,49
381,135,33,54
382,134,31,56
382,134,32,56
381,133,32,56
381,133,31,55
381,133,31,54
381,133,30,51
381,132,31,48
381,131,31,54
380,131,30,55
381,131,30,53
381,131,30,54
380,131,33,53
380,131,31,53
380,132,30,52
380,131,29,51
381,131,28,51
380,131,28,50
380,131,29,47
380,131,27,47
378,130,27,48
377,130,29,48
377,130,27,48
377,130,25,46
377,129,27,46
377,128,27,46
376,129,27,44
375,128,26,46
374,128,25,45
374,128,26,48
373,128,26,47
373,128,26,45
373,127,22,45
372,127,26,45
373,127,24,44
371,126,25,45
371,126,24,44
372,126,22,46
371,126,23,42
370,126,24,43
371,125,22,42
370,125,24,44
370,126,24,42
369,125,24,43
369,125,25,40
370,124,24,42
369,125,25,42
369,125,25,43
369,124,23,45
367,124,25,46
366,124,23,46
365,123,22,47
364,124,24,47
363,123,25,44
363,123,22,44
362,123,22,42
362,122,23,42
362,123,24,42
361,122,22,42
361,123,21,39
359,123,23,40
359,122,21,39
359,122,25,42
361,123,22,41
360,123,24,42
361,123,24,44
360,123,23,40
358,123,25,42
359,122,22,40
359,122,23,42
359,123,25,41
359,122,24,39
360,121,26,42
359,121,23,42
359,121,25,40
359,121,22,40
359,121,23,38
359,120,22,40
357,120,24,40
359,120,27,40
361,120,23,40
361,120,29,39
362,119,26,42
363,120,24,38
363,121,25,39
365,120,24,37
365,120,23,36
365,120,20,38
365,119,26,41
366,118,26,41
365,119,25,42
365,119,26,42
365,118,26,46
366,117,26,45
366,117,26,44
365,117,27,46
365,117,26,44
365,116,26,42
365,116,26,42
365,117,23,42
365,117,24,44
363,116,24,43
363,116,26,42
363,116,26,42
362,116,25,42
361,115,26,42
362,115,24,44
361,115,25,42
360,116,24,42
359,115,22,42
359,115,23,43
359,114,23,42
359,114,26,44
359,114,24,46
359,113,27,44
359,114,26,44
358,114,24,44
359,114,22,40
357,113,23,40
357,113,22,40
357,114,26,43
357,113,23,43
357,112,22,41
356,112,22,40
356,112,20,42
356,112,23,40
353,112,24,42
353,112,24,42
353,113,24,40
353,112,24,43
352,112,26,42
351,111,26,38
351,111,22,40
349,112,22,36
350,110,22,37
350,110,20,40
349,111,24,41
349,110,25,38
349,110,25,40
349,110,21,36
346,110,20,34
345,110,22,35
345,110,20,34
345,110,21,34
345,110,21,32
345,109,18,33
345,109,18,33
343,109,19,33
341,109,20,30
341,108,18,32
341,108,18,30
341,108,19,32
341,108,19,30
341,108,19,31
339,108,19,30
338,108,19,32
339,108,19,33
338,108,18,32
337,107,19,32
337,108,18,30
337,108,19,31
337,107,18,31
337,106,18,30
336,107,18,30
334,106,19,31
335,106,16,30
334,106,18,32
333,105,18,31
333,106,17,30
333,106,18,30
333,105,19,31
333,105,18,30
332,106,18,31
331,106,18,28
329,106,20,32
329,105,18,32
329,105,19,30
329,105,19,30
329,104,19,30
328,104,18,31
327,104,18,32
328,105,18,32
325,104,19,34
325,104,20,31
325,104,19,35
325,104,19,34
324,104,18,33
323,104,18,34
321,104,18,35
320,104,18,32
318,104,19,32
317,103,20,34
316,104,20,31
316,104,22,34
315,103,19,34
315,103,19,34
313,103,21,35
311,103,20,34
311,103,19,34
310,102,20,34
310,103,18,34
309,102,17,33
308,102,17,34
307,102,19,34
306,102,18,34
304,103,18,34
304,102,18,32
302,102,18,32
302,103,18,29
300,102,22,30
301,102,18,30
302,102,15,30
301,102,17,28
300,102,16,30
298,102,18,29
298,102,17,29
298,102,16,30
295,102,17,27
295,101,15,27
294,101,17,28
292,101,18,26
291,101,16,28
290,101,17,28
290,101,16,28
290,102,15,26
288,101,18,28
288,101,17,29
288,100,15,29
286,101,16,28
286,101,16,29
286,100,14,29
285,100,15,29
285,100,15,30
284,100,15,27
283,100,16,30
282,100,15,29
282,100,15,30
281,100,15,29
281,100,15,28
280,100,18,30
280,100,18,30
279,100,18,30
280,100,18,29
279,98,15,31
279,98,16,32
278,98,18,32
278,98,17,31
278,98,18,31
278,98,17,31
277,98,17,30
276,98,18,32
277,98,17,31
275,98,18,32
275,99,17,32
274,98,17,31
274,98,17,30
273,98,17,30
273,98,19,31
273,98,17,33
272,98,18,31
272,98,18,30
271,98,18,29
271,98,18,32
270,98,20,30
270,98,19,30
270,97,21,34
271,97,18,34
270,98,19,33
268,97,19,34
267,97,20,35
267,97,19,34
267,97,19,35
266,98,19,33
265,98,20,29
264,97,21,32
263,96,19,30
263,96,19,30
