435,147,18,48
435,146,17,48
436,146,16,50
436,147,17,52
435,147,20,52
435,149,18,50
434,148,19,52
434,148,19,52
435,148,18,52
435,150,19,50
436,149,18,52
435,148,20,52
435,149,20,52
435,150,20,53
434,151,20,51
434,150,19,52
435,151,18,52
436,151,18,52
435,151,20,52
435,151,21,53
435,151,22,52
436,152,20,54
436,151,19,53
434,151,19,56
435,152,19,54
435,152,21,55
435,153,21,53
435,152,22,53
436,153,21,53
435,154,25,52
435,154,25,53
434,153,25,54
434,153,23,55
434,154,22,56
434,155,22,55
435,154,22,56
434,155,25,54
434,156,28,56
434,157,26,54
433,156,26,56
433,156,25,55
435,157,22,56
435,156,20,57
434,157,21,56
433,157,24,56
432,158,25,55
432,159,26,52
431,159,25,54
430,159,25,54
428,159,24,56
429,160,22,55
429,160,22,57
429,160,23,57
428,161,22,55
427,162,27,55
424,161,28,55
425,161,27,56
426,162,24,57
425,163,24,53
424,163,26,53
424,162,26,55
424,163,26,53
425,164,25,54
424,165,25,57
424,165,22,53
424,164,23,53
424,164,21,55
423,165,21,54
423,165,22,58
423,165,23,57
423,165,24,59
420,168,24,59
419,167,27,60
418,167,27,59
419,167,26,60
418,169,26,59
417,168,27,59
418,167,27,61
418,168,28,61
418,169,29,61
416,170,30,60
416,170,27,59
416,170,27,61
416,170,26,62
416,172,25,59
416,172,24,59
416,172,26,61
416,172,28,62
416,174,29,60
415,173,30,61
413,173,30,62
414,172,26,63
413,174,26,61
413,175,24,62
412,174,26,61
412,175,26,63
412,176,26,63
410,177,29,63
408,176,29,61
408,177,28,63
408,180,26,61
408,179,25,63
407,178,26,64
406,179,27,64
404,180,30,62
404,182,31,62
403,181,28,63
403,180,28,64
400,182,27,64
400,182,26,65
399,182,28,65
398,184,29,65
395,184,32,66
393,186,30,65
392,184,30,67
391,184,30,67
390,186,28,65
388,188,26,65
388,188,26,65
386,186,29,68
387,187,26,68
385,189,28,66
384,189,28,67
382,189,28,68
382,190,26,68
381,191,26,68
379,193,27,66
378,191,27,68
378,191,26,70
375,194,30,69
373,194,31,67
372,193,31,67
369,195,31,67
369,196,30,66
368,195,29,69
365,196,30,69
365,195,30,70
363,196,32,70
360,196,35,71
358,198,34,67
359,197,34,68
357,196,30,71
355,198,33,71
354,198,31,72
354,198,29,72
353,198,30,73
352,200,31,73
345,202,36,70
347,203,31,69
345,202,30,72
343,204,30,71
343,204,27,71
337,204,32,71
337,203,33,72
334,205,34,71
334,205,33,71
330,205,30,72
327,205,34,72
329,206,31,75
329,209,30,75
326,208,30,75
324,208,30,74
321,209,34,74
320,211,34,75
316,211,35,75
318,210,30,74
316,211,30,74
315,211,28,79
314,215,28,75
310,215,30,75
308,215,32,75
307,215,32,75
303,217,35,75
301,214,35,82
298,216,34,79
297,217,33,78
296,219,32,78
294,219,31,79
292,219,33,79
290,221,34,75
286,219,36,80
283,221,37,81
281,222,37,81
278,220,38,84
276,222,34,81
273,224,36,80
272,224,35,82
269,225,37,81
266,224,38,84
262,226,41,81
258,228,41,82
255,227,39,85
255,228,35,84
253,229,35,85
253,231,34,84
249,231,35,83
246,231,37,86
253,236,38,81
269,234,42,86
288,232,37,87
299,232,37,87
313,234,38,85
325,235,37,89
340,233,37,89
357,235,37,87
369,235,41,87
383,237,41,88
396,238,43,89
412,238,42,90
424,237,40,92
436,241,40,89
434,240,38,92
431,237,38,93
428,242,39,94
422,244,45,93
418,246,43,93
417,246,41,94
416,245,40,93
412,247,39,94
409,247,38,97
407,247,39,97
403,248,38,98
400,251,40,97
392,253,41,96
389,254,42,97
386,252,41,100
382,253,41,100
380,255,40,98
377,258,41,100
373,257,40,100
369,258,41,100
363,259,43,100
359,263,41,98
353,261,43,101
351,261,39,101
345,264,42,100
342,268,42,98
337,267,41,101
333,266,42,102
330,266,42,102
323,269,44,101
317,270,45,101
310,268,45,104
305,270,43,104
301,274,45,99
294,276,48,101
290,274,48,106
297,275,48,105
306,278,46,106
314,280,48,105
323,279,49,106
335,276,47,108
346,281,50,107
356,283,52,106
354,285,45,107
346,284,46,108
341,286,47,108
334,289,50,108
325,291,55,108
320,290,47,108
316,291,46,110
312,293,46,108
306,295,49,111
301,295,52,112
296,296,50,113
288,301,52,110
282,305,49,110
276,305,50,112
270,305,47,110
265,306,49,114
258,308,51,114
252,310,52,115
247,308,53,119
243,311,52,116
236,315,52,115
227,316,56,115
222,317,55,116
215,318,52,115
208,320,54,117
203,323,54,120
196,326,54,118
190,325,54,118
178,326,57,123
172,330,57,120
164,332,61,119
157,330,53,122
150,332,54,125
143,336,56,124
134,338,56,124
128,338,56,122
120,339,57,124
111,343,57,124
101,344,64,126
95,343,59,126
87,342,54,131
