919,398,37,81
911,398,37,81
905,398,42,81
898,399,46,81
892,399,51,81
885,400,56,81
884,400,52,81
883,400,48,81
881,400,44,81
880,400,41,81
879,400,37,81
878,400,33,81
870,400,39,81
863,400,44,81
856,400,50,81
852,400,52,81
848,401,55,81
844,401,57,81
841,401,59,81
841,401,54,81
841,401,49,81
841,401,44,81
841,401,39,81
836,403,39,81
832,404,39,81
828,405,39,81
819,405,45,81
810,404,51,81
802,403,57,81
802,403,54,81
802,403,50,81
802,403,46,81
802,403,43,81
798,403,43,81
794,403,43,81
789,403,43,81
785,403,43,81
778,404,47,81
771,404,52,81
764,405,56,81
757,405,61,81
755,406,61,81
752,406,61,81
750,407,61,81
750,407,56,81
750,407,52,81
750,407,47,81
750,407,43,81
743,407,45,81
735,407,48,81
728,407,51,81
720,407,54,81
718,409,54,80
716,412,54,78
713,414,54,76
711,416,54,74
708,415,49,77
705,414,44,79
702,413,39,81
698,411,39,81
694,410,39,81
691,409,39,81
684,410,45,80
678,412,51,79
671,413,57,77
665,414,63,76
665,414,57,76
665,414,51,76
665,414,44,76
660,414,43,78
656,413,41,80
651,412,39,81
646,411,37,83
638,413,45,81
630,416,53,78
622,418,61,76
622,418,58,76
622,418,55,76
622,418,51,76
622,418,48,76
617,418,47,76
611,418,46,76
606,418,44,76
600,418,48,76
594,418,51,76
588,418,54,76
582,418,58,76
576,418,61,76
571,418,61,76
566,418,61,76
561,418,61,76
556,418,61,76
556,418,56,76
556,418,50,76
556,418,44,76
552,418,44,76
548,418,44,76
539,418,51,79
530,417,58,82
520,416,65,85
518,416,65,85
515,416,65,85
513,416,65,85
513,416,58,85
513,416,51,85
513,416,44,85
506,416,45,85
499,416,45,85
492,416,46,85
485,416,46,85
480,419,49,85
475,422,52,85
470,426,56,85
468,425,56,85
465,425,57,85
462,424,58,85
459,424,59,85
455,423,56,85
451,422,52,85
446,422,48,85
440,422,50,85
434,422,52,85
428,422,54,85
422,422,60,85
415,422,66,85
409,422,72,85
409,422,65,85
409,422,58,85
409,422,51,85
409,422,44,85
404,422,44,85
399,423,44,85
394,424,44,85
384,425,52,85
373,426,59,85
363,427,67,85
360,428,66,85
358,428,65,85
355,428,65,85
353,429,64,85
351,429,64,85
348,429,63,85
343,430,63,85
338,430,63,85
333,431,63,85
328,432,63,85
322,432,63,85
317,433,63,85
311,433,63,85
311,433,59,85
311,433,55,85
311,433,50,85
311,433,46,85
297,433,53,85
283,433,60,85
268,433,67,85
268,433,66,85
268,433,66,85
268,433,65,85
268,433,65,85
265,435,61,85
261,437,57,85
257,439,54,85
251,435,52,85
244,432,50,85
237,429,48,85
233,430,48,83
228,432,48,81
224,433,48,80
220,433,47,79
216,434,46,78
211,434,45,77
207,435,44,76
207,435,41,76
207,435,38,76
207,435,35,76
202,435,35,76
196,436,35,76
191,437,35,76
187,438,38,76
183,439,40,76
180,439,42,76
176,440,44,76
171,439,44,76
167,439,43,76
162,438,42,76
157,437,41,76
155,435,41,78
154,433,41,80
152,431,41,81
150,429,41,83
143,429,48,83
136,429,54,83
130,429,61,83
126,429,59,83
123,429,57,83
120,429,56,83
120,429,50,83
120,429,44,83
120,429,39,83
113,426,39,83
105,424,39,83
101,424,43,83
97,424,48,83
92,424,52,83
91,424,51,83
89,424,49,83
87,424,48,83
