349,91,21,46
349,90,20,46
350,93,21,45
349,91,21,46
351,93,21,46
352,93,21,46
353,93,21,46
353,92,21,48
353,93,20,48
353,93,21,45
352,92,20,48
352,93,21,45
353,93,20,45
352,93,23,46
354,94,22,45
355,92,20,48
355,93,21,46
358,95,20,45
358,94,18,49
356,93,20,47
356,94,21,48
356,95,22,50
358,97,22,47
356,96,22,48
358,95,22,50
358,95,23,50
359,95,23,49
360,96,21,48
360,95,23,49
360,94,24,51
360,95,26,51
361,95,23,52
361,94,26,52
362,95,23,50
362,96,23,50
363,97,23,50
362,97,26,53
362,98,23,51
362,97,24,50
364,97,22,51
364,97,22,54
364,97,23,53
365,97,23,56
365,98,24,53
365,98,22,53
365,97,22,54
366,97,24,55
365,99,24,56
365,100,23,54
366,98,23,55
367,99,22,56
366,100,22,52
366,103,26,55
366,100,22,57
366,99,21,57
365,99,24,57
366,103,23,56
367,102,22,53
367,101,23,55
366,102,24,55
367,103,23,56
366,102,22,54
366,103,24,56
366,103,24,55
366,104,24,54
366,104,24,55
367,104,23,54
367,103,24,54
367,105,22,53
368,105,24,57
366,103,21,63
365,104,23,61
365,105,23,61
365,106,22,61
366,106,24,61
364,106,23,56
364,108,23,55
364,107,23,54
363,107,23,55
362,106,26,57
362,107,23,56
361,108,26,56
361,107,24,57
360,107,27,57
361,108,26,57
359,108,27,61
358,107,26,59
358,108,24,57
358,108,23,57
358,108,23,58
356,108,26,59
358,109,23,56
358,110,24,57
356,109,26,57
354,109,24,54
355,110,24,58
355,111,27,59
354,112,24,54
356,113,23,53
356,110,24,58
356,113,26,56
356,113,23,58
356,113,26,59
355,114,24,56
353,114,29,59
354,115,24,51
354,116,23,52
355,114,23,61
354,116,24,56
353,118,24,56
353,118,22,55
353,116,22,60
352,117,23,53
350,118,23,51
350,119,23,51
350,116,23,57
351,115,21,60
351,119,22,50
348,118,24,66
345,120,28,61
342,119,28,61
342,125,22,50
342,123,23,50
341,120,22,62
339,120,23,62
338,121,26,67
336,121,29,65
335,120,24,55
334,120,24,54
333,118,26,58
335,121,28,61
332,122,31,59
333,123,28,61
332,122,27,61
330,123,29,61
329,123,27,62
330,123,28,62
328,123,30,62
327,125,29,62
328,127,28,58
326,125,26,58
325,128,29,59
326,127,29,60
321,128,33,63
320,128,35,61
319,129,33,60
319,129,35,62
318,130,37,60
318,130,36,61
317,131,37,60
316,131,35,61
314,131,36,63
313,132,35,61
315,130,30,62
313,131,32,61
313,132,30,62
314,133,30,61
313,133,31,61
311,133,30,64
311,134,31,63
310,133,30,63
310,132,31,63
310,134,29,66
308,134,31,69
309,134,30,66
310,135,31,64
310,137,29,63
311,136,27,64
306,139,31,61
306,136,30,65
305,137,32,64
305,140,29,63
305,140,30,66
303,141,32,65
305,139,31,69
305,140,32,64
305,140,31,66
304,140,29,67
303,140,29,65
302,141,30,66
301,144,28,66
302,143,28,65
298,144,30,65
302,142,29,67
301,142,28,70
299,145,29,65
299,144,27,68
300,145,27,69
297,145,29,70
297,146,26,70
296,147,29,68
296,148,27,68
296,147,27,69
296,149,26,71
294,151,27,69
294,148,29,73
292,150,27,71
292,150,28,71
292,153,29,71
290,153,30,69
292,151,30,74
292,151,28,73
292,153,29,72
288,152,32,75
287,153,32,73
288,153,29,75
288,158,29,72
287,156,32,77
287,157,29,75
286,156,30,76
286,157,30,75
283,158,30,77
283,157,30,77
283,158,28,78
279,160,33,76
281,161,29,78
278,160,30,79
277,161,32,77
277,163,29,75
276,162,29,77
271,162,32,78
270,163,31,82
268,166,32,79
266,166,34,77
267,165,31,83
268,167,31,82
267,167,29,82
265,167,30,83
263,167,32,82
261,167,35,81
261,169,33,81
262,168,30,82
262,167,30,82
262,169,30,82
260,170,31,82
260,172,31,79
258,172,30,78
255,170,32,85
253,173,33,83
253,176,33,79
252,176,31,79
253,174,32,81
252,176,30,82
249,176,32,82
247,177,31,81
244,177,34,82
243,177,32,83
245,181,30,81
240,182,31,81
242,182,32,81
242,182,31,82
238,180,33,84
236,183,34,84
235,181,33,85
233,182,33,82
233,186,33,81
234,188,31,82
234,187,32,79
233,188,31,81
229,187,34,83
227,190,38,82
226,188,35,84
223,188,33,83
222,190,34,82
221,192,34,79
216,191,36,84
215,191,34,87
212,193,36,87
209,194,37,87
207,195,36,86
204,193,33,89
201,197,34,83
201,197,35,87
196,198,37,88
195,198,36,91
194,198,34,91
190,200,37,89
186,204,39,88
182,201,43,91
180,204,38,89
179,205,38,88
178,206,38,90
176,207,38,90
176,207,37,89
172,208,38,90
171,209,38,90
168,209,37,93
166,211,40,93
162,214,41,92
163,214,40,94
160,215,40,94
155,218,41,93
152,221,41,93
148,220,41,95
147,219,41,94
145,219,44,95
143,219,43,95
142,222,43,96
139,224,41,100
136,224,41,100
135,226,43,100
128,227,45,101
129,227,43,99
124,226,45,100
123,228,45,100
121,230,44,99
119,230,43,103
115,233,44,103
115,235,45,104
112,235,47,104
109,235,45,105
105,236,47,103
99,238,46,103
100,241,44,103
99,240,43,105
97,244,46,104
93,244,48,106
87,245,48,106
84,245,46,106
79,247,46,104
76,249,43,107
72,251,45,109
69,250,44,110
63,252,49,108
59,257,50,109
57,256,44,109
52,257,45,108
45,258,50,109
43,261,50,111
38,262,50,113
36,263,48,112
29,262,50,113
28,265,48,114
18,268,51,113
13,268,50,110
7,269,50,110
3,273,51,109
0,270,52,114
0,272,52,115
0,271,45,119
