745,211,58,88
741,211,58,87
738,211,58,87
737,213,58,85
737,212,58,88
732,214,58,85
728,214,58,84
728,215,57,83
725,215,57,82
725,215,55,82
724,217,55,81
722,215,53,81
722,214,52,80
712,211,53,79
711,211,53,77
703,210,55,79
693,204,55,76
686,202,53,75
685,198,55,79
680,201,60,78
685,199,62,79
683,197,53,80
680,197,55,80
683,194,55,80
678,194,53,80
673,204,55,77
672,199,44,74
669,208,49,66
665,206,44,70
659,212,44,65
656,212,45,62
654,209,45,66
657,209,39,62
652,207,42,60
643,195,47,67
638,192,49,66
628,186,52,73
627,185,50,71
618,184,50,75
604,187,58,66
607,182,55,77
614,184,44,74
614,182,44,75
607,182,47,73
605,189,49,70
604,181,52,78
609,186,44,65
604,186,49,68
604,184,50,66
596,177,55,68
597,180,52,69
597,182,44,71
593,183,45,71
586,185,44,73
584,180,50,77
586,187,47,66
586,185,45,74
586,179,45,70
584,198,44,73
586,195,45,68
580,199,49,67
578,191,57,75
578,205,52,77
580,206,50,59
576,205,52,70
578,206,63,81
576,208,55,69
573,200,50,69
573,209,58,69
557,212,58,74
550,222,65,78
533,220,66,93
531,222,68,89
531,223,70,92
526,223,74,92
520,225,74,87
521,224,71,96
520,226,65,90
525,225,58,89
513,222,65,87
515,225,60,85
508,224,57,86
507,222,63,83
505,224,60,84
502,226,63,80
500,222,57,87
495,227,57,81
497,233,62,69
494,234,66,76
494,232,65,78
492,224,65,85
486,228,57,77
484,221,55,87
476,227,66,79
466,224,71,76
460,222,66,78
461,226,65,75
458,222,66,90
455,222,65,79
439,222,71,77
439,218,71,91
450,221,52,85
450,220,53,79
437,221,63,80
440,224,60,78
442,224,55,82
439,223,58,79
431,224,63,80
426,223,62,77
426,220,53,88
423,220,58,87
416,219,57,87
401,221,62,82
401,222,62,83
397,223,57,84
393,221,60,84
395,215,57,86
385,219,62,84
384,219,65,84
387,219,55,83
380,222,62,80
379,223,60,79
371,223,66,82
367,222,65,81
366,220,60,85
356,221,65,82
358,223,65,78
351,221,66,80
355,220,58,80
348,222,63,79
353,222,60,83
350,223,58,82
340,221,63,77
342,222,65,80
337,224,63,79
333,224,57,77
337,224,50,75
329,225,60,78
325,222,62,81
319,223,58,77
317,228,62,76
316,222,62,79
314,223,60,82
312,225,66,78
312,223,62,81
306,224,60,82
304,227,63,77
299,225,63,79
298,227,63,76
298,228,66,74
295,226,60,81
291,227,57,76
287,228,63,70
287,228,60,76
285,226,58,79
283,228,60,75
282,228,58,77
277,227,62,75
278,228,58,78
274,227,58,77
269,228,60,74
270,227,57,77
265,229,58,82
261,228,63,78
259,231,62,75
257,230,63,78
254,230,63,78
256,231,60,76
256,230,60,77
244,230,68,77
246,230,65,75
246,228,62,80
248,229,60,78
240,229,68,79
240,228,63,80
241,227,60,81
236,229,63,74
235,229,66,77
238,229,58,82
236,231,62,75
232,230,63,76
233,228,58,76
232,230,58,74
232,232,62,75
227,230,62,74
228,230,58,75
232,232,57,70
232,228,58,77
230,232,52,69
225,231,55,73
222,231,58,76
223,232,52,74
220,231,57,74
217,232,53,76
215,230,57,76
219,232,45,76
214,233,55,73
207,233,57,69
207,233,55,69
204,235,57,70
194,236,63,67
196,239,60,64
194,237,58,65
193,237,57,66
189,235,60,68
180,237,68,67
185,238,62,67
180,238,65,64
180,235,55,64
170,237,60,62
168,234,62,69
168,235,60,64
160,233,68,69
167,232,58,69
164,236,65,63
164,237,50,61
159,235,62,65
155,235,58,64
151,235,62,65
142,238,65,67
147,237,58,65
139,236,66,68
130,236,71,71
128,236,62,66
123,235,66,61
123,231,65,67
120,234,65,62
123,234,55,61
113,233,62,65
115,234,55,66
108,237,60,64
110,234,50,67
107,236,55,62
104,237,66,64
102,235,68,68
96,239,73,65
94,233,62,66
91,235,68,64
92,235,62,65
81,235,65,68
78,232,63,75
76,234,58,79
65,234,70,78
66,234,71,75
66,236,70,74
63,237,66,71
57,235,76,68
52,237,78,70
50,237,76,74
45,235,71,71
40,235,78,73
37,233,76,74
37,234,78,75
32,233,81,71
34,234,76,74
28,233,74,71
24,235,68,65
23,237,66,66
18,235,70,70
13,236,68,69
10,236,71,73
0,233,81,75
0,234,78,71
0,233,83,74
