286,103,34,29
287,104,35,29
288,104,36,30
290,104,36,31
292,104,37,33
293,105,37,33
295,105,37,33
296,105,37,34
297,106,38,33
298,107,38,32
301,107,38,33
302,108,39,34
302,108,40,34
304,108,40,34
309,108,38,36
309,111,40,33
310,110,43,35
311,109,41,37
313,110,43,35
314,111,44,36
316,112,45,35
317,113,45,37
319,114,45,36
320,113,46,37
322,114,46,36
326,114,46,37
327,115,46,37
329,115,45,38
330,116,46,39
331,116,47,40
334,119,48,38
333,119,49,39
333,116,49,41
334,118,47,40
333,115,49,43
332,115,49,41
332,116,50,42
334,118,48,40
332,116,50,42
333,117,50,43
332,117,51,42
334,118,51,42
359,129,51,44
360,128,53,45
363,129,53,45
364,130,54,46
366,131,55,46
368,132,56,46
370,134,56,47
373,134,56,48
376,135,56,47
378,136,57,47
380,137,59,48
382,138,60,50
386,140,60,50
388,141,61,50
392,144,61,48
394,144,60,51
396,145,62,52
397,146,64,53
400,147,64,55
402,149,64,56
403,149,66,58
404,149,66,59
406,152,68,60
411,155,66,61
412,156,67,61
412,158,71,64
413,161,72,63
414,162,74,66
415,166,76,66
416,167,74,67
415,170,76,69
415,172,79,70
415,175,81,71
415,177,82,72
415,180,83,74
414,182,85,77
412,185,87,79
411,188,88,78
406,191,90,82
405,196,93,83
402,199,95,84
399,203,97,87
395,207,100,87
392,209,102,90
384,215,104,93
377,220,107,98
366,227,113,102
360,232,115,105
349,237,121,108
336,242,128,112
317,250,136,115
309,255,140,121
290,260,147,126
272,268,155,128
245,276,171,135
222,283,179,140
196,292,189,145
164,302,200,152
129,313,216,158
