226,159,36,29
226,159,36,29
227,158,37,30
228,160,35,28
228,159,38,30
228,159,37,30
229,159,38,30
230,160,37,29
229,161,38,29
230,161,38,29
229,159,39,30
231,160,37,29
231,160,39,30
232,161,37,29
232,161,38,29
233,161,38,29
234,161,37,29
235,161,38,30
235,162,39,29
234,161,40,31
235,161,40,31
237,161,38,30
238,163,37,29
237,161,39,32
239,163,39,29
238,163,39,31
239,163,40,30
240,164,39,30
240,165,40,31
242,163,39,30
242,165,41,29
243,165,41,29
244,164,40,31
246,165,38,29
244,164,41,33
245,166,39,29
247,167,41,29
247,165,40,31
247,166,40,30
247,166,41,31
247,165,41,34
248,167,44,32
249,167,43,31
251,167,39,33
251,168,40,30
251,167,40,34
251,168,44,31
253,168,43,31
253,168,43,32
255,168,40,31
254,168,43,31
254,169,44,31
256,170,41,32
258,170,43,30
258,171,44,32
259,169,44,32
260,171,44,31
260,171,44,32
260,171,45,33
262,172,44,31
263,172,43,33
263,172,44,34
263,172,45,33
263,172,46,34
266,174,43,34
267,172,45,35
267,172,44,37
268,172,45,37
269,172,45,35
269,175,46,32
271,174,48,32
272,176,45,31
272,176,44,31
273,174,47,37
272,175,49,35
275,176,49,34
276,176,47,36
276,177,48,36
279,177,46,34
280,178,46,33
279,178,47,34
282,177,47,39
283,177,47,42
285,180,46,40
284,179,47,44
286,182,47,37
286,181,49,40
286,181,51,40
287,182,51,40
289,182,51,39
292,182,51,40
293,181,51,40
295,182,50,39
295,182,52,39
297,182,53,40
298,182,52,40
300,183,52,39
301,183,53,40
301,184,55,40
304,184,53,43
306,185,52,40
306,188,56,39
309,187,56,40
311,188,56,40
313,188,56,43
316,188,55,42
316,188,56,45
318,188,57,44
317,190,61,40
320,191,59,43
322,191,59,42
323,191,60,43
326,192,59,43
327,193,61,44
329,191,61,45
330,194,62,44
333,195,61,41
332,194,63,45
335,194,63,44
337,195,60,45
337,195,61,45
342,196,57,47
339,197,61,45
342,198,60,45
344,198,60,46
346,198,57,45
345,199,62,45
346,199,59,50
348,200,60,49
347,201,60,49
349,204,60,46
350,204,60,47
354,206,59,50
354,206,59,50
353,209,61,49
352,210,63,48
352,209,63,53
353,212,63,55
354,215,64,54
353,216,65,58
353,219,63,54
351,220,68,54
352,223,65,55
351,225,67,57
350,226,70,59
349,227,71,62
348,231,73,61
346,232,73,60
344,235,74,62
345,237,73,62
341,240,80,64
339,245,79,64
338,246,78,65
332,248,83,66
330,252,83,64
329,256,82,66
323,259,84,71
316,261,92,71
310,263,94,72
305,268,97,73
300,271,98,75
296,277,99,78
287,279,103,81
280,284,104,85
271,288,110,82
259,293,115,85
253,297,116,88
246,301,115,89
228,305,126,97
216,309,134,98
204,316,135,101
192,320,139,105
176,329,145,101
161,334,149,108
139,341,157,111
