507,188,54,95
509,186,48,93
503,185,51,94
496,182,57,97
493,184,56,93
492,182,51,94
487,178,49,93
483,177,53,94
479,177,53,96
476,177,49,93
471,174,49,93
470,170,48,98
468,172,48,93
466,172,50,93
465,169,50,90
463,167,50,93
460,167,51,93
459,167,50,91
456,164,51,92
456,162,49,93
450,162,56,92
453,164,49,89
453,161,50,86
455,161,46,88
453,160,44,89
450,161,49,89
446,161,48,88
441,158,53,88
442,157,52,88
437,158,52,88
438,158,50,89
435,158,48,87
432,156,44,88
427,156,49,87
425,155,43,87
420,156,44,84
417,151,43,89
417,152,44,88
414,153,49,86
412,153,48,86
412,151,49,87
410,151,44,90
404,149,50,90
402,149,49,90
400,148,44,85
397,147,47,87
393,146,49,89
392,146,50,87
391,146,46,86
389,145,44,85
386,143,46,84
385,143,44,88
382,145,45,83
380,143,45,84
375,143,49,84
377,142,48,82
378,143,43,83
376,141,39,81
373,140,39,83
371,140,39,82
369,139,40,83
368,140,37,82
365,138,41,81
360,137,38,82
359,136,41,83
359,139,41,77
358,134,39,81
352,134,44,82
349,135,44,81
348,137,41,79
347,136,43,79
344,134,41,80
341,135,48,78
339,135,46,76
337,135,47,77
337,135,39,72
335,132,38,79
328,131,49,77
328,132,41,77
323,130,46,77
323,131,46,75
322,132,44,73
320,133,47,74
320,132,40,74
316,130,46,77
316,129,47,73
314,130,40,73
312,131,41,71
310,131,38,70
309,127,41,73
305,128,41,73
305,129,41,71
309,126,41,71
309,124,38,73
308,123,38,75
304,125,38,71
302,125,38,70
305,124,37,70
301,123,39,72
302,123,35,70
306,124,34,70
306,123,33,71
310,121,32,70
308,119,38,71
309,119,38,71
311,117,31,74
310,114,34,77
311,113,32,72
315,116,29,69
321,114,30,70
322,115,30,69
328,114,29,71
333,110,26,70
333,110,28,71
336,110,24,70
335,108,29,64
336,108,31,66
345,109,26,66
346,108,26,63
347,108,28,64
350,107,26,64
352,107,24,63
354,108,22,61
355,109,22,63
356,107,21,65
356,106,22,66
358,107,21,64
356,108,22,61
359,114,22,55
361,112,19,59
359,104,19,50
356,113,20,56
355,112,22,55
353,113,23,51
351,113,23,46
348,110,22,49
346,109,22,44
346,108,21,48
344,110,21,51
344,108,20,51
344,108,21,51
341,104,22,53
342,103,22,55
338,103,21,57
336,100,23,61
336,100,22,59
337,101,20,60
337,100,22,61
337,98,23,61
335,98,22,61
334,101,26,60
336,103,21,57
331,99,23,62
327,97,26,61
326,98,24,61
326,99,29,60
325,98,28,62
321,98,30,61
321,96,28,59
319,97,28,56
315,97,29,61
315,96,23,59
305,94,34,65
309,95,31,60
308,97,30,50
306,95,32,55
306,94,34,65
303,92,35,66
304,91,35,68
305,93,34,58
301,93,31,59
298,92,33,60
296,93,34,59
296,92,34,60
294,91,34,60
293,88,36,63
293,87,36,66
293,87,35,63
292,91,36,61
290,89,38,62
290,88,34,62
290,87,36,65
292,88,34,64
289,89,32,64
289,88,36,61
285,86,35,65
285,87,33,66
282,86,36,65
279,86,35,65
276,86,34,63
277,85,35,65
272,83,38,61
271,84,37,61
270,86,37,61
270,85,36,64
271,85,35,62
269,86,37,61
268,87,34,58
268,84,34,60
267,83,31,65
268,84,31,64
266,83,33,64
266,85,35,62
265,82,35,70
260,82,35,68
260,84,33,48
260,84,32,47
258,83,32,52
254,82,34,53
255,83,33,49
255,84,36,51
256,82,32,53
253,81,35,57
252,81,36,61
251,82,36,58
247,81,39,58
248,80,38,60
247,78,36,61
246,79,38,58
245,79,39,59
246,79,36,59
246,79,34,58
248,79,33,56
247,79,35,58
246,79,34,56
245,79,32,56
246,79,33,56
247,78,34,57
249,78,32,55
248,77,35,56
249,77,34,56
249,76,32,57
249,77,34,56
248,79,33,54
249,76,31,53
250,76,31,56
250,77,33,55
249,77,36,54
252,76,32,55
252,75,33,56
252,75,34,53
252,76,33,54
252,75,33,53
252,75,33,53
252,74,32,52
252,75,32,46
253,75,32,50
252,72,33,51
254,71,30,53
253,73,30,50
253,72,30,49
252,71,30,50
251,70,31,52
252,71,31,55
252,72,31,50
252,71,31,51
251,70,31,51
250,71,32,50
249,70,34,51
250,69,31,50
251,68,29,53
251,68,31,53
252,68,31,54
253,69,31,52
252,70,33,46
253,67,33,50
256,66,30,51
259,66,29,44
256,68,30,44
256,67,31,45
256,66,32,49
258,66,32,46
259,67,32,48
259,67,30,50
260,66,31,50
260,65,31,51
260,66,31,51
259,65,31,48
259,66,32,43
259,66,32,47
259,66,29,48
260,65,30,48
259,65,32,48
261,63,26,50
261,65,29,50
261,65,29,49
262,65,29,49
261,63,31,50
262,62,28,50
262,64,30,45
265,63,27,48
266,61,27,50
266,61,30,50
267,61,28,50
266,61,29,49
266,61,32,49
266,61,32,50
267,58,33,53
266,58,31,51
269,57,29,51
266,57,34,50
269,56,32,52
268,56,31,52
266,57,33,50
270,56,28,53
267,56,32,52
267,56,33,50
268,56,31,50
269,57,29,50
268,55,30,51
266,56,31,52
268,56,32,50
269,56,28,50
269,56,26,50
268,56,27,50
270,56,26,50
271,56,27,49
271,55,28,48
271,56,28,49
272,55,30,50
272,56,29,49
270,56,31,49
272,54,29,50
272,56,30,47
273,53,29,50
273,52,30,50
275,53,32,49
275,53,30,48
277,55,30,49
277,53,29,48
275,53,30,48
276,54,28,46
276,53,27,48
275,52,31,49
277,54,27,47
276,53,27,47
277,50,28,50
276,51,29,48
276,51,29,48
277,52,26,45
278,53,23,45
278,52,23,45
