12,301,105,110
35,297,109,114
57,295,103,111
77,289,97,114
95,288,94,112
114,284,89,111
127,282,87,110
136,278,84,110
159,275,74,108
177,274,70,108
186,274,66,105
195,269,66,104
210,267,62,104
220,266,57,104
230,263,57,105
240,218,60,114
243,171,61,114
251,124,61,114
258,98,63,102
264,87,61,103
270,136,60,102
277,191,59,97
284,214,56,100
289,248,56,100
298,220,52,98
303,182,51,97
308,133,50,98
312,84,47,98
317,85,48,98
320,128,47,98
326,167,45,104
330,209,43,100
334,235,41,103
337,193,47,105
343,151,47,100
342,120,46,102
347,56,44,100
350,73,39,97
353,124,37,100
356,164,35,97
361,223,34,96
362,206,35,101
360,145,36,103
356,99,36,100
354,63,37,94
359,73,36,93
360,114,34,93
359,141,36,91
360,178,36,92
359,220,34,88
358,188,38,91
358,152,34,86
352,108,37,86
352,57,33,87
349,55,36,93
346,110,39,87
349,159,35,85
349,196,35,87
348,197,35,84
348,157,34,83
348,125,33,81
345,70,39,82
348,28,33,86
350,65,33,84
353,111,33,82
354,154,34,80
358,200,31,83
359,177,31,79
356,132,31,77
353,88,30,78
350,50,30,75
352,33,30,74
350,70,29,75
352,115,28,75
350,158,29,78
351,187,27,77
350,164,26,74
346,120,28,75
338,80,30,77
326,17,34,70
328,28,30,72
328,71,29,65
322,129,27,50
316,178,29,55
314,177,24,54
314,177,21,51
304,176,24,67
297,174,29,69
294,173,30,54
289,172,29,62
287,172,28,63
283,169,27,68
279,169,28,64
277,169,30,65
272,169,30,64
270,169,29,61
273,172,27,59
267,165,26,63
262,164,28,63
259,164,30,61
258,163,30,61
258,161,27,64
255,160,26,63
252,160,28,66
249,160,29,46
250,159,24,47
248,152,28,56
248,158,27,56
242,157,29,58
237,155,27,56
238,153,27,61
254,154,29,60
272,151,33,58
288,147,28,56
285,145,27,60
282,147,26,56
279,147,24,56
278,145,28,55
278,146,26,57
277,147,27,56
277,149,24,55
276,148,26,55
275,146,26,54
272,146,27,52
275,145,24,53
272,143,27,51
275,140,23,55
271,142,24,54
273,140,23,51
275,131,24,52
289,126,22,51
318,127,22,48
325,131,22,50
325,131,20,51
325,129,20,51
326,130,21,52
327,130,22,47
327,128,23,48
327,128,27,50
331,126,21,50
333,126,22,48
335,125,24,46
337,126,24,47
342,124,22,46
345,124,22,47
350,122,23,50
352,124,24,48
353,124,26,48
359,121,28,45
364,121,29,45
367,119,30,47
373,120,30,40
380,119,26,45
383,118,20,40
387,118,19,32
393,119,20,24
393,118,21,29
398,117,23,29
399,116,23,29
408,114,18,26
410,115,20,29
412,114,20,29
415,113,19,29
418,112,17,33
418,112,22,34
418,112,22,29
424,111,18,24
426,112,20,28
427,111,20,24
430,109,19,25
431,110,17,25
431,109,18,23
432,109,18,23
433,108,18,25
435,108,17,23
435,107,18,25
437,107,18,24
436,106,19,24
436,104,20,26
437,104,20,27
438,103,20,27
439,103,20,26
441,101,19,27
442,102,18,25
444,102,19,26
443,101,18,27
445,100,15,29
446,98,16,30
445,100,17,28
445,99,20,29
447,98,19,30
448,98,18,30
446,99,19,30
448,98,18,33
448,97,17,34
449,96,17,33
448,96,19,30
450,96,16,31
449,94,18,35
449,94,18,35
451,96,17,34
450,93,18,34
451,93,18,34
454,93,18,37
455,92,16,34
455,91,18,34
455,93,20,30
458,90,17,33
461,93,17,31
463,91,17,34
462,92,19,34
465,91,19,36
467,91,18,34
470,89,18,36
471,93,19,31
474,91,21,34
