424,230,55,67
426,231,53,66
426,231,53,66
427,229,53,65
421,227,53,65
403,231,55,64
382,230,53,58
358,227,45,59
332,223,53,66
321,220,55,67
316,219,55,67
314,220,57,62
314,217,60,67
316,221,55,64
317,222,58,65
317,225,57,61
319,226,62,62
321,227,60,62
321,227,57,62
322,224,66,67
322,220,65,67
322,218,66,69
324,217,68,70
324,218,63,71
324,222,57,70
325,223,62,70
330,225,57,68
330,224,58,68
333,225,57,66
333,224,57,70
337,224,57,69
338,224,57,68
340,225,57,68
345,224,57,69
348,226,55,67
350,226,57,69
348,225,57,68
355,223,55,68
353,224,57,69
353,223,60,71
358,225,57,69
359,223,58,70
358,221,58,70
359,223,58,71
361,223,58,71
361,225,58,71
366,224,58,71
364,225,58,71
366,225,58,71
364,224,58,73
367,224,58,71
372,222,58,71
376,224,58,73
374,220,60,74
377,219,62,74
377,223,60,73
380,221,60,73
382,220,58,73
384,221,58,71
385,222,60,69
390,221,62,69
389,219,63,73
393,218,62,75
393,219,63,69
398,220,57,68
400,219,57,68
403,221,53,66
403,224,53,66
403,224,53,66
405,224,55,65
408,226,55,64
414,230,53,63
411,231,55,64
414,219,53,68
418,220,53,65
426,221,53,63
426,221,52,61
429,220,52,62
431,220,50,61
440,221,49,60
434,220,49,59
439,221,49,58
444,220,47,58
444,221,47,57
448,219,47,57
455,219,47,58
455,221,47,58
457,217,49,58
457,215,49,60
461,217,49,60
457,218,49,59
460,218,49,60
458,217,50,61
465,219,50,61
469,218,52,62
468,218,52,63
473,219,52,64
476,218,53,64
478,217,53,65
487,217,53,65
482,214,53,66
486,215,53,65
489,214,53,66
492,212,53,65
494,214,53,65
491,213,60,69
497,212,52,70
499,213,52,64
502,214,52,63
502,213,53,64
502,218,53,64
502,215,52,64
484,215,53,64
450,215,53,65
405,218,53,65
367,218,53,65
343,215,53,65
329,211,53,65
329,208,53,65
330,211,53,64
330,210,53,64
333,213,52,64
337,214,55,70
340,213,53,77
340,213,55,73
346,213,52,74
346,212,53,76
350,213,53,79
353,214,53,71
356,212,57,75
363,212,50,79
358,210,58,79
361,210,60,80
364,207,63,81
361,208,70,84
367,210,60,79
366,209,68,82
369,210,66,80
372,210,65,81
376,211,62,81
382,211,53,80
372,209,68,82
382,210,58,79
382,209,63,78
385,209,60,80
390,210,62,80
389,207,71,84
395,207,68,85
395,207,70,82
392,205,78,87
398,205,76,85
410,203,62,86
414,207,57,83
413,207,65,79
419,209,62,80
421,210,57,79
423,209,62,80
423,206,62,83
424,207,66,81
434,208,70,80
432,204,70,84
431,205,73,82
435,202,74,86
442,206,68,77
447,202,74,84
444,201,79,85
448,202,76,84
447,201,81,84
453,202,78,86
452,202,81,85
460,202,74,84
461,203,74,85
468,204,71,83
473,202,71,85
474,204,71,82
478,204,76,85
482,200,74,87
482,201,78,86
486,200,87,90
491,200,86,89
491,198,87,86
497,201,87,84
497,200,86,87
499,200,89,85
503,200,81,89
507,202,78,84
510,204,78,80
516,200,73,87
521,200,71,85
528,201,68,84
529,202,71,81
531,197,79,90
539,197,74,87
539,196,74,90
544,196,74,88
547,197,76,85
550,196,81,84
550,195,87,92
550,194,91,95
559,198,87,89
560,196,87,91
562,194,86,93
567,197,84,93
568,196,81,91
576,197,74,92
680,192,57,67
683,191,57,69
691,192,57,66
688,195,57,67
691,194,57,67
693,195,55,66
698,197,53,63
699,194,53,63
704,197,57,65
714,200,57,65
711,200,57,65
714,200,55,65
719,201,55,64
728,195,55,63
738,190,53,64
750,186,55,65
759,187,55,66
769,188,57,66
777,188,57,66
792,181,55,65
796,175,57,66
788,179,55,67
784,187,55,67
787,179,55,67
787,190,53,64
787,189,53,65
787,187,53,64
780,183,53,65
787,186,53,64
790,181,53,64
801,177,53,65
798,179,53,65
800,178,53,65
803,183,53,64
806,177,53,64
808,176,53,64
806,178,52,65
813,179,52,65
814,172,52,66
813,171,52,67
824,170,53,67
832,172,53,68
839,172,55,68
839,176,55,68
842,175,57,68
816,176,57,68
790,183,57,70
767,184,58,71
750,181,58,70
740,178,58,70
737,173,58,70
737,175,58,71
737,172,58,71
737,173,66,86
738,173,70,78
733,173,79,80
746,174,71,78
753,173,70,84
740,172,81,93
751,171,76,102
756,171,73,90
758,172,76,100
756,170,81,100
756,171,84,101
759,172,91,104
761,168,91,105
762,168,92,108
762,170,99,108
762,174,99,103
761,174,100,102
766,176,89,104
767,173,81,96
769,170,81,107
766,171,83,105
762,168,91,104
764,166,97,112
766,166,96,112
766,166,97,114
766,167,99,113
771,167,96,108
769,163,99,116
766,167,105,109
762,168,100,111
751,171,92,108
722,175,99,109
711,175,89,114
696,174,91,102
685,173,102,103
688,170,92,106
685,169,107,109
686,165,102,111
685,163,105,118
693,167,99,110
685,165,108,116
688,165,107,119
682,161,117,126
690,167,108,119
686,169,107,120
682,166,117,122
683,170,113,120
683,167,110,123
688,168,105,120
685,170,105,121
686,167,102,118
686,169,89,119
680,166,110,119
685,164,104,125
682,166,108,120
683,167,107,123
688,166,96,121
683,162,107,121
693,165,100,116
691,164,100,118
696,163,97,118
701,163,99,116
699,161,102,120
701,161,100,121
707,161,100,124
709,162,99,123
711,162,100,119
716,161,92,120
711,161,100,123
709,162,104,122
716,161,96,126
709,162,100,124
707,160,105,124
709,159,99,127
716,161,92,125
716,161,94,125
714,161,96,126
716,158,89,125
716,161,96,123
717,157,92,127
717,158,96,125
704,160,100,127
691,161,97,127
670,166,79,120
646,163,86,114
623,165,91,109
607,168,86,110
607,163,83,116
601,165,91,121
609,163,81,122
605,161,83,116
605,160,83,120
610,164,81,114
607,164,79,122
609,165,81,120
601,164,91,127
609,165,81,121
605,165,84,119
610,164,81,123
605,165,83,114
605,164,84,119
609,164,79,119
604,164,84,120
605,163,81,120
604,164,84,120
610,163,78,118
605,164,83,117
605,164,79,118
609,162,74,120
610,160,79,126
609,161,76,119
605,161,84,123
605,160,81,126
605,161,83,125
605,160,81,125
609,162,78,117
602,160,83,123
604,159,79,123
601,161,87,119
605,158,81,129
604,161,83,118
607,161,78,122
607,159,78,126
607,160,81,124
609,160,78,122
607,164,78,121
597,162,83,119
581,162,73,116
544,169,73,104
500,164,73,108
448,164,70,109
401,160,74,118
393,164,83,113
395,162,84,112
398,165,74,116
398,165,71,118
398,164,73,117
401,166,76,113
400,167,76,116
398,169,78,106
403,164,68,123
397,164,81,119
390,165,79,116
395,167,81,116
395,165,70,124
401,164,65,124
400,163,62,122
400,164,70,118
397,164,73,122
406,165,66,111
414,165,74,103
423,180,71,99
427,180,70,92
0,243,55,67
434,180,65,90
455,189,58,87
465,188,70,85
516,194,57,85
562,189,66,84
630,175,66,96
704,184,57,90
780,180,53,90
868,133,76,125
876,133,83,124
861,131,96,139
877,138,78,120
868,158,74,125
856,160,86,129
873,129,87,156
864,141,92,147
874,157,76,127
881,154,70,132
882,158,71,139
884,159,70,123
884,162,74,127
886,162,66,130
886,162,73,131
886,161,74,133
882,161,78,132
882,161,78,130
884,157,76,136
886,158,74,126
882,157,78,135
882,158,76,135
882,159,78,134
876,161,84,133
