83,234,341,142
99,232,335,149
123,229,319,140
154,224,298,143
177,223,282,140
200,219,266,139
217,216,253,137
237,215,237,136
252,212,227,137
267,209,214,133
283,207,201,125
297,205,188,128
311,202,175,122
323,200,162,119
333,197,153,118
343,196,143,119
352,194,132,125
359,237,125,130
368,279,114,126
373,321,108,123
379,362,102,107
384,365,92,105
384,364,91,105
383,361,92,108
381,359,95,110
382,359,94,109
379,355,95,114
377,354,98,107
375,352,98,105
373,350,97,101
371,346,95,98
369,344,96,97
368,344,93,96
367,342,92,93
367,339,88,91
367,337,86,92
365,336,86,92
366,333,82,89
366,332,79,90
367,329,77,88
365,327,75,86
367,325,71,90
368,326,71,83
369,322,71,82
370,320,71,84
348,319,70,81
313,320,73,81
301,318,72,79
303,316,73,79
303,316,73,80
301,313,77,77
304,309,75,76
305,309,77,75
310,308,76,73
311,307,76,71
310,305,79,73
312,302,79,73
316,302,77,69
320,299,75,71
323,298,75,71
325,297,75,70
328,297,75,69
334,296,73,66
336,294,74,65
341,292,70,63
344,290,72,62
346,288,73,62
349,288,71,63
351,288,71,62
356,286,68,61
358,286,69,60
363,285,68,60
364,283,68,59
367,282,70,56
372,281,69,58
376,280,66,55
382,278,66,56
384,279,67,55
390,276,66,55
392,277,64,54
395,276,64,55
396,274,64,53
400,273,64,53
404,272,62,53
407,271,61,51
408,270,62,51
414,269,59,50
416,269,60,51
419,268,60,47
422,266,59,48
424,267,60,49
427,265,60,51
430,266,60,47
432,262,58,51
436,262,59,49
440,263,60,47
442,261,60,45
447,261,58,45
449,259,60,45
454,258,56,46
458,259,55,45
462,257,57,45
465,257,54,42
466,257,53,43
