391,237,98,291
391,237,98,288
391,237,98,285
380,232,118,290
370,227,137,294
367,225,137,294
364,222,137,294
361,220,137,294
357,226,141,286
353,231,145,278
349,237,150,269
344,242,154,261
344,242,148,261
344,242,142,261
344,242,136,261
344,242,130,261
349,242,125,261
354,242,120,261
358,242,116,261
363,242,111,261
363,242,117,261
363,242,122,261
363,242,128,261
366,244,128,261
369,246,128,261
372,248,128,261
372,248,133,261
372,248,138,261
372,248,143,261
380,245,140,261
388,243,136,261
396,240,133,261
403,238,133,261
410,235,133,261
417,233,133,261
417,236,136,258
417,239,140,255
417,242,143,252
414,242,145,252
412,242,148,252
409,242,150,252
406,242,153,252
404,242,155,252
401,242,158,252
399,242,160,252
396,242,163,252
396,242,167,252
396,242,172,252
396,242,176,253
396,242,181,253
396,242,185,253
396,242,189,253
396,242,194,254
396,242,198,254
396,242,210,254
396,242,223,254
396,242,235,254
396,242,247,254
396,242,259,254
396,242,266,251
396,242,273,248
396,242,280,245
396,242,287,243
402,242,279,243
408,242,271,243
414,242,263,243
420,242,256,243
426,242,248,243
432,242,240,243
438,242,232,243
444,242,224,243
447,246,211,239
451,250,197,235
454,253,183,232
450,253,173,232
447,253,162,232
443,253,151,232
440,253,140,232
437,253,129,232
433,253,119,232
430,253,115,232
428,253,111,232
425,253,107,233
422,253,104,233
414,253,112,233
406,253,119,233
399,253,127,233
391,253,135,233
391,253,131,233
391,253,126,233
391,253,121,233
391,253,117,233
388,252,109,236
386,251,102,239
384,249,94,242
381,248,87,244
375,247,87,244
369,245,87,244
363,244,87,244
356,244,94,244
349,244,101,244
343,244,107,244
336,247,113,241
330,250,119,238
324,253,124,235
318,254,124,235
312,255,124,235
306,256,124,235
300,257,124,235
296,254,115,235
291,251,107,235
287,248,98,235
282,248,101,237
277,249,105,239
273,250,108,241
268,251,112,243
263,251,115,244
259,251,115,244
255,251,115,244
251,251,115,244
247,251,115,244
243,251,115,244
243,251,115,245
243,251,116,245
243,251,116,245
243,250,117,245
243,250,117,245
243,250,118,245
243,250,118,245
243,249,119,245
244,249,119,246
244,249,120,246
244,249,120,246
244,248,121,246
244,248,121,246
244,248,122,246
244,248,122,246
243,248,126,246
243,248,130,245
242,248,133,245
241,248,137,244
241,249,146,244
241,250,154,244
241,251,163,244
243,251,163,244
245,251,163,244
248,251,163,244
250,251,163,244
255,251,153,244
260,251,143,244
265,251,133,244
273,251,123,244
282,251,112,244
291,251,102,244
293,251,94,244
296,251,87,244
292,251,99,244
288,251,111,244
283,251,122,244
277,251,138,244
271,251,154,244
265,251,170,244
262,252,177,244
260,253,183,243
258,254,190,242
255,255,196,241
258,255,194,241
260,255,191,241
263,255,189,241
271,255,176,239
279,255,164,238
286,255,151,237
294,255,139,235
300,255,110,235
305,255,81,235
305,255,72,235
305,255,63,235
303,255,66,235
300,255,69,235
288,255,80,235
276,255,92,235
265,255,104,235
257,255,139,235
250,255,119,235
243,255,126,236
235,255,133,237
231,256,180,236
228,256,185,236
224,257,191,235
224,258,191,235
225,259,191,235
225,260,190,235
225,261,190,235
226,263,183,235
225,263,188,235
224,263,189,235
222,263,190,235
221,263,191,235
220,263,192,235
219,263,193,235
218,263,193,235
217,263,193,235
216,263,193,235
214,263,193,235
213,263,193,235
212,263,203,235
211,263,198,235
211,262,198,235
210,262,198,235
210,262,199,235
210,262,199,235
210,261,199,235
209,261,200,235
209,261,200,235
210,261,195,235
212,261,190,235
213,261,185,235
214,261,180,235
215,261,175,235
217,261,146,235
217,261,150,232
217,261,154,229
217,261,150,225
217,261,146,222
225,259,134,222
233,258,121,222
242,257,109,222
250,255,96,222
243,255,103,222
236,255,110,222
230,255,117,222
228,255,115,222
226,255,113,222
224,255,111,222
222,255,119,222
220,255,128,222
218,255,136,222
217,255,144,222
215,255,152,222
213,257,152,222
211,259,152,222
209,261,152,222
214,259,146,224
219,258,140,225
224,257,134,226
229,255,129,228
234,254,123,229
239,253,117,230
244,251,111,232
243,251,108,232
241,251,105,232
239,251,102,232
243,252,102,230
247,253,102,229
251,253,102,228
255,254,102,227
259,254,102,226
263,255,102,225
267,255,102,224
276,254,101,224
285,253,100,224
294,252,99,224
304,251,98,224
304,251,106,231
304,251,113,238
304,251,120,244
305,251,125,244
305,251,130,244
306,251,134,244
307,251,139,244
314,251,139,244
321,251,139,244
328,251,139,244
343,250,133,245
357,249,127,246
372,247,121,247
387,246,115,248
389,245,122,249
392,243,128,251
394,242,135,252
401,244,136,252
407,246,138,252
413,248,139,252
418,248,133,252
424,248,128,252
430,248,122,252
436,247,119,252
443,247,115,252
449,246,111,252
456,246,107,252
458,245,107,252
460,245,107,252
463,244,107,252
463,244,111,252
463,244,114,252
463,244,117,252
467,244,117,252
471,244,117,252
475,244,117,252
480,244,117,252
483,242,117,257
486,240,117,262
488,237,117,266
491,235,117,271
494,233,117,276
499,233,117,276
503,234,117,276
507,234,117,276
511,235,117,276
515,235,116,276
518,235,116,276
522,235,116,276
526,235,115,276
530,235,115,276
532,235,115,276
534,235,115,276
537,235,115,276
539,235,115,276
539,235,115,276
538,235,115,276
538,235,116,276
538,235,116,276
537,235,116,276
537,235,117,276
537,235,117,276
537,235,117,276
536,235,117,276
536,235,118,276
536,235,118,276
535,235,118,276
535,235,119,276
529,233,121,276
523,232,124,276
517,231,127,276
511,229,130,276
508,230,133,276
506,230,137,276
503,231,141,276
500,231,144,276
494,231,152,278
488,231,161,280
481,231,169,282
481,233,164,280
481,234,160,279
481,236,155,277
481,237,151,276
481,238,146,274
478,239,146,269
474,240,146,264
470,240,146,259
467,238,144,263
464,235,143,268
461,232,141,272
457,229,139,276
455,229,136,276
452,229,134,276
450,229,132,276
446,234,131,272
441,239,130,269
437,244,130,265
433,246,130,259
430,248,130,254
426,250,130,248
421,248,130,248
415,247,130,248
410,246,130,248
405,245,130,248
400,243,130,248
394,242,130,248
392,243,127,248
389,244,125,248
386,245,123,248
383,246,120,248
383,248,120,246
383,251,120,244
383,253,120,241
383,255,120,239
381,255,118,239
380,255,116,239
378,255,113,239
376,255,111,239
376,256,111,238
376,257,111,237
376,258,111,236
376,259,111,235
376,260,111,234
376,261,111,233
375,265,111,226
375,269,111,219
375,273,111,211
374,277,111,204
374,281,111,196
375,278,111,198
375,275,111,199
376,272,111,201
377,269,111,202
378,266,111,204
379,269,109,202
380,271,106,200
382,274,104,198
383,276,101,196
384,278,99,194
385,281,97,192
387,283,94,189
388,286,92,187
389,288,89,185
391,290,87,183
388,281,90,193
385,272,93,202
382,263,95,211
380,253,98,220
380,253,95,213
380,253,91,206
380,253,88,198
380,253,85,191
380,253,81,183
380,253,78,176
378,258,78,178
377,263,78,180
376,268,78,183
375,273,78,185
374,277,78,187
374,283,78,182
374,289,78,176
374,294,78,170
370,293,73,170
365,293,68,170
361,292,63,170
356,290,63,175
351,289,63,179
346,287,63,183
341,285,63,187
333,285,71,185
325,285,79,183
317,285,87,182
309,285,94,180
306,286,92,180
304,288,90,180
301,289,88,180
298,290,85,180
299,289,77,178
299,289,69,177
299,288,60,175
300,287,52,174
296,285,52,174
293,283,52,174
289,281,52,174
288,283,52,174
287,285,52,174
286,287,52,174
285,289,52,174
282,289,54,173
280,289,56,172
277,289,57,171
274,289,59,170
271,289,61,169
268,289,63,169
266,289,65,168
263,289,67,167
261,290,67,164
260,292,67,161
259,294,67,158
257,296,67,156
256,296,67,156
255,297,67,156
253,297,67,156
252,297,67,156
251,298,67,156
250,298,67,156
248,299,67,156
247,299,67,156
246,299,67,156
244,300,67,156
242,297,70,156
239,295,74,156
236,293,78,156
233,290,81,156
233,293,81,156
232,296,81,156
231,298,81,156
230,301,81,156
230,303,81,156
228,301,81,156
227,300,81,156
226,298,81,156
225,296,81,156
224,294,81,156
222,288,81,160
220,281,81,164
217,275,81,169
215,269,81,173
213,263,81,178
211,261,80,178
209,259,79,178
207,257,77,178
205,255,76,178
203,259,75,178
200,263,75,178
197,267,74,178
194,271,73,178
192,275,73,178
189,279,72,178
188,284,75,179
187,289,77,180
186,293,79,181
185,298,81,182
185,295,85,182
184,291,88,182
184,288,91,182
183,285,94,182
183,285,94,192
183,285,94,202
183,284,93,202
182,283,91,202
182,282,89,202
181,281,87,202
181,281,96,207
181,281,106,212
181,281,115,217
176,274,123,220
172,266,132,224
167,259,141,228
167,259,144,228
167,259,147,228
167,259,151,228
167,259,154,228
167,259,157,228
178,264,144,222
189,268,131,216
200,273,117,210
211,277,104,204
211,274,111,208
212,271,119,212
212,269,126,216
213,266,133,220
213,263,141,224
216,264,143,226
218,266,145,229
221,268,148,231
224,270,150,233
232,270,142,233
240,270,134,233
248,270,126,233
255,270,119,233
261,270,113,233
268,270,107,233
274,270,100,233
275,268,100,233
275,266,100,233
276,264,100,233
277,263,100,233
278,261,100,233
284,261,94,233
290,261,88,233
296,261,82,233
302,261,76,233
302,262,76,233
302,263,76,233
302,264,76,233
301,268,76,228
300,272,76,223
299,276,76,218
298,279,76,213
291,279,87,209
284,279,98,205
277,279,109,200
270,279,120,196
270,279,117,196
269,279,114,196
268,278,112,196
267,278,109,196
267,277,106,196
264,280,108,194
261,283,110,191
258,286,113,188
255,289,115,185
248,287,119,184
240,285,123,184
232,284,127,183
225,282,131,182
217,281,135,181
209,279,139,180
202,277,143,180
202,277,134,180
202,277,126,180
202,277,117,180
202,277,109,180
202,277,100,180
200,277,102,180
198,277,104,180
196,277,106,180
194,277,107,180
189,279,121,183
184,280,135,186
180,281,148,189
184,281,143,189
189,281,138,189
194,281,133,189
199,281,128,189
204,281,123,189
209,281,119,189
213,283,110,189
217,285,102,189
220,287,94,189
224,289,85,189
228,289,81,189
231,289,78,189
235,289,74,189
236,287,74,189
238,286,74,189
239,284,74,189
241,283,74,189
243,282,77,189
245,281,81,189
247,280,84,189
250,279,87,189
252,277,91,189
250,279,101,186
248,281,112,182
246,283,123,179
244,285,133,176
257,285,125,176
269,285,116,176
282,285,107,176
294,285,98,176
296,287,105,174
298,289,111,172
300,290,118,170
302,292,124,169
305,292,123,169
307,291,122,169
310,291,121,169
313,290,120,169
326,290,118,169
339,289,115,169
352,289,112,169
365,289,109,169
372,288,109,169
380,287,109,169
387,286,109,169
394,285,109,169
399,288,109,169
404,291,109,169
408,295,109,169
413,298,109,169
418,296,105,169
422,295,101,169
427,294,97,169
431,292,93,169
433,291,91,169
435,289,90,169
437,288,88,169
439,286,87,169
441,285,85,169
441,285,85,169
441,285,85,169
441,285,84,169
442,285,84,169
442,285,84,169
442,285,84,169
442,285,84,169
443,285,83,169
443,285,83,169
443,285,83,169
443,285,83,169
444,285,82,169
444,285,82,169
444,285,82,169
444,285,82,169
445,285,81,169
445,285,81,169
445,285,81,169
445,285,81,169
446,285,80,169
446,285,80,169
446,285,80,169
446,285,80,169
446,285,81,169
446,285,83,169
446,285,85,169
446,285,86,169
446,285,88,169
446,285,90,169
446,285,92,169
446,285,93,169
446,285,95,169
446,285,97,169
446,285,98,169
446,285,100,169
446,285,102,169
448,285,100,169
450,285,99,169
451,285,97,169
453,285,95,169
454,285,94,169
456,285,92,169
458,285,90,169
459,285,89,169
461,285,87,169
469,286,82,169
476,287,77,169
480,289,76,169
484,290,76,169
487,291,75,169
491,292,74,169
493,290,74,169
494,289,74,169
496,287,74,169
498,285,74,169
498,285,74,169
498,285,74,169
498,285,75,169
498,285,75,169
498,285,75,169
498,285,75,169
498,285,75,169
498,285,75,169
498,285,75,169
498,285,76,169
498,285,76,169
498,285,76,169
498,285,76,169
498,285,76,169
498,285,76,169
498,285,76,169
498,285,77,169
498,285,77,169
498,285,77,169
498,285,77,169
498,285,77,169
498,285,77,169
498,285,77,169
498,285,78,169
498,285,78,169
498,285,78,169
498,285,84,169
498,285,91,169
498,285,97,169
498,285,104,169
500,285,104,169
502,285,105,169
504,285,105,169
506,285,106,169
507,285,106,169
509,285,107,169
511,285,107,169
515,285,106,169
520,285,105,169
524,285,104,169
528,285,103,169
532,285,102,169
536,285,101,169
541,285,100,169
542,285,99,169
543,285,97,169
545,285,96,169
546,285,95,169
547,285,93,169
549,285,92,169
550,285,91,169
552,285,89,169
553,285,88,169
555,285,86,169
556,285,85,169
558,285,83,169
559,285,81,169
559,285,81,169
559,285,81,170
559,285,81,171
559,285,81,171
559,285,81,172
559,285,81,173
559,285,81,173
559,285,81,174
560,285,82,174
561,285,82,173
562,285,82,173
563,285,83,172
564,286,83,172
565,286,83,172
566,286,84,171
567,286,84,171
568,286,84,170
568,286,84,170
569,287,85,169
570,287,85,169
571,287,85,169
572,287,86,168
573,287,86,168
574,287,86,167
575,288,87,167
576,288,87,167
577,288,87,166
578,288,90,166
579,288,92,165
580,289,94,165
581,288,93,166
583,287,91,166
584,286,90,167
586,286,88,168
588,285,86,168
589,284,85,169
591,284,83,170
593,283,81,170
597,283,80,169
602,284,78,168
607,284,76,167
612,284,74,165
617,284,72,164
622,285,70,163
624,285,72,164
626,285,74,165
628,285,76,166
630,285,78,167
631,285,78,167
633,285,78,167
634,285,78,167
636,285,78,167
637,285,78,167
642,285,76,166
647,286,74,166
651,286,72,166
656,286,70,165
661,287,69,165
662,287,69,164
664,287,70,164
665,287,71,163
666,287,72,163
668,287,72,162
669,287,73,162
670,287,74,161
672,287,74,161
673,287,74,161
675,287,74,161
676,287,74,161
676,287,74,161
676,288,74,161
676,288,74,161
676,289,74,161
678,289,72,161
680,289,70,161
681,289,69,161
683,289,67,161
684,289,67,161
684,289,68,161
684,289,68,162
684,289,68,162
685,289,69,162
685,289,69,162
685,289,70,162
686,289,70,162
686,289,71,162
686,289,71,163
686,289,71,163
687,289,72,163
687,289,72,163
687,289,73,163
687,289,73,162
687,289,73,162
687,289,74,162
687,289,74,161
687,289,74,161
687,289,75,161
687,289,75,160
687,290,75,160
687,290,76,160
687,290,76,159
687,290,76,159
687,290,77,158
687,290,77,158
687,290,77,158
687,290,78,157
