568,336,31,75
568,333,31,74
567,332,32,74
565,331,36,70
565,329,36,67
568,326,39,68
567,322,45,74
573,322,40,69
576,317,39,73
583,314,36,71
584,306,36,76
576,301,37,70
578,293,36,71
580,287,39,71
581,282,36,69
581,276,34,67
578,268,39,69
576,265,40,75
583,264,34,73
576,259,28,71
573,256,32,63
568,252,36,73
547,249,31,68
547,244,29,66
542,241,31,67
542,236,29,70
542,234,24,69
537,231,29,69
533,240,29,65
516,238,28,65
508,246,28,60
505,243,29,59
512,244,31,59
505,239,40,66
526,244,24,58
525,239,36,70
529,237,28,73
534,233,28,73
547,237,26,73
552,233,28,74
555,240,26,73
559,241,26,73
557,242,26,73
559,237,26,73
559,238,24,73
554,240,24,73
555,237,24,73
552,237,24,71
554,239,24,73
552,236,24,71
552,237,24,73
550,238,24,73
550,236,26,73
552,237,32,77
549,233,37,75
549,235,40,74
549,235,42,77
549,233,42,76
549,230,47,77
550,230,50,73
554,229,47,75
549,229,53,71
550,228,55,74
550,229,40,75
549,229,52,71
552,228,47,70
555,224,49,79
557,226,50,76
562,227,42,76
563,226,36,65
565,226,28,70
563,227,28,70
575,227,28,70
571,224,28,70
573,226,24,71
573,223,24,70
576,224,24,68
573,229,24,68
571,229,24,70
568,229,24,70
567,227,24,70
568,229,26,71
525,234,26,74
521,235,26,70
520,239,26,70
515,237,26,70
508,239,24,70
502,240,24,71
497,240,24,69
484,236,40,81
476,242,45,82
474,241,47,81
473,242,44,77
468,244,55,82
468,240,49,85
466,245,45,83
460,242,49,85
450,246,52,84
453,249,45,80
448,249,50,86
450,249,52,84
445,253,55,79
444,255,52,78
437,256,53,77
439,255,49,83
434,253,47,93
432,256,42,85
427,255,45,86
423,256,45,96
416,262,49,84
414,263,39,91
405,266,45,89
401,271,40,84
384,269,49,91
380,271,37,82
369,274,40,83
366,278,39,84
359,278,40,84
351,280,44,87
346,280,39,91
342,280,40,87
337,280,47,92
342,280,42,94
342,279,44,90
338,280,45,99
342,279,47,94
346,276,47,94
350,278,40,93
351,277,42,91
348,280,47,93
350,279,44,93
348,279,44,94
351,281,50,95
355,279,47,97
350,277,50,101
353,275,52,97
353,276,52,100
355,285,50,93
350,279,53,95
346,279,50,90
346,272,49,91
350,286,44,82
346,289,42,77
345,286,49,75
343,292,52,79
346,280,45,94
340,284,45,97
346,282,47,111
343,280,58,111
343,283,52,112
345,282,55,104
340,283,57,103
337,279,63,117
338,283,63,112
337,283,58,106
338,280,57,106
342,278,62,105
340,280,70,105
343,279,57,106
346,293,45,93
345,281,60,118
346,284,60,105
343,283,63,106
348,280,65,106
351,280,60,106
350,285,58,105
350,276,60,111
351,281,55,109
351,283,49,101
350,279,60,106
345,274,62,111
348,282,57,104
348,282,63,102
348,284,53,99
345,287,68,101
345,284,63,102
340,285,50,99
342,279,53,106
335,276,52,111
337,274,47,99
327,282,57,101
329,275,45,106
319,268,50,105
309,274,53,104
311,285,53,107
303,280,63,107
306,286,55,108
301,279,57,112
290,281,55,105
282,276,57,112
274,274,65,117
261,280,60,114
256,277,63,117
249,282,62,110
240,281,58,124
227,278,62,124
209,282,63,134
186,284,70,145
173,281,70,132
165,286,66,120
165,281,58,123
167,288,62,123
170,291,62,120
176,290,60,115
173,296,73,106
176,298,73,109
183,295,70,112
193,292,65,109
206,292,53,105
207,292,68,106
220,292,50,106
222,288,53,110
222,288,53,106
227,286,53,106
227,284,50,104
233,283,44,103
228,283,49,104
233,286,45,100
225,286,55,102
232,291,53,103
232,296,55,102
241,299,50,105
240,302,55,102
243,310,57,103
246,314,53,105
246,323,57,106
249,324,58,106
253,330,58,102
261,328,52,108
262,330,53,110
267,337,52,101
265,332,63,107
265,328,66,105
272,321,58,112
275,318,58,111
280,312,58,113
287,311,55,110
291,305,57,115
296,306,57,108
303,306,55,106
306,303,57,111
316,304,53,112
322,309,55,107
329,309,55,109
337,309,53,109
345,307,58,111
356,307,57,113
363,304,58,115
372,306,60,109
379,305,60,111
389,303,52,109
395,303,52,109
403,304,58,113
408,303,62,113
423,303,50,112
424,302,62,109
429,302,58,108
437,303,58,109
435,303,65,110
437,300,65,114
435,300,68,110
437,303,73,111
437,302,68,110
437,299,65,115
437,301,65,115
439,302,62,115
439,305,62,112
439,305,60,115
439,305,63,115
439,305,63,115
442,304,55,114
442,305,65,115
442,305,60,119
437,307,62,121
434,313,65,117
437,312,60,121
439,311,60,121
439,309,58,124
437,313,58,119
440,313,55,120
439,315,58,117
439,315,65,116
440,315,60,120
439,316,58,118
437,317,58,119
440,319,55,118
439,316,58,121
442,318,50,118
437,318,55,122
437,318,57,123
437,323,60,121
442,323,55,121
444,322,55,121
445,325,55,124
445,328,52,121
442,328,58,122
444,327,57,124
447,328,55,122
445,327,58,125
442,327,57,127
439,327,58,129
439,331,63,123
437,324,57,132
437,330,55,124
437,331,55,124
434,330,58,126
431,331,62,128
431,331,60,132
432,335,55,125
432,336,62,129
435,337,58,127
437,337,53,131
431,338,55,131
429,343,53,128
426,343,55,127
424,345,55,128
424,346,57,126
426,346,58,128
424,349,62,131
426,349,55,130
424,352,57,127
426,352,62,130
426,352,57,133
426,350,58,135
426,353,58,132
426,353,58,131
423,355,63,135
423,354,62,133
421,352,65,137
419,353,68,135
423,352,65,137
421,353,71,137
419,355,66,137
421,362,66,130
419,359,71,135
421,359,70,135
424,362,65,132
424,358,68,136
424,356,66,137
427,355,65,136
426,352,68,135
421,350,65,137
418,346,62,138
413,348,63,139
414,346,57,138
410,348,65,137
413,346,52,141
410,351,57,140
406,354,60,138
406,352,62,142
398,355,65,139
397,356,65,141
397,359,62,136
392,357,62,141
390,356,65,140
392,356,63,142
390,351,60,146
390,355,62,142
390,355,66,142
390,354,66,144
393,358,63,144
395,362,65,141
392,361,71,144
395,361,70,150
397,362,68,147
400,365,70,147
403,370,65,144
401,368,63,150
401,370,68,147
400,367,66,149
397,369,63,146
397,371,65,144
393,365,70,151
390,368,68,152
387,367,68,151
389,367,66,153
384,369,70,150
380,366,74,153
379,367,78,152
379,365,68,160
387,365,62,160
382,366,68,159
385,366,68,162
380,367,62,161
384,369,63,156
376,367,70,163
376,367,71,164
371,367,79,162
372,370,71,160
369,369,74,160
374,367,68,166
377,368,65,165
376,371,66,162
376,370,74,163
372,371,76,163
377,371,71,164
376,369,71,165
371,369,78,167
372,366,76,167
363,366,83,171
367,368,79,170
371,369,74,170
358,368,83,171
364,371,78,167
363,370,74,171
358,369,86,171
355,369,83,173
351,370,79,174
351,368,83,177
350,369,83,178
350,369,78,179
350,372,78,174
346,366,79,181
345,368,83,183
345,367,81,183
346,367,81,182
348,368,87,180
346,370,87,183
346,371,89,183
345,373,96,184
342,375,91,185
342,374,89,184
340,374,92,187
337,372,96,188
337,372,91,189
333,369,92,192
332,368,91,191
327,368,96,191
325,369,86,192
329,364,84,198
322,364,84,194
324,358,83,198
321,356,86,198
316,355,89,196
314,349,91,204
316,346,87,200
308,340,102,200
316,333,87,204
309,322,96,208
314,315,94,207
321,308,87,208
321,301,99,206
333,295,83,209
330,288,96,209
335,283,92,205
337,275,99,207
340,268,99,207
335,260,110,210
346,251,97,211
350,242,100,212
355,237,102,213
363,228,94,221
367,226,94,220
364,223,96,219
372,220,92,222
377,218,97,221
376,217,102,221
376,217,110,222
376,215,117,223
374,215,126,224
382,214,117,229
376,212,128,232
372,211,130,234
371,208,123,238
369,209,115,236
366,207,110,238
364,210,102,235
359,208,99,237
351,208,104,241
350,207,100,243
338,207,115,239
330,210,121,239
327,209,120,242
317,212,125,240
311,214,123,240
303,207,125,249
288,207,126,252
283,207,110,253
267,209,108,255
257,211,113,253
241,215,120,255
232,219,120,253
194,229,146,249
162,233,172,254
136,235,180,255
123,233,180,262
115,234,165,265
89,234,172,269
79,234,170,270
60,232,167,272
42,231,159,275
28,230,142,276
15,231,136,276
3,231,126,282
