440,297,28,34
442,298,28,37
442,301,26,33
440,301,26,33
440,301,26,33
440,299,28,36
440,297,28,40
440,300,31,35
440,300,31,37
440,300,28,36
442,300,29,36
444,297,31,38
444,297,29,35
445,296,32,37
448,295,31,36
452,294,29,36
453,294,31,35
457,293,28,36
455,292,29,35
457,290,28,37
455,289,29,37
457,286,26,37
457,285,28,36
457,285,29,37
458,285,29,37
460,285,29,35
461,284,29,35
463,280,28,42
465,281,32,38
466,283,31,37
468,283,31,37
469,282,31,38
473,280,28,38
474,277,31,41
474,279,32,40
476,278,28,39
474,277,31,40
474,276,29,42
473,279,28,40
468,277,32,41
468,278,28,39
465,278,26,40
460,281,32,39
460,278,29,43
458,279,28,34
457,280,28,34
455,278,28,41
453,279,28,40
452,280,28,39
452,281,28,39
448,280,31,41
447,280,32,39
445,280,34,40
450,280,28,39
450,279,28,41
447,280,34,38
448,281,29,37
448,279,29,37
445,278,29,37
444,279,29,36
442,278,29,36
437,277,29,35
431,275,31,39
427,273,28,41
419,272,32,41
416,271,36,40
413,273,32,40
411,275,29,38
401,276,28,35
397,277,28,34
389,278,28,34
384,277,28,35
377,278,28,35
372,278,29,35
369,278,29,35
366,276,28,36
364,275,29,36
359,275,28,36
356,276,29,36
355,275,31,38
356,273,28,37
355,276,28,35
356,277,28,35
356,276,28,34
358,277,28,35
359,276,31,37
363,279,28,35
367,277,29,37
371,278,31,35
376,280,28,35
379,283,28,31
385,281,28,34
387,282,28,34
393,279,28,34
392,281,28,35
397,280,28,35
398,281,28,35
416,280,28,32
416,280,29,33
418,281,28,33
419,281,28,33
419,281,28,32
423,281,29,33
426,281,28,34
426,281,28,34
427,279,28,34
427,280,28,34
427,279,28,34
427,278,29,36
426,278,31,35
429,277,26,35
429,277,28,35
429,279,34,34
435,279,28,34
435,278,34,34
442,277,29,37
444,278,28,35
447,276,28,34
447,277,32,35
448,277,29,34
448,276,31,34
448,276,32,33
448,275,32,34
452,274,28,34
452,274,28,33
455,275,28,33
455,273,29,37
457,275,29,33
457,272,31,34
460,271,29,34
460,274,29,33
461,269,29,35
461,276,28,36
461,275,29,37
463,277,31,37
465,275,31,38
466,276,31,38
463,278,31,39
465,276,31,39
461,277,31,40
461,278,31,39
457,278,31,40
457,280,32,40
455,279,32,40
453,280,34,36
452,278,34,38
452,278,32,40
445,279,34,39
440,279,32,41
431,281,32,40
427,279,36,41
426,280,31,40
418,277,31,40
418,276,31,39
414,279,32,39
411,279,31,40
408,279,31,39
401,280,32,37
401,279,31,38
397,279,37,40
395,280,34,38
390,280,34,39
387,279,37,40
387,277,32,41
384,277,34,38
384,277,39,40
382,276,34,41
377,276,31,39
372,274,36,43
367,273,34,40
367,271,31,45
364,273,31,39
359,275,31,38
358,274,32,37
358,274,32,38
358,272,31,46
355,270,31,42
356,272,29,39
355,268,31,43
355,273,31,37
353,273,31,36
353,272,31,38
351,271,32,41
355,274,28,38
353,275,26,38
351,275,26,37
351,276,24,36
350,275,24,38
351,278,26,36
348,277,28,37
351,278,26,37
351,277,24,39
350,276,24,39
350,279,24,40
343,274,24,40
346,276,26,40
350,276,26,40
350,277,26,40
353,277,26,38
346,279,28,37
350,277,28,37
353,281,28,36
351,281,28,35
353,279,28,35
353,280,29,36
356,276,28,38
358,281,31,37
353,277,31,38
353,275,31,39
355,273,31,39
359,273,31,39
353,273,31,40
355,270,31,39
353,270,31,40
377,273,31,39
377,272,31,40
384,272,28,40
384,273,28,39
380,270,31,41
384,270,28,40
382,269,28,40
382,270,29,41
380,270,28,40
382,271,28,39
382,270,31,40
385,271,31,37
387,270,29,38
385,272,31,37
387,272,31,38
387,272,31,38
389,273,31,37
389,271,31,37
389,273,31,38
389,271,31,38
389,273,31,37
389,271,31,38
389,271,31,36
387,271,31,36
385,272,32,36
387,272,31,36
387,271,31,36
387,273,29,35
387,273,29,36
387,275,28,35
387,275,29,36
389,274,29,38
389,274,28,37
389,275,28,36
389,276,28,35
389,276,28,34
390,276,28,35
390,276,28,35
390,277,28,34
390,278,29,35
390,277,29,35
390,277,31,35
393,277,28,34
395,278,28,34
398,279,28,33
400,274,29,38
401,276,29,39
405,274,31,36
408,273,28,38
413,272,29,34
416,272,29,35
419,272,36,37
427,272,28,34
432,273,31,33
439,273,34,35
440,272,34,37
444,273,32,35
445,276,31,32
450,278,28,32
457,278,31,33
458,277,32,34
461,277,29,34
473,275,28,36
463,277,29,36
465,277,29,34
465,277,28,34
465,277,26,35
465,278,26,33
466,279,26,33
466,280,26,32
466,280,26,33
468,281,26,31
471,279,26,34
474,277,26,34
473,275,28,33
478,274,28,32
479,273,28,32
481,273,28,32
484,275,28,31
484,274,24,31
482,274,28,32
484,275,24,33
487,275,24,33
484,276,26,34
486,274,28,34
489,273,29,35
489,275,29,36
492,276,31,34
508,280,24,39
520,283,24,38
525,283,24,37
529,284,28,33
537,283,29,32
542,281,32,33
560,281,28,33
559,280,32,34
562,279,29,35
565,280,29,35
567,284,29,32
568,284,28,37
571,286,26,39
571,289,29,37
576,287,28,37
576,289,29,36
576,290,32,36
580,289,32,36
580,288,28,38
581,288,28,37
581,288,28,36
583,286,24,36
583,285,24,37
584,284,24,37
584,286,28,38
584,285,24,38
584,288,28,34
586,291,24,33
586,293,29,36
588,296,29,36
591,302,26,34
614,301,31,38
617,303,31,38
628,306,31,38
635,309,29,37
636,309,34,39
648,310,29,38
652,311,28,36
654,309,28,36
654,307,32,40
659,308,34,38
662,308,34,36
664,309,34,35
665,310,32,33
667,308,34,37
669,309,31,34
669,308,34,35
673,307,32,35
673,309,31,36
675,307,32,38
