70,173,43,73
74,172,46,74
76,172,46,71
77,173,44,68
79,173,46,69
81,172,45,69
81,172,47,66
81,171,44,66
83,169,45,72
84,172,43,65
83,171,44,66
83,171,46,66
85,172,44,64
86,169,40,67
86,169,37,68
86,168,36,67
82,167,37,71
85,170,33,65
80,167,40,70
82,167,37,69
83,168,35,67
85,166,35,70
86,167,34,66
88,167,35,66
88,167,35,66
85,165,35,66
85,164,35,68
84,165,35,66
82,166,38,63
83,163,38,66
82,164,38,67
84,161,36,66
86,163,38,65
84,166,38,62
84,164,39,63
85,163,37,63
85,161,37,67
84,160,39,70
85,160,40,65
85,160,41,65
87,159,38,66
86,161,43,64
90,158,40,64
95,159,38,65
99,157,36,66
102,157,39,68
103,160,43,63
109,159,44,64
113,161,45,61
115,159,43,61
118,159,39,61
122,160,40,58
124,161,43,60
130,161,41,59
142,157,34,61
143,158,34,59
140,158,39,60
150,150,38,65
162,150,41,60
163,148,40,61
165,149,44,61
171,146,40,60
172,147,40,59
177,142,38,56
190,139,37,55
199,139,39,54
199,139,39,56
209,140,35,51
214,142,35,51
206,141,37,55
213,143,38,58
213,143,37,53
211,146,37,50
213,151,33,53
219,145,37,56
229,130,31,55
232,111,38,68
237,98,35,59
248,81,36,61
253,61,36,58
256,32,35,56
268,44,34,55
211,29,41,70
216,31,43,74
267,34,30,50
270,34,32,56
279,33,26,61
282,34,28,60
283,33,31,55
288,33,26,52
294,34,29,50
300,34,26,50
302,34,26,52
308,33,23,50
311,33,23,54
313,32,24,54
318,33,27,51
321,34,23,52
327,32,24,60
326,33,34,58
329,30,34,61
332,31,33,58
337,29,31,59
338,30,33,61
345,29,29,62
348,31,32,57
352,31,29,60
352,30,33,53
359,29,30,57
360,29,31,59
365,29,31,56
364,31,35,56
367,29,30,56
371,29,31,59
371,30,30,56
378,28,28,63
383,29,28,55
385,29,26,61
387,29,29,57
388,29,32,59
397,27,26,56
398,28,29,56
401,28,33,57
402,29,32,54
410,28,30,56
413,27,29,58
415,25,26,61
417,26,30,54
420,27,28,53
412,24,33,61
387,24,33,61
366,25,29,58
343,24,24,59
313,24,33,55
293,24,32,55
268,24,27,56
238,25,31,53
214,24,28,56
194,22,33,60
160,26,30,65
137,24,31,56
128,19,36,62
133,19,31,61
137,24,27,55
132,22,32,45
134,24,24,43
134,24,27,45
135,24,26,49
134,25,27,49
135,25,28,41
136,27,27,40
137,25,28,41
135,26,29,41
143,26,23,40
145,24,20,39
145,25,22,38
146,23,22,42
146,24,22,39
145,24,23,36
146,23,22,37
144,23,24,37
144,25,24,40
145,24,26,41
144,24,26,42
146,24,24,44
144,24,27,42
147,22,22,40
146,22,24,37
147,21,22,40
147,23,23,34
145,22,28,41
146,24,27,38
145,23,26,41
147,21,23,41
147,20,22,41
145,21,27,43
147,19,24,42
146,21,27,42
147,20,24,42
148,20,21,41
147,19,22,40
148,19,23,45
148,19,23,45
146,19,27,38
148,19,22,40
145,19,27,39
148,19,23,40
149,19,23,40
148,19,22,36
150,19,23,39
150,18,23,43
150,18,24,40
152,19,23,40
151,18,24,39
155,18,21,35
155,19,22,37
155,16,20,39
156,16,24,40
157,17,23,37
161,16,20,34
161,16,23,37
159,16,26,37
159,18,26,35
160,15,24,40
160,17,29,38
163,15,21,39
164,14,23,36
163,14,23,36
165,14,22,35
167,13,21,34
165,15,27,36
167,14,21,34
166,14,26,33
167,14,26,31
167,12,28,34
170,9,24,39
170,9,27,39
170,11,26,35
170,11,24,36
170,11,26,34
172,10,26,38
172,11,21,39
173,9,20,40
173,13,26,35
175,11,22,38
173,12,26,36
173,13,26,36
173,12,23,36
177,13,23,34
179,13,21,34
179,9,21,39
177,12,23,34
178,9,22,34
177,12,26,35
177,11,20,37
177,10,24,34
177,8,24,36
181,12,21,34
183,10,21,35
181,12,23,37
183,13,20,34
182,10,21,34
183,9,23,38
184,8,23,37
183,8,26,38
186,7,26,40
185,8,24,41
187,8,26,36
188,8,24,38
192,8,21,36
192,7,20,40
190,7,20,42
190,8,23,42
190,6,22,40
189,8,24,38
192,5,23,42
190,7,23,41
193,8,24,41
192,8,26,40
193,6,22,41
194,7,22,38
194,7,23,40
196,8,19,38
193,6,23,40
194,6,26,41
194,5,24,40
197,6,19,42
197,3,21,44
197,6,24,42
195,4,27,40
197,3,24,45
197,4,22,42
