411,200,35,74
413,201,35,74
417,201,35,75
418,201,36,76
421,200,35,76
425,190,35,76
425,200,35,75
425,200,35,75
429,195,35,75
431,195,36,76
434,196,36,74
437,195,37,76
439,192,37,77
441,196,36,78
443,195,37,77
447,195,36,79
452,195,37,78
453,194,38,79
454,195,38,79
455,193,37,78
456,194,39,82
460,195,36,78
463,195,36,76
464,194,37,79
467,193,38,79
472,192,37,80
475,190,37,79
475,198,37,78
480,188,35,81
482,193,37,79
492,195,37,80
494,193,37,78
481,185,37,78
479,189,37,78
489,189,36,78
501,195,36,78
502,203,37,79
502,203,37,79
510,202,37,79
512,202,36,77
515,198,37,78
518,205,37,78
524,202,37,78
524,200,37,80
524,200,37,80
529,199,37,79
528,205,38,80
532,204,38,81
532,204,38,81
534,196,39,82
535,204,39,83
539,196,38,87
544,203,39,83
544,203,39,83
535,202,40,86
527,200,41,86
505,205,41,87
505,205,41,87
489,203,40,86
460,209,40,86
453,208,40,86
435,212,41,86
422,207,41,86
408,213,41,87
396,213,37,80
382,214,37,78
364,213,36,79
341,217,40,85
331,213,40,82
330,215,41,71
333,219,43,77
337,215,40,77
342,217,41,76
348,214,41,77
348,218,40,80
354,212,40,78
358,213,40,79
360,212,39,80
361,209,39,83
365,212,39,80
369,213,39,77
373,212,38,79
373,215,38,79