266,249,20,69
266,248,20,71
266,246,21,73
267,245,21,75
266,245,23,75
265,245,24,75
263,245,26,75
262,245,28,75
263,245,28,75
263,245,28,75
263,245,28,75
263,245,28,74
263,245,27,74
263,245,27,74
263,245,27,73
263,245,27,73
262,245,27,73
260,245,29,73
257,245,30,73
255,245,32,73
256,245,30,73
258,245,29,73
260,245,27,73
262,245,25,73
262,245,26,73
262,245,26,73
261,245,26,73
261,245,27,73
260,245,27,73
258,245,28,73
256,245,29,73
255,245,30,73
255,245,29,72
256,245,28,71
257,245,27,70
258,245,27,69
257,245,26,69
257,245,25,69
256,245,24,69
256,245,23,69
255,245,24,69
255,245,24,69
254,245,24,69
253,245,24,69
253,245,24,69
252,245,24,69
251,245,24,69
250,245,23,69
250,245,23,69
249,245,23,69
248,245,22,69
248,245,22,69
246,245,23,69
245,245,24,69
244,245,25,69
242,245,25,69
240,245,27,70
238,245,28,71
237,245,30,72
235,245,31,73
233,244,31,74
232,242,31,76
231,241,32,77
229,240,32,78
228,238,32,80
226,238,33,80
225,238,33,80
223,238,33,80
222,238,34,80
220,238,34,80
220,238,34,80
220,238,33,80
220,238,32,80
219,238,32,80
219,238,31,80
219,238,30,80
218,238,29,80
218,238,28,80
217,238,27,80
217,238,27,80
215,238,27,80
212,238,28,80
210,238,29,80
208,238,29,80
206,238,30,80
205,239,30,80
204,240,30,80
203,241,30,80
202,242,30,80
201,241,30,81
199,240,29,82
198,239,29,83
196,238,29,84
195,237,29,85
192,237,31,85
190,238,32,85
188,238,34,85
186,238,36,84
184,238,38,84
184,237,36,85
184,237,35,86
184,236,34,87
184,235,32,88
185,234,31,89
184,234,30,89
184,234,29,89
183,234,28,89
183,234,27,89
182,234,25,89
180,234,27,89
177,234,29,89
176,234,29,89
174,234,29,89
173,234,29,89
172,234,29,89
170,234,29,89
170,233,29,90
170,232,28,92
170,231,28,93
170,230,28,95
170,229,28,96
167,229,30,96
164,229,32,96
161,229,34,96
158,229,37,96
159,229,35,96
160,229,34,96
161,229,33,96
161,229,32,96
162,229,31,97
162,229,30,97
162,229,29,97
163,229,28,98
163,229,28,98
163,229,28,98
163,229,28,98
163,229,28,98
163,229,28,98
162,229,28,98
161,229,29,98
160,229,29,98
159,229,30,98
159,228,29,99
159,227,28,100
159,226,27,101
159,225,27,102
158,225,28,102
157,225,28,102
156,225,29,102
156,225,30,102
155,225,31,102
154,225,32,102
156,225,32,102
159,225,32,102
161,225,31,102
164,225,31,102
174,225,31,102
184,226,31,102
194,226,31,102
192,226,31,103
190,226,31,104
188,226,31,105
189,226,30,105
190,226,29,105
189,235,33,100
194,237,29,98
194,243,29,99
194,248,29,101
194,253,29,103
194,253,28,103
194,253,27,103
194,253,25,103
192,253,27,103
191,253,29,102
189,254,31,102
183,255,34,99
177,257,38,96
170,258,41,93
166,258,43,97
163,258,44,101
163,259,43,100
163,259,42,100
163,260,41,99
164,260,40,99
164,260,38,99
165,260,35,100
166,260,33,101
166,262,33,101
166,264,32,102
162,265,36,102
158,266,40,102
154,267,44,102
157,268,42,103
160,268,40,104
163,269,39,104
166,269,37,105
166,269,35,105
166,269,34,105
166,269,32,105
166,270,32,103
166,270,32,101
164,270,35,102
161,270,38,102
159,269,41,103
157,269,45,104
155,268,48,104
156,268,45,104
157,268,43,104
158,268,40,104
159,268,38,104
160,268,35,104
159,268,35,104
158,268,35,104
157,268,35,103
156,268,34,103
152,268,38,103
148,268,42,103
143,268,46,103
139,268,50,103
139,268,48,103
139,268,45,103
138,268,43,103
137,268,42,103
135,268,41,103
133,268,39,103
132,268,38,103
130,268,37,103
125,268,42,103
120,268,47,103
115,268,52,103
115,268,50,103
112,268,52,103
113,268,50,103
115,268,49,103
118,268,45,103
120,268,43,103
120,268,40,103
120,268,39,103
120,268,37,103
120,268,31,103
119,268,33,103
117,268,34,103
112,268,40,103
106,268,45,103
104,268,48,103
102,268,50,103
107,268,45,103
112,268,40,103
113,268,39,103
115,268,37,103
117,268,34,103
117,268,34,103
117,268,34,103
117,268,34,103
115,266,37,105
113,264,39,108
108,263,44,108
103,263,49,109
105,263,50,109
107,263,51,109
109,263,52,109
112,263,49,109
115,263,45,109
118,263,42,109
118,263,38,109
118,263,35,109
118,263,31,109
115,263,34,109
113,263,37,109
106,263,43,109
99,263,50,109
93,263,57,109
95,263,53,109
98,263,49,109
100,263,45,109
100,263,42,109
100,263,38,109
100,263,34,109
99,263,35,109
97,263,36,109
96,263,37,110
92,264,41,109
89,265,45,108
85,266,50,106
85,266,50,106
86,266,49,106
86,266,49,106
90,264,48,109
95,262,47,111
99,259,45,113
99,259,41,113
99,259,36,113
99,259,31,113
94,259,35,113
89,259,40,113
84,259,44,113
82,260,47,112
79,261,49,112
77,262,51,111
79,262,49,111
80,262,47,111
82,262,45,111
82,262,42,111
82,262,39,111
82,262,36,111
82,262,33,111
79,262,34,111
77,262,35,111
68,260,44,112
64,260,50,112
61,260,55,112
62,260,55,112
64,260,55,112
67,260,53,112
71,260,51,112
74,260,49,112
76,260,46,112
78,260,43,112
79,260,40,112
80,260,39,112
81,260,38,112
82,260,38,112
82,260,44,112
83,260,50,112
84,260,55,112
90,260,54,112
97,260,52,112
104,260,50,112
107,260,48,112
110,260,47,112
113,260,47,112
116,260,48,112
118,260,49,112
118,259,49,114
118,257,49,116
118,255,49,118
119,255,50,116
119,254,51,115
119,254,52,113
119,252,57,113
118,249,61,113
125,248,57,115
133,246,52,116
136,246,48,116
139,246,44,116
141,246,40,116
140,245,39,116
139,245,38,116
138,244,37,116
142,245,38,115
146,246,39,114
144,247,47,113
144,247,57,113
156,247,57,113
165,242,54,116
175,237,51,120
176,237,47,120
178,237,42,120
178,237,38,120
178,237,35,120
178,237,31,120
175,237,33,120
171,237,35,120
168,237,38,120
165,237,41,120
161,237,44,120
158,237,48,120
153,237,52,120
147,237,57,120
147,237,54,120
147,237,51,120
147,237,48,120
144,238,45,119
141,239,42,119
138,239,39,119
136,239,39,119
134,239,39,119
131,239,39,119
132,241,38,119
132,242,38,119
133,243,38,119
132,243,39,119
132,243,40,119
131,243,41,119
131,243,39,119
131,244,37,119
131,245,35,120
131,242,35,122
131,239,34,124
130,236,33,126
124,236,39,126
117,236,44,126
110,236,50,126
107,238,50,125
104,241,51,123
100,243,51,121
102,244,48,121
103,245,45,122
105,246,43,122
106,247,40,123
107,247,39,124
107,247,38,125
108,247,38,126
110,248,39,125
112,249,41,124
114,250,43,123
116,250,44,122
124,250,45,122
133,250,47,122
144,250,45,122
154,250,40,122
165,250,34,122
169,248,35,122
173,246,35,123
175,246,35,123
177,246,35,123
178,246,39,123
179,246,43,123
184,243,44,126
188,239,44,130
192,239,45,125
197,239,45,120
203,239,43,120
209,239,40,120
212,238,37,121
216,237,33,123
215,237,34,123
214,237,35,123
212,237,37,123
210,237,39,123
207,237,42,123
206,236,41,123
206,235,41,123
206,234,40,123
206,234,40,123
206,234,40,123
206,234,40,123
212,234,35,123
218,234,30,123
218,234,31,123
217,234,33,123
217,234,34,123
215,234,39,123
213,234,44,123
211,234,49,123
215,233,45,121
219,233,41,119
222,233,38,118
225,233,37,118
227,233,35,118
229,233,34,118
228,233,34,119
228,233,34,120
227,233,33,122
222,232,35,121
217,232,38,120
212,232,40,120
210,232,42,119
207,232,44,119
205,233,45,119
203,233,42,120
202,233,40,122
200,234,37,124
199,234,36,127
199,234,35,130
198,234,34,133
194,236,34,131
189,238,34,129
185,241,34,126
184,241,35,130
184,241,37,135
184,241,38,139
188,243,37,138
192,246,35,137
197,249,34,136
199,251,35,136
201,253,36,136
202,255,37,136
199,256,37,136
195,257,37,136
191,258,37,136
188,259,37,136
185,259,38,136
180,259,42,136
175,259,47,136
170,259,52,136
165,259,57,136
166,262,57,136
168,265,58,136
169,267,59,136
168,267,53,136
168,267,47,136
167,267,40,136
166,267,34,136
164,269,38,135
162,272,41,133
160,274,45,132
158,276,49,130
156,278,52,129
154,278,53,129
151,278,54,129
156,278,52,129
161,278,49,129
165,278,45,129
169,278,41,129
173,278,37,129
177,278,33,129
176,276,34,131
175,275,35,133
175,273,35,135
172,273,40,135
170,273,44,135
167,273,49,134
165,274,53,134
170,274,55,134
174,274,57,133
179,274,59,133
185,274,53,133
190,274,48,133
195,274,42,135
200,274,37,136
202,274,40,136
204,274,44,136
206,274,48,136
207,275,54,136
209,275,59,135
210,276,65,134
218,276,61,134
225,276,57,134
232,276,53,134
233,276,51,134
233,276,48,134
234,276,46,134
235,276,43,134
233,276,44,134
232,276,45,134
231,276,47,134
227,276,52,134
222,276,58,134
218,276,64,134
214,276,70,134
215,276,67,134
216,276,65,133
217,276,63,133
218,276,60,132
219,276,58,132
222,274,51,134
226,272,45,136
229,270,39,137
225,270,46,134
222,270,53,131
218,270,60,127
216,270,61,127
215,270,61,127
213,270,62,127
212,270,63,127
210,270,63,127
210,270,61,127
210,270,58,127
210,270,55,127
210,270,53,127
210,270,50,127
206,270,52,125
201,270,55,123
197,270,57,121
192,270,60,119
192,270,59,119
191,270,57,119
190,270,56,119
190,270,55,120
189,270,53,120
190,271,51,119
191,271,50,118
191,272,48,116
191,272,49,116
191,272,50,116
191,272,52,116
191,272,53,116
191,272,54,116
193,272,54,116
195,272,54,116
196,272,53,116
198,272,53,116
199,272,50,116
201,272,47,116
202,272,44,116
204,272,41,116
203,272,40,116
203,272,39,116
203,272,38,116
202,272,37,116
202,273,39,116
201,274,42,115
200,276,45,115
199,277,48,114
198,277,47,114
197,277,47,114
197,277,46,114
196,277,45,114
193,277,43,114
190,277,41,114
187,277,39,114
187,275,42,117
187,272,45,119
187,269,48,122
187,270,48,121
187,271,48,121
187,271,48,120
187,272,48,119
187,273,48,119
187,273,44,116
187,273,41,113
187,270,37,115
187,268,32,118
185,268,32,116
182,268,31,114
180,268,34,114
177,268,37,114
173,265,41,114
168,262,45,114
164,258,50,114
164,255,51,114
164,252,53,114
164,249,54,114
170,249,48,114
177,249,41,114
180,246,38,113
184,243,34,113
187,241,31,112
187,241,33,109
188,242,34,105
188,235,37,108
189,229,40,111
189,223,42,114
195,222,43,111
200,221,43,108
211,221,40,108
222,221,37,109
233,222,33,110
233,218,33,111
233,215,32,113
233,213,32,111
233,212,32,109
233,211,37,109
232,211,42,109
231,211,48,110
235,210,50,108
238,209,51,106
241,208,53,104
250,208,51,106
260,208,48,108
269,208,45,110
273,208,40,110
277,208,35,110
281,208,30,110
286,208,25,110
286,206,28,110
286,203,30,110
286,200,32,110
286,197,34,110
282,198,38,109
278,199,42,108
274,199,45,108
268,195,44,109
262,191,43,110
258,185,40,110
253,180,36,110
249,174,32,110
251,174,32,109
253,173,31,109
255,173,31,109
255,176,35,107
256,180,39,106
257,184,44,104
258,187,48,103
272,193,47,103
287,198,45,103
301,204,44,103
303,204,42,104
304,204,39,105
306,204,36,106
308,204,33,106
305,201,32,107
302,199,31,107
299,196,30,107
296,194,29,108
294,194,32,110
293,194,36,112
292,194,40,114
291,194,43,116
292,200,41,114
293,207,38,111
294,213,35,109
297,216,33,107
300,220,30,106
302,224,28,104
297,228,30,102
291,231,31,100
286,235,33,98
284,233,36,98
282,232,39,98
285,231,40,99
288,231,42,101
291,230,43,103
293,229,44,104
296,229,43,105
299,229,41,105
302,229,39,106
306,229,38,106
307,229,38,105
308,229,38,104
309,228,38,103
338,235,35,103
338,235,31,103
340,235,34,103
342,235,37,103
344,235,37,103
345,235,37,102
343,237,37,102
341,240,37,102
338,239,35,102
343,238,35,102
347,238,31,96
340,238,32,97
333,238,33,98
326,238,33,98
319,237,33,98
316,238,35,94
313,238,37,91
315,237,38,93
317,235,39,94
317,235,37,94
318,235,34,94
318,235,34,98
318,235,34,101
320,235,33,101
322,235,31,101
324,235,30,101
325,235,30,101
327,235,30,101
325,235,34,100
324,235,38,99
322,235,42,98
322,235,42,98
322,235,41,98
322,235,41,99
323,235,39,97
324,235,37,95
325,235,35,93
326,236,35,90
326,237,35,87
327,238,34,84
327,238,29,84
327,238,24,84
323,239,26,84
320,239,28,84
317,239,30,84
313,239,29,84
309,239,29,84
301,239,30,84
294,239,30,84
287,239,31,84
287,239,30,84
287,239,29,84
287,239,29,84
287,239,29,84
287,238,29,84
287,238,26,84
287,238,23,84
286,238,24,84
286,238,24,84
286,238,25,84
286,238,25,84
286,238,25,84
286,238,25,84
286,238,25,84
284,238,25,86
283,238,25,87
282,237,25,89
282,238,25,88
282,238,25,88
282,238,24,88
282,238,24,90
282,238,24,92
282,238,26,93
282,238,27,94
281,238,29,95
281,238,30,95
281,238,31,95
281,238,31,95
281,238,30,95
281,238,30,95
282,238,30,96
282,238,29,96
282,237,29,96
284,237,28,96
286,237,28,96
288,237,27,96
290,237,27,96
290,236,27,96
290,236,27,96
289,237,27,96
289,237,27,96
289,237,27,96
289,237,27,96
289,237,27,96
289,237,27,96
289,237,27,96
291,237,27,96
293,237,27,96
296,237,27,96
297,238,27,96
299,238,27,96
301,239,27,96
303,239,27,96
303,240,27,96
303,240,27,96
303,240,27,96
303,241,27,96
303,241,27,96
303,241,27,96
303,241,27,96
301,242,27,96
298,244,27,96
296,244,27,96
295,244,27,96
294,244,27,96
292,245,27,96
291,245,27,96
291,246,25,94
290,247,24,91
290,248,23,89
291,248,23,89
293,249,23,89
294,249,23,89
295,249,23,89
297,249,23,89
293,249,23,88
290,248,23,87
287,247,23,86
287,247,23,86
287,247,23,86
287,247,23,86
287,247,23,86
287,247,23,86
288,247,24,86
289,248,24,86
290,248,25,86
291,248,25,86
291,248,25,86
291,248,25,86
291,248,25,86
291,248,25,86
291,248,25,86
290,248,25,86
289,248,25,86
289,248,25,86
288,248,25,86
288,248,25,86
288,249,25,86
288,249,25,86
288,250,25,86
288,250,25,86
288,250,25,86
289,250,25,86
289,249,25,86
290,249,25,86
290,248,25,86
290,247,25,86
291,247,25,86
291,246,25,86
291,245,25,86
292,244,25,86
293,243,25,86
294,242,25,86
296,241,25,85
297,240,25,85
298,239,25,85
299,238,25,84
296,236,25,84
292,234,25,84
289,232,25,84
286,231,25,84
284,233,25,84
282,236,25,84
281,239,25,84
279,242,25,84
277,244,25,84
276,247,25,84
