346,187,102,259
345,189,105,261
345,187,107,262
345,187,107,260
346,194,110,254
345,197,115,250
343,205,118,243
345,212,120,237
345,222,120,227
359,220,112,228
377,222,97,227
376,221,102,227
385,222,102,229
395,222,102,227
401,222,107,227
403,222,134,228
403,223,136,226
406,224,138,224
405,225,144,225
406,225,146,226
405,227,154,223
406,228,152,221
424,227,133,224
432,224,133,225
450,225,117,227
474,223,99,226
469,224,104,229
474,223,105,226
479,222,104,232
486,224,123,231
497,225,134,227
502,228,144,222
499,225,149,223
500,226,151,226
510,229,142,220
526,229,131,220
528,228,130,220
542,227,113,224
539,227,112,222
562,229,97,219
573,235,107,213
578,238,104,208
575,240,112,210
580,240,113,209
575,246,159,203
580,252,160,198
580,252,164,196
586,253,157,192
604,250,142,197
615,249,141,199
631,238,136,206
635,233,138,215
644,231,133,219
649,230,133,212
661,229,130,215
675,230,136,218
683,232,128,212
683,235,126,210
685,236,126,209
696,235,115,210
699,231,115,212
706,230,115,215
704,229,118,215
703,227,117,221
706,228,112,219
701,227,113,221
691,227,121,220
690,227,121,224
686,224,125,225
682,225,130,224
673,226,138,223
659,217,139,230
651,212,136,235
639,210,139,238
630,207,131,240
617,204,126,246
610,205,125,247
610,205,125,247
610,209,113,244
610,211,108,242
594,209,121,241
584,210,128,241
570,207,144,245
542,206,168,248
529,205,176,284
513,205,157,288
510,206,149,280
503,205,152,278
497,200,152,286
489,200,133,280
478,199,130,285
442,199,146,286
421,197,168,288
405,200,178,280
393,202,176,281
376,202,157,258
367,201,167,255
372,200,151,255
367,197,138,257
374,199,121,256
366,199,105,257
338,198,126,259
311,200,151,253
299,206,160,248
298,209,162,246
296,213,157,239
291,215,147,240
293,211,134,242
296,213,120,242
295,210,118,245
291,209,120,246
282,202,149,251
282,202,160,254
275,202,176,252
277,199,183,261
259,193,199,260
257,191,207,266
246,190,202,267
244,188,194,266
246,187,181,269
215,184,214,274
186,184,233,270
180,181,233,272
172,181,227,275
170,182,219,274
168,182,212,274
167,183,196,271
167,183,185,274
164,183,188,274
162,184,188,273
162,182,181,273
160,183,149,273
154,181,139,271
149,180,133,275
144,180,134,274
139,184,142,272
133,183,126,272
128,186,126,269
125,187,131,268
118,189,141,264
117,191,151,262
110,191,168,269
104,189,172,267
107,194,170,260
102,193,183,259
104,193,176,262
105,192,164,259
105,192,138,264
107,190,131,262
105,190,131,263
107,188,123,267
104,190,115,262
100,191,120,262
89,188,125,263
87,190,126,263
83,187,125,265
73,189,125,261
76,188,118,266
74,187,115,267
71,188,120,264
65,189,125,263
66,192,117,262
65,187,121,268
62,189,118,265
58,191,123,263
60,189,120,266
55,190,123,263
57,192,123,261
58,191,121,262
57,192,125,261
57,193,123,260
44,193,94,265
50,195,121,259
52,189,120,265
50,194,121,259
49,194,121,259
49,199,117,252
50,196,108,253
47,196,118,254
45,196,125,254
45,196,107,255
44,201,102,253
47,203,107,247
49,189,104,263
