508,392,130,179
505,389,131,184
499,391,133,185
495,393,134,183
484,392,141,184
482,395,142,180
478,392,147,184
469,388,157,187
469,385,151,179
471,383,142,177
478,379,138,179
481,375,130,181
481,376,123,179
484,375,117,183
484,377,110,185
479,378,113,186
473,377,120,189
473,378,115,188
471,378,120,188
468,377,121,192
469,377,123,189
473,373,123,192
469,369,126,197
468,369,123,194
465,364,118,189
460,361,113,189
460,358,107,180
461,359,100,175
458,356,110,174
455,356,112,173
452,357,120,172
444,356,120,166
445,358,128,169
442,358,130,171
435,356,138,173
434,361,136,168
423,363,146,161
424,357,134,163
418,359,131,163
416,358,126,168
418,357,117,166
411,357,110,173
410,359,108,172
408,361,99,175
405,363,99,174
403,367,99,172
400,365,104,177
398,368,102,175
398,367,100,177
392,363,110,179
393,358,104,181
389,359,108,180
385,356,112,180
385,356,105,177
384,354,100,176
382,353,94,174
380,354,92,169
374,350,94,168
374,348,97,168
367,346,102,166
366,345,102,166
363,346,108,163
361,348,108,161
358,350,112,163
355,352,115,162
351,352,118,163
346,351,117,159
348,353,113,157
345,350,113,159
343,350,108,162
343,350,100,163
340,352,99,162
330,351,102,164
329,353,102,163
330,355,96,164
325,354,100,167
322,357,100,167
317,361,104,165
317,359,105,167
317,361,108,168
316,359,108,168
319,363,102,169
311,359,104,171
311,362,99,168
308,358,102,168
312,361,91,167
304,356,97,169
309,361,92,163
298,359,99,161
291,361,100,163
287,363,104,160
287,361,104,160
288,366,105,155
287,367,108,156
288,369,110,154
282,372,115,157
283,377,108,155
282,381,112,154
285,384,108,155
272,396,120,143
270,396,125,143
269,388,120,158
264,400,117,154
256,393,118,158
254,388,107,167
241,386,102,165
230,392,104,166
236,391,91,160
243,379,100,162
259,377,96,159
259,385,92,148
254,393,79,118
230,389,81,121
212,385,84,109
209,383,79,119
214,408,78,79
223,408,76,92
219,409,78,97
227,423,60,88
215,436,68,65
225,426,65,123
214,420,68,121
198,431,97,101
206,438,86,87
212,427,89,92
217,429,76,90
210,435,92,85
209,416,96,102
210,413,83,101
194,385,71,128
191,357,92,173
191,359,84,155
185,350,96,150
188,342,86,155
198,337,81,155
207,337,76,155
196,336,91,154
206,352,89,139
199,348,79,146
199,348,86,146
194,344,99,161
214,363,89,145
212,363,81,151
204,396,108,139
217,415,89,119
201,410,97,133
207,422,76,115
196,423,76,129
188,417,108,126
185,410,71,132
188,401,81,136
185,412,107,134
170,358,115,160
167,344,113,153
167,350,115,146
162,353,120,154
165,349,107,163
155,346,120,159
147,350,123,170
141,348,131,172
168,349,113,170
167,351,110,163
167,344,107,174
170,356,100,160
