11,301,100,110
36,295,97,119
52,291,95,117
66,289,97,118
87,287,94,112
102,285,96,114
119,283,93,114
137,282,88,112
150,277,89,114
168,277,83,111
180,276,77,109
195,273,71,114
209,272,64,108
220,266,56,109
230,266,51,112
239,263,47,106
249,256,45,105
256,261,49,106
266,254,48,104
272,254,47,103
280,252,47,102
284,249,51,100
296,246,41,99
299,246,45,98
306,244,43,98
314,241,41,99
319,241,40,96
322,239,45,99
326,237,47,94
333,233,41,94
336,232,39,93
342,229,38,92
344,229,39,91
348,225,34,93
351,224,33,88
353,221,36,88
354,220,34,88
352,218,38,85
353,216,37,86
354,214,34,84
353,213,36,90
351,210,39,88
351,210,39,88
350,208,36,86
348,208,37,82
346,208,38,82
347,204,37,84
347,204,36,85
347,204,35,82
346,202,34,82
345,201,34,81
342,200,35,82
343,200,35,80
339,198,38,72
341,198,34,73
342,193,33,80
343,191,33,79
339,188,34,79
343,188,34,77
346,188,32,77
346,186,31,73
346,188,34,73
349,186,32,71
349,185,34,72
351,185,32,68
351,184,35,71
353,183,32,71
355,181,28,71
355,179,31,71
353,177,33,69
355,176,31,71
354,174,33,72
355,174,32,71
353,172,33,71
352,170,34,71
353,171,33,71
352,171,33,70
349,167,34,71
348,166,34,72
347,165,36,71
346,167,32,71
346,164,33,71
344,167,33,65
342,168,34,64
339,168,36,61
337,168,40,61
336,166,41,64
335,163,41,62
336,166,39,60
336,166,39,58
333,165,39,59
333,164,39,59
334,162,35,59
334,163,37,57
332,161,39,55
332,160,40,61
337,158,33,60
336,152,33,66
338,152,29,65
334,152,32,63
335,150,30,63
334,149,31,66
332,148,32,62
331,146,33,66
331,146,32,65
330,146,33,62
331,145,31,62
332,145,29,64
330,144,30,61
329,142,30,65
330,143,29,61
331,142,27,58
332,143,28,59
330,141,29,60
333,141,28,58
334,140,29,59
334,140,30,56
336,137,29,61
336,136,28,67
339,136,28,61
341,137,28,61
344,137,24,61
345,135,28,65
347,135,27,61
350,135,26,61
351,133,28,58
353,133,23,56
354,132,28,59
355,131,27,57
358,130,28,59
360,129,23,60
362,127,23,64
364,131,23,56
362,129,28,60
365,128,28,60
364,126,28,64
364,128,27,61
367,127,24,61
367,124,24,63
368,125,24,61
368,126,23,55
366,124,27,58
367,124,27,60
368,124,28,58
369,122,28,56
372,122,23,57
372,120,26,55
375,121,24,56
377,120,26,57
378,119,23,60
378,119,24,50
382,116,22,49
383,119,19,50
386,117,21,45
387,116,19,50
389,113,22,49
392,114,20,46
393,116,20,46
395,113,20,50
397,115,19,46
398,113,20,46
399,113,19,47
400,111,19,46
403,112,18,45
405,109,18,45
406,108,18,45
409,108,17,40
412,112,17,42
410,108,17,40
413,108,19,40
414,108,17,41
413,108,19,38
415,108,19,40
416,108,20,36
421,106,18,40
420,105,19,40
426,106,19,45
427,102,20,44
429,103,19,43
429,103,21,44
433,103,20,40
431,102,21,41
435,103,19,43
435,102,20,40
437,103,20,38
439,103,17,38
439,102,17,37
443,104,16,40
445,101,18,37
444,102,17,36
447,101,17,35
447,103,16,35
448,96,20,39
449,94,20,36
451,95,17,35
454,96,17,35
454,94,18,35
454,93,20,39
456,94,19,40
459,94,19,35
460,92,22,36
461,93,20,34
464,91,21,34
