284,177,63,72
278,161,60,65
268,154,61,61
259,165,64,45
249,169,66,49
244,179,71,50
236,181,73,54
231,192,73,58
231,198,70,56
232,200,64,55
232,203,63,55
238,204,65,50
243,204,67,45
249,202,65,45
258,198,62,45
254,196,70,44
259,191,68,52
262,191,68,49
264,197,69,53
266,202,68,62
273,225,57,59
279,247,49,52
282,261,54,56
283,272,47,52
281,281,44,48
276,280,45,49
277,288,45,50
273,300,45,52
271,315,47,45
270,313,50,50
262,315,48,45
262,308,45,46
255,306,40,40
252,297,43,45
245,298,40,40
255,297,40,37
278,294,40,39
290,293,36,35
299,283,35,41
308,280,31,38
321,276,34,42
332,272,32,41
336,270,34,37
350,269,33,35
364,268,34,36
383,267,30,36
396,265,34,38
417,264,32,38
436,266,37,33
450,263,33,38
466,264,33,34
461,246,32,31
458,242,36,34
451,236,30,36
447,231,33,34
444,231,31,32
439,226,33,37
437,225,33,35
430,222,35,36
429,219,34,38
426,216,33,38
420,214,31,34
420,209,31,34
414,209,33,34
408,208,34,34
402,205,30,37
388,194,30,34
387,193,27,31
381,191,28,31
375,183,31,32
375,182,31,34
376,182,28,34
373,183,30,34
371,183,30,34
370,185,30,36
373,184,29,32
375,186,30,32
375,183,29,34
372,183,31,34
367,182,31,37
366,182,33,34
363,180,32,34
363,179,31,34
364,180,30,33
364,177,31,34
362,185,30,34
360,184,30,34
360,187,31,27
364,183,29,29
361,183,29,31
360,182,31,29
361,181,29,29
360,179,29,29
360,177,29,28
362,178,29,27
363,180,29,30
361,182,29,30
360,178,28,32
359,178,28,34
362,181,28,29
363,181,27,29
362,181,29,29
360,179,31,30
354,178,29,29
356,177,27,29
351,177,30,30
350,179,31,30
353,177,29,27
353,174,30,29
351,177,30,30
349,177,32,30
351,175,29,30
352,177,30,31
356,174,30,30
356,173,27,32
356,175,26,29
354,177,28,31
356,175,28,27
356,175,31,29
362,177,27,29
363,176,28,27
364,178,26,25
363,179,28,30
363,179,29,33
366,179,28,28
364,179,29,27
363,180,29,27
365,179,28,27
365,178,28,29
365,177,27,29
365,179,30,28
359,179,31,29
362,182,29,29
365,180,28,29
365,178,27,25
375,184,27,26
378,185,26,25
385,186,26,25
391,182,27,25
392,183,27,29
385,167,41,35
408,145,46,46
400,119,46,42
391,103,55,39
384,97,62,40
382,92,63,41
382,94,63,44
391,88,62,44
395,94,61,41
397,96,69,49
405,98,62,48
409,102,57,45
409,106,61,43
405,106,63,47
411,108,57,50
416,114,57,52
414,117,55,45
413,114,52,45
406,113,52,42
396,110,60,45
385,119,65,40
383,119,67,40
389,115,57,41
391,117,54,40
384,114,55,41
380,115,50,40
369,114,56,42
358,116,51,45
343,114,54,40
330,114,59,37
321,116,62,34
323,114,59,37
331,115,55,37
336,119,53,35
343,119,49,39
346,120,46,44
354,121,40,44
362,119,38,40
367,117,35,38
366,117,33,38
366,115,36,37
364,118,34,35
363,115,35,34
359,115,39,54
360,119,38,49
362,121,39,53
367,122,36,52
368,122,35,46
371,123,31,44
371,124,29,42
375,124,33,37
376,124,31,36
377,124,31,34
377,122,29,33
373,123,31,32
373,125,31,33
375,125,29,31
372,127,30,34
370,125,31,32
367,125,34,32
367,125,33,30
363,124,34,32
361,124,35,33
362,123,34,32
362,123,33,32
362,123,31,34
360,124,33,42
352,130,34,39
339,119,44,47
332,103,41,48
323,90,52,48
319,84,52,48
320,82,47,51
321,89,49,50
325,97,47,51
331,108,44,50
330,129,47,56
344,156,34,34
345,177,30,31
360,180,36,34
376,188,33,34
386,191,36,34
403,192,32,33
415,198,45,40
415,198,43,33
