7,320,43,132
15,317,43,136
18,315,43,132
21,315,46,134
27,313,45,136
34,309,45,129
38,308,47,134
40,305,47,136
43,305,50,135
47,308,44,130
52,303,39,131
54,300,43,133
59,299,45,130
64,300,44,124
69,298,40,123
73,296,41,128
77,295,39,120
79,293,44,119
83,293,46,119
88,289,44,122
92,289,44,123
96,291,44,118
100,288,43,119
105,284,43,119
107,283,40,117
112,284,38,116
111,281,47,123
116,278,45,121
117,277,46,121
120,278,44,119
127,276,43,117
131,275,40,116
135,275,38,116
136,273,41,119
137,273,44,117
140,270,44,117
142,267,45,117
146,270,43,114
149,268,41,114
153,267,40,114
157,262,43,114
159,264,44,114
162,263,45,112
167,263,40,112
168,259,45,113
172,259,41,110
178,258,40,110
181,260,39,105
187,254,40,110
190,255,44,108
193,255,40,108
196,254,38,106
199,252,35,104
202,251,35,106
205,252,39,106
207,248,38,106
210,249,39,103
213,245,40,108
214,245,39,109
215,246,40,103
216,244,41,106
218,242,39,104
221,241,40,104
225,241,39,103
228,240,40,103
230,241,40,101
233,240,40,102
234,241,38,99
236,237,40,97
237,236,38,98
240,235,38,100
240,236,40,98
243,235,40,98
248,232,37,99
247,231,40,102
254,232,37,99
254,230,35,98
256,229,37,103
259,230,34,96
262,229,37,97
263,226,34,94
268,225,30,96
269,225,31,95
269,225,35,95
275,225,30,97
277,224,32,96
277,222,33,94
279,220,32,97
281,222,35,88
286,219,30,93
287,219,34,92
290,218,33,94
293,216,32,94
297,213,31,94
298,214,32,92
297,210,33,94
301,210,30,93
300,211,34,93
302,210,34,94
304,209,36,93
305,209,34,93
310,210,33,90
309,211,32,90
311,205,32,91
313,205,32,93
314,205,34,90
318,203,30,93
319,203,30,93
319,204,29,91
321,202,31,91
321,201,31,89
323,203,31,92
322,201,30,86
325,201,32,89
328,202,29,83
330,202,32,83
330,199,31,87
333,200,28,86
333,201,30,81
335,197,33,90
335,198,32,84
335,197,32,87
338,197,28,85
339,196,33,83
343,198,30,83
343,195,31,87
344,196,32,85
348,193,32,82
350,191,33,81
349,191,27,87
349,191,31,83
351,193,30,78
358,191,27,80
355,191,30,80
359,189,30,81
358,188,33,80
361,189,29,82
360,188,29,83
359,190,30,78
363,188,26,79
361,187,31,82
362,187,31,78
363,186,31,81
364,184,28,79
365,184,32,78
363,183,32,82
363,181,33,78
364,181,32,81
366,182,28,77
368,184,27,76
367,182,29,76
367,182,26,75
367,182,30,75
368,180,29,77
368,181,28,75
370,180,26,74
369,181,26,70
370,179,27,72
373,178,23,72
373,180,26,73
373,178,24,67
375,179,24,71
375,177,24,73
375,175,26,76
378,175,24,74
379,176,24,73
380,174,24,73
381,174,24,75
383,172,24,76
381,174,30,75
383,172,24,74
383,170,24,74
383,171,23,74
384,170,24,72
386,171,24,70
386,169,24,71
387,170,24,69
389,170,23,68
391,169,23,70
389,168,23,71
389,167,27,72
391,168,26,71
394,167,26,68
399,166,24,72
397,166,29,72
399,166,29,71
398,165,30,70
398,163,29,72
399,162,29,70
400,163,29,70
402,162,28,70
401,163,31,70
405,161,26,70
406,162,28,67
408,161,24,68
408,161,27,69
409,158,26,70
406,160,29,69
411,159,24,68
409,158,30,68
406,158,31,71
410,157,27,71
410,158,29,70
409,157,29,69
410,156,29,69
411,156,28,66
413,154,27,69
412,155,29,71
413,155,30,67
417,155,23,71
418,152,22,67
417,155,23,66
410,154,32,67
413,155,29,66
412,151,34,67
414,155,31,63
416,153,28,66
417,151,29,65
419,151,24,64
419,153,24,64
419,153,21,62
419,151,22,63
417,150,28,64
418,150,28,65
418,152,29,65
415,151,30,63
417,149,26,64
417,149,24,64
416,149,27,62
416,149,26,65
416,147,24,66
415,148,26,63
415,146,26,61
415,147,26,57
414,147,27,53
414,148,23,54
414,146,24,58
414,145,24,54
413,145,26,56
413,145,24,56
413,145,26,58
415,144,22,61
414,144,29,60
415,144,23,60
415,142,22,61
415,145,24,60
416,141,22,59
415,141,24,60
416,141,24,57
416,141,21,56
417,140,21,61
417,140,23,61
417,140,21,61
417,139,21,58
417,139,22,63
417,140,20,59
418,140,22,58
418,139,23,59
418,140,26,59
419,140,21,54
422,140,19,49
421,139,24,55
418,139,24,53
420,140,23,49
420,140,23,49
424,138,27,57
425,136,27,56
426,135,23,59
427,135,22,58
426,138,22,57
427,135,21,61
425,138,20,56
424,136,23,57
424,136,27,56
427,135,22,56
427,134,22,59
426,135,21,54
427,135,20,56
425,134,21,56
424,133,19,58
424,132,19,58
422,132,24,59
422,134,23,56
421,133,23,56
422,131,18,56
421,133,21,57
422,133,20,56
421,132,20,51
419,131,23,55
419,133,24,51
419,131,24,50
420,133,23,52
421,132,21,54
421,132,18,52
419,131,21,53
420,130,18,52
420,131,18,49
419,129,19,56
419,130,17,52
418,130,17,55
418,129,18,55
418,129,18,55
417,128,18,56
417,129,18,56
416,130,19,50
414,128,21,55
413,128,23,54
413,129,22,48
412,127,23,54
413,128,20,48
412,126,18,56
411,127,18,50
409,127,20,50
409,125,21,52
408,127,22,54
406,126,26,51
404,127,28,50
406,125,23,48
406,125,22,51
406,126,22,50
405,125,20,51
404,125,19,52
404,125,20,52
404,124,23,50
403,124,23,51
403,124,22,54
402,123,22,53
402,123,21,53
402,124,19,53
403,123,18,55
404,124,17,50
403,123,21,50
403,124,23,50
404,123,22,52
403,123,21,48
404,122,20,50
403,123,21,47
402,123,21,49
402,120,17,54
402,121,19,50
400,122,21,52
401,122,22,51
401,122,22,49
402,122,21,48
402,123,20,47
399,119,19,50
397,121,23,47
397,118,26,52
399,119,21,49
400,119,20,50
399,121,23,46
400,119,23,50
401,117,21,51
403,118,16,48
402,119,17,43
400,119,18,45
401,119,18,44
401,118,21,49
403,119,16,43
401,117,20,45
402,116,17,50
400,118,18,47
399,117,19,47
399,117,19,44
398,117,22,42
399,116,19,47
399,117,19,49
398,116,20,49
399,116,19,50
399,116,19,50
399,116,20,50
398,119,18,47
398,116,19,46
398,115,19,47
399,115,18,49
398,116,18,45
398,115,18,44
399,115,19,45
398,114,17,47
401,113,15,41
395,112,22,50
399,113,17,47
400,112,16,49
400,114,16,47
400,113,16,46
400,113,17,45
400,112,15,48
399,111,15,48
398,114,19,43
396,114,19,43
396,113,15,43
396,112,16,40
394,112,17,45
395,112,15,48
394,111,15,47
392,111,15,48
394,112,15,49
393,111,16,42
389,112,19,45
388,112,19,41
388,109,19,50
387,111,16,49
387,111,16,49
388,109,15,48
387,111,15,48
387,111,15,48
386,110,18,45
387,111,17,45
386,110,17,43
387,109,16,43
387,109,18,44
386,109,18,43
387,109,16,41
385,110,16,42
383,109,20,41
382,110,18,39
383,109,14,36
382,109,18,44
383,109,16,45
382,108,17,45
381,108,18,44
381,108,15,45
382,108,14,45
380,108,17,45
379,108,17,45
379,109,16,43
378,108,18,41
378,108,18,43
378,108,16,44
379,107,14,45
379,107,14,45
377,107,14,45
376,108,14,45
376,107,14,45
373,107,17,45
375,107,14,44
373,107,14,44
373,107,14,44
373,107,14,44
373,108,14,44
373,105,14,44
372,106,14,43
372,107,14,44
372,106,14,43
372,106,14,43
372,105,14,43
372,106,14,43
372,106,14,43
371,106,14,43
371,105,14,43
370,105,14,43
370,107,14,43
371,105,16,42
370,105,16,39
370,104,16,35
369,106,17,37
369,105,16,32
369,104,16,34
367,106,17,34
367,103,16,35
367,105,17,38
367,103,18,36
367,104,17,37
367,105,16,34
367,103,15,37
367,104,17,31
365,103,15,36
365,105,16,35
365,104,16,32
365,104,16,36
363,102,19,39
364,103,17,38
364,102,15,33
364,103,13,34
362,101,15,37
362,100,17,37
363,103,16,35
361,102,16,36
361,102,17,38
360,102,18,35
359,100,18,36
359,102,18,35
359,100,16,38
360,99,16,39
359,101,15,36
359,102,17,34
358,101,16,38
356,100,17,36
356,99,16,37
356,102,15,37
355,100,15,37
353,99,16,38
353,99,17,36
352,99,16,36
352,100,16,36
352,99,15,35
352,102,14,31
350,101,14,36
349,101,16,36
349,99,12,35
348,98,16,37
346,99,16,33
346,99,16,35
345,101,14,31
345,99,15,35
343,99,17,34
343,98,16,35
343,100,15,35
342,98,15,34
342,99,15,35
338,98,19,37
339,100,16,33
338,98,17,34
338,99,14,32
337,99,14,32
337,98,15,33
336,97,16,34
335,100,15,32
333,99,18,33
333,98,18,34
334,98,18,32
334,98,16,33
334,97,16,33
333,97,17,34
332,99,18,33
331,98,15,31
330,98,18,30
331,96,16,29
332,97,15,30
330,98,16,30
330,99,16,29
332,96,15,34
331,95,12,32
331,96,13,31
330,97,16,29
329,94,16,30
329,95,16,31
329,97,16,31
328,95,17,34
329,96,15,32
328,97,15,29
326,97,15,33
327,97,14,29
327,96,16,32
325,96,16,29
325,97,16,28
325,96,16,30
325,95,14,29
325,96,14,31
323,94,16,33
323,96,15,34
322,96,14,28
322,96,14,29
322,97,16,31
320,96,17,29
321,96,16,28
320,94,15,32
321,94,12,34
317,94,17,37
319,95,15,31
318,94,17,32
318,94,17,34
318,95,17,33
318,93,17,35
318,93,17,34
319,93,14,34
318,93,14,36
318,93,15,36
317,93,15,35
318,93,12,36
316,93,16,36
315,93,17,40
316,94,14,34
315,92,15,38
315,93,15,39
315,93,13,37
315,93,13,36
315,91,12,38
315,91,12,38
