283,235,83,60
283,236,83,59
285,235,83,59
286,234,83,59
287,233,84,59
288,232,84,58
293,231,84,58
279,231,84,58
264,232,84,58
265,232,84,58
265,232,84,58
266,232,85,58
267,233,85,58
267,233,85,58
268,233,86,58
268,233,86,58
269,233,86,58
270,234,87,58
270,234,87,58
271,234,87,58
269,234,88,58
267,234,89,58
265,234,90,58
263,234,92,58
263,234,92,58
262,234,92,58
261,233,92,58
260,233,92,58
259,233,92,58
259,233,92,58
258,233,93,58
256,233,94,58
255,233,95,58
254,232,96,58
253,232,97,58
251,232,98,58
250,232,98,58
249,232,99,58
248,232,100,58
247,231,101,58
245,231,102,58
244,231,103,58
243,231,104,58
242,231,105,58
240,230,106,58
239,230,107,58
238,230,107,58
237,230,109,58
236,230,110,58
235,229,111,58
232,229,113,58
230,229,115,58
227,229,117,58
225,229,120,58
222,229,122,58
220,228,124,58
217,228,126,58
214,228,129,58
212,228,131,58
209,228,133,58
206,228,134,58
203,227,135,58
200,227,137,58
197,227,138,58
193,227,139,58
190,227,140,58
187,227,142,58
184,227,142,58
180,227,143,58
177,227,144,58
175,227,144,58
172,227,144,58
170,227,144,58
167,227,144,58
165,227,144,58
154,227,152,62
156,227,152,59
152,228,153,57
176,224,155,57
209,225,155,57
227,225,152,55
225,225,152,55
222,225,152,55
220,225,152,55
217,225,152,55
215,225,152,55
213,225,152,55
210,225,152,55
207,225,152,55
201,225,161,56
196,225,157,55
190,225,164,56
187,226,160,55
189,226,155,55
178,226,163,54
175,226,163,53
176,226,157,54
172,226,157,54
168,227,159,54
163,227,160,54
160,227,160,54
157,227,161,54
153,227,161,54
150,227,161,54
146,228,162,54
143,228,162,55
140,228,163,55
136,228,163,55
133,228,163,55
130,228,164,55
127,228,164,55
124,228,164,56
121,228,164,56
119,228,164,56
111,228,169,58
106,228,170,57
110,228,164,57
107,228,164,57
105,228,164,58
102,228,164,58
101,228,164,58
100,228,164,58
99,228,164,58
98,228,164,58
97,228,164,58
96,229,164,58
95,229,164,58
94,229,164,58
93,229,164,58
92,229,164,58
92,229,163,58
92,229,163,58
92,229,162,58
92,229,162,58
90,229,161,58
90,229,161,58
89,229,160,58
89,229,160,58
88,229,159,58
88,229,159,58
88,229,157,58
88,229,157,58
88,229,156,58
89,229,154,58
89,229,153,58
89,229,152,58
89,229,151,58
86,229,154,61
77,229,163,59
79,229,160,61
90,229,148,58
89,229,148,58
89,229,148,58
89,229,148,58
88,229,148,58
90,228,148,58
88,229,148,58
87,229,148,58
87,229,148,58
87,229,148,58
87,229,148,58
88,230,148,58
88,230,148,58
76,230,162,61
85,230,153,60
80,230,159,61
92,230,148,58
92,231,148,58
92,231,148,58
92,231,148,58
92,231,148,58
92,231,148,58
92,231,148,58
92,231,148,58
92,231,148,58
92,231,148,58
92,231,148,58
92,231,148,58
92,230,148,58
92,230,148,58
92,230,148,58
92,230,148,58
90,230,148,58
90,230,148,58
90,230,148,58
90,230,148,58
90,230,148,58
90,230,148,58
90,230,148,58
89,230,148,58
89,230,148,58
89,230,147,58
90,230,147,58
90,230,147,58
90,230,147,58
90,230,147,58
80,225,157,61
80,225,154,61
77,225,160,61
83,222,153,61
85,225,146,58
82,225,152,59
82,225,151,58
92,231,145,58
82,225,152,61
83,225,150,59
84,225,149,60
80,227,153,60
81,225,156,63
87,230,151,59
87,232,150,59
83,232,153,61
83,233,145,58
81,233,156,61
81,232,156,62
83,232,154,61
84,232,153,62
82,235,156,57
93,232,145,58
86,232,151,61
82,232,155,61
81,232,156,60
81,232,156,61
81,232,159,61
84,232,155,58
94,232,146,59
94,232,146,59
94,232,146,59
94,232,146,59
94,232,146,59
88,232,157,61
95,232,148,59
96,233,149,59
97,233,150,59
98,233,151,58
87,233,163,58
89,233,163,59
100,233,154,58
101,233,155,58
101,233,156,58
103,233,155,58
106,233,154,58
107,233,154,58
110,232,153,58
112,232,152,58
114,232,151,58
116,232,151,58
118,232,150,58
120,232,149,58
122,232,148,58
123,231,148,58
123,231,148,58
123,231,148,58
123,231,148,58
124,231,148,58
124,231,148,58
124,231,148,58
124,230,148,58
124,230,148,58
124,230,148,58
124,230,148,58
124,230,148,58
124,230,148,58
123,230,148,58
123,230,148,58
122,230,148,58
122,230,148,58
121,230,148,58
121,230,148,58
121,230,148,58
120,230,148,58
119,230,148,58
118,230,147,59
117,229,147,59
117,229,147,59
116,229,147,59
115,230,146,59
114,229,146,59
113,229,146,60
113,228,145,60
112,229,144,60
111,229,143,60
110,229,142,60
110,229,142,60
109,229,140,60
107,229,139,60
107,230,138,60
107,230,137,60
106,230,136,60
105,230,135,60
105,230,133,60
105,213,132,60
102,180,132,60
105,136,127,60
105,93,117,68
107,50,117,68
105,86,116,65
106,129,115,65
107,172,113,65
109,224,112,65
109,211,110,65
110,171,107,66
111,130,104,68
112,89,101,70
113,49,98,72
117,96,94,71
121,143,90,69
124,190,85,68
130,237,81,67
127,199,80,67
124,160,79,67
127,100,78,67
130,63,77,67
132,80,77,67
135,141,77,68
129,185,77,68
139,223,77,69
138,211,80,70
138,176,83,72
137,138,81,70
135,96,81,69
133,61,81,69
136,102,84,71
138,144,86,72
142,185,89,73
144,238,92,73
151,247,92,69
152,247,92,70
153,247,93,70
154,248,94,71
155,249,94,72
157,250,94,72
157,251,94,73
159,252,95,73
161,253,95,74
162,254,95,75
164,255,96,75
165,256,96,76
163,208,98,81
167,165,98,77
167,120,98,77
168,115,98,77
170,116,98,78
172,117,99,79
175,118,99,80
176,118,100,81
177,119,100,81
179,120,101,82
181,120,101,83
183,121,102,84
184,123,103,85
186,125,103,86
187,127,104,87
188,129,105,88
190,130,106,90
190,132,107,91
192,134,107,92
194,136,109,93
195,138,110,94
197,140,111,95
198,141,111,96
199,143,112,96
200,145,113,97
202,147,113,98
203,149,114,98
204,150,115,99
206,152,116,100
207,154,116,100
207,156,117,101
209,157,118,102
211,159,119,103
212,161,120,103
213,163,120,104
214,165,121,105
215,167,122,106
216,170,123,107
217,172,124,108
218,174,124,109
220,176,126,110
221,178,127,111
219,180,127,112
217,182,128,113
215,184,129,114
213,186,129,115
211,188,130,117
209,190,131,118
207,192,132,119
205,194,132,120
199,196,138,121
192,198,143,123
186,200,148,124
179,201,152,125
172,203,157,126
163,205,165,127
154,207,172,128
144,209,180,129
135,211,187,131
123,213,197,132
112,214,206,133
101,216,215,134
90,218,223,133
80,219,230,132
93,222,238,132
117,221,244,136
142,222,253,136
165,223,261,135
183,223,269,135
206,223,273,135
225,223,282,137
240,224,289,139
259,224,296,141
245,226,301,140
230,227,308,140
216,228,312,139
202,229,317,138
188,230,323,137
175,232,328,137
155,233,333,137
135,235,338,138
116,236,344,138
97,237,345,136
78,238,347,134
59,238,349,132
62,238,349,132
65,238,349,132
80,236,349,129
96,236,349,129
117,234,349,126
126,233,344,125
146,233,344,125
159,230,344,125
178,229,339,126
197,228,334,127
204,228,328,123
189,224,319,123
175,221,311,124
159,217,303,124
172,217,294,123
190,212,294,123
207,206,288,123
230,206,285,122
247,203,273,118
270,203,268,116
268,199,265,119
254,197,251,111
242,195,244,110
230,192,236,108
219,190,229,107
207,188,225,106
196,186,219,105
184,184,213,104
172,181,207,103
161,179,205,103
149,177,202,102
140,175,199,101
130,172,197,101
124,170,192,100
117,168,187,99
110,166,182,98
100,163,183,97
90,161,183,96
80,159,182,95
70,157,182,94
60,156,181,93
54,154,177,92
49,152,175,92
43,150,170,91
44,149,160,90
39,147,156,89
34,145,152,88
