4,295,296,115
24,292,289,117
38,292,284,114
53,288,273,114
63,288,270,111
94,283,260,111
131,282,254,113
153,278,240,114
165,276,234,111
179,275,226,109
185,272,222,109
199,268,211,108
209,266,202,107
216,265,198,105
227,263,193,103
230,262,187,103
236,259,185,103
245,256,178,102
255,253,169,103
262,253,162,99
265,251,157,100
272,247,151,100
277,247,149,98
279,245,145,98
284,241,140,98
288,240,134,98
292,241,129,93
296,240,123,93
297,237,119,91
297,235,119,92
301,234,116,92
301,230,115,93
302,230,113,91
302,228,110,91
300,226,111,89
298,225,112,87
300,224,107,87
300,220,105,89
300,219,107,85
298,216,105,87
297,217,106,86
293,214,110,86
266,212,106,85
226,211,106,86
200,211,105,83
193,210,106,81
198,209,100,79
198,206,100,79
195,204,100,79
196,201,98,79
193,201,100,77
194,197,99,78
195,197,95,77
194,194,96,76
192,194,97,73
190,191,96,74
193,190,90,74
189,188,94,73
192,187,92,72
190,187,92,71
189,186,92,69
188,184,89,69
186,181,90,71
187,180,89,69
187,179,89,69
185,177,88,67
185,177,88,65
184,176,88,66
184,175,87,65
183,173,87,65
184,171,85,65
185,171,81,66
183,168,83,64
182,166,81,63
181,165,82,63
179,165,85,61
182,162,80,65
181,162,81,63
180,161,80,62
179,161,78,60
178,159,80,61
177,158,80,61
178,157,77,62
177,156,78,60
176,156,77,59
177,155,76,60
175,154,77,59
172,151,76,61
172,150,74,58
170,150,78,58
167,149,79,59
165,150,79,56
163,146,79,57
160,145,81,57
157,145,80,56
155,145,81,55
152,144,82,56
151,144,81,53
150,141,79,56
149,128,79,58
144,105,81,56
145,104,77,57
137,103,82,55
135,102,83,54
134,72,80,60
132,52,82,52
132,50,79,55
130,50,79,54
127,51,81,51
