55,305,288,112
107,304,283,112
160,304,278,111
207,297,272,112
220,294,264,114
236,291,254,112
252,289,244,111
267,287,235,109
283,285,225,107
299,283,215,105
312,280,205,104
325,277,195,104
337,274,185,103
350,271,175,102
363,268,165,101
370,266,157,99
378,264,149,97
385,262,141,95
392,259,132,93
400,257,124,91
374,254,119,90
348,250,114,90
322,247,109,89
296,243,104,88
299,243,99,82
298,240,98,82
298,237,98,82
298,233,97,81
297,230,97,81
297,227,96,81
296,225,95,80
295,223,94,79
295,221,92,78
294,218,91,76
293,216,90,75
292,212,89,74
290,209,88,74
289,205,86,73
287,201,85,72
286,197,84,71
284,196,83,70
283,194,82,68
282,193,80,67
281,191,79,66
280,190,78,64
280,187,76,63
280,185,75,63
279,183,74,62
279,181,72,61
279,178,71,60
278,176,70,59
278,174,69,59
278,171,68,59
277,169,67,58
277,166,67,58
276,165,66,57
275,164,66,56
275,162,66,56
274,161,66,55
273,160,65,54
273,158,65,53
272,157,64,52
271,156,63,51
271,154,62,50
270,153,61,49
270,151,60,49
270,149,60,50
270,148,59,50
270,146,58,51
270,144,58,51
270,143,58,50
271,142,58,50
271,141,58,49
272,140,58,48
272,139,58,48
274,137,58,48
276,135,58,48
278,133,58,48
279,131,58,49
281,129,58,49
284,129,59,47
286,129,59,45
288,129,60,43
291,129,61,41
293,129,62,39
297,127,62,39
301,126,63,39
305,125,63,39
309,124,63,39
313,123,63,39
318,122,63,39
323,121,62,39
328,120,62,39
333,119,61,39
338,119,61,39
342,118,60,38
346,117,60,37
350,116,59,37
355,115,58,36
359,114,58,35
364,113,57,35
369,111,56,35
374,110,55,35
379,109,54,35
384,107,53,34
388,107,52,34
392,107,51,33
396,107,49,33
400,107,48,33
404,106,47,32
408,105,48,32
413,104,49,32
417,103,51,32
421,102,52,32
425,101,53,32
430,100,52,32
434,99,51,32
