396,275,63,115
395,271,62,114
385,271,71,126
376,269,71,120
373,267,70,122
363,267,70,126
355,263,71,125
352,266,67,125
338,262,73,122
334,257,75,129
337,260,67,126
328,253,69,127
325,258,65,126
325,261,61,119
321,262,54,112
317,252,57,126
311,253,54,123
310,257,51,115
308,256,53,116
307,256,53,116
300,249,52,116
297,252,52,113
294,255,51,112
293,246,51,111
290,247,51,111
289,250,49,109
289,250,49,109
285,241,48,107
285,244,47,110
277,236,47,108
285,237,44,106
284,237,44,107
267,230,44,104
267,232,44,105
265,234,44,104
260,228,45,103
263,229,44,104
265,233,43,100
264,232,44,99
255,231,44,100
260,233,44,99
260,226,44,97
258,225,43,97
255,230,43,93
260,229,43,93
259,225,43,93
262,221,41,93
263,224,41,92
268,219,41,91
262,222,40,92
262,226,41,90
260,225,40,91
259,222,41,93
263,223,41,92
264,220,40,94
268,219,40,92
264,223,41,88
263,220,41,87
267,218,40,88
265,220,41,90
272,215,40,91
272,219,41,91
284,211,39,91
281,210,40,91
286,208,40,92
288,207,40,92
284,212,41,91
288,208,41,89
289,206,41,91
289,208,41,89
288,202,43,88
291,204,41,86
295,197,41,85
295,204,41,85
294,202,43,85
299,196,41,82
297,200,43,82
299,198,41,81
298,198,41,81
302,194,41,79
299,194,41,83
303,193,41,79
302,195,40,77
303,192,40,77
300,186,39,77
303,193,40,78
311,193,38,76
304,192,39,77
307,191,38,74
310,178,38,75
312,189,36,73
311,190,36,73
316,187,36,73
310,188,36,73
313,184,36,71
310,191,36,70
307,185,35,70
313,191,35,69
307,187,35,68
308,178,36,71
308,188,36,70
310,187,36,70
307,182,36,71
304,185,36,71
307,182,34,70
304,186,34,73
307,185,34,73
302,186,34,70
300,180,35,70
299,180,35,69
294,182,36,66
297,187,35,69
297,194,36,67
294,181,34,70
290,188,36,67
295,177,34,68
294,175,32,70
293,178,34,68
294,170,34,70
293,176,34,70
293,171,32,69
291,174,32,70
289,172,32,69
291,173,32,67
286,190,32,67
288,191,32,66
288,190,32,68
285,185,32,68
286,182,32,66
284,184,32,65
282,181,32,67
282,182,32,65
282,182,31,65
280,182,32,65
280,182,31,65
282,184,32,66
278,177,31,67
277,181,32,68
276,175,32,69
276,180,32,68
275,179,32,68
275,181,32,67
273,183,32,66
273,181,32,68
272,181,31,67
271,181,31,65
271,181,31,65
269,181,31,64
269,180,31,65
268,179,31,65
269,179,31,64
268,180,30,63
269,179,30,63
268,178,31,63
269,178,30,62
267,176,31,61
265,177,32,60
265,178,31,60
265,177,32,61
265,177,31,60
265,175,32,62
263,175,32,61
264,175,31,61
263,175,31,60
262,175,31,61
262,173,30,62
260,174,31,61
259,175,30,60
259,173,30,60
258,174,30,59
256,172,31,62
256,173,31,61
255,172,31,62
256,173,30,62
253,173,32,61
253,172,31,62
253,173,31,59
251,171,31,60
250,170,32,61
247,171,32,61
247,168,32,63
247,171,30,62
245,171,31,61
246,169,31,62
243,169,30,62
243,168,32,62
243,168,32,62
241,167,31,63
240,168,31,63
238,168,30,62
237,168,30,61
236,168,30,62
234,167,31,63
232,166,31,63
231,168,31,60
229,167,31,60
227,167,31,58
227,169,31,58
224,169,31,57
224,168,31,57
223,168,31,56
221,167,31,58
220,168,31,57
219,167,30,59
216,168,31,58
215,167,31,58
214,166,30,59
212,166,31,59
211,168,31,56
210,165,28,59
209,164,30,59
209,165,30,58
205,164,30,58
205,167,28,57
203,166,30,58
201,163,30,58
199,165,28,58
199,165,28,58
199,166,28,58
196,165,30,57
194,164,30,57
190,165,31,56
190,163,31,56
188,163,31,56
186,162,30,56
184,163,31,56
184,163,30,56
183,165,30,56
181,161,30,56
181,161,30,56
177,162,31,56
176,163,30,56
174,163,30,55
171,163,28,54
168,164,30,55
168,160,30,55
166,163,30,55
163,161,30,55
161,161,30,55
158,160,30,55
155,160,28,54
155,165,28,54
152,163,28,53
149,164,28,53
148,163,28,54
144,162,28,54
141,161,30,55
139,161,30,55
137,162,30,55
133,161,30,55
132,161,30,55
128,161,31,56
128,159,31,56
123,159,31,56
124,158,31,56
119,161,30,55
117,158,31,56
114,160,30,56
117,158,25,53
119,157,18,46
113,157,25,50
107,159,28,40
105,158,28,41
101,161,26,49
96,160,30,54
91,162,30,55
91,159,28,54
91,154,28,53
89,155,28,51
89,162,28,53
84,159,28,52
82,157,28,52
79,156,28,52
75,154,28,52
73,152,28,52
70,155,27,52
70,148,30,60
69,156,22,53
65,155,23,52
58,153,28,52
58,154,28,52
54,153,28,52
