207,169,223,126
209,169,220,125
209,170,219,124
209,168,220,126
207,168,221,125
206,167,220,125
207,169,226,127
203,171,230,121
169,170,235,128
142,172,233,124
113,175,229,123
69,176,238,119
53,171,231,132
50,174,232,128
54,174,231,128
57,175,232,129
59,176,234,128
62,176,237,130
65,178,239,127
68,177,243,131
74,177,245,130
80,180,248,129
85,184,248,130
90,186,259,130
100,187,256,126
105,188,268,130
107,188,271,130
120,191,276,128
127,195,283,128
138,193,284,135
150,197,295,133
157,199,303,130
163,200,305,138
143,204,311,137
120,204,315,139
101,209,316,135
81,209,321,144
56,212,328,142
54,218,325,137
62,215,330,140
77,219,331,140
85,219,338,141
95,223,345,142
80,219,344,145
65,222,342,145
32,220,359,152
40,229,353,145
56,228,354,145
70,226,354,148
84,234,362,136
97,237,355,127
113,234,359,125
127,235,366,128
114,239,367,124
80,237,379,128
64,237,376,128
45,237,379,132
54,242,379,133
68,245,380,140
94,246,380,143
115,250,380,133
130,251,386,154
145,225,387,159
171,213,385,167
186,212,386,166
212,215,383,171
238,221,387,171
261,226,370,173
268,227,362,178
260,228,371,178
249,234,382,182
243,238,388,182
234,242,395,190
227,248,403,188
219,251,412,189
215,258,414,195
211,265,418,197
211,270,420,200
212,277,415,199
211,284,420,189
212,293,419,182
238,304,388,168
272,316,359,156
316,329,315,145
