419,129,20,38
416,129,23,40
415,127,22,41
416,128,18,42
413,129,23,42
412,129,23,41
411,128,21,43
411,129,21,44
410,128,21,41
409,130,22,40
408,129,21,44
406,131,23,39
405,131,20,40
405,130,21,40
406,130,19,42
403,130,21,42
402,130,21,43
402,129,21,44
401,129,20,44
401,130,20,44
400,130,21,42
401,130,19,42
401,130,19,44
401,130,18,43
400,130,21,43
401,130,20,41
400,130,19,44
401,132,19,42
400,131,19,42
399,131,19,43
400,131,19,41
401,131,18,42
400,131,18,43
400,131,19,43
400,131,19,44
400,131,19,44
398,133,19,42
397,133,19,41
398,131,17,43
397,131,18,44
397,133,18,41
396,132,21,44
396,131,19,43
395,132,20,43
394,134,19,38
394,135,21,41
394,135,19,40
393,132,18,44
393,132,18,44
392,133,18,42
389,135,20,43
388,133,18,43
388,132,18,44
387,133,20,45
385,135,19,41
385,135,20,42
383,135,19,42
383,135,19,43
382,135,20,42
382,135,20,43
381,135,19,42
381,135,22,44
380,135,22,44
379,136,20,41
379,135,19,42
378,135,20,44
377,135,20,44
376,135,20,42
375,135,20,45
376,136,18,43
375,137,21,43
371,135,23,43
370,136,21,44
370,136,20,43
369,136,20,44
368,135,20,44
367,135,22,45
367,137,23,45
367,137,22,45
366,137,20,46
367,135,21,45
364,138,21,44
363,137,22,46
363,136,20,45
364,137,18,45
361,137,21,46
360,139,24,45
359,137,23,44
356,142,22,40
356,144,22,38
354,139,26,46
356,139,20,45
354,138,22,46
355,138,21,47
354,140,21,45
353,140,22,44
354,141,21,44
354,139,20,46
352,139,21,48
350,139,22,48
350,140,21,47
350,140,20,46
348,138,22,50
348,140,20,45
348,141,19,46
347,143,21,42
346,143,23,45
345,142,21,45
345,141,21,47
342,142,22,48
342,144,19,46
339,141,21,48
337,141,22,47
336,143,20,45
335,141,21,47
334,142,22,46
332,142,23,47
330,143,23,48
328,144,23,48
326,143,24,47
326,143,23,50
326,145,22,48
323,145,22,46
326,144,21,49
325,145,22,47
325,146,21,45
322,146,23,46
322,145,22,50
322,145,21,49
321,146,22,47
320,145,23,49
320,147,23,46
320,145,21,49
318,146,24,50
320,147,21,47
317,148,24,48
316,148,26,48
317,148,23,48
317,147,23,50
317,146,23,50
316,147,22,50
316,147,22,50
317,147,23,47
315,148,23,49
316,149,21,48
315,150,22,48
315,148,22,49
313,147,23,49
313,148,23,50
312,150,24,50
311,150,23,48
311,148,22,50
309,150,26,49
309,150,23,48
308,151,24,50
306,148,23,51
306,150,24,50
306,150,23,50
305,151,22,50
306,151,23,51
303,151,24,50
304,152,21,49
303,151,23,49
301,153,26,49
302,151,21,51
302,151,22,52
300,152,26,50
301,150,23,50
302,152,23,48
301,151,24,53
299,152,28,56
300,155,23,50
299,153,24,53
298,154,23,54
298,153,26,54
299,152,26,56
298,153,28,52
298,153,27,53
300,155,24,52
299,155,26,50
300,156,22,50
299,155,24,52
299,153,24,52
298,155,27,52
298,156,27,53
299,154,27,57
300,156,24,51
300,153,26,54
299,154,26,55
299,156,23,50
298,155,24,51
297,156,27,55
298,156,27,56
298,154,26,60
298,158,26,51
297,156,24,53
297,156,24,53
294,157,27,54
294,157,26,55
294,157,26,53
294,157,24,57
293,156,23,55
293,157,23,54
290,158,27,52
290,158,26,54
293,158,23,56
288,159,28,54
289,161,23,53
288,159,24,56
288,160,22,56
285,158,27,56
285,161,23,52
285,161,24,54
286,160,26,58
282,160,27,55
282,161,23,55
281,161,24,56
280,160,24,58
280,161,26,55
279,162,26,54
278,164,24,53
277,162,27,56
277,161,26,55
275,162,27,58
276,163,24,56
272,164,26,58
273,164,21,56
272,164,24,53
273,164,22,56
275,164,23,56
273,163,24,59
275,166,26,56
272,165,27,57
273,162,26,58
273,166,23,58
271,165,27,61
272,165,26,60
270,166,28,57
270,166,28,56
270,167,28,58
272,166,23,58
271,166,26,61
272,167,26,56
271,167,26,59
269,167,24,57
269,169,27,56
269,168,27,57
268,168,26,60
268,168,27,58
269,169,26,57
266,168,27,58
268,169,24,59
268,170,23,58
265,171,27,60
263,170,27,60
263,170,26,58
263,171,24,60
261,171,27,60
261,172,28,60
259,172,28,60
260,172,27,58
259,171,28,60
256,172,28,60
258,171,28,60
255,173,27,60
255,173,28,61
252,172,29,61
252,173,28,61
250,174,28,61
248,174,30,62
247,174,28,62
246,174,29,61
247,175,26,62
245,177,27,59
245,176,28,62
243,175,29,64
243,176,29,63
243,177,26,62
243,177,26,61
242,177,27,62
239,177,30,64
240,179,28,61
239,177,28,66
240,177,28,63
239,177,28,64
239,178,27,64
237,179,29,63
239,180,27,62
239,180,29,61
237,181,31,63
239,181,26,62
240,182,28,58
240,182,30,65
243,181,27,63
244,182,27,65
243,182,28,63
244,183,28,62
244,185,29,63
245,182,28,68
246,185,27,65
247,185,28,65
247,186,27,63
247,186,27,65
244,186,31,64
246,186,29,66
246,188,28,66
247,188,29,67
246,186,28,68
244,187,30,71
245,187,29,69
244,188,28,67
245,188,28,68
243,190,30,66
244,188,29,71
240,189,32,71
242,190,31,68
242,190,28,71
242,192,28,68
239,191,30,72
240,193,30,70
238,192,32,71
242,193,30,69
240,193,31,67
239,193,29,68
239,193,29,72
238,194,29,70
237,194,29,71
239,193,26,69
236,195,29,71
234,197,34,71
235,198,31,70
234,195,31,76
234,196,30,71
235,198,30,70
233,198,31,72
233,198,31,71
232,198,31,74
232,199,32,74
230,199,31,73
230,201,34,71
230,201,32,72
231,200,32,73
229,203,32,71
229,204,31,72
227,203,34,73
228,204,32,73
227,204,32,72
226,204,34,74
226,205,33,73
226,204,33,74
227,205,31,75
226,205,32,76
226,206,30,74
225,206,34,74
225,206,33,76
225,209,34,74
226,208,34,75
226,208,33,75
227,209,33,74
226,210,33,75
227,209,30,76
227,209,30,77
226,208,30,78
225,209,33,77
223,212,35,77
223,210,34,77
223,211,33,77
222,214,32,75
221,214,33,77
220,214,31,78
219,215,32,74
218,214,34,74
217,214,34,77
217,217,32,75
218,216,31,77
218,216,32,78
219,217,29,75
217,217,30,76
213,219,32,75
211,219,32,76
210,218,33,77
206,218,34,80
206,232,28,61
205,234,26,60
204,221,34,78
204,223,32,78
202,225,32,73
199,225,34,77
198,222,36,81
199,225,34,78
195,225,36,80
198,225,33,80
196,227,34,77
195,227,37,78
194,225,35,82
192,226,34,83
193,225,34,86
192,226,32,83
188,225,35,86
188,228,35,84
188,229,35,82
187,229,37,82
186,230,36,82
187,228,31,84
188,233,35,80
187,233,35,83
187,232,32,84
186,230,34,84
186,232,35,85
188,234,32,85
186,235,34,86
187,235,32,83
188,233,34,84
189,235,34,87
189,237,33,87
187,238,37,83
188,235,37,87
192,240,35,86
190,239,35,87
190,241,35,86
193,241,33,84
193,239,37,87
195,241,33,87
194,241,35,87
195,243,34,88
194,243,37,88
196,241,36,89
193,242,40,88
198,244,37,88
198,244,36,88
199,246,35,89
199,245,39,87
200,247,38,88
202,247,36,89
202,246,39,92
202,247,41,92
204,248,39,91
204,251,38,91
205,250,37,93
207,250,38,95
209,250,39,94
212,251,36,97
211,252,36,94
211,254,38,95
210,254,47,97
211,255,38,98
212,258,40,95
211,259,38,94
212,259,38,96
211,258,40,98
212,257,41,97
213,261,38,93
213,261,36,100
212,260,39,101
212,258,41,100
214,262,43,99
216,266,40,95
216,263,41,103
220,262,35,100
218,263,41,104
218,265,37,101
219,265,35,105
219,267,39,102
219,265,43,105
220,267,44,107
220,269,43,105
222,268,38,108
219,267,47,108
219,269,44,101
220,272,40,104
223,271,40,107
222,274,39,103
222,274,40,106
221,272,41,110
221,276,39,103
223,278,37,108
222,278,41,103
223,278,39,104
222,279,39,105
225,282,36,105
220,283,38,105
220,283,38,106
219,283,37,108
220,286,37,108
216,286,43,112
215,287,40,111
212,288,40,111
209,288,39,112
204,291,40,108
200,290,43,112
196,290,41,110
193,292,43,110
189,294,41,110
189,295,40,110
183,295,44,110
179,295,43,114
179,298,41,115
173,299,40,113
169,300,44,114
163,301,44,114
160,299,39,113
154,302,38,112
147,304,41,109
139,304,39,116
135,304,36,117
126,306,44,114
112,304,54,114
111,308,51,112
110,306,29,120
100,308,35,116
83,310,50,113
74,311,51,113
73,310,39,112
64,309,43,116
57,310,41,119
40,311,55,116
43,311,53,115
73,309,47,114
105,310,40,117
123,312,55,108
146,312,54,104
182,320,55,102
172,320,51,111
166,320,49,116
156,319,52,114
142,320,53,123
143,331,50,103
139,323,49,111
132,331,51,99
121,328,53,101
110,334,54,106
111,319,43,117
103,321,50,114
94,321,45,114
84,320,47,120
71,320,57,124
89,325,54,119
124,325,47,117
154,325,45,119
170,324,55,115
202,323,49,115
222,325,57,99
239,325,57,99
236,318,45,119
220,321,48,111
212,321,46,113
210,322,43,109
198,320,43,110
184,322,43,105
178,322,43,109
163,322,46,108
155,319,39,114
148,320,48,112
142,323,49,108
149,322,53,105
167,321,57,99
190,319,57,99
223,320,57,99
243,320,57,99
282,321,57,99
320,320,57,99
346,320,57,99
376,305,54,116
400,308,46,115
387,307,49,116
381,307,47,114
370,300,47,116
368,306,45,113
362,306,46,113
353,302,48,115
346,302,47,112
341,299,47,115
333,303,48,112
327,301,46,113
322,301,44,105
316,299,46,107
308,300,50,111
298,299,49,110
292,294,48,113
290,295,45,107
284,294,49,108
283,296,41,110
273,295,48,108
269,295,40,111
259,289,49,106
259,295,48,100
249,292,48,109
243,289,51,110
239,288,45,103
233,288,45,107
230,292,45,102
222,291,49,103
218,291,46,103
209,286,49,103
211,284,41,107
202,288,44,99
199,288,44,98
194,285,41,97
188,286,41,101
187,284,40,103
182,282,40,106
178,282,43,104
172,283,38,102
170,283,38,98
163,282,40,99
161,283,35,95
152,282,46,95
147,283,48,96
143,276,45,104
140,275,48,95
138,278,43,104
134,275,44,105
129,273,41,105
