112,233,37,123
111,232,32,116
111,232,33,116
111,234,32,117
111,232,31,119
111,233,31,117
110,232,33,112
109,233,35,110
106,232,35,111
104,233,37,107
109,234,34,109
109,234,33,106
107,234,33,104
106,233,31,106
104,233,34,112
105,233,36,108
107,235,36,113
104,232,43,122
110,234,44,119
107,233,50,123
110,233,49,120
115,233,41,120
117,232,45,122
118,231,51,123
120,231,46,119
118,231,47,123
119,231,43,123
117,230,45,123
113,232,47,121
112,231,49,120
112,231,52,122
113,231,52,119
118,230,49,121
119,229,52,123
126,230,51,122
128,224,47,127
132,227,49,119
134,226,50,120
133,226,46,121
131,227,49,120
130,225,46,120
126,224,51,122
121,219,53,119
122,218,49,114
119,218,47,116
117,217,45,119
118,219,40,118
115,217,43,113
111,214,45,114
110,213,45,117
107,212,43,115
102,209,44,112
99,214,41,110
96,212,41,109
93,210,43,112
89,207,40,111
86,207,41,108
77,209,46,104
77,209,43,114
73,206,40,111
72,207,38,111
69,205,39,112
67,203,41,114
67,205,39,112
64,205,37,112
62,202,36,112
59,200,38,111
59,199,37,112
55,201,40,110
56,201,38,109
55,199,37,105
56,198,36,114
54,195,40,109
56,194,38,106
57,195,36,96
53,197,35,97
51,195,36,99
47,192,36,104
45,192,36,107
41,193,37,104
39,193,43,103
39,191,41,96
41,190,38,97
39,187,43,98
41,187,37,93
43,188,37,98
40,187,36,100
38,186,38,103
37,184,35,102
35,183,39,103
35,184,39,103
36,188,36,100
38,186,35,98
37,181,37,98
37,179,36,96
37,179,35,92
36,180,35,96
36,181,36,95
34,178,36,95
33,177,37,96
32,173,38,103
32,175,40,98
35,178,38,97
35,175,38,101
37,174,37,98
39,172,41,96
39,173,43,93
44,172,37,92
45,172,36,95
45,170,37,95
44,169,37,93
45,167,34,93
47,168,33,93
48,170,33,93
49,168,32,93
49,167,38,98
51,165,34,98
53,164,33,98
54,167,34,93
55,167,35,94
54,167,36,91
55,164,35,92
56,163,35,89
59,161,35,93
59,163,36,93
62,163,34,91
65,161,34,91
66,161,36,88
68,160,35,90
70,161,32,90
70,161,31,92
69,159,33,91
67,158,35,92
66,156,34,93
66,158,37,91
68,157,31,91
67,158,34,90
69,157,31,88
70,156,30,89
71,155,30,90
70,155,34,90
71,157,35,87
71,156,33,88
73,154,31,87
71,153,33,87
71,155,33,86
69,154,37,88
73,154,34,86
76,151,31,87
76,150,31,85
77,150,33,82
79,152,33,84
78,151,29,85
78,150,29,86
76,148,31,88
77,147,31,87
74,147,29,86
76,148,30,86
74,149,33,82
78,149,28,83
76,145,31,84
79,145,28,84
80,145,27,82
80,146,30,85
78,146,30,85
80,144,26,84
76,143,34,84
77,142,32,84
79,142,33,83
78,144,33,80
82,143,30,81
81,143,32,81
83,145,28,79
85,143,28,76
85,143,31,77
85,144,30,77
85,143,30,73
84,142,30,77
84,143,32,76
86,144,30,73
87,142,31,78
92,140,32,78
93,136,29,77
94,131,34,77
95,130,34,80
94,131,32,79
97,132,31,85
98,132,28,84
99,135,32,70
101,133,26,70
103,133,28,70
101,135,29,64
104,135,26,63
105,133,26,66
107,131,27,71
109,131,23,77
106,134,28,76
106,134,29,77
106,132,27,69
105,129,28,66
105,130,28,63
106,131,27,66
105,132,28,66
107,130,30,65
109,130,28,66
109,129,28,71
111,130,29,72
111,129,29,71
111,130,27,74
112,129,36,64
112,127,32,66
113,128,33,69
114,127,34,70
118,128,28,71
118,126,33,69
122,125,29,69
122,124,29,73
123,124,31,74
124,124,31,64
123,123,34,71
123,123,35,72
124,122,31,73
126,123,27,71
126,123,29,71
129,123,28,70
128,122,28,71
128,122,29,66
129,119,31,73
130,120,29,72
130,121,30,71
132,122,30,68
130,118,31,71
131,119,29,71
131,119,30,70
132,119,31,70
134,120,27,69
135,119,27,69
137,117,28,69
136,117,29,70
138,119,27,68
139,117,28,71
138,117,30,66
139,115,22,68
140,114,26,71
137,115,31,71
136,115,34,70
137,115,30,68
140,114,29,71
142,114,28,66
142,114,28,67
140,115,28,65
140,114,29,66
140,114,29,67
140,114,29,66
138,112,30,71
140,112,30,67
142,112,28,70
143,113,27,65
146,111,24,65
147,110,22,66
147,110,27,70
148,112,26,66
150,111,22,65
151,110,23,65
152,108,24,69
151,108,27,66
154,108,24,68
156,110,28,64
160,110,27,66
163,109,26,65
164,108,24,65
164,107,27,68
164,109,28,65
167,108,27,64
169,106,22,67
169,108,28,62
171,106,27,65
175,108,26,65
175,109,26,61
178,107,23,64
178,107,23,63
179,106,27,63
180,106,30,65
180,107,30,61
182,105,28,65
182,104,24,64
183,104,22,63
182,103,26,63
182,104,23,62
183,106,26,61
185,104,22,62
184,102,22,63
186,102,26,63
186,103,26,61
188,103,26,61
188,103,26,61
189,103,22,61
187,103,27,59
189,103,26,61
192,103,23,61
192,101,24,63
192,100,24,62
194,99,24,62
196,100,27,61
198,100,27,62
198,101,28,58
199,101,29,60
202,99,23,59
203,98,24,59
205,98,26,61
207,98,34,61
210,100,31,60
207,100,34,63
216,99,14,57
220,98,21,63
221,101,29,60
225,101,28,61
226,102,28,59
227,100,28,58
230,99,22,58
232,100,27,59
233,101,27,58
236,100,23,57
238,99,21,58
239,98,24,58
240,99,27,57
240,99,28,57
242,98,27,57
243,96,27,61
244,97,26,59
245,93,23,61
247,97,22,60
248,98,22,58
248,94,23,59
250,95,23,59
251,98,26,56
251,96,27,57
251,97,29,56
251,96,24,56
252,95,23,56
253,94,22,58
254,97,23,55
254,94,23,57
256,95,22,56
259,93,21,59
258,93,27,59
258,93,28,56
259,93,28,56
260,93,22,56
259,93,27,56
259,91,26,56
260,93,24,56
263,92,23,57
264,91,21,58
267,91,20,56
267,92,20,56
266,92,26,56
265,93,24,56
265,92,27,56
265,91,26,54
266,90,24,56
266,93,24,53
267,93,24,51
268,93,24,51
268,90,26,55
271,89,22,56
270,91,28,54
271,92,26,54
272,92,26,51
271,92,26,50
273,89,24,55
273,92,23,51
275,92,24,50
278,92,21,51
281,89,20,51
281,89,19,51
281,91,23,50
281,90,23,53
280,90,27,52
281,88,26,51
282,87,24,52
282,88,26,53
284,89,28,50
285,88,27,51
287,87,23,51
288,87,27,50
288,85,26,57
287,87,31,55
288,90,28,49
292,87,26,50
293,86,24,55
292,86,27,51
293,86,24,54
295,85,24,52
296,84,24,55
299,84,22,52
300,84,20,55
300,87,22,49
301,85,21,53
301,84,24,52
301,84,23,51
303,82,23,54
306,83,19,52
308,83,20,53
309,82,20,55
309,82,20,50
308,83,28,50
308,82,27,52
309,83,29,52
310,82,30,53
311,81,27,53
312,82,28,54
315,82,22,53
316,81,22,52
318,80,20,54
318,82,24,50
318,82,23,51
317,82,29,51
318,80,28,51
319,80,27,51
321,79,26,49
322,81,24,50
327,79,21,51
326,78,23,55
329,77,21,52
329,77,26,50
331,77,23,50
328,77,28,53
331,79,24,53
330,77,23,51
330,77,24,52
329,78,24,50
332,78,23,50
333,77,21,55
333,77,22,51
336,76,19,50
337,77,18,48
337,77,20,49
335,77,22,50
336,76,19,50
336,76,20,51
337,77,19,50
336,77,21,48
339,77,20,49
339,75,19,50
341,76,21,48
342,76,19,49
341,76,21,51
342,75,21,51
343,75,19,47
344,75,19,50
