900,278,37,63
898,280,36,60
900,279,34,61
898,277,39,65
895,278,40,64
895,277,39,65
892,278,39,65
892,277,40,65
890,278,37,67
887,278,37,64
887,277,32,69
882,279,37,59
879,279,39,58
876,278,36,60
874,278,34,62
873,278,37,64
869,277,36,65
871,277,36,67
869,277,36,66
874,275,32,68
869,277,32,67
866,277,34,67
864,278,32,67
863,279,34,64
860,279,39,64
860,279,36,65
856,279,42,65
855,279,39,64
852,279,36,64
855,279,36,66
848,279,39,67
850,279,36,66
847,277,34,68
840,278,39,65
839,278,37,65
834,277,42,67
834,279,40,66
834,278,36,65
826,279,49,65
827,279,44,65
827,280,45,65
824,278,45,66
822,278,49,68
822,278,44,67
822,279,42,66
824,278,37,67
824,278,34,64
819,277,34,66
818,277,29,68
814,277,32,68
813,276,36,71
811,277,34,68
806,278,39,66
801,280,45,66
801,277,39,69
798,277,39,70
796,278,47,66
796,280,42,63
793,278,44,65
790,278,44,67
793,278,39,68
788,278,39,67
785,280,37,66
782,278,37,66
782,280,36,65
782,278,34,67
780,278,34,68
771,278,42,67
764,278,49,66
764,280,49,65
762,280,49,64
761,282,49,62
759,280,50,65
756,279,52,68
756,281,49,64
754,278,52,68
754,279,47,67
756,279,40,68
754,279,37,68
754,277,36,69
746,277,36,69
751,277,29,68
750,278,32,67
743,277,36,67
741,276,36,68
741,278,37,66
740,279,37,65
740,278,37,66
732,279,36,64
732,277,36,63
728,278,34,61
728,279,34,59
725,279,32,59
722,277,34,58
719,277,34,59
719,277,34,58
716,279,32,58
712,279,34,57
712,279,34,57
709,281,32,56
707,280,32,56
704,280,34,55
701,279,34,55
699,280,34,54
698,279,34,54
695,279,34,54
695,279,32,53
695,277,34,53
691,276,34,53
688,277,34,53
688,277,32,53
686,278,32,53
685,275,37,60
682,275,32,53
677,279,36,55
672,279,39,56
675,279,32,53
672,281,32,54
669,279,31,55
667,279,32,55
664,279,31,56
662,279,31,54
661,277,31,54
656,277,31,52
657,279,31,53
656,278,31,52
654,278,31,52
652,278,31,52
649,279,31,51
644,279,31,48
644,280,31,45
641,278,31,44
638,280,31,43
638,280,31,42
635,277,31,44
630,278,31,42
631,277,31,42
628,278,31,40
628,279,31,39
620,279,31,39
622,276,29,40
617,279,31,47
618,279,23,46
607,276,31,55
602,282,31,42
604,286,28,46
591,289,28,46
605,281,28,46
602,279,28,46
597,279,28,46
597,276,28,46
597,279,28,46
593,279,28,46
593,279,31,42
589,280,29,41
589,280,29,42
586,279,29,42
586,280,29,42
583,279,29,44
580,281,26,40
578,280,24,42
578,280,19,49
573,281,28,40
571,281,28,43
568,280,24,48
565,280,24,49
563,280,24,47
563,281,23,46
562,280,23,44
555,281,26,45
555,280,24,45
552,280,24,48
550,282,26,46
547,281,24,43
541,280,28,45
541,280,28,46
537,281,28,42
541,281,23,39
537,281,26,41
533,280,24,42
531,279,24,45
531,279,24,43
528,280,24,43
526,279,26,45
525,281,21,48
520,280,28,46
520,281,26,46
518,280,26,46
510,282,34,47
507,281,32,49
505,280,37,48
502,280,40,51
503,282,34,50
503,281,32,50
500,281,32,50
495,280,32,50
491,281,37,50
486,280,40,50
484,281,42,48
474,280,52,68
474,280,53,68
474,280,47,69
473,282,49,68
473,282,49,68
468,282,40,68
468,282,40,69
466,282,37,71
468,282,37,69
466,280,31,71
463,281,32,70
460,280,32,73
453,282,37,70
453,284,36,67
450,280,37,73
445,283,40,70
442,283,45,70
440,282,45,73
440,283,47,70
440,282,47,70
435,283,49,70
434,282,52,73
435,281,45,70
434,282,45,71
434,282,42,70
429,282,36,70
426,280,37,73
423,284,37,69
419,282,37,70
414,283,42,68
410,282,44,70
410,283,44,69
406,283,45,69
405,284,49,68
403,283,49,69
403,284,44,68
401,283,45,68
400,284,47,70
401,283,34,68
398,282,36,73
392,282,37,71
389,283,40,70
390,282,37,70
387,283,37,70
387,283,36,69
384,284,39,69
380,283,44,71
379,284,45,67
377,284,45,69
379,285,44,66
374,285,45,66
372,283,45,69
371,283,45,68
369,283,39,71
366,282,42,73
358,282,37,69
356,283,36,70
353,285,39,69
350,285,42,67
346,285,45,69
343,286,47,74
342,285,40,70
337,284,47,68
337,284,45,69
338,284,39,65
337,284,37,69
333,284,37,65
335,283,36,65
333,284,36,69
333,283,34,63
327,283,36,69
327,283,37,73
325,284,34,64
324,283,36,67
321,285,34,63
317,285,37,63
314,285,36,61
314,286,32,63
309,285,40,63
308,285,40,68
308,286,37,65
303,285,39,61
299,284,39,61
298,282,37,66
295,285,39,64
291,285,40,66
293,285,34,62
293,284,32,61
288,284,32,65
285,285,32,68
282,284,34,64
280,285,32,66
275,285,37,59
272,284,42,60
265,285,40,65
267,284,36,71
270,285,34,64
264,283,42,65
261,282,36,60
259,285,36,61
257,284,37,60
256,284,32,56
253,284,28,53
253,283,31,54
251,283,29,57
248,285,31,58
243,285,28,50
241,285,31,52
236,285,32,57
240,284,26,55
238,283,28,55
230,283,32,58
230,285,32,56
228,286,32,55
228,283,29,51
225,283,31,51
223,284,28,45
220,287,29,52
220,285,28,51
217,285,29,50
217,286,28,49
215,287,23,43
209,285,28,49
209,285,24,48
207,284,26,50
204,286,26,42
199,285,31,49
199,284,28,46
198,283,26,49
196,286,26,45
196,284,24,47
186,284,28,51
185,286,28,47
185,287,28,45
183,285,24,44
180,285,28,44
178,287,29,56
175,286,34,50
172,285,34,53
172,285,29,49
172,284,28,54
167,285,31,50
164,284,31,48
165,285,28,50
160,285,29,48
159,286,29,51
157,287,24,50
154,286,28,58
151,287,31,54
149,287,26,47
149,287,24,49
142,286,32,46
142,285,28,50
141,287,28,48
138,285,28,48
139,285,24,47
134,285,31,46
134,287,28,43
130,285,32,45
131,286,24,46
128,286,26,48
121,286,26,44
120,287,24,43
118,288,26,48
115,286,28,47
113,286,29,49
110,286,29,44
108,287,31,44
107,287,28,44
104,287,28,45
100,286,29,46
99,288,29,46
97,287,29,56
91,287,39,73
86,287,37,71
84,286,40,75
81,288,36,69
81,286,36,71
78,288,40,71
76,288,40,70
74,288,40,70
76,286,37,71
74,286,32,74
71,287,34,73
71,287,34,73
66,287,32,70
60,288,39,70
60,288,37,71
58,286,36,74
58,288,40,71
58,285,37,74
53,289,40,70
55,288,37,70
47,288,40,75
47,288,32,69
44,287,32,66
40,286,34,68
42,286,29,61
39,287,28,61
36,287,31,64
34,285,28,62
31,286,26,69
29,288,29,65
31,287,26,63
29,287,26,61
24,288,26,61
21,290,31,65
11,289,42,65
13,288,39,67
11,288,40,69
10,288,34,69
8,288,40,67
3,289,40,70
6,288,36,75
0,288,40,75
0,289,39,78
0,288,39,69
0,289,32,67
