205,428,97,74
214,429,97,74
222,429,97,74
226,430,96,74
230,431,96,74
235,433,96,74
238,432,95,74
241,432,95,74
244,432,95,74
240,432,95,74
240,432,94,74
240,434,94,74
240,435,94,74
239,436,96,76
238,437,97,79
239,437,97,79
235,445,97,79
229,450,96,78
221,449,97,76
221,449,97,76
222,449,97,75
218,447,96,75
224,449,96,75
228,450,94,74
232,451,92,72
237,452,91,72
241,453,91,72
247,458,97,72
250,457,97,72
254,457,97,72
257,456,96,72
260,456,96,72
263,455,96,72
267,455,95,72
271,452,95,74
276,450,95,75
280,448,94,77
282,447,94,76
284,446,94,76
286,445,93,76
287,443,93,75
288,440,93,75
289,436,92,75
291,434,92,73
294,433,91,71
295,428,92,71
299,425,92,73
304,422,92,76
301,418,91,76
303,416,91,75
304,414,91,75
306,413,90,75
309,412,90,75
311,412,90,75
313,413,89,75
316,414,89,75
321,413,89,78
326,413,88,81
331,413,88,84
334,415,87,80
336,417,86,76
341,417,89,76
347,417,90,76
352,417,91,76
357,420,91,72
360,418,90,72
363,416,90,72
371,416,89,71
378,415,89,71
386,415,89,71
393,414,88,71
401,414,88,71
408,413,87,71
415,413,87,71
423,412,86,71
423,409,86,74
424,405,85,78
424,401,85,81
427,400,85,78
430,399,84,75
433,398,84,72
431,399,83,72
434,396,83,72
437,393,82,72
442,393,82,72
447,393,82,71
453,394,81,71
458,394,81,71
464,394,80,71
469,394,80,71
475,395,79,71
480,395,79,71
485,395,78,70
491,395,78,70
496,396,78,70
502,396,77,70
507,396,77,70
513,396,76,70
518,397,76,70
524,397,75,69
529,397,75,69
534,398,74,69
540,398,74,69
545,398,74,69
551,398,73,69
556,399,73,69
562,399,72,68
567,399,72,68
572,399,71,68
575,398,71,68
577,397,71,69
580,396,71,69
588,397,70,69
596,397,69,69
604,398,67,68
613,398,66,68
621,399,65,68
629,399,66,68
637,399,68,67
643,400,67,67
648,401,67,66
653,402,66,65
659,402,66,65
664,403,65,64
669,404,65,63
675,405,64,62
680,405,64,62
687,403,63,63
695,402,63,65
