389,117,62,66
389,118,62,65
389,117,64,69
392,117,60,68
393,115,61,68
394,115,60,56
394,117,60,51
399,113,56,55
399,113,56,61
401,111,54,52
401,110,54,52
410,110,41,48
421,113,29,46
425,105,28,54
422,105,36,51
421,103,42,54
419,100,50,56
417,101,51,56
415,101,52,56
412,104,54,55
415,105,48,54
412,108,51,55
412,108,56,59
413,110,59,61
410,114,64,59
410,115,65,61
408,119,62,61
403,122,68,62
402,131,66,51
401,134,64,52
398,136,57,56
399,134,59,57
397,129,65,61
399,129,69,61
405,127,66,64
405,129,66,61
407,129,68,60
408,125,70,61
412,120,64,68
412,118,68,68
415,117,65,66
417,119,61,62
420,120,56,56
424,129,46,45
422,129,41,45
425,134,38,40
426,128,42,42
431,128,38,45
436,128,38,42
440,136,38,34
447,138,29,29
443,143,41,28
445,146,41,25
448,146,42,25
448,146,38,25
447,146,40,25
448,146,40,27
447,146,41,24
452,146,34,27
450,146,37,27
450,146,37,28
450,146,34,28
443,145,40,28
443,141,40,37
445,141,38,38
443,143,40,32
438,139,45,40
443,138,43,42
439,138,50,41
440,138,48,41
438,136,48,45
435,137,46,48
430,133,52,57
421,133,66,57
407,125,84,62
394,118,101,71
392,118,98,66
388,114,99,66
385,113,103,64
384,110,102,65
384,110,101,65
382,110,102,61
382,110,99,61
383,108,99,64
384,108,96,60
385,110,93,59
387,114,92,54
384,113,94,55
385,113,93,54
384,110,93,57
382,113,99,57
384,110,96,57
384,113,96,54
384,110,98,57
387,111,99,56
388,113,98,55
387,110,99,56
387,111,101,57
389,113,98,56
393,113,94,56
397,113,92,59
401,114,87,52
402,113,87,60
391,100,62,45
388,101,65,50
387,103,68,52
387,105,69,50
387,106,69,54
391,106,66,54
387,105,71,55
389,105,66,50
389,105,66,54
389,106,66,52
391,108,68,54
388,106,68,55
385,105,68,51
384,103,66,57
382,101,69,59
384,99,69,62
382,101,71,56
384,100,71,55
385,97,70,56
387,100,71,56
389,101,66,55
392,101,64,47
388,103,70,46
391,103,66,48
392,103,66,45
389,103,69,46
392,103,66,46
392,104,70,46
389,104,71,47
389,105,70,47
389,105,71,46
391,105,69,46
391,105,68,45
388,106,70,46
389,106,70,45
391,108,65,43
387,105,70,51
388,108,68,47
387,108,69,42
387,108,68,45
387,108,65,43
385,108,65,47
384,110,69,42
387,110,64,43
384,108,68,43
382,109,70,45
384,110,64,43
384,109,66,45
384,111,66,42
384,111,64,40
384,113,64,41
384,110,64,43
382,110,64,46
382,110,61,46
382,110,64,41
379,110,66,43
380,110,65,43
379,111,62,42
379,110,64,45
380,110,64,46
380,111,62,43
379,110,65,45
380,110,64,45
379,110,62,45
379,110,64,47
377,109,66,48
377,109,66,47
375,105,66,54
374,105,68,51
373,103,70,54
371,103,69,56
371,101,73,52
371,103,70,54
371,100,71,61
371,97,74,59
373,95,70,61
373,94,73,57
377,92,79,56
385,92,76,60
398,92,75,59
407,100,74,57
416,113,68,50
433,120,82,48
435,133,87,57
438,137,88,60
449,145,78,62
457,146,68,65
457,148,71,60
452,145,76,66
452,146,75,59
449,145,80,57
450,143,76,57
454,146,70,54
453,143,71,57
452,145,73,52
452,138,73,57
453,138,68,50
443,132,74,50
440,128,69,43
433,125,66,46
424,124,71,47
422,123,66,43
421,123,65,41
420,122,61,40
422,115,60,47
420,115,61,43
417,114,64,45
417,115,62,42
417,115,62,42
416,115,65,43
417,114,62,45
415,114,65,43
411,111,68,46
407,111,71,42
406,106,75,51
407,105,75,56
405,101,74,59
407,95,69,60
408,92,74,61
410,90,71,66
410,92,69,66
415,94,61,62
413,94,62,61
411,95,65,59
407,95,66,62
402,99,73,59
407,103,66,59
410,103,65,61
408,106,68,55
399,108,79,56
407,109,69,57
402,111,76,55
403,114,78,52
408,115,68,52
408,114,71,52
410,115,71,51
410,115,74,51
411,114,73,54
412,119,71,48
410,117,74,51
410,120,78,46
415,117,74,52
407,118,83,54
407,118,75,52
405,115,82,56
407,118,75,54
405,115,76,55
407,115,79,56
402,115,82,55
405,119,80,51
405,114,76,57
407,115,74,54
410,115,73,51
410,114,74,56
408,115,70,54
410,115,73,52
410,115,74,52
410,115,71,52
410,118,66,54
408,117,62,52
410,123,69,47
408,123,70,46
406,119,73,50
412,118,73,48
417,115,76,48
422,115,71,54
428,114,74,55
431,113,75,56
434,113,76,57
438,111,73,54
443,114,70,51
440,110,79,54
444,110,73,54
445,109,74,52
444,109,80,55
447,111,80,51
445,110,79,54
445,113,82,54
445,113,82,54
448,111,82,57
445,111,84,60
448,111,80,55
447,113,84,56
448,113,84,55
450,113,82,59
450,113,85,56
449,111,84,56
450,113,84,57
450,113,83,57
452,114,83,57
450,113,87,61
449,111,85,60
450,110,85,59
448,109,89,61
447,110,88,59
447,111,88,61
448,110,85,57
447,110,88,60
448,110,84,57
448,110,82,60
448,110,85,59
445,109,87,61
447,108,85,59
445,109,88,62
444,108,88,56
445,110,84,55
445,109,87,62
442,106,87,60
443,108,85,59
444,106,80,60
444,106,85,59
442,106,83,62
443,108,84,56
442,105,84,56
438,109,84,52
436,108,83,51
436,104,82,60
431,105,88,59
429,108,87,59
429,106,88,61
428,106,87,61
429,108,84,57
428,108,84,56
425,105,89,60
428,106,87,60
426,105,82,60
425,108,83,59
426,108,80,57
422,106,87,62
425,108,85,59
424,106,83,59
422,108,87,56
425,105,83,61
422,105,82,61
420,105,87,60
425,105,83,60
421,105,91,62
422,104,82,62
420,106,87,55
422,105,82,62
421,108,88,57
420,108,85,60
422,108,80,59
419,105,85,56
421,108,82,56
420,105,84,59
420,105,82,60
420,104,87,59
421,105,82,57
421,106,82,55
422,106,75,51
429,106,62,48
430,109,51,43
433,110,50,46
440,110,32,47
440,95,34,56
439,92,45,65
434,95,59,62
428,100,66,61
425,104,71,62
417,105,73,56
410,105,76,56
401,113,75,52
394,113,82,51
389,114,84,51
388,114,79,52
387,117,84,50
389,118,79,46
387,119,82,52
388,122,76,45
389,119,84,50
389,120,82,51
391,118,79,51
388,118,84,52
387,117,87,52
387,117,83,54
387,117,87,54
387,120,85,51
392,120,82,51
393,120,80,48
392,119,82,50
396,122,76,47
397,123,78,48
394,122,79,50
391,120,83,47
392,122,80,47
398,122,76,48
394,122,79,48
394,119,82,52
392,120,82,51
394,120,79,51
392,120,82,52
392,120,79,52
389,122,84,52
391,122,84,52
392,123,84,51
393,123,82,52
389,125,84,50
387,125,88,50
388,122,83,52
385,125,88,51
389,123,83,51
389,120,84,54
397,128,82,48
394,127,82,50
394,128,82,51
393,123,80,54
394,123,85,51
392,128,85,48
389,123,89,51
392,122,89,52
391,119,91,52
388,120,93,51
387,118,96,54
392,117,92,52
396,120,82,46
398,120,85,48
387,120,93,48
394,122,87,47
391,122,91,51
397,123,89,48
401,124,87,47
397,120,88,50
394,118,94,47
397,111,91,52
397,108,87,50
394,100,87,54
392,86,89,62
389,80,92,68
389,77,92,69
383,77,101,71
382,85,107,68
382,94,102,62
382,95,105,69
384,105,101,56
399,118,87,48
407,127,88,47
401,138,66,34
405,138,64,32
406,136,62,37
389,129,101,42
396,122,101,50
384,110,108,56
382,103,115,65
384,91,110,74
396,85,103,74
389,87,105,74
391,90,106,74
392,95,106,66
392,97,101,66
389,105,99,66
389,110,101,70
399,115,97,65
403,120,98,59
420,114,88,65
430,113,85,61
438,105,79,66
448,100,79,68
449,96,93,66
448,92,107,65
456,87,107,68
463,85,97,66
467,85,91,70
467,90,88,65
466,96,87,65
468,97,80,60
467,100,76,59
464,99,60,57
466,99,61,61
466,99,59,62
466,97,61,62
472,100,56,59
470,99,55,61
473,99,52,62
473,100,54,59
473,100,54,59
475,101,50,57
464,100,56,57
457,100,57,56
452,103,57,50
450,105,52,42
445,104,57,42
445,100,54,45
444,99,62,50
445,97,64,59
448,96,68,60
458,91,64,60
468,88,54,60
479,92,45,41
476,85,59,51
479,80,64,51
480,72,65,56
485,73,62,52
484,68,61,57
482,67,65,61
485,66,62,62
482,66,68,62
486,72,64,56
491,72,65,52
496,74,64,54
507,73,59,56
512,76,55,56
513,81,56,50
514,82,56,51
519,83,52,51
522,87,56,48
523,85,55,51
524,90,52,48
527,87,51,54
526,90,55,48
528,90,52,51
530,91,54,50
532,91,51,52
533,92,52,51
532,95,54,48
532,92,51,55
533,94,52,52
536,92,50,55
535,94,52,52
535,91,54,55
533,92,51,54
535,92,52,52
535,91,54,51
535,88,50,54
533,90,52,51
533,86,52,52
533,86,54,50
535,87,54,51
536,87,55,50
536,87,52,48
538,85,50,48
537,85,52,50
537,85,51,51
537,85,51,48
538,85,52,51
537,86,54,48
537,87,54,52
540,86,52,51
538,85,50,50
540,85,50,56
540,85,51,52
541,87,52,50
540,86,51,51
540,85,51,51
538,85,55,51
540,83,54,54
544,83,50,52
542,85,55,51
542,82,54,52
545,82,54,52
546,82,52,54
546,82,54,51
545,80,54,56
546,81,55,55
544,81,55,54
546,82,54,54
546,85,51,51
546,85,52,54
545,85,54,54
546,88,52,47
545,87,52,51
545,87,52,55
545,88,54,52
545,90,52,51
542,92,51,48
542,90,54,51
545,92,54,51
547,94,55,50
547,95,60,55
546,100,61,48
551,109,52,40
540,114,60,41
537,123,61,33
527,125,51,33
494,128,59,31
470,127,65,33
453,125,61,37
442,123,65,41
430,122,74,42
428,120,71,43
425,114,71,42
431,106,55,41
447,100,48,41
442,88,62,59
450,82,59,61
472,77,40,70
489,76,28,62
490,74,38,56
487,74,50,52
484,77,57,54
482,82,55,46
479,88,54,43
481,94,51,40
481,95,54,40
485,92,50,42
489,94,54,42
491,92,54,42
499,91,48,45
496,92,54,41
499,90,54,43
500,90,52,43
501,90,51,43
501,87,51,43
499,88,56,46
500,87,55,47
504,88,54,47
504,87,52,48
504,87,52,45
504,88,54,45
504,87,54,46
505,87,50,47
504,90,52,43
501,87,51,48
498,87,54,46
496,87,50,46
494,88,52,43
489,88,54,46
489,90,55,43
486,87,56,45
487,88,52,45
488,87,50,42
484,87,54,46
482,87,57,46
479,88,56,48
479,91,56,47
479,91,56,46
478,91,57,47
479,91,55,47
479,92,56,46
478,91,57,48
479,90,55,50
477,90,56,51
474,90,56,51
474,92,51,48
469,90,56,52
463,91,60,51
465,88,55,55
464,87,56,55
456,86,61,57
454,85,61,57
456,88,59,56
454,85,61,57
451,82,64,55
456,77,59,61
459,76,54,61
459,74,56,64
455,76,60,61
456,74,56,65
455,76,57,64
455,76,60,64
454,74,61,66
455,74,56,64
455,74,60,64
456,76,56,64
453,76,62,62
450,77,66,62
459,77,64,64
467,81,56,57
484,85,31,46
492,86,38,50
482,87,54,51
474,91,60,47
463,91,57,51
450,90,54,47
446,88,51,50
441,90,54,51
441,87,54,51
440,90,54,48
436,90,56,50
441,88,51,52
442,88,50,50
441,90,51,51
442,85,52,55
439,88,59,50
441,87,60,55
445,90,64,54
456,90,66,57
465,92,68,56
487,96,54,48
490,97,56,48
497,100,54,54
504,105,55,48
509,108,57,52
513,109,61,52
518,113,60,51
523,114,60,52
528,118,59,51
527,115,61,54
528,113,59,55
524,114,64,57
529,113,60,56
527,114,62,52
527,113,62,55
525,115,66,51
528,113,61,55
528,114,62,56
528,113,60,55
527,113,61,56
529,113,57,56
525,114,61,56
528,115,57,55
525,113,57,56
524,115,55,55
520,118,57,54
515,120,56,51
509,119,60,55
502,118,64,59
495,119,64,57
490,118,69,57
492,119,62,57
492,117,57,59
483,120,62,59
483,123,64,59
487,128,62,56
487,133,65,56
490,133,64,56
491,132,62,57
486,133,68,57
486,132,64,57
484,133,62,55
479,131,66,59
476,129,68,61
474,133,66,55
473,132,65,55
477,134,61,55
484,138,57,50
491,137,55,50
491,134,57,55
497,138,55,51
504,138,55,51
504,136,52,52
510,133,48,51
501,131,57,51
506,128,52,52
504,131,56,50
506,128,55,51
506,124,55,51
510,128,54,46
509,125,45,47
504,124,52,50
502,122,57,52
510,123,51,46
510,122,48,47
507,117,50,50
507,115,46,54
507,117,46,47
505,114,50,51
502,113,48,52
502,113,46,50
502,113,51,50
506,113,45,50
498,113,52,50
500,111,48,50
500,110,46,50
497,108,46,50
491,108,48,47
482,108,51,50
478,104,46,52
469,104,46,47
459,100,48,56
446,97,57,56
441,96,59,57
440,94,60,57
432,94,68,55
432,95,64,51
431,95,66,51
439,91,64,52
450,88,60,51
468,90,55,51
486,96,62,48
511,97,60,51
525,97,64,54
541,103,56,54
551,110,47,50
555,117,50,45
553,120,50,45
552,120,51,41
551,119,54,48
551,122,54,43
551,119,56,45
548,118,59,51
552,119,55,47
556,118,48,46
555,117,47,47
552,108,46,43
546,103,51,43
533,94,52,45
525,88,52,48
509,78,59,50
498,78,60,47
484,77,69,54
473,82,68,46
467,85,65,48
468,95,55,42
467,100,61,54
479,105,57,55
487,113,61,50
496,122,57,45
500,124,57,43
500,124,59,45
496,120,55,50
492,113,54,59
495,108,43,56
505,97,38,43
507,103,43,45
502,95,65,38
495,97,80,31
496,97,82,29
502,90,79,47
507,90,73,54
505,94,71,56
502,101,71,57
501,105,71,61
497,110,71,61
498,113,68,62
500,117,64,61
500,118,66,62
501,119,64,61
500,119,68,61
497,123,69,57
487,127,79,52
477,133,89,43
464,133,92,38
446,136,96,33
432,139,94,29
428,141,79,33
405,146,85,31
388,146,76,38
380,143,76,43
380,145,64,41
375,145,62,36
375,148,59,33
372,148,57,33
367,148,62,34
371,151,62,36
366,148,65,38
366,146,60,34
361,151,64,32
361,150,55,32
360,151,61,37
360,153,56,34
354,153,61,38
354,153,56,36
357,152,51,32
354,151,52,36
351,151,54,36
348,153,56,34
351,153,54,33
347,155,59,41
349,151,56,43
353,150,54,46
357,145,56,48
360,143,55,46
361,143,57,41
374,145,55,41
382,151,54,34
402,161,60,29
426,151,61,29
462,151,55,33
473,147,65,37
491,141,62,43
510,141,64,47
513,139,61,50
524,146,57,47
529,153,69,42
523,156,70,32
519,153,74,38
523,157,71,38
513,155,82,31
507,159,79,25
505,155,61,27
500,153,56,33
495,151,52,32
487,152,48,31
473,150,55,34
464,146,51,38
453,143,57,36
446,139,52,37
435,136,57,41
428,133,61,41
422,128,64,43
421,128,60,46
422,133,54,41
426,133,51,38
423,134,54,37
423,136,54,38
426,137,54,29
427,137,47,23
427,137,47,22
421,133,54,23
423,133,47,29
430,133,52,27
433,124,61,27
436,123,66,25
441,118,69,31
450,115,68,41
464,119,66,45
481,123,60,47
493,125,55,50
505,137,51,52
514,146,47,54
518,147,46,56
518,148,48,60
520,151,46,56
518,155,48,52
520,156,46,51
518,155,45,50
514,150,46,52
506,148,50,50
497,155,56,45
484,148,65,50
468,148,75,48
454,146,80,51
444,145,80,52
433,148,85,46
421,150,71,43
416,150,71,40
423,153,57,31
421,151,61,28
427,146,50,27
428,142,50,25
431,141,51,25
433,138,47,28
440,141,50,25
439,138,52,29
439,141,54,25
445,142,47,24
442,143,48,23
447,147,48,20
445,143,45,23
446,145,47,23
442,143,52,25
442,145,50,18
446,143,51,23
451,141,46,22
456,139,50,20
439,137,74,20
440,133,84,29
455,133,83,36
469,137,84,41
482,141,82,45
507,148,66,46
505,153,76,47
511,160,57,48
515,171,59,46
521,173,55,50
519,173,55,52
520,173,55,52
518,174,59,48
519,170,57,52
520,171,57,47
519,171,59,48
520,170,59,47
519,174,60,46
519,174,61,46
520,174,61,47
520,174,61,46
520,174,62,48
523,174,62,48
525,174,60,48
528,170,57,46
532,166,60,48
530,156,61,56
525,151,64,57
524,147,52,52
530,139,25,52
516,129,24,55
500,139,40,48
486,143,52,50
481,143,45,54
477,148,47,51
478,151,48,52
482,153,47,47
484,152,47,51
490,148,45,56
488,152,50,51
492,155,51,47
496,152,50,46
496,153,52,46
497,152,48,47
496,153,50,46
500,153,41,48
490,155,50,50
483,156,52,47
474,161,54,41
467,165,56,41
467,165,46,42
469,168,46,33
472,166,48,34
468,166,56,38
476,168,57,42
479,174,51,42
487,184,51,33
493,179,54,38
502,179,51,40
507,179,43,37
509,176,45,40
513,176,40,43
505,176,48,41
501,169,51,50
500,171,51,47
500,174,47,45
500,174,48,43
500,171,43,46
497,171,46,47
495,174,50,46
497,173,43,47
496,174,45,43
500,175,40,43
496,175,46,45
497,174,42,43
493,174,50,43
493,171,48,46
492,171,46,45
492,174,45,46
490,173,50,45
492,170,43,43
491,173,40,42
491,173,38,45
490,171,38,45
487,166,41,46
486,165,43,47
487,164,38,48
486,160,40,50
487,165,36,45
487,161,36,48
483,160,38,50
484,159,41,50
482,155,41,55
479,153,41,56
474,156,41,51
470,151,40,54
468,147,42,52
462,148,46,54
465,146,45,52
460,145,50,50
458,141,47,57
456,142,48,54
462,141,42,54
460,139,48,59
462,138,46,56
462,139,48,60
460,138,50,51
460,138,55,52
460,138,50,46
462,141,48,45
459,132,45,47
454,131,48,51
454,131,50,48
454,133,46,50
453,134,47,50
451,137,50,50
451,138,51,48
449,141,48,48
440,143,52,51
441,142,54,52
437,142,47,51
431,142,48,50
427,145,47,42
431,146,46,46
425,146,45,41
416,141,52,42
408,134,52,46
393,124,59,45
382,111,59,50
368,108,68,42
334,106,56,37
314,109,52,33
301,118,64,28
295,118,60,33
291,120,60,32
289,122,68,33
289,120,68,31
292,120,64,27
291,120,64,28
295,117,64,31
298,113,60,28
306,105,68,43
311,99,66,47
314,96,56,50
319,95,55,51
321,90,54,54
315,92,52,51
315,97,50,41
312,97,57,46
311,105,69,41
311,111,76,36
314,113,79,43
311,114,87,50
321,113,83,59
326,118,84,56
334,120,76,59
337,120,83,61
340,123,78,59
339,124,82,61
342,127,82,62
347,128,79,61
345,129,78,61
349,128,76,60
347,133,79,59
347,133,82,61
347,138,82,56
356,134,68,62
358,138,70,57
362,141,61,52
365,141,50,48
374,136,34,48
381,131,32,41
388,133,50,41
395,124,56,45
400,123,60,48
403,123,66,47
403,120,73,46
413,115,66,46
413,122,69,43
418,124,66,40
419,125,71,41
426,128,69,43
423,136,68,37
431,133,56,41
436,138,54,52
428,138,65,52
431,139,68,56
431,141,64,54
430,143,66,57
427,146,68,52
428,152,66,45
428,151,64,50
428,156,64,43
430,159,61,42
433,164,57,40
432,169,57,38
432,169,55,38
437,174,48,33
436,170,52,37
439,171,45,37
446,170,51,29
451,168,51,28
436,152,64,29
431,150,64,22
416,141,59,18
358,104,79,42
339,103,99,48
316,100,139,51
297,100,159,66
270,100,145,89
250,97,158,82
247,103,108,91
222,120,103,87
196,139,103,80
177,145,101,93
140,164,102,92
143,184,116,80
138,192,130,89
130,210,129,103
119,249,136,120
125,314,127,116
120,401,138,94
