46,374,35,61
48,374,35,61
49,374,35,61
51,374,34,61
53,374,33,61
54,374,33,61
56,374,32,61
57,373,32,61
57,373,32,61
58,373,32,61
59,372,32,61
59,372,32,61
60,372,32,61
61,372,32,61
61,372,32,61
63,372,32,61
65,372,32,61
69,372,32,61
72,372,32,61
73,372,32,61
75,372,32,61
76,372,32,61
77,372,32,61
78,372,32,61
79,372,32,61
81,372,32,61
82,372,32,61
83,372,32,61
84,372,32,61
86,372,32,61
87,371,32,61
88,371,32,61
89,371,32,61
91,371,32,61
92,371,32,61
93,371,32,61
94,371,32,61
95,371,32,61
97,371,32,61
98,371,32,61
99,371,32,61
100,371,32,61
102,371,32,61
103,371,32,61
104,371,32,61
105,370,32,61
106,370,32,61
108,370,32,61
109,370,32,61
110,370,32,61
111,370,32,61
113,370,32,61
114,370,32,61
115,370,32,61
116,370,32,61
118,370,32,61
119,370,32,61
120,370,32,61
121,370,32,61
122,371,32,60
122,371,32,59
123,372,32,59
124,372,32,58
125,373,32,57
125,368,32,61
127,369,32,61
128,369,32,60
130,370,32,60
132,370,32,60
133,370,32,59
135,370,32,59
137,371,32,59
138,371,32,59
140,371,32,58
142,371,32,58
143,371,32,59
144,371,32,59
145,370,32,60
147,370,32,61
148,370,32,61
149,370,32,61
150,370,32,61
151,370,32,61
152,370,32,61
153,370,32,61
154,370,32,61
154,371,32,61
155,371,32,61
156,371,32,61
157,371,32,61
157,372,32,61
157,372,32,61
157,372,32,61
158,372,32,61
158,372,32,61
158,372,32,61
158,372,32,61
159,372,32,61
160,372,32,61
161,372,32,61
163,372,32,61
164,371,32,61
165,371,32,61
167,371,32,61
168,371,32,61
170,371,32,61
171,371,32,61
173,371,32,61
175,371,32,61
176,371,32,61
178,371,32,61
179,371,32,61
181,371,32,61
183,371,32,61
184,371,32,61
186,371,32,61
187,371,32,61
189,371,32,61
191,371,32,61
192,371,32,61
194,371,32,61
196,371,32,61
197,371,32,61
198,371,32,61
199,371,32,61
200,371,32,61
201,371,32,61
202,371,32,61
202,371,32,61
204,371,32,61
206,371,32,61
207,371,32,61
209,371,32,61
210,371,32,61
212,371,32,61
213,371,32,61
214,371,32,61
215,371,32,61
216,371,32,61
218,371,32,61
219,371,32,61
220,371,32,61
221,371,32,61
222,371,32,61
223,371,32,61
225,371,32,61
226,370,32,61
227,370,32,61
228,370,32,61
229,370,32,61
230,370,32,61
232,370,32,61
233,370,32,61
234,370,32,61
235,370,32,61
236,370,32,61
237,370,32,61
239,370,32,61
240,370,32,61
241,370,32,61
242,370,32,61
243,370,32,61
244,370,32,61
246,370,32,61
247,370,32,61
248,370,32,61
249,370,32,61
251,369,32,61
252,369,32,61
254,369,32,61
256,369,32,61
257,369,32,61
259,369,32,61
260,368,32,61
262,368,32,61
264,368,32,61
265,368,32,61
267,368,32,61
268,368,32,61
270,367,32,61
272,367,32,61
273,367,32,61
275,367,32,61
277,367,32,61
278,367,32,61
280,366,32,61
281,366,32,61
283,366,32,61
285,366,32,61
286,366,32,61
287,366,32,61
288,366,32,61
289,366,32,61
290,366,32,61
291,366,32,61
292,366,32,61
292,366,32,61
293,366,32,61
294,366,32,61
295,366,32,61
296,366,32,61
297,366,32,61
298,366,32,61
299,366,32,61
300,366,32,61
300,366,32,61
301,366,32,61
302,366,32,61
308,366,32,61
309,366,32,61
310,367,32,61
311,367,32,61
312,367,32,61
313,368,32,61
314,368,32,61
316,368,32,61
317,368,32,61
318,368,32,61
320,368,32,61
321,368,32,61
322,368,32,61
324,368,32,61
325,368,32,61
326,368,32,61
328,368,32,61
329,368,32,61
330,368,32,61
332,368,32,61
333,368,32,61
334,368,32,61
336,368,32,61
337,368,32,61
338,368,32,61
339,368,32,61
341,368,32,61
342,368,32,61
343,368,32,61
345,368,32,61
346,367,32,61
347,367,32,61
349,367,32,61
350,367,32,61
351,367,32,61
353,367,32,61
354,367,32,61
355,367,32,61
357,367,32,61
358,367,32,61
359,367,32,61
361,367,32,61
362,367,32,61
363,367,32,61
365,367,32,61
366,367,32,61
367,367,32,61
369,367,32,61
370,367,32,61
371,366,32,61
373,366,32,61
374,366,32,61
375,366,32,61
376,366,32,61
378,366,32,61
379,366,32,61
380,366,32,61
382,366,32,61
383,365,32,61
384,365,32,61
385,365,32,61
387,365,32,61
388,365,32,61
389,365,32,61
391,365,32,61
392,365,32,61
393,365,32,61
395,365,32,61
396,364,32,61
397,364,32,61
398,364,32,61
400,364,32,61
401,364,32,61
402,364,32,61
404,364,32,61
405,364,32,61
406,364,32,61
407,363,32,61
409,363,32,61
410,363,32,61
411,363,32,61
413,363,32,61
414,363,32,61
415,363,32,61
416,363,32,61
417,364,32,61
418,364,32,61
420,364,32,61
421,364,32,61
422,364,32,61
423,364,32,61
424,364,32,61
425,365,32,61
426,365,32,61
427,365,32,61
429,365,32,61
430,365,32,60
431,365,32,60
432,365,32,60
433,366,32,60
434,366,32,60
435,366,32,60
437,366,32,60
438,366,32,60
439,366,32,60
440,366,32,60
441,367,32,60
442,367,32,60
443,367,32,60
445,367,32,60
446,367,32,60
447,367,31,60
448,367,31,60
449,367,31,60
450,367,31,60
451,367,31,60
452,367,31,60
453,367,31,60
455,367,31,60
456,367,31,60
457,367,31,60
458,367,31,60
459,367,31,60
460,367,31,60
461,367,31,60
462,367,31,60
463,367,31,60
464,367,31,60
466,367,31,60
467,367,31,60
468,367,31,60
469,367,31,60
470,367,31,60
471,367,31,60
472,367,31,60
473,366,31,60
474,366,31,60
476,366,31,60
477,366,31,60
478,366,31,60
479,366,31,60
480,366,31,60
481,366,31,60
482,366,31,60
483,366,31,60
484,366,31,60
485,366,31,60
487,366,31,60
488,366,31,60
489,366,31,60
490,366,31,60
491,366,31,60
492,366,31,60
493,366,31,60
494,366,31,60
495,366,31,60
497,366,31,60
498,366,31,60
499,366,31,60
500,366,31,60
501,366,31,60
502,366,31,60
503,366,31,60
504,366,31,60
505,366,31,60
506,366,31,60
508,366,31,60
509,366,31,60
510,366,31,60
511,366,30,60
512,366,30,60
513,366,29,60
514,366,28,60
515,366,28,60
516,366,28,60
517,365,28,60
519,365,28,60
520,365,28,60
521,365,28,60
522,365,28,60
523,365,28,60
525,365,28,60
526,365,28,60
527,365,28,60
528,365,28,60
529,364,28,60
530,364,28,60
532,364,28,60
533,364,28,60
534,364,28,60
535,364,28,60
536,364,28,60
538,364,28,60
539,364,28,60
540,364,28,60
541,363,28,60
542,363,28,60
543,363,28,60
545,363,28,60
546,363,28,60
547,363,28,60
548,363,28,60
549,363,28,60
550,363,28,60
551,363,28,60
551,363,28,60
552,363,28,60
553,363,28,60
554,363,28,60
555,363,28,60
556,363,28,60
557,363,28,60
558,363,28,60
558,363,28,60
559,364,28,60
560,364,28,60
561,364,28,60
562,364,28,60
563,364,28,60
564,364,28,60
565,364,28,60
565,364,28,60
566,364,28,60
567,364,28,60
568,364,28,60
569,364,28,60
570,364,28,60
571,364,28,60
571,364,28,60
572,364,28,60
573,364,28,60
574,364,28,60
575,364,28,60
576,364,28,60
577,364,28,60
578,364,28,60
578,365,28,59
579,366,28,58
580,367,28,57
581,368,28,57
582,368,28,56
583,368,28,56
584,368,28,56
585,368,28,56
586,368,28,56
588,368,28,56
589,368,28,56
590,368,28,56
591,368,28,56
592,368,28,56
594,367,28,56
595,367,28,56
596,367,28,56
597,367,28,56
598,367,28,56
600,367,28,56
601,367,28,56
602,367,28,56
603,367,28,56
604,367,28,56
606,367,28,56
607,366,28,56
608,366,28,56
609,366,28,56
610,366,28,56
612,366,28,56
613,366,28,56
614,366,28,56
615,366,28,56
616,366,28,56
618,366,28,56
619,366,28,56
620,365,28,56
621,365,28,56
622,365,28,56
624,365,28,56
625,365,28,56
626,365,28,56
627,365,28,56
628,365,28,56
630,365,28,56
631,365,28,56
632,365,28,56
633,364,28,56
634,364,28,56
636,364,28,56
637,364,28,56
638,364,28,56
639,364,28,56
640,364,28,56
642,364,28,56
643,364,28,56
644,364,28,56
645,364,28,56
646,364,28,56
648,363,28,56
649,363,28,56
650,363,28,56
651,363,28,56
652,363,28,56
654,363,28,56
655,363,28,56
656,363,28,56
657,363,28,56
658,363,28,56
660,363,28,56
661,362,28,56
662,362,28,56
663,362,28,56
664,362,28,56
666,362,28,56
667,362,28,56
668,362,28,56
669,362,28,56
670,362,28,56
672,362,28,56
673,362,28,56
674,361,28,56
675,361,28,56
676,361,28,56
678,361,28,56
679,361,28,56
680,361,28,56
681,361,28,56
683,361,28,56
684,361,28,56
685,361,28,56
686,361,28,56
687,360,28,56
689,360,28,56
690,360,28,56
691,360,28,56
692,360,28,56
693,360,28,56
695,360,28,56
696,360,28,56
697,360,28,56
698,360,28,56
699,360,28,56
701,359,28,56
702,359,28,56
703,359,28,56
704,359,28,56
705,359,28,56
707,360,28,56
708,360,28,56
709,360,28,56
710,360,28,56
711,360,28,56
713,360,28,56
714,360,28,56
715,360,28,56
716,360,28,56
717,360,28,56
719,360,28,56
720,360,28,56
721,360,28,56
722,360,28,56
723,361,28,56
725,361,28,56
726,361,28,56
727,361,28,56
728,361,28,56
729,361,28,56
731,361,28,56
732,361,28,56
733,361,28,56
734,361,28,56
735,361,28,56
737,361,28,56
738,361,28,56
739,361,28,56
740,362,28,56
741,362,28,56
743,362,28,56
744,361,28,56
746,361,28,56
747,361,28,56
749,360,28,56
750,360,28,56
752,359,28,56
753,359,28,56
754,359,28,56
754,359,28,56
754,359,28,56
755,359,28,56
755,359,28,56
756,359,28,56
756,359,28,56
757,359,28,56
757,359,28,56
757,359,28,56
758,359,28,56
758,359,28,56
759,359,28,56
759,359,28,56
759,359,28,56
760,359,28,56
760,359,28,56
761,359,28,56
761,359,28,56
761,359,28,56
762,359,28,56
762,359,28,56
763,359,28,56
763,359,28,56
764,359,28,56
764,359,28,56
764,359,28,56
765,359,28,56
765,359,28,56
766,359,28,56
766,359,28,56
766,359,28,56
767,359,28,56
767,359,28,56
768,360,28,56
768,360,28,56
768,360,28,56
769,360,28,56
769,360,28,56
770,360,28,56
770,360,28,56
771,360,28,56
771,360,28,56
771,360,28,56
772,360,28,56
772,360,28,56
773,360,28,56
773,360,28,56
773,360,28,56
774,360,28,56
774,360,28,56
775,360,28,56
775,360,28,56
775,360,28,56
776,360,28,56
776,359,28,56
777,359,28,56
778,360,28,56
780,361,28,56
781,362,28,56
780,361,28,56
778,359,28,55
778,358,28,55
778,356,28,55
779,356,28,55
781,356,28,55
782,357,28,54
783,357,28,54
784,357,28,54
785,357,28,54
786,357,28,53
788,358,28,53
789,358,28,53
790,358,28,53
791,358,28,53
792,359,28,52
793,359,28,52
794,359,28,52
795,360,28,52
796,360,28,52
796,361,28,52
797,362,28,52
797,362,28,52
798,362,28,52
798,362,28,52
798,362,28,52
799,362,28,52
799,362,28,52
799,362,28,52
799,362,28,52
800,362,28,52
801,361,28,52
802,361,28,52
804,361,28,52
805,361,28,52
806,360,28,52
807,360,28,52
808,360,28,52
809,360,28,52
809,360,28,52
810,360,28,52
811,360,28,52
812,360,28,52
812,360,28,52
813,360,28,52
814,360,28,52
814,360,28,52
815,360,28,52
816,360,28,52
817,360,28,52
817,360,28,52
818,360,28,52
819,360,28,52
819,360,28,52
820,360,28,52
821,360,28,52
821,360,28,52
822,360,28,52
823,360,28,52
824,360,28,52
824,360,28,52
825,360,28,52
826,360,28,52
826,360,28,52
827,360,28,52
828,360,28,52
828,360,28,52
829,360,28,52
830,360,28,52
831,360,28,52
831,360,28,52
832,360,28,52
833,360,28,52
833,360,28,52
834,360,28,52
835,360,28,52
835,360,28,52
836,360,28,52
837,360,28,52
838,360,28,52
838,360,28,52
839,360,28,52
840,360,28,52
840,360,28,52
841,360,28,52
842,360,28,52
842,360,28,52
843,360,28,52
844,360,28,52
845,360,28,52
845,360,28,52
846,360,28,52
847,360,28,52
847,360,28,52
848,360,28,52
849,360,28,52
849,360,28,52
850,360,28,52
851,360,28,52
852,360,28,52
852,360,28,52
853,360,28,52
854,360,28,52
854,360,28,52
855,360,28,52
856,360,28,52
856,360,28,52
857,360,28,52
857,360,28,52
858,360,28,52
859,360,28,52
859,360,28,52
860,360,28,52
861,360,28,52
861,360,28,52
862,359,28,52
863,359,28,52
863,359,28,52
864,359,28,52
865,359,28,52
865,359,28,52
866,359,28,52
866,359,28,52
867,359,28,52
868,359,28,52
868,359,28,52
869,359,28,52
870,359,28,52
870,359,28,52
871,359,28,52
872,358,28,52
872,358,28,52
873,358,28,52
874,358,28,52
874,358,28,52
875,358,28,52
876,358,28,52
876,358,28,52
877,358,28,52
877,358,28,52
878,358,28,52
879,358,28,52
879,358,28,52
880,358,28,52
881,358,28,52
881,358,28,52
882,357,28,52
883,357,28,52
883,357,28,52
884,357,28,52
885,357,28,52
885,357,28,52
886,357,28,52
886,357,28,52
887,357,28,52
888,357,28,52
888,357,28,52
889,357,28,52
890,357,28,52
890,357,28,52
891,357,28,52
892,356,28,52
892,356,28,52
893,356,28,52
