308,216,33,80
303,218,35,75
296,220,43,76
296,220,32,76
288,222,30,73
285,222,28,73
281,220,29,77
277,228,29,71
270,227,30,69
263,226,32,73
258,229,31,72
254,227,36,72
250,228,35,72
249,225,23,74
237,232,32,68
234,233,34,69
229,231,32,72
226,227,27,77
211,226,37,77
207,233,38,71
202,236,40,69
201,233,28,71
200,235,30,73
199,237,34,73
197,234,34,73
197,233,34,73
202,236,34,73
204,235,34,73
161,218,34,77
150,225,34,77
142,223,33,78
176,222,33,83
199,221,33,83
231,219,34,73
259,229,33,66
262,223,32,65
260,227,31,61
256,234,29,59
244,228,28,59
236,227,32,66
235,223,30,65
232,230,29,66
217,240,32,71
213,231,35,70
203,230,32,64
199,230,32,62
188,233,32,64
183,230,28,67
175,232,32,62
169,232,33,64
165,234,28,65
159,233,30,70
153,232,30,68
149,231,31,68
142,235,32,64
136,234,33,62
170,234,33,71
200,232,32,75
209,238,32,63
204,238,32,70
197,238,30,71
185,230,32,80
181,230,32,76
182,235,29,77
171,236,30,71
163,236,33,74
162,238,33,80
144,242,40,86
155,238,33,80
196,239,37,87
239,245,33,80
265,246,33,80
289,240,33,80
283,241,33,80
273,241,33,80
267,238,33,80
250,242,33,80
247,242,34,75
245,247,35,76
237,241,34,72
228,239,35,75
220,237,33,71
222,235,30,74
216,239,30,74
214,241,33,76
210,236,33,76
211,239,33,76
209,236,33,76
212,236,33,76
178,235,32,75
161,230,32,75
162,230,32,75
161,230,32,75
161,230,32,75
161,230,32,75
172,233,32,75
181,236,32,75
222,231,32,75
246,240,32,75
273,235,32,75
271,236,32,75
252,233,32,75
249,225,34,76
243,238,33,76
234,235,32,80
234,235,32,80
234,235,32,80
235,232,33,74
231,234,32,72
228,231,33,72
227,230,34,73
239,227,32,70
183,245,39,88
192,241,32,72
181,279,32,72
219,240,31,75
204,245,32,73
207,236,32,75
198,241,32,75
201,238,32,75
202,235,32,73
192,238,32,74
187,245,32,71
177,236,32,75
151,235,31,74
62,271,31,73
61,266,33,75
54,269,33,73
30,264,48,78
27,266,47,78
23,268,41,77
21,270,40,76
5,267,44,77
0,267,40,78
6,265,45,76
21,267,47,77
52,270,41,77
52,265,41,79
86,267,39,78
122,279,32,80
153,284,32,80
145,276,32,80
145,269,41,84
131,263,51,97
132,262,39,99
120,257,37,93
99,241,41,105
95,238,41,97
98,236,43,99
98,238,37,92
85,252,32,80
86,249,32,80
68,256,32,80
64,255,37,83
56,259,32,80
49,257,32,80
35,251,32,80
41,252,32,80
46,243,32,80
100,250,32,80
136,251,32,80
146,252,32,80
173,242,32,80
189,248,32,80
198,242,34,72
197,262,31,77
188,264,32,76
184,265,32,74
178,266,36,77
159,269,34,71
156,267,34,71
150,267,34,72
148,268,34,72
143,272,34,72
139,292,34,69
156,286,32,79
150,295,32,79
172,293,32,79
215,302,32,79
225,308,32,79
264,291,32,79
290,286,32,79
318,276,38,87
356,275,43,90
360,278,55,83
360,275,45,86
351,270,40,90
344,278,39,82
323,272,61,92
323,272,50,92
318,273,43,90
315,272,32,90
301,273,44,89
292,273,52,89
295,277,40,83
284,275,35,89
272,281,39,82
260,287,51,77
250,276,54,90
249,274,45,94
242,279,40,87
220,281,50,85
216,285,54,82
212,284,38,84
203,279,35,91
190,281,51,87
180,284,56,85
177,283,44,88
169,276,41,95
154,284,45,84
182,283,51,91
213,284,44,86
227,283,48,88
252,278,49,91
279,272,50,96
246,276,45,98
175,265,55,117
381,278,45,100
359,280,49,114
352,283,52,104
363,290,45,101
389,287,41,101
386,288,43,107
380,292,46,94
345,301,49,84
349,303,34,67
342,305,37,78
316,303,59,78
313,301,41,80
318,299,39,84
306,288,39,93
288,293,54,88
287,297,46,86
282,300,43,80
277,289,33,89
264,290,43,90
254,283,53,98
248,299,48,82
243,295,46,88
235,295,36,87
219,295,49,87
213,298,54,87
212,298,43,85
199,300,38,85
183,304,55,80
182,300,48,84
179,299,43,86
172,301,43,83
188,297,50,87
210,294,59,89
242,294,54,89
285,288,35,94
308,290,43,94
334,289,53,93
356,298,55,83
380,293,36,87
373,294,36,84
355,294,50,85
353,295,49,87
347,288,40,94
341,293,36,88
332,293,44,87
322,296,51,86
320,295,47,86
317,293,35,91
305,296,38,87
303,298,36,82
288,304,50,79
286,298,24,77
272,294,37,88
262,295,43,85
256,298,46,87
254,297,44,88
247,298,34,85
237,295,39,89
225,298,49,87
222,301,46,83
221,299,32,87
213,297,34,88
201,300,41,85
197,300,41,85
194,299,38,86
186,297,31,87
171,300,43,84
167,299,48,87
163,299,40,88
156,299,32,87
150,300,34,90
139,301,46,87
135,304,41,85
130,302,34,86
120,304,36,82
107,304,45,84
104,305,45,83
102,307,39,82
100,304,29,84
82,303,41,86
81,305,37,86
80,305,36,84
78,304,36,87
73,305,37,83
63,305,38,85
79,302,45,88
118,304,36,89
150,305,36,85
175,304,39,83
197,299,38,91
229,306,34,86
264,305,27,83
263,304,33,84
245,307,40,84
235,305,52,83
238,308,33,83
239,304,34,84
233,307,27,87
220,304,36,87
213,306,35,85
213,307,29,84
202,305,33,86
196,307,36,89
182,309,37,86
179,309,36,85
178,308,28,84
169,305,29,86
154,308,40,83
150,309,33,83
149,308,36,87
142,305,34,88
127,308,41,83
115,310,47,83
145,309,36,86
180,307,35,88
207,306,35,86
239,304,45,88
278,304,41,87
303,299,34,89
309,301,29,87
294,303,39,86
290,302,40,87
287,303,36,87
286,300,28,87
281,301,29,84
281,297,24,91
277,299,24,85
273,298,24,87
275,299,21,87
270,299,26,84
266,299,34,84
266,299,28,80
263,301,28,78
258,298,34,83
253,299,29,78
251,296,29,80
248,298,27,80
246,299,28,73
242,299,27,77
237,297,33,82
235,296,29,78
232,296,29,82
227,297,32,81
225,295,32,83
218,296,31,81
216,295,29,82
207,295,33,83
207,296,30,82
203,295,30,79
201,293,28,80
198,295,29,82
194,293,30,81
188,293,31,81
184,293,30,82
179,291,30,81
176,291,32,78
175,291,31,80
170,291,29,77
169,290,31,78
165,289,31,81
161,291,31,80
159,289,32,78
154,288,31,76
149,288,32,77
152,289,30,78
146,289,31,80
143,288,31,79
143,286,30,79
138,285,30,78
134,288,32,77
131,287,35,78
128,286,32,80
128,287,30,78
123,286,31,77
122,286,30,76
118,283,30,78
118,282,26,77
113,283,27,77
110,283,27,68
109,283,23,68
100,282,27,71
98,280,31,74
98,280,27,74
93,282,28,75
95,281,27,72
92,278,28,77
88,278,28,75
80,278,31,76
81,278,32,73
79,278,29,73
77,276,27,77
73,277,32,77
70,277,31,74
70,273,29,74
66,276,28,71
64,275,28,73
59,276,29,71
57,274,29,76
56,273,27,73
54,274,26,71
51,272,26,72
50,273,29,73
47,271,28,71
43,271,30,74
45,272,26,72
39,271,30,72
37,270,29,71
32,270,28,67
32,270,27,70
29,271,29,69
26,269,31,71
24,268,30,75
