582,145,69,149
578,133,66,153
565,128,67,148
553,131,66,152
539,122,67,147
525,133,69,148
514,126,69,148
505,127,69,148
501,128,69,148
484,131,69,148
479,117,69,148
457,119,69,148
443,121,69,148
430,125,69,148
426,110,69,148
409,113,69,148
404,109,69,148
394,112,69,148
382,111,69,148
376,108,69,148
344,107,69,148
342,112,69,148
334,107,69,148
308,104,69,148
307,101,69,148
290,110,69,148
277,111,69,148
268,104,69,148
251,106,69,148
237,106,69,148
227,103,69,148
210,112,69,148
224,101,69,148
238,105,69,148
269,102,69,148
291,100,69,148
307,90,69,148
306,96,69,148
354,92,69,148
376,93,69,148
357,88,69,148
347,84,69,148
341,85,69,148
334,76,69,148
324,81,69,148
316,87,69,148
299,82,69,148
304,81,69,148
286,76,69,148
280,77,69,148
284,78,69,148
306,64,69,148
339,61,69,148
324,63,69,148
334,63,69,148
313,67,69,148
339,55,69,148
355,64,69,148
389,70,69,148
401,52,69,148
408,68,69,148
394,49,69,148
385,42,69,148
386,52,69,148
403,46,69,148
379,43,69,148
387,28,69,148
378,38,69,148
368,40,69,148
370,40,69,148
355,51,69,148
368,52,69,148
361,95,69,148
364,123,69,148
352,174,69,148
351,204,69,129
354,229,69,128
348,224,69,123
342,227,74,120
337,223,70,117
337,223,62,119
335,228,73,110
338,219,66,121
325,222,65,114
326,217,65,125
326,223,54,112
317,221,60,108
319,214,58,110
317,217,52,119
303,224,69,110
299,219,62,104
298,208,52,112
300,203,56,121
293,209,56,112
285,204,58,108
281,201,56,115
281,205,56,114
278,204,54,109
276,199,56,110
268,199,54,105
258,199,65,108
264,198,61,114
260,204,54,100
247,200,57,107
250,198,53,112
251,199,48,107
245,198,56,105
247,194,49,101
246,195,53,101
243,193,54,106
233,189,60,101
223,190,61,103
221,190,57,95
228,186,52,107
224,187,49,101
221,190,51,102
218,185,54,103
223,189,47,117
212,187,56,103
212,187,56,97
210,185,56,113
210,188,52,95
205,190,52,89
209,191,49,96
205,182,49,99
202,184,49,96
206,183,43,106
205,187,38,86
197,186,47,81
196,189,44,81
196,183,41,87
194,187,45,79
190,185,51,82
192,175,44,90
194,178,48,85
186,184,54,86
189,173,49,96
193,169,39,100
183,173,44,98
180,172,52,92
180,173,49,92
175,173,53,82
181,166,47,100
174,171,53,91
174,163,51,100
166,166,51,96
172,166,43,102
167,163,52,104
164,163,52,96
161,163,43,92
159,172,48,84
161,167,40,88
155,167,44,82
153,166,49,88
150,170,47,89
149,163,47,93
140,154,45,89
146,169,44,78
140,169,49,76
140,163,49,88
140,165,51,84
141,156,47,94
137,163,49,85
139,159,48,91
133,156,49,87
128,151,56,90
135,152,54,89
172,155,52,87
170,154,58,85
170,157,48,90
177,146,43,93
168,155,43,85
163,159,44,78
158,154,51,88
159,156,52,79
154,153,51,83
155,152,38,70
154,151,44,81
152,151,51,88
144,146,56,84
142,148,54,89
144,134,49,88
144,141,45,74
145,140,44,88
137,139,54,87
139,142,52,95
131,142,54,82
141,146,43,88
146,142,48,94
135,137,47,88
139,148,43,80
132,146,49,78
132,144,52,73
135,152,41,71
127,147,51,74
132,151,49,71
124,149,44,67
122,144,49,74
124,141,54,75
124,148,41,67
124,146,38,73
120,146,40,75
120,148,41,70
123,143,41,62
122,147,32,68
114,143,43,68
118,142,34,73
107,142,39,65
106,145,39,77
100,138,47,77
107,141,34,77
111,145,31,70
105,138,36,75
105,135,36,79
100,134,40,79
101,139,40,75
92,141,47,78
109,134,30,81
98,129,35,93
95,136,41,76
101,138,36,76
101,139,40,71
100,130,43,71
102,131,40,81
95,136,43,70
95,125,40,80
97,134,39,77
93,126,47,82
97,129,41,73
105,130,36,77
106,135,38,60
109,129,40,73
111,130,38,70
117,130,27,67
114,134,27,60
117,132,31,60
120,128,34,73
110,123,36,70
110,124,44,64
109,129,41,75
117,127,35,71
113,130,44,64
120,127,31,64
122,129,31,61
111,126,39,65
117,122,35,68
114,126,39,70
109,124,38,68
115,127,35,58
110,129,44,69
113,123,44,73
119,125,35,60
113,124,41,67
114,124,36,68
111,125,34,64
115,129,32,61
102,122,43,69
111,126,32,59
102,120,36,78
114,122,32,67
105,123,35,79
110,119,43,74
102,118,45,70
104,122,40,69
105,123,36,66
104,117,48,73
100,122,45,65
111,121,32,70
106,115,41,67
100,114,44,73
107,116,41,73
107,120,40,70
101,120,44,65
107,120,41,71
114,114,34,69
113,117,36,60
114,119,36,68
110,110,43,74
114,116,35,75
119,116,35,62
122,115,30,70
118,117,39,66
107,109,48,76
115,111,40,71
123,111,38,70
115,115,39,66
118,112,43,68
122,112,39,75
119,112,41,65
122,112,41,62
119,109,38,68
119,106,38,70
120,105,39,75
118,106,38,73
123,106,32,67
119,105,35,69
119,109,32,54
120,110,32,54
119,108,30,60
117,103,35,62
118,107,38,61
113,106,36,65
109,107,35,68
113,109,36,65
110,106,39,68
119,113,23,55
114,104,36,58
107,108,39,56
113,106,40,59
111,103,34,57
107,102,39,59
115,106,36,59
110,102,32,63
117,107,32,52
118,107,32,62
110,107,34,65
117,106,30,56
117,107,30,56
120,104,31,62
115,98,35,65
110,101,41,66
118,105,35,58
118,98,27,63
115,105,34,60
117,102,35,61
114,99,39,62
117,101,31,60
118,101,34,57
118,99,32,58
118,97,28,56
115,99,35,57
124,101,35,58
120,98,39,57
119,95,34,64
123,103,38,64
118,100,40,58
127,95,23,44
120,94,36,52
124,93,34,66
123,96,26,56
127,93,31,56
120,96,38,52
124,100,27,50
130,100,22,54
124,99,35,53
120,89,41,59
128,90,27,47
122,93,32,55
130,91,31,64
126,91,32,55
124,91,31,61
126,96,36,58
131,93,31,57
122,94,40,49
132,91,30,46
132,89,27,51
131,88,25,54
135,92,30,57
128,92,35,58
133,91,22,57
131,96,30,57
132,92,28,49
136,91,31,49
133,87,31,53
135,93,31,49
131,92,27,46
131,94,30,52
136,86,30,58
135,94,34,51
132,88,34,54
140,89,27,50
135,89,34,52
137,89,31,52
139,90,32,48
141,89,30,56
140,89,26,50
139,90,28,52
141,92,32,54
141,89,32,51
141,88,32,58
141,89,31,51
144,89,36,52
145,83,27,63
148,87,27,53
144,86,39,61
142,92,36,54
144,83,39,56
148,86,30,48
153,82,26,61
158,86,23,43
152,87,28,45
149,83,30,46
154,83,31,51
157,81,28,55
153,80,31,51
154,77,30,63
153,85,31,53
154,84,28,49
157,83,25,43
158,86,25,52
153,83,35,55
163,84,34,55
153,86,35,51
158,82,28,51
158,82,35,50
157,89,36,55
166,84,27,52
167,81,27,50
167,86,25,52
164,87,31,55
167,83,23,45
168,88,25,48
172,85,30,56
174,70,28,58
172,75,30,55
172,79,32,54
172,75,34,56
175,78,27,55
171,78,32,60
179,83,23,45
179,81,31,53
179,80,27,51
176,81,36,44
183,74,27,52
179,77,31,50
181,85,25,42
181,76,27,52
194,85,23,44
184,81,26,46
181,77,31,49
