338,254,20,53
339,252,20,54
339,249,21,55
340,247,22,56
340,244,22,57
341,242,23,59
343,241,23,59
345,240,23,59
346,240,23,59
348,239,23,59
350,238,23,59
351,238,23,59
351,239,23,59
352,240,23,59
352,240,23,59
353,241,23,59
350,241,23,59
346,242,23,59
343,243,23,59
340,244,23,59
337,245,23,59
332,246,23,59
326,247,23,59
321,248,23,59
316,249,23,59
311,251,23,59
305,252,23,59
305,250,23,59
302,251,23,59
300,252,23,59
297,253,23,59
294,254,23,59
292,255,23,59
289,257,23,59
285,257,23,59
281,258,23,59
277,258,23,59
273,259,23,59
269,259,23,59
265,259,23,59
261,260,24,59
258,260,24,59
254,260,24,59
250,260,25,59
246,261,25,59
243,262,25,59
240,263,25,59
237,264,25,59
234,265,25,59
230,266,25,59
225,266,25,59
220,267,25,59
214,267,25,59
209,268,25,59
204,269,25,59
199,269,25,59
194,270,25,59
189,271,25,59
184,272,25,59
179,273,25,59
175,274,25,59
172,275,25,59
170,276,25,59
167,277,25,59
165,277,25,59
162,278,25,59
160,279,25,59
156,279,25,59
152,280,25,59
148,280,25,59
144,280,25,59
140,281,25,59
138,283,25,59
136,285,25,59
134,287,25,59
131,289,25,59
129,291,25,59
129,295,25,59
128,299,25,59
128,299,25,59
129,298,25,59
129,298,25,59
136,296,25,59
143,294,25,59
149,292,25,59
152,292,25,59
154,292,25,59
156,292,25,59
159,291,25,59
161,291,25,59
160,291,25,59
159,290,25,59
159,290,25,59
158,289,25,59
157,289,25,59
156,288,25,59
155,288,25,59
154,287,25,59
153,287,25,59
152,286,25,59
152,284,25,59
152,282,25,59
151,282,25,59
150,283,25,59
149,283,25,59
148,284,25,59
147,285,25,59
144,286,25,59
141,287,25,59
139,288,25,59
136,289,25,59
135,289,25,59
133,289,25,59
132,289,25,59
131,289,25,59
129,289,25,59
126,291,25,59
123,293,25,59
121,295,25,59
118,297,25,59
115,299,25,59
114,298,25,57
114,297,25,56
113,296,25,55
113,295,25,54
112,294,25,53
110,295,25,53
108,297,25,53
106,299,25,53
104,300,25,53
101,302,25,53
100,302,25,53
99,303,25,53
98,303,25,53
97,304,25,53
96,304,25,53
94,305,25,53
92,306,25,54
90,307,25,54
88,308,25,54
86,309,25,54
84,310,25,55
83,311,25,55
81,311,25,55
80,312,25,55
79,313,25,55
77,314,25,55
77,314,25,55
76,314,25,55
75,314,25,56
74,315,25,56
73,315,25,57
72,315,25,57
71,316,25,57
69,316,25,58
67,316,25,58
66,317,25,58
64,317,25,58
63,318,25,59
62,318,25,59
61,319,25,59
60,319,25,59
60,320,25,59
59,320,25,59
58,321,25,59
57,321,25,59
56,322,25,59
56,323,25,59
55,323,25,59
55,324,26,59
54,324,27,59
54,325,28,60
59,327,29,60
64,328,30,61
69,330,31,61
81,330,33,57
92,331,35,53
105,331,34,53
117,331,33,53
130,330,32,53
142,330,31,53
155,330,31,53
164,327,31,53
174,325,31,53
183,322,31,53
186,319,31,53
189,315,31,53
183,317,31,56
177,319,31,59
171,320,31,61
169,322,31,61
167,323,31,61
166,324,31,61
164,326,31,61
163,327,31,61
161,325,31,62
160,323,31,63
159,321,31,64
157,320,32,64
156,318,32,65
158,316,32,65
159,315,32,65
161,314,32,65
162,312,32,65
164,311,32,65
167,311,32,65
169,312,32,65
172,312,32,65
175,312,32,65
177,312,32,65
179,310,32,65
180,308,32,65
182,305,32,65
184,303,32,65
185,300,32,65
187,301,32,65
188,302,32,65
190,303,32,65
192,304,32,65
193,304,32,65
196,302,32,65
198,299,32,65
201,296,32,65
204,293,32,65
206,290,32,65
209,287,32,65
206,289,32,65
203,292,32,65
200,294,32,65
197,296,32,65
194,298,32,65
191,300,32,65
188,302,32,65
185,304,32,65
183,306,32,65
180,308,32,65
177,310,32,65
176,310,32,65
174,309,32,65
172,309,32,65
171,309,32,65
169,308,32,65
168,310,32,65
166,312,32,65
165,314,32,65
163,316,32,65
161,318,32,65
160,320,32,65
157,321,32,65
155,321,32,65
152,322,32,65
149,323,32,65
147,323,32,65
147,322,32,65
147,321,32,65
147,320,32,65
147,319,32,65
147,322,32,65
141,320,32,65
132,330,32,65
130,333,32,65
128,335,32,65
127,336,32,65
127,336,32,65
126,337,32,65
125,337,32,65
125,338,32,65
124,338,32,65
123,339,32,65
123,339,32,65
119,341,32,66
116,343,32,66
113,345,32,67
110,347,32,67
107,349,32,68
103,350,32,69
100,352,32,69
100,353,32,69
99,353,32,69
99,353,32,69
99,354,32,69
98,354,32,69
98,355,32,69
97,355,32,69
99,355,32,69
101,354,32,69
103,354,32,69
105,354,32,69
107,354,32,69
108,354,32,69
110,354,32,69
111,354,32,69
113,355,32,69
115,355,32,69
115,355,32,69
115,355,32,69
115,355,32,69
115,355,32,69
115,355,32,69
114,356,32,69
113,357,32,70
112,358,33,70
111,359,33,70
111,360,33,71
110,361,34,71
110,361,35,71
109,362,36,71
109,362,36,71
108,363,37,71
109,364,37,71
110,364,37,71
110,365,37,71
111,365,37,71
112,366,37,71
112,366,37,71
112,366,37,71
112,366,37,71
112,367,37,71
112,367,37,71
110,368,37,71
108,369,37,71
106,369,37,71
104,370,37,71
101,371,37,71
100,372,37,71
99,372,37,71
97,373,37,71
96,373,37,71
95,374,37,71
95,374,38,71
95,374,38,72
95,374,38,73
95,375,38,74
95,375,39,74
92,376,39,74
89,378,39,74
87,379,39,74
84,380,39,74
80,377,39,74
76,374,39,74
71,371,39,74
67,368,39,74
63,364,39,74
57,367,39,74
52,369,40,74
46,372,41,74
40,374,42,74
35,376,43,74
39,375,43,74
43,374,43,74
48,372,43,74
52,371,43,74
56,370,43,74
56,371,43,74
55,372,43,74
55,373,43,74
54,374,43,74
53,375,43,74
53,376,44,74
53,376,45,74
53,377,46,74
53,377,47,74
53,378,48,74
52,379,48,74
51,380,48,74
49,381,48,74
48,382,48,74
49,383,48,74
49,385,48,74
49,387,48,74
49,388,48,74
51,387,48,74
53,386,48,74
54,384,48,74
56,383,48,74
57,382,48,74
57,379,48,74
56,376,48,74
62,369,48,74
69,363,48,74
76,356,48,74
89,353,48,74
92,347,48,74
104,347,48,74
115,348,48,74
127,348,48,74
139,348,48,74
151,348,48,74
163,345,48,74
175,343,48,74
187,340,48,74
198,337,48,74
210,334,48,74
215,330,48,74
220,326,48,74
225,323,48,74
230,319,48,74
234,315,48,74
237,314,48,74
239,314,48,74
241,313,48,74
243,312,48,74
245,312,48,74
248,311,48,74
243,311,48,74
239,311,48,74
235,311,48,74
231,311,48,74
226,311,48,74
216,317,48,74
205,322,48,74
188,331,48,74
171,339,48,74
165,343,48,74
159,347,48,74
153,350,48,74
163,354,48,74
173,358,48,74
183,362,48,74
201,363,48,74
220,364,48,74
226,361,49,76
232,357,50,77
239,353,51,78
245,350,52,80
250,347,50,80
255,351,48,80
260,356,46,80
265,360,44,80
255,367,41,82
245,375,38,83
234,382,35,85
230,388,39,82
225,395,44,80
233,391,43,79
242,387,42,78
250,384,42,77
258,380,41,77
266,376,40,76
272,374,39,75
278,373,38,74
284,371,37,73
290,369,36,73
296,367,35,72
297,367,35,72
298,367,35,72
299,367,35,72
300,367,35,72
301,367,35,72
304,367,35,72
307,367,35,72
310,367,35,72
313,367,35,72
316,367,35,72
313,369,35,72
311,370,35,72
308,372,35,72
306,373,35,72
304,375,35,72
308,377,35,73
312,378,35,74
317,380,35,76
321,382,35,77
325,381,35,77
328,381,35,77
332,380,35,77
336,379,35,77
339,379,35,77
340,379,35,77
341,380,35,77
341,381,35,77
342,381,35,77
342,382,35,77
343,381,35,77
345,381,35,77
346,380,35,77
347,380,35,77
348,380,35,77
349,379,35,77
351,379,35,77
352,378,35,77
353,378,35,77
354,378,35,77
354,378,35,76
354,378,35,74
354,378,35,72
354,379,35,71
354,379,35,69
349,374,35,69
343,370,35,69
338,365,35,69
333,361,35,69
328,356,35,69
321,353,35,69
315,349,35,69
309,346,35,69
303,343,35,69
297,339,35,69
293,339,35,69
289,338,35,69
285,338,35,69
281,337,35,69
277,337,35,69
273,336,35,69
273,336,35,69
273,336,35,69
273,336,35,69
273,336,35,69
272,335,35,69
272,334,35,69
271,332,35,69
270,331,35,69
270,330,35,69
269,328,35,69
269,328,35,69
269,328,35,69
269,328,35,69
269,328,35,69
269,328,35,69
270,326,34,69
271,323,34,69
271,320,33,69
272,318,32,69
273,315,32,69
274,319,32,69
275,322,32,69
275,325,32,69
276,329,32,69
277,332,32,69
278,333,32,69
280,333,32,69
281,334,32,69
282,334,32,69
284,335,32,69
285,335,32,69
284,334,32,69
282,333,32,69
281,333,33,69
280,332,33,69
278,331,33,69
278,330,33,69
278,329,33,69
278,328,33,69
277,327,33,69
277,326,33,69
277,324,33,69
276,323,33,69
276,322,33,69
276,320,33,69
275,319,33,69
275,317,33,69
274,315,33,69
274,313,33,69
273,311,33,69
272,310,35,70
270,310,36,71
269,309,37,72
268,308,39,72
266,307,40,73
266,307,40,73
265,307,40,73
264,307,40,73
263,307,40,73
262,307,40,73
264,306,40,73
265,306,39,73
266,305,39,72
268,304,39,72
269,303,39,72
269,303,39,72
270,303,39,72
270,303,39,72
270,303,39,72
270,303,39,72
271,303,39,72
272,304,39,72
274,304,39,72
275,304,39,72
276,304,39,72
277,304,39,72
278,304,39,72
279,304,39,72
280,304,39,72
281,304,39,72
283,304,38,72
284,304,38,72
286,304,37,72
287,303,36,72
289,303,36,72
290,302,35,72
291,302,35,72
291,301,34,72
292,300,34,72
293,299,33,72
294,299,33,72
295,300,33,72
295,300,33,72
296,300,33,72
297,300,33,72
297,300,33,72
297,300,33,72
297,300,33,72
297,300,33,72
295,299,33,72
293,298,33,72
291,297,33,72
289,296,33,72
288,295,33,72
289,295,33,72
291,295,33,72
292,294,33,72
294,294,33,72
296,294,33,72
296,294,33,72
296,294,33,72
296,294,33,72
296,294,33,72
296,294,33,72
296,294,33,72
293,293,33,71
291,292,32,70
288,291,32,69
286,291,31,68
284,290,31,67
283,290,31,67
283,290,31,67
282,290,31,67
281,290,31,67
281,290,31,67
282,289,31,67
284,287,31,67
285,286,31,67
286,285,31,67
288,283,31,67
288,283,31,67
288,282,31,67
288,281,31,67
289,281,31,67
289,280,31,67
289,279,31,67
289,278,31,67
288,278,31,67
288,277,31,67
288,276,31,67
288,275,31,67
286,275,31,67
285,276,31,67
284,276,31,67
282,276,31,67
281,277,31,67
281,275,31,67
281,274,31,67
280,273,31,67
280,271,31,67
280,270,31,67
280,269,31,67
280,269,31,67
280,269,31,67
280,269,31,67
280,269,31,67
280,269,31,67
277,267,31,67
275,265,31,68
272,263,31,69
270,261,31,70
268,259,31,71
267,257,31,71
266,254,31,71
264,251,31,71
263,249,31,71
262,246,31,71
265,248,31,71
267,251,31,71
270,253,31,71
272,256,31,71
274,258,31,71
276,259,31,71
279,261,31,71
281,262,31,71
283,263,31,71
285,265,31,71
289,264,31,69
293,264,31,67
297,264,31,66
301,263,31,64
305,263,31,63
305,263,31,63
305,263,31,63
306,263,31,63
306,263,31,63
306,263,31,63
307,263,31,63
308,263,31,63
308,262,31,63
309,262,31,63
310,262,31,63
311,263,31,63
312,263,31,63
313,264,31,63
314,265,31,63
314,263,30,63
315,262,29,63
315,261,29,63
315,259,28,63
315,258,27,64
316,257,27,64
319,256,27,64
322,255,27,64
325,254,27,64
328,253,28,64
332,253,28,64
334,251,28,64
337,250,28,64
339,249,28,65
342,247,28,65
345,246,28,65
348,244,28,65
351,242,28,65
354,240,28,65
357,237,28,65
359,235,28,65
358,235,28,65
356,235,28,65
354,234,28,65
352,234,28,65
350,234,28,65
349,232,28,65
348,231,28,65
347,229,28,65
346,228,28,65
345,226,28,65
347,226,28,65
349,225,28,64
351,225,28,63
353,225,28,63
353,225,28,63
353,225,28,63
353,225,28,63
353,225,28,63
354,223,27,63
354,221,27,63
355,219,26,63
356,217,26,63
357,215,25,63
357,215,25,63
357,215,25,63
357,215,25,63
357,215,25,63
357,215,25,63
357,215,25,63
355,214,26,63
353,213,26,63
352,212,26,63
350,211,27,63
347,211,27,63
344,211,27,63
341,211,27,63
338,210,27,63
336,210,27,63
337,209,26,63
339,208,24,63
341,207,23,63
343,206,22,63
345,205,21,63
350,203,21,63
355,202,21,63
361,200,21,63
366,198,21,63
371,197,21,63
371,199,22,63
371,201,22,63
371,203,23,63
370,205,23,63
370,207,24,63
372,209,24,63
373,211,24,63
375,212,24,63
377,214,24,63
377,214,24,63
377,214,24,63
378,214,24,63
378,214,24,63
378,214,24,63
376,214,24,62
375,214,25,62
373,214,25,61
371,214,26,61
369,214,26,60
367,214,27,60
367,215,27,60
367,215,27,60
367,216,27,60
367,216,27,60
367,217,27,60
368,215,27,60
368,213,27,60
369,211,27,60
369,210,27,60
370,208,27,60
370,206,27,60
369,207,27,59
367,207,27,59
365,208,27,58
364,209,27,57
362,209,27,57
361,210,27,56
360,210,27,56
359,209,27,56
358,209,27,56
357,209,27,56
355,209,27,56
354,209,27,56
353,209,27,56
351,209,27,56
350,210,27,56
349,210,27,56
347,210,27,56
348,208,27,56
348,207,27,56
348,205,27,56
349,204,27,56
349,202,27,56
350,201,27,56
352,199,27,56
354,198,27,56
355,197,27,56
357,195,27,56
356,196,27,56
356,197,27,56
355,198,27,56
355,199,27,56
354,199,27,56
352,201,27,56
350,202,27,56
347,203,27,56
349,203,27,56
350,203,28,56
351,203,29,56
352,202,30,56
353,202,31,56
354,202,32,56
354,202,32,56
354,203,32,56
354,203,32,56
354,203,32,56
354,203,32,56
354,203,31,56
355,202,31,56
355,202,30,56
355,201,30,56
355,201,29,56
355,201,29,56
355,202,29,56
355,202,29,56
355,203,29,56
355,203,29,56
355,203,29,56
355,203,29,56
355,203,29,56
355,203,29,56
355,203,29,56
357,203,29,55
359,203,29,55
361,203,29,55
363,203,29,54
364,203,29,54
366,203,29,53
367,203,29,53
368,202,29,53
369,202,29,53
370,202,29,53
371,201,29,53
371,201,29,53
372,199,29,53
373,198,29,53
374,196,29,53
375,194,29,53
375,193,29,53
375,193,29,53
375,193,29,53
375,193,29,53
375,193,29,53
375,193,29,53
378,192,28,52
381,191,28,51
383,190,27,50
386,190,26,49
389,189,25,48
389,188,25,48
389,187,26,48
389,185,26,49
390,184,26,49
390,183,26,49
390,182,27,49
390,182,27,49
389,182,27,48
388,182,27,48
388,182,28,47
387,182,28,47
388,182,28,47
390,182,28,47
391,181,28,47
392,181,28,47
393,181,28,47
395,182,28,47
397,183,28,47
399,185,28,47
401,186,28,48
403,187,28,48
403,187,28,48
402,186,28,48
401,185,28,48
401,185,28,48
400,184,28,48
399,183,28,48
403,183,28,48
406,183,28,48
409,183,28,48
412,182,28,48
415,182,28,48
416,182,28,48
418,181,28,48
419,181,28,48
420,180,28,48
421,180,28,48
422,179,28,48
423,179,28,49
424,178,28,49
425,177,28,50
426,176,28,51
426,175,28,51
427,174,28,52
428,174,28,52
428,174,28,52
428,174,28,52
428,174,28,52
428,174,28,52
429,174,28,52
431,173,28,52
433,172,28,52
435,171,28,52
437,171,28,52
440,170,28,52
442,169,28,52
448,170,28,51
454,172,28,50
459,174,28,49
465,175,28,48
471,177,28,47
472,175,28,47
473,174,28,47
474,172,28,47
474,170,28,47
475,169,28,47
475,169,28,47
475,170,28,47
475,170,28,47
475,171,28,47
475,171,28,47
475,171,28,47
475,172,28,48
475,173,28,49
474,174,28,51
474,175,28,52
474,175,28,53
474,176,28,53
474,177,28,53
474,178,28,53
474,179,28,53
474,179,28,53
473,180,28,53
472,180,28,53
471,180,28,53
471,180,28,53
470,181,28,53
469,181,29,53
468,181,30,53
467,181,30,53
467,181,31,53
466,181,32,53
469,180,32,53
473,180,32,53
476,179,32,53
480,179,32,53
483,178,32,53
483,178,32,54
483,177,32,55
483,176,32,56
483,176,32,57
483,175,32,59
481,176,32,59
479,177,32,59
478,178,32,59
476,179,32,59
474,179,32,59
474,180,31,59
474,180,29,59
474,181,28,59
474,182,27,59
474,182,25,59
473,182,25,59
472,183,25,59
471,183,25,59
471,183,25,59
470,183,25,59
471,184,25,59
473,184,25,59
475,184,25,59
476,184,25,59
478,185,25,59
476,188,25,57
474,192,25,56
471,196,25,55
469,200,25,54
467,203,25,53
468,205,25,53
469,207,25,53
470,209,25,52
471,211,25,52
473,213,25,52
473,212,25,52
474,211,25,52
475,211,25,52
476,210,25,52
477,209,25,52
478,209,25,52
477,206,25,52
476,204,25,52
475,202,25,52
474,199,25,52
473,197,25,52
471,198,25,52
469,199,25,52
468,200,25,52
466,201,25,52
465,202,25,52
463,204,25,52
462,205,25,52
461,207,25,52
460,208,25,52
459,210,25,52
456,209,25,52
453,207,25,53
451,206,25,53
448,205,25,54
445,203,25,54
442,202,25,55
440,203,25,55
438,204,25,55
436,204,25,55
434,205,25,56
433,206,25,56
432,206,25,56
431,206,25,56
431,207,25,56
430,207,25,56
429,207,25,56
429,207,25,56
428,208,25,56
428,208,25,56
427,208,25,56
426,208,25,56
426,209,25,56
426,210,25,56
426,211,25,56
427,212,25,56
427,213,25,56
427,214,25,56
428,215,25,56
428,217,25,56
429,218,25,56
429,219,25,56
430,221,25,56
430,221,25,56
430,221,25,56
430,221,25,56
430,221,25,56
430,221,25,56
430,221,25,56
431,221,25,56
432,221,25,56
432,221,25,56
433,222,25,56
434,222,25,56
428,223,25,56
423,223,25,56
417,224,25,56
412,225,25,56
406,225,25,56
401,226,25,56
396,225,25,56
391,224,25,56
386,224,25,56
382,223,25,56
377,222,25,56
375,221,25,56
374,221,25,56
373,220,25,56
371,220,25,56
370,219,25,56
372,221,25,56
374,223,25,56
376,225,25,56
378,227,25,56
379,229,25,56
379,229,25,56
379,230,25,56
379,231,25,56
379,232,25,56
379,233,25,56
380,232,25,56
382,232,25,56
383,232,25,56
384,232,25,56
385,231,25,56
383,232,25,56
380,232,25,56
378,233,25,56
376,233,25,56
374,234,25,56
371,234,25,56
370,234,25,56
369,233,25,56
367,233,25,56
366,233,25,56
365,233,25,56
362,234,25,56
358,235,25,56
355,236,25,56
352,237,25,56
349,238,25,56
348,241,25,56
347,243,25,57
346,246,25,57
345,249,25,58
343,251,25,59
341,252,26,58
338,253,26,58
336,254,27,58
333,254,27,57
330,255,28,57
329,255,29,57
328,255,30,57
327,255,31,56
326,255,32,56
325,255,33,56
321,256,32,56
318,256,31,56
314,257,30,56
311,257,29,56
308,258,28,56
304,258,28,56
301,259,28,56
297,260,28,56
294,260,28,56
290,261,28,56
288,261,28,56
285,262,28,56
282,263,28,56
280,264,28,56
277,265,28,56
275,264,28,56
273,264,28,56
270,264,28,56
268,264,28,56
266,263,28,56
264,263,28,56
263,263,27,56
262,263,26,56
260,262,25,56
259,262,24,56
258,262,23,56
256,263,23,56
254,264,23,56
252,265,23,56
250,266,23,56
249,266,23,56
248,265,23,56
246,265,23,56
245,265,23,56
244,265,23,56
243,266,23,56
243,268,23,56
242,269,23,56
242,271,23,56
241,273,23,56
242,273,23,56
242,274,23,56
243,274,23,56
243,275,23,56
244,275,23,56
241,276,23,56
238,277,24,56
235,278,24,56
232,279,24,56
229,280,25,56
226,281,25,56
222,281,26,56
217,281,27,56
213,281,28,57
208,282,28,57
204,282,29,57
201,282,29,58
199,283,29,59
197,283,29,60
194,284,29,60
192,285,29,61
191,285,29,62
190,286,29,63
189,287,29,64
187,288,29,65
186,289,29,66
185,290,29,67
183,290,29,67
181,289,29,67
179,289,29,67
177,289,29,67
175,289,29,67
172,289,31,67
170,289,33,67
168,289,35,67
166,290,37,67
164,290,39,67
164,290,37,67
164,290,36,67
164,290,35,67
164,290,33,67
164,290,32,67
164,290,31,67
163,291,31,65
162,293,31,63
162,295,31,61
161,296,31,59
160,298,31,57
158,299,31,59
155,300,31,60
153,301,31,61
151,302,31,63
149,303,31,64
147,304,31,65
144,305,31,65
141,306,31,65
139,306,31,65
136,307,31,65
133,308,31,65
131,308,31,65
125,308,32,65
119,308,34,65
114,308,35,65
108,307,37,65
103,307,39,65
101,307,38,65
99,307,37,65
97,308,37,65
95,308,37,65
93,309,37,65
92,310,37,65
90,310,37,65
88,311,37,65
89,312,36,65
89,313,35,65
90,314,33,65
90,314,32,65
91,315,31,65
90,316,31,65
89,316,31,65
89,316,31,65
88,317,31,65
87,317,31,65
87,318,31,65
84,319,32,65
81,319,33,65
78,320,34,65
75,321,35,65
72,322,36,65
72,322,36,65
72,322,36,65
72,322,36,65
72,322,36,65
72,322,36,65
69,323,36,64
67,324,35,62
64,326,35,61
61,327,35,59
59,328,35,57
56,330,35,56
58,330,35,56
60,330,35,57
62,330,35,57
64,330,35,58
65,330,35,59
79,327,36,59
92,325,38,60
100,323,39,61
108,322,41,62
116,320,43,63
121,322,44,63
126,324,45,63
131,325,46,63
136,327,47,63
142,328,48,63
147,330,49,63
151,329,49,63
156,329,49,63
161,328,49,63
166,328,49,63
171,327,49,63
171,326,49,63
172,325,49,63
173,324,49,63
173,323,49,63
173,324,49,63
174,325,49,63
174,326,49,63
174,327,49,63
175,328,49,63
175,328,49,63
176,328,49,63
177,328,49,63
178,328,49,63
179,327,49,63
180,327,49,63
181,327,49,63
183,327,49,63
185,327,49,63
186,327,49,63
188,327,49,63
189,328,50,63
190,329,51,63
191,330,52,63
192,331,52,63
193,332,53,63
195,332,52,63
197,332,52,63
199,332,51,63
201,332,50,63
202,332,49,63
203,333,49,63
204,334,49,63
204,335,49,63
205,336,49,63
205,336,49,63
205,337,49,63
206,337,48,63
206,338,48,63
206,339,47,63
206,339,47,63
207,338,47,62
208,337,47,62
209,337,47,62
210,336,47,61
210,335,47,61
212,335,47,62
213,335,48,62
214,334,48,63
215,334,49,63
216,334,49,64
215,333,49,65
214,333,49,65
214,332,49,66
213,332,49,67
212,332,49,67
212,331,49,68
212,332,49,68
213,333,49,67
213,333,49,67
214,334,49,67
214,335,49,67
214,335,49,66
213,336,48,66
212,336,48,65
211,337,48,65
211,337,47,65
210,337,47,64
209,338,47,64
210,338,47,64
210,338,47,64
211,338,47,64
211,338,47,64
212,338,47,64
212,338,47,64
212,338,48,64
212,338,49,64
212,338,50,64
212,338,51,64
212,337,50,64
212,337,49,64
212,336,49,64
212,336,48,64
212,335,48,64
210,336,48,64
209,337,48,64
207,337,48,64
205,338,48,64
204,339,48,64
203,340,48,64
202,341,49,64
201,341,49,64
201,342,50,64
200,343,51,64
200,344,51,64
200,345,51,64
201,345,51,64
201,346,51,64
201,347,51,64
200,347,50,65
199,347,49,65
198,347,48,66
197,347,47,67
196,347,47,68
196,348,47,68
196,350,47,68
196,351,47,68
196,352,47,68
196,354,47,68
196,354,47,68
196,355,47,68
196,355,47,68
196,356,47,68
196,356,47,68
198,357,47,68
201,358,47,68
204,360,47,68
206,361,47,68
209,362,47,68
207,362,47,68
204,362,47,68
202,362,47,68
199,363,47,68
197,363,47,68
195,363,47,68
192,364,47,68
189,365,47,68
186,366,47,68
183,367,47,68
180,368,47,68
178,369,46,68
177,370,46,68
175,371,46,68
174,372,46,68
172,373,45,68
171,374,45,68
170,373,45,68
170,373,45,68
170,373,45,68
169,373,45,68
169,372,45,68
169,372,45,68
168,372,45,68
168,372,45,68
167,372,45,68
167,372,45,68
163,372,45,68
160,372,46,69
156,372,46,69
153,371,46,70
149,371,47,71
150,372,47,71
151,373,47,71
153,374,47,71
154,375,47,71
155,377,48,71
156,378,48,71
155,378,47,71
153,379,47,71
152,380,46,71
151,381,46,71
149,382,45,71
149,384,44,71
149,386,43,71
149,388,41,71
149,390,40,71
149,392,39,71
147,395,39,71
144,398,39,72
141,400,39,73
139,403,39,74
136,406,39,74
135,406,39,74
135,406,39,74
134,406,39,74
134,406,39,74
133,407,39,74
133,407,39,74
132,407,39,74
131,408,39,74
129,408,39,74
128,409,39,74
127,410,39,74
127,410,39,74
127,410,39,74
127,410,39,74
127,410,39,74
125,409,39,76
124,408,39,77
123,407,39,78
121,406,39,79
120,406,39,80
124,403,39,80
129,400,39,80
133,398,39,80
137,395,39,80
141,392,39,80
148,390,39,78
155,387,39,77
161,385,39,75
168,383,39,73
175,380,39,72
180,381,39,72
186,382,40,72
191,383,41,73
197,383,42,73
202,384,43,73
209,386,42,73
216,388,41,73
222,390,40,73
229,392,39,73
236,394,39,73
238,394,39,73
239,394,39,73
241,394,39,73
243,395,39,73
245,395,39,73
245,395,39,74
245,396,39,74
245,397,39,75
245,397,39,75
245,398,39,76
245,397,41,77
245,396,44,77
245,395,47,78
245,394,49,79
245,394,52,80
246,393,52,80
248,393,52,80
249,393,52,80
250,393,52,80
252,392,52,80
253,393,52,80
254,394,52,80
256,395,52,80
257,397,52,80
258,398,52,80
259,399,52,80
260,401,52,80
262,402,52,80
263,404,52,80
264,406,52,80
267,407,52,80
270,408,52,80
273,409,52,80
276,410,52,80
280,411,52,80
282,411,52,80
284,411,52,80
287,411,52,80
289,411,52,80
292,411,52,80
294,411,50,79
296,411,49,79
299,412,47,78
301,412,45,78
304,412,44,77
308,409,43,77
312,406,42,77
316,403,42,77
321,401,41,77
325,398,40,77
329,394,40,77
333,390,40,77
338,386,40,77
342,383,40,77
346,379,40,77
349,371,40,77
352,364,40,77
355,356,40,77
358,348,40,77
358,344,41,77
357,339,43,77
357,335,44,77
356,330,45,77
355,326,47,77
358,326,47,77
360,326,47,76
363,327,47,76
365,327,47,75
367,327,47,74
369,328,47,74
370,328,47,74
371,329,47,74
373,329,47,74
374,330,47,74
375,330,47,74
377,330,47,74
378,331,47,74
379,331,47,74
381,331,47,74
383,331,46,74
386,331,45,74
389,330,45,74
391,330,44,74
394,330,44,74
396,331,44,74
397,332,44,74
399,334,44,74
400,335,44,74
402,336,44,74
404,336,43,74
407,336,43,74
409,336,42,74
412,336,42,74
414,336,41,74
415,336,41,74
415,335,41,74
416,334,41,74
417,334,41,74
417,333,41,74
418,332,41,74
417,333,43,74
415,335,44,74
414,336,45,74
413,337,47,74
411,338,48,74
409,338,46,74
408,339,45,73
406,339,43,73
404,340,42,72
402,340,40,72
403,338,40,72
405,336,39,72
406,334,39,72
407,332,39,72
409,330,39,72
409,330,39,72
409,330,39,72
409,330,39,72
409,330,39,72
409,330,39,72
410,331,39,72
411,331,40,72
412,332,41,72
413,333,42,72
414,334,43,72
415,332,43,72
416,331,43,72
416,330,43,72
417,328,43,72
418,327,43,72
421,327,43,72
424,327,43,72
427,326,43,72
430,326,43,72
433,326,43,72
433,326,43,72
433,326,43,72
433,326,43,72
433,326,43,72
433,326,43,72
435,325,43,72
437,324,43,72
439,323,43,72
441,323,43,72
443,322,43,72
445,320,41,72
446,318,39,72
448,316,38,72
450,314,36,72
451,312,35,72
450,312,35,72
450,312,36,72
449,312,37,72
448,312,38,72
447,312,39,72
448,312,39,72
449,312,39,72
450,312,39,72
452,312,39,72
453,312,39,72
455,310,39,70
457,308,39,69
459,305,39,67
461,303,39,65
463,300,39,64
460,302,38,64
457,304,38,64
455,305,37,64
452,307,37,64
449,308,36,64
446,310,36,64
443,309,35,65
441,308,35,66
438,307,34,67
435,306,33,67
433,305,33,68
430,304,32,69
434,305,32,69
438,306,32,69
442,306,32,69
446,307,32,69
450,307,32,69
453,309,32,69
456,311,33,69
459,313,33,69
461,315,34,68
464,317,34,68
467,319,35,68
468,316,35,68
469,313,35,68
470,310,35,68
470,306,35,68
471,303,35,68
471,302,35,68
470,302,35,68
470,301,35,68
469,300,35,68
469,299,35,68
469,297,35,68
470,295,35,68
470,293,35,69
471,291,36,69
471,289,36,69
472,288,36,69
472,287,36,68
472,287,36,68
473,286,36,68
473,286,36,67
473,285,36,67
474,285,36,67
474,285,36,67
474,285,36,67
474,285,36,67
474,286,36,67
474,286,36,67
474,285,36,67
475,284,36,67
475,283,36,67
476,283,36,67
477,282,36,67
477,282,36,67
477,282,36,67
477,282,36,67
477,282,36,67
477,282,36,67
477,282,36,67
477,281,36,67
478,281,36,67
478,281,36,67
479,279,36,67
479,278,36,67
480,277,36,67
481,276,36,67
482,275,36,67
483,275,36,67
485,275,36,67
487,274,36,67
488,274,36,67
490,272,36,67
492,270,36,67
494,268,36,67
496,266,36,67
498,263,36,67
500,261,36,67
502,259,36,67
502,259,36,67
502,258,36,67
502,258,36,67
502,257,36,67
502,257,36,67
500,256,36,67
499,254,36,67
498,253,36,67
496,252,36,67
495,251,36,67
496,251,36,67
498,251,36,67
499,251,36,67
500,251,36,67
502,251,36,67
505,250,36,67
508,249,36,67
511,248,36,67
515,247,36,67
518,246,36,67
515,248,36,67
513,249,36,67
511,251,36,67
508,252,36,67
506,254,36,67
504,252,36,67
502,251,36,67
500,249,36,67
498,247,36,67
499,247,36,67
501,247,36,67
503,246,36,67
504,246,36,67
506,246,36,67
506,246,36,66
507,245,36,65
508,245,36,65
508,245,36,64
509,245,36,63
510,245,36,63
510,243,35,64
510,242,35,66
510,240,35,68
510,238,34,70
510,237,34,71
510,235,33,73
510,234,33,73
509,233,33,73
509,232,33,73
509,231,33,73
508,230,33,73
509,229,33,73
510,229,33,73
511,228,33,73
512,228,33,73
512,227,33,73
513,228,33,73
515,229,33,73
516,230,33,73
517,231,33,73
518,231,33,73
519,230,33,72
519,229,33,71
520,227,33,70
521,226,33,69
522,225,33,68
522,224,33,68
522,224,33,68
522,224,33,68
522,224,33,68
522,224,33,68
522,223,33,68
522,223,33,68
522,223,33,68
522,223,33,68
522,223,33,68
522,223,33,68
521,223,33,68
521,222,33,68
521,221,33,68
521,220,33,68
520,219,33,68
520,219,33,68
520,219,33,68
519,219,33,68
519,219,33,68
520,218,34,68
520,217,34,68
521,216,35,69
521,215,35,69
522,214,36,69
524,213,35,69
527,212,35,69
530,211,34,69
532,210,33,69
535,210,33,69
538,209,32,69
538,208,32,69
538,208,32,69
539,208,32,69
539,208,32,69
539,207,32,69
540,207,32,69
541,207,32,69
542,207,32,69
543,207,32,69
544,206,32,69
545,205,32,69
546,204,32,69
547,203,32,69
547,204,32,68
547,204,32,68
547,204,32,67
547,204,32,66
547,205,32,65
548,204,32,64
549,204,32,63
549,203,32,62
550,203,32,61
551,202,32,60
552,201,32,60
553,200,32,60
554,199,32,60
555,198,32,60
556,197,32,60
557,198,32,60
557,198,32,60
558,199,32,60
558,200,32,60
559,201,32,60
559,201,32,61
558,201,32,63
558,202,33,64
558,202,33,65
558,202,33,67
558,200,33,67
558,197,33,67
558,195,33,67
559,192,33,67
559,190,33,67
560,190,33,66
560,190,33,66
561,189,33,66
561,189,33,65
562,189,33,65
558,191,33,65
555,192,33,65
552,194,33,65
549,196,33,65
546,198,33,65
544,202,33,65
542,206,33,65
541,210,33,65
539,214,33,65
538,218,33,65
537,214,33,65
536,209,33,65
535,205,33,65
535,201,33,65
534,197,33,65
532,197,34,64
531,197,34,63
530,197,34,61
528,197,34,60
527,197,35,59
529,195,34,60
532,192,33,61
534,190,32,63
537,188,31,64
539,186,31,65
536,184,31,66
533,182,32,67
530,180,32,68
527,178,33,69
524,175,33,71
527,175,34,69
530,174,34,68
533,174,34,67
536,173,34,65
539,173,35,64
538,171,35,64
536,170,35,65
535,168,35,65
534,166,35,66
532,165,35,67
532,165,35,67
532,165,35,67
532,165,35,67
532,165,35,67
532,165,35,67
533,164,34,65
533,163,34,64
533,162,33,63
533,162,32,62
534,161,32,61
533,161,32,62
533,161,33,63
532,161,34,64
532,161,34,64
531,161,35,65
530,160,34,66
530,159,33,67
529,159,33,67
528,158,32,68
527,158,32,68
526,157,32,68
524,157,32,68
523,157,32,68
523,157,32,68
523,158,32,68
523,158,32,68
523,159,32,68
523,159,32,68
522,161,32,67
520,162,32,66
519,163,32,65
518,165,32,65
516,166,32,64
517,165,32,63
517,165,32,62
517,164,32,61
517,163,32,60
518,162,32,59
518,161,32,59
518,160,32,59
518,159,32,59
518,158,32,59
518,157,32,59
518,157,32,59
518,156,32,59
518,156,32,59
518,156,32,59
518,155,32,59
515,153,32,59
513,151,32,59
511,148,32,59
508,146,32,60
506,144,32,60
505,145,32,61
504,146,32,62
503,147,32,63
503,148,32,64
502,149,32,65
504,147,31,65
507,146,31,65
510,144,30,65
512,142,30,65
515,141,29,65
516,138,30,64
517,136,30,64
518,134,31,63
519,131,31,62
520,129,32,61
521,128,32,62
522,126,32,63
523,125,32,63
524,124,32,64
523,123,32,64
521,122,32,64
519,122,32,64
517,121,32,64
515,121,32,64
514,121,32,64
513,120,31,64
513,120,31,64
512,120,31,64
511,120,31,64
511,119,31,64
512,118,31,64
512,117,32,64
512,116,32,64
516,115,32,63
519,115,32,62
522,114,32,61
525,113,32,60
528,113,32,59
529,113,32,59
531,114,32,59
532,115,32,59
533,115,32,59
534,116,32,59
534,117,32,59
534,118,32,59
534,119,32,59
534,120,32,59
534,121,32,59
533,126,32,59
532,131,32,59
531,136,32,59
529,141,32,59
528,146,32,59
528,151,32,59
527,156,32,59
527,161,32,59
526,166,32,59
526,171,32,59
524,176,32,58
521,182,32,57
519,187,32,56
517,192,32,55
515,197,32,55
510,199,32,55
506,200,31,55
501,202,31,55
496,204,31,55
491,206,31,55
491,208,30,55
491,209,30,55
490,211,29,55
490,212,28,55
490,214,28,55
490,216,28,55
490,218,28,55
491,220,28,55
491,221,28,55
491,223,28,55
491,223,28,55
491,222,28,55
491,221,28,55
491,221,28,55
491,220,28,55
491,219,28,55
490,219,28,55
490,219,29,55
489,219,30,55
488,218,30,55
487,218,31,55
487,218,31,55
487,218,31,55
487,218,31,55
487,218,31,55
487,218,31,55
487,217,31,55
487,215,31,55
487,214,31,55
487,213,31,55
487,211,31,56
487,210,31,56
487,211,31,56
487,212,31,56
486,212,31,56
486,213,31,56
486,214,31,56
482,213,31,56
479,212,31,56
475,211,31,56
472,210,31,56
469,209,31,56
466,209,30,56
463,209,30,56
461,209,29,56
458,209,28,56
455,209,28,56
455,208,28,55
454,207,28,54
454,205,28,53
453,204,28,53
453,203,28,52
453,203,28,52
453,202,28,52
453,202,28,52
453,201,28,52
453,201,28,52
451,199,28,52
449,196,28,52
448,194,28,52
446,192,28,52
445,190,28,52
443,189,28,51
442,188,28,50
441,188,28,49
439,187,28,49
438,186,28,48
435,188,28,48
433,190,28,48
430,192,28,48
427,194,28,48
425,195,28,48
424,196,28,48
423,198,28,48
422,199,28,48
421,200,28,48
421,201,28,48
426,201,28,48
432,201,28,48
437,201,28,49
443,201,28,49
449,201,28,49
449,202,28,49
450,204,28,49
451,205,28,49
452,207,28,49
453,209,28,49
449,208,28,49
446,207,28,49
443,206,28,49
440,205,28,49
437,205,28,49
434,203,28,50
431,201,29,50
429,200,29,50
426,198,29,51
424,198,29,51
423,197,29,51
421,196,29,51
420,196,29,51
418,195,29,51
419,194,29,51
420,193,29,51
421,192,29,51
422,191,29,51
421,192,29,51
421,192,29,51
420,192,29,51
420,192,29,51
419,193,29,51
419,192,29,51
418,191,29,51
417,190,29,51
416,190,29,51
415,189,29,51
417,187,29,51
419,186,29,51
420,185,29,51
422,183,29,51
423,182,29,51
425,182,29,51
426,182,29,51
428,181,29,51
430,181,29,51
431,181,29,51
432,180,29,51
432,180,29,51
433,179,29,51
433,179,29,51
434,179,29,52
434,178,29,52
435,178,29,52
437,178,29,52
438,178,29,52
439,178,29,52
441,178,29,52
440,177,29,52
440,176,29,52
439,175,29,52
438,174,29,52
438,173,29,52
435,172,29,52
432,171,29,52
429,171,29,52
426,170,29,52
422,169,29,52
419,169,29,52
419,169,29,52
418,169,28,52
417,169,28,52
416,169,27,52
415,169,27,52
417,169,26,52
418,168,26,52
419,168,25,52
421,168,24,52
422,167,24,52
426,169,24,52
430,170,24,52
434,171,24,52
438,173,24,52
442,174,24,52
442,174,24,52
442,174,24,52
443,174,24,52
443,174,24,52
443,174,24,52
443,174,24,52
443,174,24,52
443,174,24,52
443,174,24,52
443,174,24,52
442,174,24,52
441,175,24,52
439,175,24,52
438,175,24,52
437,175,24,52
436,176,24,48
436,176,24,49
435,177,24,50
434,178,24,51
434,178,24,52
436,180,24,52
438,181,24,52
440,183,24,52
442,184,24,52
445,186,24,52
446,187,23,52
447,189,23,52
448,190,22,52
449,191,22,52
450,193,21,52
451,192,21,52
453,191,21,52
454,190,21,52
455,188,21,52
457,187,21,52
450,188,21,51
443,188,21,50
437,189,21,49
430,190,21,49
423,190,21,48
417,190,21,48
410,191,21,48
403,191,21,48
397,191,21,48
397,190,21,48
397,189,21,48
397,188,21,48
397,187,21,48
398,186,21,48
398,185,21,48
399,183,21,48
399,183,21,48
399,183,21,48
399,182,21,48
399,182,21,48
399,181,21,48
399,179,21,48
399,178,21,48
396,176,21,48
392,173,21,48
388,171,21,48
384,169,21,48
381,166,21,48
379,166,21,48
377,165,21,48
376,165,21,48
374,165,21,48
376,165,21,48
378,165,21,48
380,166,21,48
382,166,21,48
382,166,21,48
381,166,21,48
380,166,21,48
380,166,21,48
379,166,21,48
381,167,21,48
382,168,21,48
384,169,21,48
385,170,21,48
387,171,21,48
389,172,21,48
390,173,21,48
387,174,21,48
385,174,21,48
382,175,21,48
379,176,21,48
377,177,21,48
378,178,21,48
378,178,21,48
379,179,21,48
380,180,21,48
381,181,21,48
383,180,21,48
386,179,21,48
388,178,21,48
390,178,21,48
393,177,21,48
391,177,21,48
389,177,21,48
387,177,21,48
385,177,21,48
387,176,21,48
389,175,21,48
391,173,21,48
393,172,21,48
395,171,21,48
397,170,21,48
396,169,21,48
396,169,21,48
395,168,21,48
395,167,21,48
394,166,21,48
395,167,21,48
396,169,21,48
397,170,21,48
398,171,21,48
399,173,21,48
399,174,21,48
398,174,21,48
398,175,21,48
397,176,21,48
397,177,21,48
398,176,21,48
400,175,21,48
401,174,21,48
403,174,21,48
405,173,21,48
404,172,21,48
404,171,21,48
404,170,21,48
404,170,21,48
403,169,21,48
403,169,21,48
403,170,21,48
403,170,21,48
403,171,21,48
403,171,21,48
401,179,21,48
398,185,21,48
395,191,21,48
393,197,21,48
388,203,21,48
383,209,21,48
378,215,21,48
373,221,21,48
372,224,21,48
371,227,21,48
374,228,21,48
377,228,21,48
379,228,21,48
382,228,21,48
385,229,21,48
385,229,21,48
386,230,21,48
386,230,21,48
387,231,21,48
387,231,21,48
384,231,21,48
382,231,21,48
379,231,21,48
376,231,21,48
373,231,21,48
372,232,21,48
372,233,21,48
372,234,21,48
372,236,21,48
371,237,21,48
373,237,21,48
375,237,21,48
376,237,21,48
378,237,21,48
379,237,21,48
381,236,21,48
383,235,21,48
385,234,21,48
387,233,21,48
389,233,21,48
388,231,21,48
388,230,21,48
387,229,21,48
387,227,21,48
386,226,21,48
385,226,21,48
384,226,21,48
383,226,21,48
382,226,21,48
381,226,21,48
382,226,21,48
384,227,21,48
386,227,21,48
387,227,21,48
389,227,21,48
390,227,21,48
392,227,21,48
394,227,21,48
395,227,21,48
397,227,21,48
397,228,21,48
397,228,21,48
397,229,21,48
397,229,21,48
397,230,21,48
397,230,21,48
398,230,21,48
398,230,21,48
399,230,21,48
399,230,21,48
400,230,21,48
401,230,21,48
403,230,21,48
404,230,21,48
405,230,21,48
406,232,21,48
408,233,21,48
409,235,21,48
411,236,21,48
413,238,21,48
412,236,21,48
412,235,21,48
411,233,21,48
411,232,21,48
410,230,21,48
411,229,21,48
412,229,21,48
412,228,21,48
413,228,21,48
414,227,21,48
413,227,22,48
412,227,22,48
412,227,22,48
411,227,22,48
410,227,23,48
408,227,23,48
406,226,23,48
404,225,23,48
403,224,23,48
401,223,23,48
400,223,23,48
399,223,24,48
397,223,24,48
396,223,25,48
395,223,25,48
398,223,25,48
400,223,25,48
403,223,25,48
405,223,25,48
407,223,25,48
411,223,25,48
414,223,25,48
418,223,25,48
421,222,25,48
425,222,25,48
425,223,25,48
426,223,25,48
427,224,25,48
428,224,25,48
429,225,25,48
427,224,24,48
426,223,24,48
425,221,23,48
423,220,22,48
422,219,21,48
422,219,21,48
421,219,21,49
421,219,21,49
421,218,21,50
421,218,21,51
419,217,21,51
417,216,21,51
415,215,21,51
413,214,21,51
411,213,21,51
411,213,21,51
411,213,21,51
411,213,21,51
410,214,21,51
410,214,21,51
410,214,21,51
410,214,21,52
410,214,21,53
410,214,21,54
410,214,21,55
411,215,21,55
411,215,21,55
412,216,21,55
412,216,21,55
413,217,21,55
413,217,21,55
413,218,21,55
413,218,21,55
414,219,21,55
414,219,21,55
414,218,21,55
414,217,21,55
414,216,21,55
414,215,21,55
414,214,21,55
413,213,21,55
411,212,21,55
410,212,21,55
409,211,21,55
407,210,21,55
406,209,21,55
404,208,21,55
403,208,21,55
401,207,21,55
399,206,21,55
400,206,21,55
400,206,21,55
400,206,21,55
400,206,21,55
401,206,21,55
399,208,21,55
398,211,21,55
397,213,21,55
395,216,21,55
394,218,21,55
394,219,21,55
395,221,21,55
395,222,21,55
395,223,21,55
395,225,21,55
399,223,21,55
403,222,21,55
407,221,21,55
411,219,21,55
415,218,21,55
414,216,21,55
412,215,21,55
411,213,21,55
409,212,21,55
407,210,21,55
405,208,21,55
403,207,21,55
401,205,21,55
399,204,21,55
397,202,21,55
397,201,21,55
397,200,21,55
397,199,21,55
397,198,21,55
397,197,21,55
396,197,21,55
395,197,21,55
394,197,21,55
394,197,21,55
393,197,21,55
392,196,21,55
392,196,21,55
392,196,21,55
392,196,21,55
391,195,21,55
392,193,21,53
392,191,21,51
393,189,21,50
394,187,21,48
394,185,21,47
392,184,22,45
391,183,22,44
389,182,22,43
388,182,22,42
386,181,23,41
387,181,23,41
387,182,23,40
388,182,23,40
388,183,23,39
389,183,23,39
389,183,22,39
390,183,22,39
390,183,22,39
391,182,22,39
391,182,21,39
391,182,21,38
391,182,21,38
391,181,21,38
390,181,21,38
390,181,21,37
391,180,21,37
392,180,21,37
392,179,21,37
393,179,21,37
394,178,21,37
394,178,21,38
393,178,21,38
392,177,21,38
392,177,21,38
391,177,21,39
392,175,21,39
393,174,21,39
394,173,21,39
395,171,21,39
395,170,21,39
395,171,21,39
394,173,21,39
393,174,21,39
392,175,21,39
391,177,21,39
393,178,21,39
395,180,21,39
396,182,21,39
398,183,21,39
399,185,21,39
400,185,21,39
400,186,21,39
400,186,21,39
400,187,21,39
401,187,21,39
399,187,21,38
397,187,21,36
396,187,21,35
394,186,21,34
393,186,21,33
393,188,21,33
393,191,21,33
393,193,21,33
393,196,21,33
393,198,21,33
396,195,21,33
399,193,21,33
401,190,21,33
404,187,21,33
407,185,21,33
408,185,21,33
409,185,21,33
410,185,21,33
411,185,21,33
411,185,21,33
413,186,21,33
415,186,21,33
416,187,21,33
418,188,21,33
419,189,21,33
422,189,21,33
424,189,21,33
426,189,21,33
429,189,21,33
431,189,21,33
434,190,21,33
437,191,21,33
440,193,21,33
443,194,21,33
446,195,21,33
446,195,21,33
446,194,21,33
446,193,21,33
446,192,21,33
446,191,21,33
446,191,21,33
446,191,21,33
446,191,21,33
446,190,21,33
446,190,21,33
443,189,21,33
440,187,21,33
436,186,21,33
433,185,21,33
430,183,21,33
429,184,21,33
429,184,21,33
428,185,21,33
428,186,21,33
427,186,21,33
426,187,21,33
426,187,21,33
425,188,21,33
424,188,21,33
423,189,21,33
421,186,21,33
420,184,21,33
418,182,21,33
416,179,21,33
414,177,21,33
412,175,21,33
411,173,21,33
409,171,21,33
408,169,21,33
406,167,21,33
407,169,21,33
408,171,21,33
409,172,21,33
410,174,21,33
411,175,21,33
415,176,21,34
419,176,21,34
423,176,21,34
427,176,21,34
431,177,21,35
433,176,21,35
434,176,21,35
436,175,21,35
438,175,21,35
439,174,21,35
436,174,21,35
433,174,21,35
430,173,21,35
426,173,21,35
423,173,21,35
421,172,21,35
419,171,21,35
417,170,20,35
415,170,20,35
413,169,20,35
412,169,20,35
411,169,20,35
410,169,20,35
409,169,20,35
409,169,20,35
409,169,20,35
409,169,20,35
409,169,20,35
409,169,20,35
409,169,20,35
409,168,20,35
409,167,20,35
409,166,20,35
409,166,20,35
409,165,20,35
408,165,20,35
408,165,20,35
407,165,20,35
407,165,20,35
406,165,20,35
407,166,20,35
409,168,20,35
410,170,20,35
411,171,20,35
413,173,20,35
414,173,20,35
415,173,20,35
416,174,20,35
417,174,20,35
418,174,20,35
419,173,20,35
419,173,20,35
420,172,20,35
420,171,20,35
421,170,20,35
419,170,20,34
417,170,20,33
415,170,20,32
413,170,20,31
411,170,20,31
410,169,20,31
408,167,20,31
407,166,20,31
405,165,20,31
403,163,20,31
403,163,20,31
403,163,20,31
403,163,20,31
403,163,20,31
403,163,20,31
407,165,20,31
410,167,20,31
414,169,20,31
417,171,20,31
421,173,20,31
421,171,20,31
422,170,20,31
423,168,20,31
424,166,20,31
425,165,20,31
425,165,20,31
425,165,20,31
425,165,20,31
425,165,20,31
425,165,20,31
427,165,20,31
429,166,20,31
432,166,20,31
434,167,20,31
437,167,20,31
438,169,19,31
440,171,18,31
441,172,18,31
443,174,17,31
445,175,16,31
445,176,16,31
446,178,16,31
446,179,17,31
447,180,17,31
447,181,17,31
445,181,17,29
444,182,17,28
442,182,16,27
440,183,16,25
438,183,16,24
434,184,16,24
431,186,16,25
428,187,16,26
424,188,16,26
421,189,16,27
415,193,16,26
409,198,16,25
406,199,17,26
402,200,18,27
399,201,19,28
401,202,19,28
413,202,19,28
425,201,19,28
437,201,19,28
438,196,19,28
439,191,19,28
440,187,19,28
441,182,19,28
432,180,19,28
423,178,19,28
415,176,19,28
407,174,19,28
399,172,19,28
391,170,19,28
383,167,19,28
379,167,19,28
374,166,19,28
369,166,19,28
364,165,19,28
359,165,19,28
358,164,19,28
356,164,19,28
355,163,19,28
353,163,19,28
351,162,19,28
347,164,20,28
343,167,21,29
339,169,22,29
335,171,20,30
