532,182,57,114
538,179,57,114
544,179,48,117
549,173,52,117
558,173,48,113
564,173,48,113
572,166,51,113
576,166,51,113
584,166,45,113
584,163,45,113
590,163,39,110
592,163,37,106
593,163,35,102
596,163,32,100
601,163,28,91
604,149,26,99
605,149,26,98
605,149,25,97
606,149,25,96
618,157,14,93
620,160,14,99
617,160,16,97
615,159,18,95
613,158,21,93
610,157,23,92
608,157,25,90
605,156,27,88
599,159,29,86
597,160,29,86
595,162,29,86
588,162,29,86
581,162,29,86
572,176,31,86
561,174,29,90
558,174,29,76
552,176,34,76
549,176,34,76
545,177,34,76
535,173,37,97
527,174,40,103
516,173,42,127
513,173,40,133
509,171,39,131
505,170,37,130
502,168,37,131
499,166,37,133
497,166,41,134
494,166,45,136
491,166,49,137
491,166,51,138
491,166,53,138
491,166,55,139
491,166,57,139
488,166,59,138
485,165,60,137
485,166,61,139
484,166,62,140
481,168,59,130
478,165,59,134
474,162,59,137
474,163,59,137
474,165,60,136
473,165,60,136
472,165,60,136
471,165,60,136
470,164,60,134
469,164,60,133
468,163,60,131
467,163,61,131
466,163,61,131
464,163,62,131
463,163,63,130
462,162,63,130
460,162,64,130
459,162,64,130
457,162,65,130
456,163,63,130
454,163,60,130
454,161,60,130
454,159,59,130
454,158,59,130
454,156,59,130
454,156,58,136
454,156,58,143
454,156,58,149
454,156,57,156
454,156,57,162
454,158,62,161
453,160,66,159
453,160,66,160
453,160,65,160
453,160,64,161
453,160,64,162
453,160,63,162
453,160,62,163
453,160,62,164
452,161,62,162
452,162,62,161
451,163,62,160
451,163,62,159
450,164,62,158
449,165,62,157
449,166,62,156
448,166,62,154
448,166,62,154
448,166,62,154
448,166,62,153
448,166,62,153
444,168,61,148
441,170,60,144
444,170,56,144
447,171,51,145
449,170,51,147
451,169,52,149
454,168,52,151
456,166,52,153
459,166,54,153
461,166,55,154
464,166,56,154
466,165,57,155
469,165,58,155
471,165,59,156
473,165,59,156
475,165,59,156
477,165,59,156
478,165,59,156
480,165,59,156
482,165,59,156
484,165,59,156
485,164,59,153
486,162,59,151
487,161,60,148
489,160,60,146
490,159,60,144
489,159,60,144
488,159,60,144
487,159,60,144
486,159,60,144
485,159,60,144
484,160,60,144
482,161,60,144
481,162,60,144
478,161,60,145
476,160,60,147
473,161,59,145
471,162,57,143
468,163,56,140
468,163,56,140
467,163,56,140
466,163,56,140
465,163,56,140
465,163,56,140
464,163,56,140
463,163,56,140
463,163,56,140
462,163,56,140
461,163,56,140
461,163,56,140
459,164,56,139
457,164,57,138
456,165,57,137
455,167,55,136
454,170,52,134
453,173,49,133
450,175,46,134
447,177,42,134
442,177,45,130
442,177,45,134
437,176,51,133
436,173,51,136
434,171,51,139
432,172,52,135
430,173,52,131
428,168,57,137
424,171,54,131
422,171,52,131
420,171,51,131
419,171,49,131
415,172,56,130
411,173,62,128
410,173,62,127
409,174,62,126
408,174,62,125
408,174,62,126
408,174,62,127
405,173,59,128
402,173,56,130
399,170,52,132
396,168,48,134
393,168,45,133
390,168,42,131
387,170,45,130
385,171,48,130
380,175,56,127
374,179,63,125
371,179,66,125
368,179,68,125
366,180,66,128
363,180,63,131
362,182,63,125
357,180,65,128
357,180,52,128
354,180,51,125
354,180,39,128
351,179,39,128
343,177,39,128
340,174,39,128
339,174,40,128
337,174,42,128
336,174,43,128
332,174,43,128
329,174,43,128
325,174,43,128
322,168,43,128
311,174,40,103
305,174,40,103
300,174,39,91
300,173,42,91
300,173,46,91
300,172,46,91
300,171,45,91
300,171,44,92
300,171,42,93
300,171,41,93
300,171,40,94
300,170,40,94
299,171,40,94
297,171,40,94
297,170,39,93
297,170,39,93
295,169,39,91
294,168,39,90
292,166,39,90
289,163,39,90
285,170,39,90
282,169,39,90
278,168,39,90
277,169,39,90
275,170,39,90
274,171,39,90
273,171,39,90
273,170,39,90
272,170,39,90
271,168,39,90
270,166,39,90
269,165,39,90
268,164,39,90
266,164,39,90
265,163,39,90
261,160,39,90
258,157,39,90
256,153,39,90
254,148,39,90
254,149,39,90
254,151,39,90
254,153,39,90
254,154,39,90
254,156,39,90
254,156,39,90
254,156,39,90
251,156,39,90
249,157,39,90
246,157,39,90
245,158,39,90
243,159,39,90
241,160,39,90
239,161,39,90
237,162,39,90
236,160,39,90
235,159,39,90
234,157,39,90
231,156,39,90
229,154,39,90
229,155,39,90
229,156,39,90
229,157,39,90
227,157,39,90
224,157,39,90
221,157,39,90
219,157,38,88
217,156,37,87
215,156,35,86
208,155,35,86
201,154,35,86
200,152,35,86
198,150,35,86
197,148,35,86
195,146,35,86
190,146,35,86
186,146,35,86
181,146,35,86
177,146,35,86
167,144,35,86
164,143,35,86
159,142,34,86
154,144,35,86
157,140,35,86
150,145,35,85
150,146,34,84
150,147,34,82
150,148,33,81
151,149,33,79
151,151,32,78
151,152,32,76
151,153,31,75
151,154,31,74
151,155,30,72
151,157,29,71
152,158,29,69
152,159,28,68
152,160,28,66
151,160,29,67
151,159,30,68
150,158,31,68
149,158,32,69
149,157,33,70
148,156,34,70
147,156,35,71
146,156,39,80
144,157,42,90
144,158,42,90
143,158,42,90
143,158,42,90
143,159,42,90
141,157,42,90
139,156,42,90
137,154,42,90
135,153,42,90
135,153,42,92
135,153,42,94
135,153,42,96
133,154,42,96
132,155,42,96
130,156,42,96
126,156,42,96
123,157,42,96
117,157,42,96
112,157,42,96
109,157,42,96
106,157,42,96
105,157,42,96
104,157,42,96
103,156,42,96
101,154,42,96
97,153,42,96
93,151,42,96
92,153,42,96
92,156,42,96
89,156,42,96
87,156,42,96
86,158,42,96
86,160,42,96
84,160,42,96
82,160,42,96
81,162,42,96
79,163,42,96
76,164,42,96
72,165,42,96
67,163,42,96
62,162,42,96
60,162,42,96
59,163,42,96
57,163,42,96
55,163,42,96
52,165,42,96
50,166,42,96
48,166,42,96
45,165,42,96
45,166,42,96
45,168,42,96
42,168,42,96
39,168,42,96
38,168,43,95
37,169,44,94
35,170,46,93
34,170,47,92
33,171,48,91
32,171,49,90
31,172,49,90
30,173,49,90
30,173,49,90
29,174,49,90
29,175,49,90
28,176,49,90
28,175,49,90
27,175,49,90
26,175,49,90
25,174,49,90
24,174,49,90
23,174,48,88
22,173,47,87
21,173,46,86
21,172,45,84
20,172,44,83
19,171,43,82
19,171,43,82
18,171,43,82
18,171,43,82
18,171,43,82
18,170,42,84
18,169,41,86
18,168,40,88
18,169,40,88
18,170,40,88
18,171,40,88
15,172,40,88
13,173,40,88
12,173,40,88
11,173,40,88
11,173,40,88
10,173,40,88
9,173,40,88
8,173,40,88
8,173,40,88
8,173,40,88
7,174,40,88
7,174,40,88
6,174,39,88
5,175,39,87
5,175,38,87
4,175,37,87
3,175,36,87
2,176,35,86
2,174,34,87
2,173,32,88
2,171,31,88
2,170,29,89
2,168,28,90
2,168,27,89
2,168,26,88
2,168,25,88
2,168,23,86
2,168,22,84
2,168,20,82
2,169,20,82
2,169,20,81
2,170,20,81
2,171,20,81
2,172,20,81
2,172,20,81
1,173,20,80
1,174,20,80
1,174,20,80
1,175,20,80
1,176,20,80
1,177,20,79
1,177,20,79
1,178,20,79
1,179,20,79
1,179,22,77
1,180,23,76
1,180,25,75
1,181,26,73
1,181,28,72
1,181,29,71
1,182,31,69
8,183,30,65
15,185,29,60
21,190,29,60
27,194,29,60
22,191,29,60
25,182,29,60
33,188,26,46
35,190,26,43
42,193,22,35
43,190,24,36
48,188,24,34
47,188,20,37
42,184,25,49
47,190,19,43
48,186,20,46
50,183,22,49
48,187,24,52
46,186,18,39
50,194,21,40
47,190,25,43
44,192,16,36
47,189,22,39
53,191,22,40
55,192,18,41
61,188,23,43
59,189,23,49
59,189,23,48
59,190,28,46
64,184,22,51
65,184,29,60
65,176,29,60
71,176,29,60
77,168,29,60
76,173,29,60
85,164,29,60
87,161,29,60
89,156,29,60
92,149,29,60
98,144,29,60
95,146,29,60
98,140,29,60
93,139,29,49
95,130,29,60
93,136,29,60
92,128,29,60
91,130,25,54
93,123,29,60
90,130,29,60
87,133,29,60
84,136,29,60
84,136,29,60
83,137,29,60
83,138,29,60
82,138,29,60
82,136,29,60
81,133,29,60
79,133,32,63
77,133,34,65
77,132,34,64
77,130,35,63
77,129,35,63
77,127,35,62
79,127,36,61
81,126,36,61
82,126,36,61
84,125,37,61
84,123,29,60
90,132,42,63
93,134,40,63
96,137,38,63
99,139,35,63
101,140,40,64
102,144,38,61
104,148,35,59
108,152,33,59
111,155,31,60
114,159,29,60
116,162,32,60
118,161,29,60
118,165,29,60
117,171,29,60
117,175,29,60
118,176,29,60
119,185,29,60
126,186,29,60
129,195,32,62
132,203,29,60
131,205,29,60
135,203,29,60
133,211,32,60
131,210,29,60
130,208,29,60
127,211,35,63
127,211,35,63
127,211,34,63
125,210,34,63
123,210,34,63
