243,253,60,112
244,252,60,112
245,250,60,112
245,250,60,112
245,250,60,112
245,250,60,112
246,249,60,112
244,249,60,112
243,248,60,112
242,248,60,112
240,247,60,112
201,245,60,112
163,244,60,112
134,243,60,112
94,243,60,112
129,251,60,112
165,259,60,112
192,257,60,112
218,254,60,112
220,249,60,112
187,247,60,112
153,245,60,112
127,244,60,112
118,243,60,112
154,242,60,112
185,243,60,112
217,244,60,112
239,242,60,112
210,244,60,112
176,244,60,112
132,245,60,112
102,246,60,112
106,246,60,112
156,246,60,112
195,246,60,112
227,247,60,112
254,246,60,112
223,247,60,112
191,249,60,112
161,250,60,112
131,252,60,112
164,250,60,112
202,251,60,112
241,252,60,112
277,253,60,114
270,249,60,115
240,252,60,117
209,255,60,119
187,256,60,120
165,257,60,122
190,255,60,122
231,255,60,122
272,256,60,122
306,255,60,122
308,255,60,122
274,255,60,122
245,255,60,122
222,255,60,122
191,255,60,124
222,257,60,124
251,255,60,124
292,256,61,124
332,257,62,124
317,257,62,124
281,256,62,124
242,257,62,124
209,258,62,124
227,257,62,124
246,255,62,124
277,255,62,124
307,255,62,124
338,256,62,124
304,257,62,124
268,257,62,124
232,256,62,124
200,259,62,124
207,258,62,124
231,257,62,124
267,258,62,124
303,258,62,124
334,257,62,124
304,258,62,124
283,258,62,124
257,259,62,124
231,259,62,124
240,259,62,124
283,260,62,124
329,263,62,124
370,263,62,124
344,263,62,124
319,263,62,124
288,266,62,121
268,268,62,122
257,268,62,124
303,267,62,124
338,267,62,124
372,266,62,124
404,268,62,124
366,267,62,124
342,269,62,124
317,270,62,124
300,272,67,124
332,272,67,124
361,272,67,124
406,273,67,124
452,275,67,124
420,274,67,124
389,273,67,124
352,275,67,124
328,276,67,124
364,277,67,124
401,277,67,124
437,277,67,124
473,276,67,124
472,277,67,124
431,277,67,124
416,278,67,124
402,278,67,124
422,279,67,124
442,280,67,124
462,280,67,124
487,282,67,124
513,283,67,124
485,284,67,124
457,286,67,124
427,287,67,124
440,289,67,124
487,290,67,124
535,291,67,124
