584,53,20,37
585,53,24,37
582,52,24,39
571,54,24,38
534,53,24,37
496,52,24,37
463,53,24,37
440,54,24,37
404,53,24,37
400,54,24,37
395,54,24,37
395,54,24,37
395,54,24,37
395,54,24,37
395,54,24,37
398,54,22,37
401,54,19,37
400,54,19,37
400,54,20,37
395,54,24,37
375,53,23,38
355,52,22,39
354,52,21,41
354,53,20,42
354,53,19,43
354,53,19,43
354,53,19,43
354,53,19,43
354,53,19,43
354,53,19,43
354,53,19,43
354,53,19,43
354,53,19,43
354,53,19,43
354,53,19,43
354,53,19,43
354,53,19,43
354,53,19,43
354,53,19,43
354,53,19,43
354,53,19,43
354,53,19,43
354,53,19,43
354,53,19,43
354,53,19,43
354,54,19,42
354,56,19,41
354,57,20,41
354,58,20,40
354,60,20,39
354,60,20,39
354,60,20,39
354,60,20,39
354,60,20,39
354,60,20,39
354,60,20,39
354,60,20,39
354,60,20,39
354,60,20,39
354,60,20,39
354,60,20,39
354,60,20,39
354,60,20,39
354,60,20,39
354,60,20,39
354,60,20,39
354,60,20,39
354,60,20,39
354,60,20,39
354,60,20,39
355,60,20,39
355,61,20,39
355,62,20,39
355,62,20,39
355,63,20,39
362,64,20,39
402,63,20,40
436,65,21,41
475,63,20,41
482,63,21,42
482,63,21,42
482,63,21,42
482,63,21,42
482,63,21,42
482,63,21,42
482,63,21,42
482,63,21,42
482,63,21,42
482,63,21,42
482,63,21,42
481,64,19,42
480,64,19,42
479,64,20,42
478,65,21,42
477,65,21,42
477,66,21,42
476,66,21,42
476,67,21,42
476,67,21,42
475,68,21,42
475,68,21,42
474,68,21,42
474,68,21,42
473,68,21,42
473,68,21,42
472,68,21,42
471,68,21,42
470,68,21,42
468,68,21,42
467,68,21,42
466,68,21,42
466,68,21,42
465,69,21,42
464,69,21,42
463,70,21,42
462,70,21,42
461,70,21,42
460,70,21,42
459,71,21,42
459,71,21,42
458,71,21,42
457,72,21,42
457,72,21,42
456,73,21,42
455,73,21,42
455,73,20,43
454,73,18,43
453,73,17,43
453,73,16,44
452,73,14,44
450,74,15,44
449,74,15,44
447,74,16,44
446,75,16,44
444,75,17,44
443,75,17,43
442,75,18,43
441,75,19,42
440,75,19,41
439,75,20,40
437,76,20,40
435,76,20,40
433,77,20,40
431,77,20,40
429,78,20,40
427,78,18,40
425,79,18,40
424,80,19,40
422,80,19,40
421,81,20,40
420,81,19,39
420,81,19,38
419,81,18,37
419,81,17,36
419,81,17,35
418,81,17,35
417,82,17,35
417,82,17,35
416,82,17,35
415,83,17,35
415,83,17,35
414,83,17,35
413,84,17,35
413,84,17,35
412,84,17,35
412,84,17,36
412,84,17,37
412,84,17,37
412,84,17,38
412,84,17,39
412,84,17,39
412,84,17,39
412,84,17,39
412,84,17,39
412,84,17,39
412,85,17,39
413,85,17,39
413,86,17,39
413,86,17,39
414,87,17,39
414,88,17,39
415,87,17,39
416,87,17,39
417,87,17,39
419,86,17,39
419,87,17,39
419,87,18,39
419,87,18,39
419,87,18,40
420,88,19,40
420,88,19,40
420,88,19,40
420,88,19,41
420,88,19,41
420,89,19,41
419,90,19,41
419,90,19,41
419,91,19,41
419,92,19,41
419,93,19,41
419,93,19,41
420,92,19,41
421,92,19,41
421,91,19,41
422,91,19,41
423,91,19,41
425,91,19,41
426,92,19,42
427,92,19,42
429,92,19,42
431,92,19,42
433,91,19,42
435,91,19,42
437,90,19,42
440,90,19,42
443,90,19,42
445,90,19,42
448,90,20,42
451,91,20,42
454,91,20,42
457,92,20,41
460,93,19,41
463,94,19,40
466,94,18,39
470,95,18,39
472,95,19,40
474,94,20,41
476,94,20,42
478,94,21,43
480,93,22,44
481,93,22,45
482,94,22,45
484,94,22,46
485,94,22,46
486,94,22,47
488,94,22,47
489,93,23,48
491,93,23,49
492,92,23,49
494,92,23,50
495,92,22,49
497,93,22,49
498,93,21,49
499,94,20,48
501,94,19,48
502,95,19,49
503,95,20,50
505,96,20,52
506,96,21,53
507,96,21,54
509,96,20,53
511,96,19,52
513,96,18,51
514,96,17,50
516,96,16,49
518,97,16,48
520,97,16,47
522,98,16,47
524,98,16,46
526,99,17,45
528,99,17,47
529,99,17,48
531,99,17,49
532,99,18,50
534,99,18,51
535,99,18,51
537,99,18,51
539,99,18,51
540,99,18,51
542,100,18,51
543,100,19,51
545,100,20,52
547,100,20,52
549,101,21,53
551,101,22,53
552,101,22,53
554,101,22,53
555,101,22,53
557,101,22,53
558,101,22,53
560,101,22,53
563,101,22,53
565,101,22,53
567,101,22,53
569,101,22,53
572,101,22,53
575,102,22,53
577,103,22,53
580,103,22,53
583,104,22,53
585,104,22,53
587,105,22,53
589,105,22,53
592,105,22,53
594,105,22,53
596,106,22,53
598,106,22,53
600,106,22,53
602,106,22,53
