485,195,100,177
468,190,105,177
465,188,101,182
455,188,101,181
444,183,101,182
436,182,97,178
427,177,99,178
421,177,97,178
409,176,101,180
396,172,102,172
402,172,96,169
387,171,96,174
381,170,96,175
377,165,96,171
372,160,89,168
369,159,87,167
362,157,87,168
355,154,85,168
350,151,86,165
341,151,87,159
334,153,89,157
328,151,92,161
325,146,87,155
319,140,85,158
317,138,83,160
308,134,86,163
305,133,86,163
295,130,87,159
292,130,87,154
286,129,87,147
280,125,87,149
277,124,85,147
268,124,85,151
260,123,84,131
253,119,82,140
249,117,81,138
238,113,85,127
237,111,82,145
227,107,80,140
219,107,77,139
212,103,78,142
198,99,83,145
187,99,77,144
177,97,76,145
169,95,76,145
164,94,80,137
157,90,82,146
149,89,82,146
143,87,81,145
133,88,80,150
132,87,87,144
151,87,83,144
148,86,80,142
147,84,77,145
139,83,80,141
130,82,76,144
131,86,67,136
122,84,66,133
140,82,69,135
148,77,66,136
148,73,65,141
132,70,71,139
129,73,69,132
124,71,66,133
116,69,76,135
111,71,77,135
107,73,76,127
106,71,67,130
100,72,71,130
94,68,74,132
95,68,73,132
82,64,68,130
107,61,78,134
133,57,80,143
122,56,79,120
117,51,66,124
113,49,63,125
106,48,65,124
102,42,64,132
94,42,68,126
90,40,67,125
82,45,71,121
72,44,70,124
66,43,68,116
65,41,62,125
56,40,63,127
50,39,59,109
39,40,65,115
33,39,64,114
24,36,66,122
16,40,70,111
12,35,66,112
2,37,65,110
0,35,56,109
0,38,51,108
0,38,43,108
0,36,33,111
