486,153,17,31
487,153,16,32
488,154,16,30
489,155,16,34
492,155,14,32
491,157,17,31
494,156,16,34
492,156,19,33
495,157,17,31
495,158,15,32
494,159,17,31
497,159,15,30
496,160,17,31
497,157,17,34
497,157,15,32
499,158,16,34
498,158,17,34
498,157,17,34
500,161,16,33
500,162,17,32
501,159,17,34
500,158,17,37
500,159,17,37
501,163,16,34
500,165,17,34
500,164,17,34
501,164,15,34
502,165,17,34
500,162,18,36
501,162,17,37
503,162,17,36
503,163,18,35
504,167,18,33
505,164,17,39
505,164,17,39
507,165,19,35
508,166,17,37
509,165,18,38
511,166,16,37
512,166,17,40
513,167,16,37
514,168,18,39
516,168,18,44
518,170,17,36
520,169,17,40
522,169,16,40
524,170,17,41
526,171,16,40
527,171,18,40
529,172,18,40
532,174,17,39
533,172,18,40
535,172,20,37
537,172,19,37
539,173,20,34
539,173,19,41
542,175,20,42
546,175,18,39
547,175,21,37
550,177,19,40
553,178,19,38
555,177,19,42
558,178,19,34
559,178,23,36
562,178,23,40
566,180,22,45
566,182,23,40
569,182,22,43
571,182,21,42
575,182,21,45
577,183,24,41
585,187,18,40
586,183,19,45
588,184,22,44
592,186,22,44
595,187,22,45
600,187,21,47
601,187,24,47
609,188,22,50
610,188,21,49
612,188,19,49
612,191,19,48
615,191,16,46
624,196,7,26
616,211,0,0
618,217,0,0
610,217,0,0
612,219,0,0
618,217,0,0
622,218,0,0
604,221,0,0
613,220,0,0
617,216,0,0
617,219,0,0
619,214,0,0
610,219,0,0
617,218,0,0
621,221,0,0
612,218,0,0
627,213,0,0
618,214,0,0
609,216,0,0
617,221,0,0
616,221,0,0
617,217,0,0
617,219,0,0
615,219,0,0
616,216,0,0
615,219,0,0
619,214,0,0
618,218,0,0
620,214,0,0
619,212,0,0
621,219,0,0
619,212,0,0
618,217,0,1
616,218,0,0
615,222,0,0
615,225,0,0
621,247,10,26
619,246,12,52
612,251,19,72
609,254,22,82
603,258,28,82
599,260,32,85
587,267,44,83
582,269,45,87
571,273,45,88
557,278,51,92
547,283,51,90
532,287,59,93
528,287,52,98
513,293,54,98
500,300,54,96
489,302,57,98
472,307,59,100
458,310,60,104
444,316,59,107
422,320,65,113
405,326,63,111
391,330,64,118
377,339,63,120
359,343,72,122
335,352,68,123
