440,135,100,220
448,135,95,220
457,136,91,220
465,136,87,220
477,136,79,220
489,135,71,220
496,135,71,220
502,136,71,220
509,136,71,220
515,136,71,220
520,137,83,220
526,138,96,221
529,139,96,221
531,139,96,221
534,140,96,221
536,140,96,221
539,141,96,221
542,141,96,221
549,140,93,223
555,138,91,226
562,137,89,228
568,138,89,228
574,139,89,228
579,140,89,228
579,139,89,228
580,139,89,228
580,138,89,228
580,138,89,228
580,137,89,228
581,138,89,228
582,139,89,228
583,140,89,228
584,141,89,228
585,142,89,228
586,143,89,228
587,147,95,223
587,151,102,219
588,155,109,214
588,160,116,210
589,164,122,205
589,164,122,205
589,165,122,205
589,166,122,205
595,167,122,205
601,169,122,205
607,166,121,205
613,164,119,205
619,161,118,205
625,159,116,205
646,157,105,205
667,155,94,205
688,153,82,205
709,157,71,205
728,149,73,219
762,146,95,231
765,148,82,227
768,149,70,224
791,131,67,240
787,140,75,234
783,148,84,229
776,147,86,230
769,145,89,231
762,150,92,225
760,150,86,223
765,149,82,230
770,180,79,205
754,150,98,229
739,168,116,205
769,178,79,205
759,148,80,230
751,149,88,227
744,151,95,225
736,152,102,222
735,156,101,220
734,159,100,217
733,162,99,215
732,166,98,213
731,169,97,210
730,172,96,208
729,176,95,205
726,170,95,210
722,164,95,214
719,158,95,219
717,154,96,223
714,150,97,227
711,147,99,231
709,143,100,235
706,139,101,239
704,136,103,243
701,132,104,247
698,128,106,251
698,128,103,252
698,128,101,254
698,128,99,256
698,128,97,258
697,128,95,260
696,129,95,260
695,129,95,260
694,129,95,260
692,130,95,260
691,130,95,260
690,130,95,260
689,130,95,260
689,130,95,260
688,129,95,260
688,129,95,260
687,129,95,260
687,129,95,260
686,128,95,260
686,128,95,260
688,130,95,260
690,131,95,260
693,132,95,260
695,133,95,260
698,135,95,260
697,136,95,260
697,137,95,260
697,139,95,260
688,140,95,260
714,141,95,260
726,141,95,260
738,142,95,260
740,140,93,260
743,138,92,260
745,136,90,260
747,135,89,260
750,133,87,260
752,131,86,260
754,129,84,260
757,127,83,260
756,133,80,257
755,139,78,253
754,146,76,249
754,152,73,246
778,136,71,260
763,135,76,260
747,134,80,260
701,140,85,260
735,137,82,260
713,143,78,260
709,142,75,260
705,149,53,247
686,155,83,233
667,160,141,220
667,159,127,230
667,159,113,240
668,158,100,250
668,158,86,260
663,156,83,252
658,154,80,243
653,153,77,234
648,151,74,225
643,152,66,225
638,152,58,225
633,153,50,225
626,157,55,221
619,160,59,217
612,164,64,213
605,168,68,209
601,167,68,209
596,166,68,209
592,166,68,209
588,165,68,209
584,165,68,209
583,165,68,208
581,165,68,208
579,166,68,207
578,166,68,206
576,166,68,206
575,166,68,205
573,167,68,204
571,167,68,203
568,166,68,202
566,166,68,202
563,166,68,201
561,166,68,200
558,166,68,199
556,166,68,198
553,166,68,197
552,167,68,196
551,168,68,195
549,169,68,194
548,170,68,193
536,170,68,193
525,170,68,193
514,170,68,193
502,170,68,193
495,170,68,193
487,171,68,193
480,171,68,193
473,172,68,193
465,172,68,193
458,173,68,193
457,173,68,193
457,173,68,193
457,173,68,193
456,173,68,193
456,173,68,193
449,173,64,192
442,173,59,191
434,173,55,190
427,173,50,189
424,172,50,189
420,172,50,189
416,172,50,189
412,172,50,189
408,171,50,189
403,171,50,189
398,170,50,189
394,170,50,189
393,170,50,189
393,170,50,189
392,170,50,189
392,170,50,189
392,170,50,189
391,170,50,189
391,170,50,189
391,172,50,187
391,175,50,184
391,177,50,182
391,180,50,179
391,182,50,177
391,185,50,174
391,187,50,172
391,190,50,169
391,192,50,167
391,195,50,164
391,197,50,162
391,196,50,163
391,194,50,165
391,193,50,166
391,191,50,168
391,190,50,170
391,188,50,171
391,186,50,173
388,186,50,173
386,185,50,173
383,184,50,173
381,184,50,173
378,183,50,173
376,182,50,173
373,182,50,174
371,181,50,176
369,180,50,177
366,179,50,179
364,178,50,180
361,177,50,181
359,176,50,183
356,176,50,184
356,176,50,184
356,177,50,183
356,177,50,183
356,178,50,182
357,179,52,180
358,181,53,179
359,183,54,177
360,184,55,175
361,186,57,173
362,188,58,171
363,189,59,169
365,189,60,184
367,189,61,182
369,188,62,180
370,188,63,179
372,188,64,177
374,187,65,176
378,189,65,176
382,190,65,176
382,196,68,170
382,201,71,165
382,207,75,159
382,212,78,153
382,218,81,148
383,216,80,150
384,214,79,152
385,212,78,154
386,210,77,156
387,209,75,157
388,207,74,159
389,205,73,161
390,203,72,163
392,201,71,165
393,199,70,167
394,197,69,169
382,195,81,171
381,195,80,173
380,195,79,176
379,195,77,178
378,195,76,181
378,195,75,183
375,194,74,183
373,192,73,183
371,190,72,182
369,189,71,182
367,187,69,182
365,185,68,181
363,184,67,181
361,182,66,180
359,180,65,180
357,179,64,180
355,177,63,179
352,175,62,179
350,174,60,179
351,176,59,178
353,179,58,178
354,182,57,177
355,184,56,177
356,187,55,177
357,190,54,176
358,193,52,176
359,195,51,176
358,198,51,176
358,200,51,176
357,202,51,176
356,205,51,176
356,207,51,176
355,210,51,176
354,212,51,176
354,214,51,178
354,216,51,180
354,218,51,183
354,220,51,185
354,222,51,188
354,224,51,190
354,226,51,193
354,228,51,195
352,228,51,195
351,228,51,195
349,228,51,195
347,229,51,195
345,229,51,195
343,229,51,195
341,229,51,195
339,229,51,195
337,230,51,195
335,230,51,195
334,230,51,195
332,230,51,195
330,230,51,195
328,230,51,195
326,231,51,195
324,231,51,195
322,231,51,195
320,231,51,195
319,231,51,195
317,232,51,195
315,232,51,195
310,235,56,192
305,237,60,189
299,240,64,186
294,243,69,183
289,246,73,180
287,245,73,180
285,245,73,180
283,245,73,180
281,244,73,180
279,244,73,180
277,244,73,180
277,244,68,180
277,244,64,180
277,244,59,180
277,244,54,180
277,244,49,180
275,244,49,180
273,244,49,180
271,244,49,180
269,244,49,180
267,244,49,180
265,244,49,180
264,243,49,180
262,243,49,180
261,243,49,180
259,242,49,180
257,242,49,180
256,242,49,180
254,243,49,179
252,244,49,178
250,245,49,177
248,246,49,176
246,247,49,175
244,248,49,174
242,249,49,173
240,250,49,172
239,250,49,172
239,251,49,172
238,251,49,172
238,252,49,172
237,252,49,172
236,253,49,172
236,254,49,172
235,254,49,172
235,255,49,172
234,255,49,172
233,256,49,172
233,257,49,172
232,257,49,172
232,258,49,172
231,258,49,172
231,259,49,172
230,259,49,172
230,259,50,172
231,259,51,172
231,259,52,172
231,259,53,172
232,259,54,172
232,259,55,172
232,259,56,172
233,259,56,172
233,259,57,172
234,259,58,172
234,259,59,172
236,260,59,172
237,260,59,172
239,261,59,172
241,261,59,172
243,262,59,172
244,262,59,172
246,263,59,172
248,263,59,172
250,264,59,172
252,266,59,172
255,267,59,172
257,268,59,172
259,269,59,172
261,270,59,172
264,271,59,172
269,272,59,172
274,274,59,172
279,275,59,172
284,276,59,172
289,277,59,172
289,277,62,172
289,277,65,172
289,277,68,172
289,277,71,172
289,277,74,172
289,277,77,172
293,277,75,172
296,277,74,172
299,276,72,172
303,276,70,172
306,276,68,172
309,275,67,172
313,275,65,172
318,274,63,172
323,273,61,172
328,271,59,172
333,270,57,172
337,269,55,172
342,267,53,172
342,269,53,170
342,271,53,168
342,273,53,166
342,275,53,164
342,276,53,163
342,278,53,161
345,278,53,161
348,278,53,161
350,278,53,161
353,278,53,161
356,278,53,161
358,278,53,161
359,278,53,161
359,278,53,161
359,278,53,161
360,278,53,161
360,278,53,161
361,278,53,161
361,278,53,161
362,278,53,161
362,278,53,161
363,278,53,161
364,278,53,161
364,278,53,161
365,278,53,161
366,278,53,161
366,277,53,161
367,277,53,161
368,277,53,161
368,277,53,161
369,277,53,161
367,277,54,162
366,277,55,164
364,277,56,165
362,277,57,166
361,277,58,168
359,277,59,169
357,277,60,170
356,277,61,172
354,277,62,173
352,277,63,175
352,278,63,173
352,280,63,172
352,281,63,171
352,282,63,170
352,283,63,168
352,285,63,167
352,286,63,166
352,287,63,165
352,288,63,163
352,290,63,162
352,291,63,161
353,292,64,161
355,292,64,161
356,293,65,161
357,293,65,161
358,294,66,161
359,295,66,161
360,295,67,161
361,296,67,161
362,296,68,161
363,297,68,161
365,297,69,161
366,298,69,161
367,299,70,161
368,299,70,161
369,300,71,161
370,300,71,161
371,300,70,161
371,300,70,161
372,300,70,161
373,300,69,161
373,300,69,161
374,300,69,161
375,300,68,161
376,300,68,161
376,300,68,161
377,300,67,161
378,300,67,161
378,299,67,161
378,299,66,162
378,299,65,162
378,298,65,162
378,298,64,163
378,297,64,163
378,297,63,164
378,297,63,164
378,296,62,164
378,296,62,165
378,296,61,165
378,295,61,166
378,295,60,166
378,294,60,166
378,294,59,167
376,294,61,167
374,294,63,167
373,294,64,167
371,294,66,167
369,294,68,167
367,294,70,167
366,294,71,167
364,294,73,167
362,294,75,167
358,294,79,167
354,294,83,167
350,294,88,167
345,294,92,167
345,294,84,167
345,294,75,167
345,294,67,167
345,294,59,167
346,293,59,167
346,293,59,168
347,292,59,169
347,291,59,170
348,291,59,171
348,290,59,171
349,290,59,172
349,289,59,173
350,288,59,174
350,288,59,175
351,287,59,176
351,287,59,176
352,286,59,177
352,285,59,178
353,285,59,179
353,284,59,180
353,284,64,180
353,284,69,181
353,284,74,181
353,284,79,182
353,284,84,183
353,284,90,183
353,284,95,184
353,284,100,184
354,284,98,184
356,284,97,184
357,284,96,184
358,284,95,184
359,284,94,184
368,284,85,184
377,284,76,184
386,284,67,184
395,284,58,184
404,282,58,184
413,281,58,184
422,279,58,184
431,277,58,184
433,277,61,184
435,276,63,184
437,276,66,184
439,275,68,184
445,275,68,184
451,274,68,184
457,273,68,184
464,273,68,184
472,272,68,184
479,272,68,184
486,271,68,184
489,275,68,184
492,278,68,184
494,281,68,184
497,284,68,184
500,288,68,184
502,291,68,184
501,291,68,184
500,291,68,184
499,291,68,184
497,290,68,184
496,290,68,184
495,290,68,184
494,290,68,184
492,290,68,184
491,290,68,184
490,289,68,184
489,289,68,184
488,289,68,184
486,289,68,184
483,288,68,184
479,287,68,184
476,287,68,184
472,286,68,184
469,285,68,184
469,285,72,184
469,285,75,184
469,285,79,184
469,285,83,184
469,285,86,184
469,285,90,184
452,283,87,184
436,281,85,184
419,279,83,184
403,277,80,184
404,278,74,184
405,279,68,184
406,279,62,184
407,280,56,184
408,280,50,184
409,281,43,184
403,281,50,184
397,281,56,184
391,281,62,184
385,281,68,184
441,281,66,184
363,282,82,184
356,288,87,178
350,294,91,171
344,300,96,165
374,291,81,175
404,282,66,184
342,281,61,184
336,278,60,184
329,276,60,184
323,274,59,184
321,274,60,184
319,273,62,184
318,272,63,184
321,275,65,184
324,277,67,184
327,279,69,184
330,279,67,184
333,279,65,184
336,279,62,184
340,279,60,184
343,279,58,184
346,279,56,184
349,279,53,184
353,279,53,184
356,280,53,184
360,280,53,184
363,280,53,184
367,281,53,184
370,281,53,184
374,281,53,184
377,281,57,184
380,281,60,184
383,281,63,184
386,281,67,184
389,281,70,184
394,281,72,184
399,281,74,184
405,281,76,184
410,281,78,184
415,281,80,184
415,282,80,183
415,283,80,182
415,285,80,181
414,286,80,179
414,287,80,178
414,288,80,177
413,289,80,175
413,291,80,174
413,292,80,173
412,293,80,172
412,293,80,172
412,292,80,172
412,292,80,172
412,292,80,172
412,291,80,172
412,291,80,172
412,291,80,172
412,290,80,172
412,290,80,172
413,290,80,172
414,290,80,172
414,290,80,172
415,290,80,172
416,290,80,172
416,290,80,172
417,290,80,172
418,290,80,172
418,290,80,172
419,290,80,172
420,290,80,172
420,290,80,172
421,290,80,172
422,290,80,172
422,290,80,172
423,290,80,172
424,290,80,172
424,290,80,172
425,290,80,172
426,290,80,172
426,290,80,172
431,290,80,172
435,291,80,172
440,291,80,172
444,292,80,172
448,292,80,172
452,292,80,172
456,292,80,172
460,292,80,172
464,292,80,172
469,291,80,175
475,290,80,178
480,288,80,181
486,287,80,184
491,286,80,187
496,286,80,187
501,287,80,187
505,287,80,187
510,287,80,187
514,288,80,187
519,288,80,187
522,289,80,189
525,289,80,190
528,290,80,191
531,291,80,193
534,291,80,194
537,292,80,195
544,293,80,195
551,293,80,195
558,294,80,195
566,295,80,195
573,295,80,195
580,296,80,195
587,297,80,195
593,298,80,195
599,299,80,195
606,300,80,195
612,298,80,197
619,295,80,198
625,293,80,199
631,291,80,200
642,292,80,200
652,292,80,200
662,293,80,200
667,294,80,200
672,294,80,200
678,295,80,200
683,296,80,200
686,296,83,204
690,296,86,207
694,296,89,210
698,296,92,214
701,296,95,217
706,296,97,217
710,297,99,217
714,297,101,217
718,297,103,217
722,298,106,217
730,297,101,217
738,297,96,217
746,296,92,217
751,298,96,217
757,300,100,217
762,302,105,217
768,305,109,217
773,307,113,217
784,306,109,217
794,304,104,217
805,303,99,217
815,302,95,217
818,302,95,217
820,301,95,217
823,301,95,217
826,301,95,217
828,301,95,217
831,301,95,217
834,300,95,217
836,300,95,217
839,300,95,217
841,300,95,217
847,301,90,215
853,303,86,213
859,304,82,210
865,305,77,208
871,307,73,206
871,307,73,206
872,307,72,206
872,307,72,206
872,307,72,206
872,307,72,206
873,307,71,206
873,307,71,206
875,307,70,206
876,307,69,206
878,307,68,206
880,308,67,206
881,308,66,206
883,308,65,206
885,308,63,206
886,308,62,206
888,309,61,206
890,309,60,206
886,309,61,206
882,309,62,206
879,309,64,206
875,309,65,206
872,309,66,206
868,309,67,206
864,309,68,206
859,308,68,206
855,307,68,206
850,306,68,206
845,306,68,206
841,305,68,206
831,305,68,206
822,305,68,206
812,305,68,206
803,305,68,206
795,304,74,205
787,303,79,205
779,302,85,204
771,302,90,203
764,301,96,202
760,300,88,202
756,300,81,202
752,300,73,202
748,299,66,202
744,299,58,202
731,299,64,202
718,300,70,202
705,300,76,202
693,301,82,202
689,300,76,202
686,300,71,202
683,300,65,202
680,299,60,202
677,299,54,202
673,297,54,202
669,296,54,202
665,294,54,202
661,293,54,202
653,294,56,202
645,295,57,202
637,296,59,202
629,297,60,202
621,297,60,202
612,297,60,202
603,297,60,202
595,297,60,202
586,297,60,202
584,294,64,202
581,294,64,202
577,293,64,202
574,293,64,202
569,293,64,202
564,293,64,202
559,293,64,202
554,293,64,202
550,293,64,202
546,294,64,200
542,295,64,198
539,295,64,195
535,296,64,193
531,297,64,191
528,298,64,188
527,297,64,188
526,296,64,188
525,295,64,188
524,294,64,188
523,293,64,188
523,293,65,188
523,293,67,188
524,293,68,188
524,293,69,188
524,293,71,188
524,294,72,188
524,294,73,188
525,294,75,188
525,294,76,188
534,294,72,188
543,295,69,188
552,295,66,188
560,296,62,188
569,296,59,188
578,297,55,188
579,297,64,188
581,297,73,188
582,297,81,188
583,297,90,188
585,297,99,188
586,297,108,188
598,297,97,188
609,297,87,188
621,297,77,188
633,297,66,188
644,297,56,188
653,296,56,188
662,296,56,188
670,295,56,188
679,295,56,188
688,294,56,188
687,296,65,188
686,297,74,187
685,299,82,187
684,301,91,186
684,303,100,185
695,303,89,185
705,303,78,185
716,303,67,185
727,303,56,185
733,303,56,185
739,302,56,185
745,302,56,185
751,302,56,185
751,303,73,185
751,304,90,185
751,306,108,185
754,307,108,185
757,308,108,185
760,309,108,185
763,310,108,185
770,310,101,185
778,310,94,185
785,310,87,185
793,310,80,185
800,310,73,185
808,310,66,185
811,310,66,185
813,310,66,185
816,310,66,185
819,310,66,185
822,310,66,185
823,310,65,185
823,310,64,185
824,310,64,185
825,310,63,185
826,310,62,185
827,310,61,185
828,310,60,185
826,310,60,185
825,310,60,185
823,310,60,185
822,310,60,185
821,310,60,185
819,310,60,185
818,310,60,185
816,310,60,185
815,310,60,185
814,310,60,185
812,310,60,185
811,310,60,185
809,310,60,185
808,310,60,185
805,310,60,185
802,310,60,185
800,310,60,185
797,310,60,185
794,310,60,185
791,310,60,185
788,310,60,185
783,310,62,185
778,311,64,185
773,312,65,185
769,313,67,185
764,313,69,185
759,314,71,185
754,315,72,185
749,316,74,185
746,317,74,181
744,318,74,177
742,320,74,173
740,321,74,168
737,322,74,164
735,324,74,160
732,324,72,160
729,324,71,160
726,324,69,160
722,324,68,160
719,324,66,160
716,323,64,160
712,323,62,160
709,322,60,160
705,322,58,160
701,322,56,160
696,322,56,160
690,322,56,160
685,322,56,160
679,322,56,160
674,322,56,160
668,322,56,160
662,323,56,160
656,324,56,160
650,325,56,160
644,325,56,160
638,325,56,160
631,325,56,160
624,325,56,160
617,325,56,160
611,325,56,160
605,325,56,160
600,324,56,160
594,323,56,160
589,322,56,160
583,322,56,160
578,322,55,160
573,322,54,160
568,322,52,160
563,322,51,160
558,322,50,160
553,322,48,160
545,322,52,160
536,322,56,160
527,322,60,160
519,322,64,160
510,322,68,160
503,321,68,160
495,321,68,160
487,321,68,160
480,320,68,160
472,320,68,160
465,320,68,160
452,320,67,160
440,320,66,160
427,320,65,160
415,320,64,160
402,320,63,160
390,320,62,160
382,320,62,160
375,320,62,160
367,320,62,160
360,320,62,160
352,320,62,160
343,319,62,160
334,318,62,160
324,317,62,160
315,316,62,160
305,315,62,160
296,314,62,160
287,313,62,160
277,312,62,160
271,311,58,160
265,310,54,160
258,309,50,160
252,309,46,160
246,308,42,160
236,308,42,160
226,308,42,160
216,308,42,160
206,308,42,160
202,299,42,160
198,291,42,160
194,282,42,160
195,283,42,160
195,285,42,160
196,286,42,160
196,287,42,160
197,289,42,160
197,290,42,160
198,291,42,160
198,293,42,160
198,294,42,160
198,294,42,160
198,294,42,160
197,294,42,160
197,294,42,160
196,294,42,160
196,294,42,160
195,294,42,160
195,294,42,160
195,294,42,160
194,294,42,160
194,294,42,160
193,294,42,160
193,294,42,160
193,294,42,160
192,294,42,160
192,294,42,160
191,294,42,160
191,294,42,160
190,294,42,160
190,294,42,160
190,294,42,160
190,294,42,162
190,294,42,163
190,294,42,165
190,294,42,167
190,294,42,169
190,294,42,171
190,294,42,173
190,294,42,174
190,294,42,176
190,294,42,178
190,294,42,180
190,294,42,182
190,294,42,183
193,294,42,183
197,294,42,183
201,294,42,183
205,294,42,183
209,294,42,183
213,295,42,183
217,295,42,183
221,295,42,183
225,295,42,183
225,295,42,183
226,295,42,183
226,295,42,183
227,295,42,183
227,295,42,183
227,295,42,183
228,295,42,183
228,295,42,183
228,295,42,183
229,295,42,183
229,295,42,183
230,295,42,183
230,295,42,183
230,295,42,183
231,295,42,183
231,295,42,183
231,295,42,183
232,295,42,183
232,295,42,183
233,295,42,183
233,295,42,183
233,295,42,183
234,295,42,183
234,295,42,183
234,295,42,183
235,295,42,183
235,295,42,183
236,295,42,183
236,295,42,183
236,295,42,183
237,295,42,183
237,295,42,183
237,295,42,183
238,295,42,183
238,295,42,183
239,295,42,183
239,295,42,183
239,295,42,183
240,295,42,183
240,295,42,183
240,295,42,183
241,295,42,183
246,295,44,183
252,295,45,183
257,296,46,183
263,296,48,183
268,296,49,183
273,296,50,183
279,296,51,183
284,296,53,183
290,297,54,183
295,297,55,183
300,295,55,183
305,293,55,183
311,292,55,183
316,290,55,183
318,288,55,183
320,287,55,183
322,285,55,183
324,284,55,183
326,282,55,183
329,281,55,183
332,279,55,183
335,278,55,183
337,277,55,183
340,276,55,183
343,274,55,183
345,274,59,183
347,274,64,183
348,274,68,183
350,273,72,183
351,273,76,183
357,274,75,183
363,276,75,183
368,277,74,183
374,278,74,183
380,279,73,183
392,279,65,183
404,278,57,183
415,278,48,183
422,279,48,183
428,281,48,183
434,282,48,183
440,283,48,183
443,283,48,183
446,283,48,183
448,283,48,183
451,283,48,183
454,283,48,183
457,283,46,183
459,283,44,183
462,283,42,183
465,283,40,183
467,283,38,183
470,283,36,183
473,283,34,183
469,283,37,183
465,283,41,183
462,283,44,183
458,283,48,183
455,283,52,183
451,283,55,183
448,285,55,182
446,287,55,181
443,289,55,180
441,291,55,180
438,293,55,179
437,292,56,179
437,292,57,179
436,291,57,179
435,291,58,179
434,290,59,179
433,290,59,179
433,289,60,179
432,289,60,179
431,288,61,179
429,289,61,177
427,291,61,176
424,292,61,175
422,293,61,173
420,294,61,172
418,296,61,171
415,297,61,170
415,297,59,170
414,297,58,170
413,296,56,170
413,296,54,170
412,296,52,170
411,296,50,170
410,296,49,170
410,295,47,170
409,295,45,170
408,295,43,170
408,295,41,170
404,295,41,170
400,295,41,170
396,295,41,170
392,295,41,170
383,295,49,170
374,295,56,170
365,295,64,170
356,295,71,170
347,295,79,170
346,295,75,170
344,295,72,170
343,295,68,170
341,295,65,170
339,295,61,170
337,295,61,170
336,294,61,170
334,294,61,170
332,294,61,170
330,294,61,170
328,294,61,170
326,293,61,170
324,293,61,170
322,293,61,170
321,293,57,170
321,293,53,170
320,294,49,170
319,294,45,170
319,294,41,170
316,293,41,171
313,292,41,173
310,291,41,175
307,290,41,177
304,289,41,179
303,289,41,179
303,289,41,179
302,289,41,179
302,288,41,179
301,288,41,179
301,288,41,179
301,288,41,179
300,288,41,179
300,288,41,179
299,288,41,179
299,287,41,179
298,287,41,179
298,287,41,179
297,287,41,179
293,287,46,179
288,287,50,179
283,287,55,179
279,287,60,179
274,287,64,179
273,287,64,178
272,286,64,177
271,286,64,177
270,285,64,176
268,285,64,175
267,285,64,175
266,284,64,174
265,284,64,173
264,284,64,173
262,283,64,172
261,283,64,171
260,282,64,171
259,282,64,170
257,282,64,169
256,281,64,169
255,281,64,168
254,281,64,167
253,280,64,167
254,271,64,178
255,262,64,189
256,252,64,200
257,243,64,211
258,234,64,222
258,231,64,222
258,229,64,222
258,227,64,222
258,224,64,222
258,222,64,222
258,219,64,222
258,216,64,222
258,214,64,222
258,211,64,222
257,217,64,222
257,223,64,222
257,229,64,222
257,235,64,222
257,241,64,222
257,255,64,208
257,269,64,194
257,283,64,180
256,282,64,181
255,280,64,183
254,278,64,184
253,277,64,186
252,275,64,187
252,274,64,189
251,272,64,190
247,274,64,190
243,275,64,190
239,277,64,190
236,279,64,190
232,280,64,190
232,278,64,190
232,277,64,190
232,275,64,190
232,273,64,190
232,271,64,190
233,274,65,188
235,276,66,186
236,278,68,183
237,280,69,181
239,283,70,179
240,285,71,177
245,283,71,179
250,281,71,180
255,279,71,182
260,277,71,184
267,276,68,184
275,276,65,184
283,275,62,184
290,274,58,184
298,273,55,184
306,275,55,184
315,277,55,184
323,278,55,184
332,280,55,184
336,280,64,184
340,279,73,184
344,279,83,184
348,278,92,184
357,278,88,184
365,279,84,184
374,279,80,184
383,279,77,184
391,280,73,184
400,280,69,184
409,280,67,184
418,279,64,184
427,279,62,184
436,279,60,184
446,278,58,184
455,278,55,184
476,284,52,180
496,290,49,175
