743,351,44,121
741,349,42,119
743,351,44,120
743,352,44,120
745,347,44,128
741,345,49,132
743,343,52,135
741,342,55,134
745,344,52,129
741,344,57,129
741,346,55,130
738,348,60,127
733,348,63,127
732,348,65,128
730,346,65,126
725,346,63,128
724,347,70,128
719,345,68,130
719,343,65,130
717,344,66,129
712,342,66,132
709,343,68,137
711,345,65,134
704,343,70,133
706,342,66,137
703,345,65,131
701,343,62,130
695,343,66,130
695,342,65,133
696,341,63,137
699,340,58,137
698,340,58,135
691,340,63,134
691,338,60,138
688,337,66,135
691,338,62,138
686,338,65,136
685,338,63,136
682,340,68,135
682,341,66,137
682,339,63,135
686,338,62,140
685,338,63,140
685,334,63,143
686,334,66,145
683,331,71,145
693,331,63,141
695,327,65,147
696,328,62,146
690,328,73,146
691,330,68,146
693,330,66,146
696,331,62,143
695,334,60,142
685,332,71,145
686,334,68,142
680,335,76,143
685,336,66,145
683,335,68,143
683,335,66,143
680,335,68,148
673,337,73,143
673,338,70,151
667,339,73,144
665,338,73,147
661,343,76,146
656,345,76,144
648,349,79,142
643,348,73,146
639,350,78,150
638,346,66,154
627,347,73,150
622,345,73,151
617,345,71,152
610,345,73,150
614,341,62,153
614,342,65,155
610,343,66,149
604,344,71,152
604,346,73,153
609,348,66,148
604,350,70,150
599,348,68,155
594,352,74,151
594,350,74,152
589,347,74,153
588,345,70,156
589,345,76,158
589,342,76,156
591,341,70,158
593,339,71,155
597,337,70,158
597,338,70,153
601,334,71,158
593,333,71,158
593,335,73,162
591,336,74,161
593,334,87,160
596,335,89,162
596,335,89,161
599,332,89,161
605,331,81,159
609,327,78,161
609,326,73,165
607,325,76,164
604,317,71,171
605,320,68,169
605,318,70,169
607,315,65,166
607,317,71,168
601,318,70,166
601,318,74,166
597,320,70,165
596,321,66,166
594,322,68,165
596,321,58,163
597,322,55,164
599,322,53,166
568,319,78,158
576,321,68,167
583,320,53,168
576,322,62,166
557,322,71,167
533,322,86,167
539,319,74,168
521,325,89,163
541,324,66,162
518,322,86,172
518,321,87,168
520,316,78,166
508,320,81,171
516,320,76,167
505,322,83,171
500,318,76,173
502,315,74,176
502,317,70,170
497,317,57,175
487,319,65,175
469,320,76,175
465,318,79,178
471,317,70,177
461,319,79,175
461,317,71,178
465,315,63,180
465,313,66,182
461,310,62,187
444,310,84,184
447,314,76,184
442,313,78,184
442,310,79,184
432,309,79,187
419,310,94,188
410,314,105,179
401,314,113,182
403,313,105,184
400,311,104,186
416,314,87,184
401,309,100,190
411,312,92,187
406,310,87,186
408,309,83,187
406,304,78,194
403,308,87,193
405,307,83,192
403,307,83,191
395,306,87,189
403,303,78,194
401,309,81,191
398,307,86,195
395,309,83,193
390,310,86,196
389,309,91,197
390,306,87,197
387,310,86,198
390,311,81,196
385,311,86,198
385,311,87,198
385,311,83,198
372,313,100,202
369,308,99,200
384,313,83,199
374,313,91,199
359,312,107,199
363,311,104,198
366,312,91,200
363,308,91,202
355,309,96,204
356,310,86,200
356,308,81,197
355,309,73,196
351,304,84,184
345,305,79,184
350,308,63,180
345,308,71,178
343,309,65,184
342,308,65,184
348,310,63,177
345,312,60,160
335,317,71,182
342,324,57,168
322,310,60,166
299,313,73,180
296,312,63,166
272,302,62,158
282,310,60,159
254,307,50,156
240,308,55,164
246,302,58,149
241,297,60,163
225,306,53,163
222,302,63,178
215,300,60,183
180,310,65,159
186,298,58,161
199,297,58,172
189,311,53,164
185,311,63,163
178,302,62,176
222,289,63,173
128,312,62,185
136,307,81,184
138,298,65,171
178,311,68,164
165,308,68,159
157,310,53,152
147,304,57,151
170,301,62,156
154,306,58,151
142,294,70,168
152,299,74,182
151,292,70,173
172,302,49,160
157,299,62,163
151,312,63,152
159,308,63,157
155,308,68,160
157,298,58,156
157,307,55,151
152,305,57,144
155,303,50,144
167,308,78,182
159,304,76,175
151,313,65,148
139,294,63,180
141,303,70,173
141,297,60,175
144,307,62,162
117,310,62,189
144,300,89,192
142,301,76,181
138,312,58,163
147,298,81,186
142,295,86,199
154,293,60,198
157,309,63,184
164,301,68,192
160,305,66,180
154,301,60,206
152,297,53,228
131,286,94,258
133,293,94,266
120,293,105,271
126,282,100,282
125,253,117,316
121,253,91,320
115,250,125,319
115,237,108,329
100,242,117,334
94,256,107,313
86,265,133,303
86,243,123,330
84,246,123,328
79,241,123,334
63,246,131,329
70,242,138,331
57,245,155,331
47,239,167,332
47,238,162,335
37,235,160,341
29,233,170,339
26,229,172,344
19,225,178,351
21,224,164,350
6,225,176,351
5,226,165,348
2,228,168,348
6,230,157,346
0,226,165,350
0,229,155,347
2,226,142,350
0,226,146,350
0,223,133,353
0,220,130,356
0,215,128,361
0,210,118,364
