212,165,26,45
214,165,25,45
215,166,24,45
216,166,23,45
217,166,22,45
216,167,23,45
215,167,24,45
214,168,26,45
215,168,24,45
217,169,23,45
218,170,22,45
219,171,20,45
220,172,19,45
221,171,18,45
219,171,20,45
218,171,21,45
216,171,23,45
218,171,22,45
220,172,21,45
221,172,20,45
223,172,19,45
222,172,20,45
222,172,20,45
221,172,21,45
220,172,22,45
220,172,23,45
221,173,22,45
222,174,21,45
224,175,20,45
225,176,19,45
225,176,20,45
224,176,21,45
224,176,22,45
223,176,23,45
222,176,23,45
224,176,22,45
225,176,21,45
226,176,20,45
227,176,19,45
227,176,20,46
227,176,20,47
227,175,21,47
227,175,22,48
227,176,21,48
228,176,20,47
229,176,20,47
230,176,19,47
229,176,20,47
228,177,22,47
227,177,23,47
226,177,24,47
227,177,23,47
228,178,22,47
230,178,20,47
231,178,19,47
230,178,20,48
229,178,21,49
227,178,23,49
226,178,24,50
228,178,22,50
230,179,20,50
233,179,19,50
235,179,17,50
233,180,19,50
232,180,21,50
230,180,22,50
228,180,24,50
227,180,26,50
228,180,24,50
230,181,22,50
232,182,21,50
234,182,19,50
236,183,18,50
235,183,19,50
233,183,21,50
231,183,22,50
230,183,24,50
231,183,23,50
232,184,22,50
234,185,20,50
235,185,19,50
234,186,21,50
233,186,22,50
231,186,24,50
230,187,25,50
231,187,24,51
233,187,23,52
234,186,22,52
235,186,21,53
234,187,22,53
232,187,24,53
231,188,25,53
229,188,27,53
231,189,25,53
232,189,24,53
233,190,23,53
235,190,21,53
233,190,23,53
232,191,25,53
230,191,26,53
228,191,28,53
230,191,26,53
232,192,25,53
233,192,23,53
235,193,22,53
233,193,23,54
231,193,25,54
230,193,26,55
228,193,28,56
226,193,29,57
228,193,27,57
230,193,25,57
233,193,22,57
235,193,20,57
232,193,23,57
230,193,26,57
227,193,28,57
224,193,31,57
227,194,28,57
229,196,25,57
232,197,22,57
229,197,24,57
226,197,26,57
224,198,28,57
221,198,29,57
218,198,31,57
220,199,29,57
223,199,27,57
225,200,25,57
227,201,23,57
224,201,25,57
221,201,28,58
218,201,31,59
216,201,34,59
216,201,33,59
218,201,31,59
220,202,29,59
222,202,26,59
224,202,24,59
221,202,27,59
219,203,29,59
216,203,31,59
214,203,33,59
211,204,35,59
213,204,33,61
215,204,30,62
217,205,28,64
218,205,25,65
216,205,27,65
214,205,29,65
211,206,31,65
209,206,32,65
211,207,30,65
212,208,29,65
214,209,27,65
216,209,25,65
213,210,27,65
210,210,29,65
207,210,30,65
204,210,32,65
205,211,31,65
206,212,29,65
207,213,27,65
209,214,25,65
205,214,28,65
202,214,31,65
198,214,33,65
195,214,36,65
196,214,32,66
198,214,29,67
199,214,25,68
196,214,27,68
193,215,30,68
190,216,32,68
187,217,35,68
183,218,38,68
183,218,36,68
183,218,34,68
183,218,33,68
184,218,31,68
181,220,30,66
179,220,33,67
176,220,36,68
173,220,39,68
172,220,39,69
174,220,35,70
176,220,32,71
177,221,28,71
174,222,32,72
171,221,34,70
169,221,36,73
167,224,37,73
167,226,40,71
168,226,38,72
170,227,36,71
171,227,31,73
172,228,29,72
169,228,33,72
166,229,36,72
162,231,39,72
159,232,41,72
161,231,36,74
163,226,31,79
165,230,31,76
168,233,28,73
168,234,28,72
164,234,27,72
158,234,32,72
152,236,41,72
151,238,44,72
152,239,40,72
153,240,36,72
154,241,32,72
155,242,30,72
155,243,27,72
153,239,27,72
143,239,38,72
141,239,41,72
140,239,39,72
141,240,37,72
141,240,35,72
142,240,33,71
142,240,31,71
136,240,34,71
133,240,37,71
130,240,40,71
130,241,40,71
131,242,38,71
131,243,36,71
132,244,35,71
135,244,32,71
131,244,33,72
125,245,37,73
118,246,41,74
119,246,39,74
120,246,38,74
120,247,36,74
121,248,33,74
122,249,31,74
117,250,33,74
113,250,36,74
109,251,39,74
105,253,41,74
106,253,39,74
107,254,36,74
108,254,33,74
105,255,34,74
101,255,36,74
97,255,37,74
93,258,42,74
89,260,46,74
88,262,49,74
90,263,45,74
92,263,41,74
94,263,36,74
91,263,35,74
86,263,37,74
80,265,42,74
77,265,45,74
73,266,48,74
75,267,45,75
77,267,41,76
78,267,38,78
77,269,39,79
75,271,39,81
68,272,40,81
62,273,49,81
59,274,52,81
59,276,48,83
59,277,44,86
59,278,44,85
60,279,41,91
57,282,39,88
50,280,42,88
43,283,48,88
39,283,57,92
40,285,52,94
41,287,47,96
43,288,46,98
45,290,42,99
44,291,41,100
38,290,44,101
32,290,50,102
26,290,56,103
23,293,55,103
25,293,52,103
27,293,48,103
30,297,45,103
30,299,42,103
24,299,46,103
19,300,50,103
13,300,53,108
14,301,52,108
15,302,50,108
16,303,48,108
19,304,45,108
20,309,44,105
21,309,43,106
17,311,45,108
12,311,50,108
15,312,55,108
35,316,58,105
72,318,58,105
111,317,53,105
142,318,53,107
176,317,52,111
212,315,47,110
207,316,49,110
203,316,56,113
200,318,57,113
197,319,62,113
200,319,58,115
201,321,56,115
202,323,53,115
203,323,50,116
204,323,46,117
192,326,58,117
187,329,63,117
189,330,60,117
190,330,59,116
192,333,57,120
197,333,48,123
195,334,49,123
191,334,50,123
181,323,59,123
180,284,59,123
178,248,59,123
181,251,55,125
183,254,51,126
186,256,46,128
182,256,47,128
178,256,51,128
165,258,62,128
165,261,59,132
165,262,62,125
164,263,58,129
163,264,55,134
161,266,55,134
158,268,55,134
154,271,60,131
150,274,58,136
147,274,56,139
144,274,56,139
140,275,56,139
135,279,56,139
130,283,56,139
122,282,57,138
115,282,58,138
109,286,60,140
103,291,63,143
99,293,63,143
106,288,63,143
134,293,55,143
159,294,62,143
191,297,62,143
214,298,60,142
251,298,65,152
240,300,68,152
232,303,68,150
228,305,63,150
221,302,58,150
211,308,65,153
206,311,65,153
196,312,67,152
185,313,64,151
174,318,69,153
164,323,79,149
159,322,72,150
152,322,60,150
149,328,60,145
145,331,60,144
121,331,69,144
114,331,65,144
87,288,92,156
81,247,93,166
82,194,77,164
82,196,72,170
79,206,71,165
76,205,71,172
70,205,65,171
70,205,80,171
86,210,93,172
114,212,96,181
137,211,96,181
169,211,84,175
202,218,75,173
233,215,73,187
230,221,75,173
220,224,86,175
209,228,96,177
207,231,99,180
213,232,94,185
220,233,90,182
226,234,86,180
230,243,83,174
234,245,81,181
238,247,78,189
238,252,78,189
238,258,78,189
238,258,82,201
238,214,85,198
229,173,94,198
225,137,100,203
231,88,88,203
228,77,88,203
220,77,96,210
206,83,110,214
210,89,105,219
211,93,103,219
212,98,102,219
212,102,100,219
210,106,99,221
208,110,97,223
196,114,107,219
183,119,117,231
174,128,122,230
178,132,128,230
219,134,113,230
262,144,102,237
298,149,104,246
314,154,101,240
330,158,111,237
346,163,123,251
359,174,133,250
388,177,137,254
388,180,123,249
386,186,117,258
383,196,105,261
378,201,104,261
350,208,124,260
322,215,145,258
310,224,147,250
298,233,150,241
298,233,141,241
297,243,128,232
297,252,115,222
310,260,109,214
321,264,113,208
