696,208,181,130
691,208,180,127
685,209,181,129
682,210,180,130
677,210,178,128
673,210,178,128
670,210,176,127
669,210,176,128
669,209,173,129
669,208,172,130
665,208,172,129
665,208,172,128
665,207,168,130
665,205,168,130
665,205,168,130
665,205,172,131
665,207,170,130
664,205,176,135
652,208,175,136
648,206,155,139
648,206,155,139
648,206,155,139
648,206,155,139
648,206,155,139
648,206,155,139
648,206,155,139
648,206,155,139
648,206,155,139
648,206,155,139
648,206,155,139
648,206,155,139
648,206,155,139
648,206,155,139
618,209,172,135
612,212,180,130
620,206,167,138
615,207,168,136
610,207,170,135
607,207,172,136
602,209,172,133
599,210,172,133
596,209,173,134
588,210,175,136
581,209,176,138
576,211,175,137
571,211,176,137
563,213,178,137
555,214,176,138
549,217,180,136
541,218,181,135
533,219,180,133
528,220,180,134
521,220,175,134
516,221,173,134
512,222,168,129
512,222,170,130
510,222,167,134
508,222,167,132
507,222,167,131
507,222,168,133
510,222,165,129
507,223,167,131
507,224,168,127
505,226,168,129
503,226,165,128
495,226,170,133
491,227,173,134
487,233,160,135
491,235,178,127
486,235,172,127
478,234,181,130
474,235,183,131
461,235,181,133
461,235,183,137
453,237,181,130
447,244,183,126
435,244,181,127
427,247,181,124
419,243,181,129
406,241,183,134
385,237,180,134
377,234,186,137
358,231,193,137
348,226,193,145
332,222,202,151
321,218,206,165
304,219,210,169
295,213,206,182
274,214,212,179
272,211,207,188
251,214,217,190
241,211,215,193
230,204,199,196
230,201,194,191
219,198,198,199
220,199,189,197
212,197,189,196
210,198,185,192
202,197,186,198
198,199,189,204
189,198,185,195
188,199,181,202
176,199,186,199
165,200,193,200
155,199,189,202
154,201,183,201
139,203,189,200
133,200,198,197
121,203,194,193
118,201,189,203
110,203,193,197
104,201,198,198
96,203,214,209
91,202,196,204
81,200,199,209
84,203,193,203
71,202,201,201
78,201,194,207
74,203,193,200
78,203,191,207
76,201,191,205
76,204,193,205
81,202,204,207
79,205,204,202
78,207,207,203
79,211,209,199
73,211,219,200
71,213,217,193
70,217,210,194
73,218,209,190
76,218,204,189
73,213,206,193
76,213,199,196
70,214,202,193
74,214,198,194
73,215,201,191
66,211,204,203
66,211,204,199
66,210,201,205
71,209,194,201
81,206,189,205
81,209,188,202
83,206,186,207
84,207,181,202
123,196,147,211
118,198,152,204
123,196,151,205
130,194,142,203
128,192,152,214
131,190,151,212
131,189,157,208
136,189,149,209
141,188,157,209
142,191,160,208
152,189,152,209
155,192,151,205
159,191,152,208
170,190,147,203
180,191,144,205
185,190,147,206
188,193,154,198
194,191,155,205
217,192,147,200
214,193,151,203
223,192,146,204
230,191,149,194
236,188,141,192
243,187,141,197
251,188,136,192
251,184,146,199
256,184,136,198
261,182,138,200
265,182,134,200
269,184,136,197
278,182,141,204
283,184,131,195
290,181,134,204
299,182,125,195
304,180,121,193
311,181,120,197
319,178,115,203
324,180,115,196
333,177,112,202
337,174,105,201
340,174,104,199
348,175,94,188
356,174,91,196
356,175,107,195
358,174,104,177
372,174,108,177
377,174,113,176
384,173,115,179
393,174,118,182
392,173,123,176
408,175,118,174
418,172,110,176
423,173,105,174
432,171,104,179
447,170,107,178
453,169,87,179
453,166,94,179
455,167,96,175
469,165,86,174
478,166,99,177
489,166,92,178
492,168,94,179
492,167,117,174
505,170,100,170
508,170,107,174
510,166,115,182
518,163,112,177
526,167,110,177
537,166,107,177
537,164,121,174
547,161,126,178
550,162,138,179
559,161,144,178
559,165,154,170
562,162,168,174
560,161,173,179
570,162,175,180
573,163,175,178
583,160,170,180
588,159,173,187
596,159,170,189
602,160,167,185
609,159,155,186
612,156,147,187
618,155,139,182
623,155,123,187
631,151,128,191
639,152,126,189
639,150,138,191
654,152,136,191
662,151,136,194
673,149,139,195
673,149,142,196
685,146,147,201
695,147,138,198
701,145,125,202
706,145,126,194
707,142,146,204
719,144,152,208
716,147,164,208
724,147,167,210
719,146,193,206
717,148,196,202
720,148,206,205
720,144,198,207
727,146,191,209
725,144,191,214
719,143,176,208
704,145,185,203
707,145,165,202
703,147,175,215
698,154,160,213
695,163,152,207
675,167,154,212
656,167,157,213
648,169,152,217
625,168,164,224
610,171,167,223
602,170,162,219
586,169,162,222
580,166,155,224
575,165,147,228
571,163,144,226
567,163,141,226
563,162,149,223
559,166,149,230
555,168,151,234
555,178,155,229
546,185,157,226
549,186,141,229
544,187,146,227
544,183,141,250
549,176,136,253
546,170,139,258
557,168,131,274
571,167,144,271
596,172,154,266
618,179,152,267
636,187,149,266
646,194,175,263
652,200,188,265
667,203,193,268
677,205,198,275
688,205,198,265
701,204,188,278
709,200,209,279
707,194,212,281
711,191,230,286
719,188,214,263
722,185,209,276
716,187,222,270
698,188,222,278
698,187,214,275
690,189,202,261
688,189,215,274
683,195,210,274
675,199,212,267
669,203,209,265
665,206,194,263
651,207,199,266
638,211,201,263
630,208,191,257
614,204,186,268
602,205,185,265
586,202,185,256
578,199,176,261
562,200,180,248
546,197,183,260
529,201,180,260
510,200,186,252
492,199,194,261
479,201,207,249
463,205,215,249
453,210,222,241
437,209,236,252
431,210,243,252
410,206,261,255
411,209,243,254
397,207,246,254
390,207,244,262
385,207,235,256
382,208,210,257
384,211,194,254
380,213,186,253
382,211,180,253
384,211,175,253
387,211,175,249
389,212,170,247
390,211,172,248
397,206,167,257
397,206,167,254
408,204,160,256
411,201,164,258
418,204,160,253
418,201,162,259
421,201,168,258
429,203,167,252
432,204,173,247
442,203,164,251
440,205,172,245
457,203,168,246
460,201,178,244
471,198,157,245
481,195,152,246
481,195,155,242
495,195,147,242
503,193,141,246
512,192,133,241
512,194,128,240
521,192,123,239
518,193,136,236
529,191,133,239
537,191,128,238
541,191,136,234
549,189,131,240
560,185,120,238
565,182,130,236
576,180,138,238
589,177,139,235
604,175,131,234
614,175,133,238
627,173,126,235
633,175,131,235
635,178,141,233
648,181,144,227
657,183,123,226
662,184,138,222
677,185,126,232
677,184,120,236
682,183,125,235
685,184,120,236
680,187,130,231
672,188,139,222
677,189,120,227
675,190,107,230
665,189,108,224
662,193,113,222
648,199,110,222
641,202,134,226
639,202,138,224
628,201,155,163
620,211,112,140
609,223,108,139
601,231,102,125
581,225,102,129
571,231,97,123
557,235,104,120
541,244,92,113
523,246,94,110
518,249,99,103
520,212,91,140
502,226,99,133
512,237,99,115
515,236,89,110
512,223,86,117
515,218,84,126
521,222,81,128
523,224,83,130
521,227,81,130
525,232,84,126
531,231,84,120
528,227,84,126
537,227,84,127
539,229,84,123
546,228,84,128
549,231,76,124
552,229,84,122
554,233,81,121
563,234,79,119
552,235,104,147
565,236,102,149
578,240,92,147
576,244,99,141
578,243,112,140
593,244,97,147
602,246,92,149
607,250,86,140
618,247,83,150
620,248,83,153
623,248,94,153
628,248,91,151
635,249,84,153
643,247,86,149
652,243,78,160
664,243,74,154
673,246,76,154
680,244,62,154
690,246,63,158
