417,270,85,211
406,264,89,217
395,249,94,232
377,243,104,237
365,238,104,233
344,230,111,229
329,227,116,225
313,219,119,225
292,214,130,223
276,209,135,220
258,207,140,219
242,201,137,214
221,196,145,214
205,194,146,213
196,192,142,209
193,187,134,211
207,183,130,210
226,178,135,209
249,179,136,202
254,173,133,202
249,172,128,204
244,171,128,200
238,167,120,201
229,163,119,199
226,161,109,197
216,159,113,199
206,157,111,196
223,155,107,197
252,151,107,194
272,150,101,191
308,144,95,192
342,139,87,193
368,135,77,193
402,136,82,187
439,125,74,194
472,126,74,191
501,120,73,188
530,118,72,183
531,113,71,183
528,108,71,184
524,103,74,181
544,98,72,182
574,96,57,174
605,96,26,163
600,206,0,0
580,225,0,0
575,225,0,0
580,225,0,0
581,219,0,0
584,216,0,0
570,214,0,0
580,231,0,0
584,216,0,0
585,222,0,0
590,219,0,0
577,215,0,0
577,210,0,0
587,218,0,0
553,239,0,0
588,225,0,0
504,198,0,0
545,207,0,0
554,225,1,0
554,248,1,0
537,242,1,0
542,256,1,0
575,256,0,0
551,236,0,0
549,256,0,1
549,272,2,0
543,261,0,1
555,4,62,136
519,3,63,130
486,0,59,127
453,0,49,124
413,1,53,122
414,0,51,123
412,0,52,121
410,0,49,116
405,0,49,114
402,0,47,109
396,1,48,107
394,1,46,103
391,0,47,99
391,1,43,105
384,0,46,94
382,0,44,95
376,3,48,82
370,0,48,83
368,0,45,93
362,10,50,114
362,52,44,118
358,95,44,114
356,140,40,110
349,179,45,117
346,205,46,107
341,204,47,103
330,203,49,102
323,200,49,103
319,199,46,102
311,196,48,102
305,193,44,101
303,194,45,100
297,192,47,99
295,192,43,97
288,189,44,103
283,188,43,99
277,188,43,98
273,185,41,95
270,183,40,96
268,184,38,90
261,183,41,94
260,182,38,93
253,181,41,90
246,178,44,93
243,178,41,92
237,179,40,90
233,177,41,91
227,175,43,89
227,172,35,89
219,173,38,89
216,169,36,92
211,171,39,87
202,172,44,84
199,172,40,84
197,167,38,89
189,168,45,84
188,165,37,86
186,167,35,86
179,164,37,86
176,163,36,85
170,161,43,91
166,161,38,91
165,160,37,90
163,160,35,90
161,156,34,92
157,157,34,82
155,155,33,85
150,154,39,81
151,154,34,82
147,152,34,77
145,151,39,80
143,151,34,78
139,150,36,82
137,149,33,82
136,146,35,81
135,147,32,78
131,144,36,81
131,145,34,80
128,144,35,77
126,142,35,79
128,141,31,78
127,141,31,78
127,140,32,79
127,139,32,77
127,139,34,78
124,138,31,79
124,137,32,76
124,136,30,77
124,135,34,78
123,135,33,80
127,134,29,80
126,130,31,80
126,131,32,82
126,129,32,85
126,129,31,80
124,127,34,76
127,125,34,79
128,127,32,73
129,125,31,71
129,126,32,71
128,124,34,77
131,123,30,74
130,124,32,72
130,124,33,71
131,121,29,75
131,122,29,75
131,120,29,74
132,119,29,68
133,119,30,71
134,120,28,74
133,114,32,82
138,116,27,77
138,116,27,71
138,116,30,73
140,115,29,70
140,113,31,68
142,114,30,70
143,114,29,68
145,114,31,66
147,114,29,61
147,110,26,62
146,112,30,65
151,109,24,62
151,110,29,61
152,108,29,66
154,108,31,68
154,108,31,71
156,107,29,71
159,107,27,71
160,108,27,63
159,105,30,61
163,105,29,61
161,104,31,60
164,106,30,63
164,104,29,67
165,104,29,56
165,104,30,56
167,103,26,54
167,103,28,52
167,103,29,56
165,102,29,54
165,100,28,59
166,100,26,56
168,100,24,53
166,99,28,50
168,98,26,50
170,98,24,55
170,98,24,57
170,98,29,52
170,97,29,61
171,97,28,53
172,96,28,56
175,95,23,56
172,93,26,63
175,94,28,59
175,93,24,56
175,94,27,58
176,93,26,59
177,92,27,61
177,93,24,45
177,92,24,47
173,91,29,56
177,92,27,54
176,90,24,57
176,89,23,50
176,88,28,50
177,89,24,55
177,87,23,52
176,89,26,51
178,87,23,56
176,86,27,57
177,88,24,51
178,86,22,54
