390,296,49,112
395,300,47,111
401,296,45,109
406,299,45,109
411,300,45,109
416,301,45,107
421,300,45,108
423,299,45,112
419,300,50,112
419,301,55,108
421,300,52,109
418,299,53,113
418,301,62,114
421,301,52,114
424,300,49,115
427,300,52,114
431,303,50,113
434,302,53,113
431,305,60,112
432,314,57,109
431,311,57,111
432,313,58,110
434,315,58,111
437,314,57,111
435,313,58,111
439,313,57,115
437,312,57,115
439,311,57,112
439,314,58,111
439,312,62,108
455,313,45,108
455,315,49,107
460,317,49,105
463,320,49,106
463,320,52,101
461,320,53,103
469,322,52,109
471,324,58,107
478,324,57,107
473,324,57,111
468,326,66,111
482,329,47,109
486,325,47,109
489,325,45,109
491,325,47,110
489,325,45,107
486,328,45,107
489,325,45,109
492,326,45,108
503,324,45,109
494,327,62,108
494,328,58,109
492,330,62,109
500,331,57,111
497,334,60,107
502,331,60,111
507,337,60,109
505,336,60,110
503,335,57,114
499,337,60,113
495,336,62,115
497,341,58,111
497,340,58,112
499,345,60,111
503,344,52,114
507,344,52,113
512,342,50,112
516,348,47,109
520,347,47,108
518,347,49,110
521,347,53,112
526,350,57,110
523,350,60,112
526,351,58,113
529,350,65,113
531,347,65,118
533,351,66,111
536,350,65,112
537,352,65,113
537,352,63,114
541,355,58,111
544,354,58,113
547,354,58,115
552,352,53,115
550,349,60,116
554,346,58,117
550,343,60,120
554,344,60,113
555,340,53,116
552,339,57,117
547,338,70,119
546,339,73,118
547,340,73,116
544,344,78,114
544,343,78,116
544,348,78,112
542,347,79,115
544,346,70,116
544,347,71,113
546,349,66,113
547,348,66,114
549,349,63,113
552,346,62,115
554,347,63,113
555,347,66,111
560,347,60,114
563,346,63,117
563,349,65,115
565,350,66,116
571,351,66,115
580,355,62,116
580,356,60,118
580,357,66,118
580,358,63,117
584,359,63,115
584,359,58,116
581,359,66,116
580,358,63,117
583,359,57,117
580,359,58,118
576,358,60,118
575,361,58,116
570,359,60,117
573,362,52,115
570,363,53,115
568,363,55,114
570,364,55,114
568,365,55,113
568,365,58,113
571,364,58,117
575,366,52,116
573,366,55,115
573,366,53,117
568,366,62,116
570,366,60,118
570,367,62,116
570,367,62,115
570,367,62,117
567,366,65,115
567,368,66,115
567,367,55,118
563,369,55,116
563,368,55,117
557,366,60,119
554,367,60,117
557,368,55,121
550,369,60,121
549,367,62,122
550,368,58,121
546,371,63,116
546,371,62,117
542,369,60,118
539,368,63,119
541,369,63,118
541,370,57,118
539,368,58,122
537,371,58,118
534,372,65,117
534,373,65,116
531,372,63,120
534,373,60,117
534,372,63,119
531,370,68,118
534,371,66,121
536,372,65,120
529,372,66,122
523,374,65,122
521,377,68,120
518,377,65,120
516,378,62,119
516,377,63,121
520,381,62,117
518,380,63,118
516,377,62,119
516,376,63,120
520,375,60,119
518,370,57,118
516,367,50,119
513,364,55,120
512,362,53,116
516,361,49,114
521,350,50,116
529,351,52,111
539,343,52,112
541,338,57,110
536,332,58,108
552,326,55,109
554,322,53,102
562,315,50,101
563,305,53,104
565,303,55,97
570,293,50,92
567,286,53,95
567,283,52,87
571,273,53,87
578,268,57,91
584,256,52,88
594,253,53,90
599,233,58,115
615,233,53,114
627,228,50,114
630,221,52,121
635,221,57,115
639,217,57,115
646,217,58,115
649,218,62,113
656,217,58,117
656,212,63,119
657,212,62,117
657,214,63,117
661,215,65,115
667,214,60,120
657,215,71,118
657,214,73,118
661,213,70,120
659,213,68,121
664,211,68,119
661,208,70,119
664,211,66,114
654,208,76,120
656,208,70,118
661,212,66,117
654,212,71,116
649,213,73,116
643,214,73,116
639,217,71,116
631,223,70,112
623,225,71,114
615,224,68,118
609,226,68,119
594,229,62,111
575,233,62,112
560,229,66,114
559,229,58,116
550,231,63,118
544,231,63,120
533,232,66,116
531,233,65,118
528,233,60,119
525,232,62,122
525,235,57,117
520,237,57,116
520,235,58,119
520,234,57,120
518,237,55,116
515,240,57,111
507,244,58,114
500,242,55,117
495,242,62,117
494,243,63,114
494,244,58,111
491,246,60,111
491,249,60,110
491,250,57,112
491,250,57,114
494,251,52,112
491,252,58,112
489,252,60,107
486,247,60,117
476,248,65,116
471,246,62,119
466,244,62,111
461,239,65,112
458,238,62,109
453,232,60,112
450,233,62,108
437,227,63,113
431,227,66,107
426,223,60,114
411,227,63,108
400,224,62,111
384,217,58,115
367,217,62,109
355,214,60,112
345,214,55,109
330,212,63,115
314,212,62,113
306,210,57,113
301,209,57,112
296,208,55,114
285,207,57,115
283,207,58,112
