89,322,39,107
86,320,41,108
87,320,38,108
84,325,41,104
87,323,38,109
87,325,39,109
90,324,35,110
89,323,36,113
88,325,37,104
87,324,38,110
87,325,37,109
85,325,36,108
83,327,40,109
82,325,37,111
78,325,41,110
73,326,44,112
72,325,46,113
70,327,45,115
71,325,44,112
68,327,51,109
67,325,53,109
67,326,49,110
68,329,49,108
69,328,48,113
72,329,41,113
69,328,47,109
71,328,46,110
71,330,45,109
73,330,44,111
74,330,41,114
74,328,41,114
73,330,45,110
73,328,44,113
72,327,43,115
72,329,40,114
72,331,43,112
72,328,44,114
72,329,45,116
72,330,43,115
72,330,43,116
72,331,40,114
72,330,38,114
73,330,35,112
72,332,38,112
72,330,40,114
71,331,39,114
71,330,39,114
71,330,40,113
71,332,40,112
71,332,41,111
72,333,40,110
71,332,41,112
73,331,39,113
73,332,40,112
74,331,39,116
78,332,35,108
76,333,38,112
74,333,37,111
77,333,36,112
76,333,39,113
74,334,45,112
74,335,43,109
76,333,40,111
73,332,40,113
74,333,39,108
76,333,36,110
74,334,38,111
74,333,39,112
73,333,35,110
72,332,35,112
73,333,34,110
72,334,32,112
73,333,34,112
72,334,32,112
73,331,32,114
76,333,35,115
76,332,34,112
77,332,36,115
76,331,34,114
77,330,37,120
76,330,36,118
72,331,44,112
73,330,38,114
78,330,35,118
73,331,40,114
70,330,40,121
69,331,41,116
68,330,40,118
68,330,41,120
71,330,36,115
72,328,35,118
72,330,37,117
73,328,32,114
67,330,39,119
67,330,38,118
65,329,44,117
69,330,38,116
70,330,38,117
66,330,43,118
64,329,45,118
62,330,47,118
62,328,44,119
59,330,48,123
62,330,45,119
64,333,48,117
65,332,51,116
66,330,53,118
71,329,50,120
71,328,51,119
73,328,48,119
73,326,52,105
71,326,52,107
78,325,41,111
81,325,40,109
83,325,37,112
84,326,38,109
86,326,35,108
87,327,40,107
87,327,44,108
88,326,48,114
94,325,39,108
88,326,43,108
93,327,33,105
95,329,34,109
94,327,32,116
96,328,32,113
94,329,35,117
92,330,34,110
90,330,34,108
90,331,35,113
87,330,36,112
83,330,37,118
79,330,43,115
76,331,44,111
76,331,45,109
76,330,41,111
74,330,44,113
77,331,41,113
78,330,38,114
80,332,38,114
83,332,33,113
85,333,35,121
88,332,30,119
88,334,31,114
86,336,33,113
80,333,41,114
83,331,38,114
82,334,37,116
76,335,44,114
79,336,37,113
77,334,40,113
71,334,46,116
71,334,45,115
71,334,41,113
70,336,39,113
66,336,37,113
67,336,34,112
67,336,33,112
68,338,32,113
68,336,31,115
66,339,33,114
69,337,29,117
65,339,31,115
68,340,28,114
67,341,29,116
67,340,27,114
63,338,31,114
60,338,36,114
57,339,38,114
52,338,39,117
50,339,43,117
50,340,41,116
47,340,46,118
46,340,46,114
43,338,49,119
41,341,50,114
47,340,44,114
45,341,47,118
52,338,41,119
51,338,43,119
51,338,40,114
50,337,40,116
50,338,45,118
45,339,50,117
45,339,51,115
50,339,45,115
49,337,46,121
49,339,44,120
48,339,48,119
40,337,53,120
40,338,54,123
39,338,51,122
38,340,51,125
36,341,48,126
38,340,44,128
35,341,50,119
43,341,40,124
49,343,34,114
46,344,37,115
47,341,36,124
47,344,37,116
37,346,41,119
37,341,44,123
34,342,46,119
34,341,39,124
32,344,44,124
33,346,44,125
35,346,44,124
46,347,37,118
48,348,37,112
52,350,38,114
54,348,40,122
61,349,46,118
64,348,46,116
68,346,54,114
72,345,56,116
78,344,61,119
79,344,53,118
82,345,46,114
81,345,45,118
77,346,50,116
81,346,45,117
84,346,44,119
79,349,48,116
70,348,57,119
67,345,60,125
61,346,66,121
56,350,61,118
53,348,49,121
51,350,49,120
47,352,49,124
39,349,51,124
52,350,46,123
76,346,48,122
100,349,49,122
98,347,48,124
86,349,64,122
84,350,60,119
81,348,55,116
77,349,57,116
72,347,63,123
69,350,49,124
67,352,57,122
63,352,49,122
62,355,43,119
55,354,41,122
50,352,37,123
41,325,44,130
36,287,45,130
34,261,48,127
29,264,51,124
26,264,49,125
19,264,51,130
14,267,51,124
7,269,49,124
3,272,52,123
3,272,45,121
1,271,38,125
0,272,33,123
0,270,35,129
0,274,37,119
0,288,36,117
3,288,39,109
1,275,55,123
24,275,62,121
59,269,56,123
88,267,49,132
115,267,57,122
138,269,52,124
136,272,52,122
137,267,49,128
137,271,48,125
139,267,45,130
134,271,49,124
133,268,49,125
135,268,48,130
131,272,50,132
127,271,51,132
124,272,49,130
121,273,47,130
115,272,52,135
107,276,57,134
107,275,53,129
107,276,49,134
110,278,46,135
107,277,45,132
106,279,41,131
103,278,40,131
100,279,41,130
92,282,46,131
92,281,44,134
85,283,50,137
81,283,52,136
77,283,49,135
67,283,50,138
59,284,55,137
55,286,54,133
54,289,51,132
50,290,56,130
51,290,45,131
48,290,44,130
46,292,39,128
34,290,48,130
28,294,55,123
27,294,56,125
22,294,52,127
15,295,48,124
9,292,45,124
30,295,45,120
57,296,54,118
86,295,56,119
118,294,45,118
116,296,47,118
114,294,46,117
114,299,43,113
112,299,44,114
105,303,44,109
99,300,44,109
94,300,46,112
88,302,45,111
85,303,43,108
78,306,51,108
104,304,56,108
134,305,56,108
156,307,49,108
192,306,44,108
189,305,41,114
183,306,48,121
183,309,43,118
179,309,45,131
176,313,45,131
173,311,39,139
166,312,45,130
160,314,47,130
152,316,49,128
149,317,47,132
144,320,48,130
139,320,46,132
135,320,48,133
132,319,45,138
117,323,55,151
118,327,48,149
113,325,47,153
105,324,48,150
100,326,45,150
96,329,44,151
84,334,48,147
77,336,51,145
70,336,49,144
61,336,50,145
55,335,51,145
46,297,57,157
41,275,62,163
32,275,64,162
30,272,54,162
28,275,50,162
21,274,48,166
21,281,45,156
13,283,52,167
4,284,59,173
28,299,50,148
52,293,47,135
77,281,48,165
82,281,56,165
88,283,51,168
80,285,65,167
77,285,60,167
71,287,54,161
66,293,52,157
61,293,50,161
53,295,54,161
48,298,51,161
59,296,60,152
98,298,49,164
127,299,51,165
148,298,69,170
148,300,62,167
143,299,55,172
140,300,51,173
131,305,53,168
126,311,59,169
118,311,63,170
115,312,53,168
107,315,52,166
103,315,50,166
97,317,56,164
94,317,60,164
87,323,61,158
80,318,62,163
74,320,56,161
69,324,55,157
61,325,56,156
57,332,50,149
47,332,53,149
43,332,48,149
29,330,53,151
19,285,61,184
9,271,67,188
2,272,73,188
0,271,61,188
0,272,52,188
0,277,30,188
0,277,57,188
26,277,62,189
56,281,60,179
79,278,59,190
84,276,52,186
68,275,64,191
44,276,83,189
34,282,90,187
28,278,88,196
27,276,69,193
34,279,55,190
57,279,53,193
69,282,74,190
101,285,69,186
124,287,65,187
153,283,62,188
146,279,60,194
116,283,87,190
112,282,86,191
102,284,98,192
106,284,80,191
99,281,77,199
97,283,49,193
83,288,55,193
60,290,80,191
55,289,78,192
49,292,81,189
41,292,66,189
28,293,56,188
33,291,54,190
37,293,77,188
77,293,56,188
99,290,59,191
132,288,52,193
126,287,52,194
93,290,74,191
87,293,70,188
86,296,64,185
83,294,52,187
79,299,50,182
61,296,53,183
46,295,53,186
30,300,59,181
22,304,51,177
13,298,49,183
21,297,51,183
41,294,51,187
62,297,51,184
82,304,57,177
101,302,61,179
121,304,51,177
148,298,59,182
165,300,51,181
182,303,60,178
204,299,56,182
230,299,54,182
252,298,50,183
276,298,51,182
290,298,56,182
309,299,55,182
331,303,52,177
348,303,45,178
344,302,37,179
325,301,49,179
304,300,51,180
288,306,52,175
280,304,50,177
272,302,46,179
260,299,39,178
247,301,40,177
234,306,46,174
225,306,44,164
212,307,47,169
200,306,50,171
186,307,51,171
177,307,49,170
160,304,55,163
147,309,56,167
134,306,53,170
121,305,48,154
111,304,52,157
133,307,52,153
153,309,54,149
176,312,54,153
196,313,55,154
205,309,70,171
230,306,65,172
247,309,71,172
276,312,62,167
288,311,52,157
306,305,77,176
322,305,57,167
351,307,50,160
368,309,55,156
388,309,54,155
408,307,55,157
428,304,61,175
438,303,66,166
456,301,76,179
483,302,78,178
503,300,72,181
492,299,79,182
485,294,59,187
474,295,60,186
468,295,62,186
461,298,66,182
444,299,74,181
450,300,94,181
479,296,78,178
504,293,66,188
529,296,69,185
538,298,87,183
569,296,57,177
582,293,49,165
577,292,54,166
576,293,55,163
572,296,59,174
568,297,63,184
544,297,85,184
529,298,78,183
517,293,61,187
507,296,60,184
486,296,79,185
476,292,87,189
464,294,87,187
463,288,59,192
446,288,59,193
424,289,77,190
412,293,88,188
401,293,96,186
393,295,92,182
388,293,71,188
377,290,55,190
353,288,74,193
342,289,84,192
332,292,87,188
330,289,73,192
317,286,50,192
305,284,57,195
293,290,68,189
