283,156,57,76
283,156,58,80
283,156,59,85
283,157,59,85
283,159,59,85
283,159,59,85
283,160,59,85
282,160,59,85
282,160,59,85
282,161,59,85
282,161,59,85
282,162,59,85
282,162,59,85
282,162,60,85
282,162,60,85
282,159,61,84
282,157,62,83
282,157,63,84
282,157,63,85
282,158,63,85
282,158,63,85
282,159,63,85
282,159,63,85
282,160,63,85
282,160,63,85
282,162,63,86
282,163,63,86
282,165,63,86
282,166,63,86
282,170,63,86
282,172,63,86
282,174,63,86
285,177,63,86
285,180,62,80
285,180,59,83
286,183,59,82
283,183,62,82
285,185,60,82
285,186,60,82
285,186,60,82
286,193,60,82
286,191,60,82
286,194,63,74
286,194,63,74
286,194,63,74
286,194,63,74
286,193,63,74
286,193,63,74
286,193,63,74
286,193,63,74
286,193,63,74
286,193,63,74
286,194,63,74
286,193,63,74
286,193,63,74
286,192,63,74
286,191,63,74
285,191,63,74
285,186,63,74
285,186,63,74
285,185,63,74
283,183,63,74
283,182,63,74
284,180,62,74
285,179,60,74
285,177,60,74
284,177,61,74
284,177,61,74
284,177,62,75
284,176,62,75
284,176,63,75
283,176,63,75
283,176,64,75
283,176,64,76
283,175,65,76
283,175,65,76
283,175,65,76
282,175,66,76
282,175,66,77
282,175,67,77
282,174,67,77
282,174,68,77
282,171,68,82
282,171,66,88
286,170,63,86
283,168,63,86
280,168,66,86
280,170,66,86
280,170,60,85
281,169,61,86
282,168,62,86
280,168,63,86
277,166,65,93
277,167,64,92
278,167,64,92
278,167,63,92
278,167,63,92
278,167,63,92
279,167,62,92
279,168,62,92
279,168,61,91
280,168,61,91
280,168,60,91
281,169,61,92
282,170,62,93
282,170,63,93
282,170,63,93
282,171,69,94
282,171,69,96
283,171,68,99
283,171,67,98
283,171,66,97
285,170,66,98
286,170,65,99
286,170,65,99
286,170,65,100
286,170,65,100
286,170,65,94
286,170,65,88
287,171,66,87
287,172,67,87
288,173,68,86
291,173,68,88
294,171,64,88
297,170,60,88
302,169,56,89
307,168,53,90
312,167,49,91
317,166,45,92
322,165,42,93
315,170,44,90
320,163,40,90
318,169,49,88
307,168,57,90
300,194,65,65
299,191,60,78
287,184,71,81
288,180,69,91
287,181,69,87
288,181,70,84
283,178,72,90
284,179,70,91
280,175,74,92
279,178,79,91
278,176,78,94
277,173,80,98
276,172,79,99
275,171,75,99
270,168,72,103
268,170,73,100
266,169,82,105
261,168,80,104
253,171,83,106
252,166,79,105
255,168,73,100
249,166,71,105
249,165,66,108
249,166,66,102
252,176,68,102
246,182,69,94
248,183,71,107
252,185,77,108
248,186,83,109
249,186,83,108
248,190,82,105
248,190,82,102
246,191,79,105
246,188,77,105
252,186,76,108
250,185,76,109
249,184,76,111
248,183,76,112
246,181,79,112
244,179,82,112
244,176,84,105
243,173,85,98
247,167,84,106
251,168,80,105
250,164,82,108
252,160,80,107
250,160,82,105
247,162,83,109
249,163,82,107
250,160,81,110
252,162,77,110
252,162,77,117
253,160,81,116
254,157,71,107
253,159,81,106
252,161,82,103
251,161,83,103
250,162,85,104
249,162,86,104
248,162,87,105
248,162,88,105
249,156,94,117
249,156,95,117
249,156,96,117
251,154,99,117
252,156,95,116
253,157,92,114
254,159,88,113
261,165,77,100
272,166,69,89
282,166,60,77
286,180,49,60
288,182,48,56
291,183,46,52
294,180,53,54
297,177,60,56
302,178,62,55
306,179,63,54
302,177,67,57
297,176,71,60
297,176,69,59
292,179,63,59
292,179,45,62
289,177,45,62
288,185,45,56
284,182,49,58
285,182,46,54
286,182,46,54
283,180,46,54
282,183,46,53
282,185,46,52
282,186,45,51
282,186,43,49
282,188,42,48
283,190,42,46
286,190,42,46
289,190,39,48
291,190,36,48
292,190,34,48
292,191,34,48
295,191,32,46
296,191,32,46
297,191,32,45
298,192,32,44
299,192,32,44
300,193,32,43
301,193,32,42
302,196,32,42
295,194,42,43
297,193,39,43
292,190,39,43
292,189,40,48
292,188,42,48
294,188,37,49
293,190,38,46
292,186,41,47
292,188,41,47
293,194,38,44
291,200,39,40
292,201,34,40
292,198,40,42
294,198,34,44
294,201,34,42
292,202,35,41
285,200,30,42
285,196,29,40
286,192,29,41
281,187,34,39
282,185,33,39
282,183,33,39
281,180,34,41
281,177,35,43
281,174,35,45
280,170,35,42
276,169,34,43
274,167,33,43
277,167,32,44
279,167,32,44
275,166,34,45
272,170,34,45
269,173,34,45
268,176,35,48
266,180,37,51
265,183,37,51
265,183,37,52
265,183,37,52
262,183,39,54
260,183,42,56
260,185,40,55
260,186,39,54
260,185,39,55
260,183,40,55
260,182,40,56
261,179,40,56
261,166,40,59
260,160,40,59
261,160,39,51
260,157,40,53
258,154,42,56
260,162,40,54
258,168,40,54
258,179,39,48
258,185,39,48
255,197,40,52
257,208,34,54
255,225,31,59
255,244,31,51
258,256,43,45
258,254,42,44
258,253,40,43
258,251,39,42
258,251,41,44
258,251,43,46
258,251,40,42
258,251,43,45
262,247,42,46
263,247,42,48
257,250,43,40
257,239,43,40
255,230,48,39
255,214,46,45
254,197,45,39
254,196,45,34
251,188,51,42
251,180,46,49
252,179,45,46
251,182,46,40
249,182,46,43
251,185,43,43
251,185,43,54
251,196,40,49
251,202,40,54
251,210,35,54
249,222,40,54
241,241,42,48
243,239,32,49
245,240,35,48
246,241,37,46
246,239,40,45
254,236,37,46
257,234,45,48
266,234,46,51
269,241,46,46
275,241,39,37
275,240,40,42
274,240,42,44
273,239,43,48
272,239,45,43
280,234,40,49
281,231,41,49
282,228,42,49
284,225,46,54
277,222,45,49
277,217,46,56
277,217,48,59
275,217,49,59
274,217,49,60
272,217,48,54
288,220,35,46
290,217,37,48
286,218,39,50
285,219,41,49
285,220,43,48
284,220,46,51
286,223,35,46
285,222,39,46
284,223,40,47
284,224,40,47
284,224,40,46
284,224,40,46
284,224,41,45
284,224,41,45
284,224,41,44
284,224,41,44
288,219,35,49
290,218,34,54
292,219,40,48
293,218,34,52
291,222,39,46
290,221,34,45
292,224,34,40
292,223,35,41
293,222,32,41
293,226,37,39
296,227,34,42
296,227,36,40
294,231,39,36
297,224,40,48
295,223,39,47
292,222,39,49
288,221,39,50
288,220,40,51
289,219,40,52
289,220,40,51
290,221,40,50
290,222,40,49
290,223,40,47
290,224,40,46
291,226,40,45
291,227,40,43
291,227,42,42
291,227,45,40
289,234,35,40
291,235,31,35
275,245,28,39
272,252,32,37
274,254,29,35
274,250,32,35
254,262,29,37
253,274,34,34
251,282,33,39
252,282,31,38
252,284,31,38
251,285,28,37
252,281,30,34
250,266,30,36
248,250,31,37
247,219,31,39
249,197,31,40
248,182,31,35
251,168,31,35
251,160,31,35
252,153,31,35
254,149,34,37
254,149,34,37
254,149,35,37
254,149,35,37
254,159,35,37
254,163,35,37
254,173,35,37
255,185,35,37
252,194,35,37
254,214,34,34
255,233,34,34
255,247,34,34
260,259,34,34
261,261,32,32
263,262,29,31
261,259,35,33
260,259,35,33
259,263,34,34
258,268,34,34
255,276,34,34
255,287,32,34
255,287,32,34
249,285,32,34
246,271,35,37
248,247,32,42
252,216,32,42
252,202,32,42
252,188,32,42
254,180,32,42
257,174,32,42
258,174,32,42
258,174,34,37
261,175,34,37
263,176,34,37
263,182,34,37
265,191,34,37
266,199,34,37
268,211,34,37
274,224,29,40
268,256,29,40
268,256,37,39
266,261,37,39
268,260,36,38
270,259,35,38
272,257,34,37
273,257,34,37
274,257,34,37
274,257,34,37
275,257,34,37
275,257,34,37
275,261,34,37
274,261,34,35
272,261,34,34
266,262,34,34
266,262,34,34
263,264,34,34
261,264,35,37
260,264,32,34
257,262,35,37
252,267,35,37
252,267,35,36
252,268,35,36
252,269,35,35
252,269,35,35
252,270,35,34
252,268,35,34
252,267,35,34
252,265,35,34
252,261,35,34
252,257,34,32
252,256,34,32
252,251,34,32
253,251,34,32
253,251,34,32
254,251,34,32
254,248,34,32
254,248,34,37
258,251,34,34
259,252,34,34
259,252,34,34
259,253,34,34
259,253,34,34
260,254,34,34
260,254,34,34
260,254,34,34
258,254,34,34
257,254,34,34
257,261,34,31
257,264,34,31
257,271,34,31
258,274,34,31
258,274,32,31
258,272,32,31
257,270,32,31
254,267,32,31
257,259,32,31
255,247,32,31
254,233,32,31
258,217,32,43
260,211,31,40
263,210,31,35
263,207,34,39
268,208,35,40
272,210,35,42
274,216,34,40
268,228,34,37
271,237,31,37
268,242,31,34
272,248,32,40
274,244,32,40
277,250,31,35
280,247,30,39
288,245,34,39
292,268,32,26
307,271,29,34
310,273,30,35
312,275,30,35
313,279,30,35
314,283,31,36
312,281,31,36
310,278,31,37
307,276,32,37
305,272,35,40
304,267,37,41
305,269,37,41
307,272,36,41
305,265,36,41
303,259,36,41
301,252,36,41
296,246,36,41
291,240,36,41
286,233,36,41
281,227,36,42
275,220,35,42
274,219,37,42
272,218,39,42
271,217,41,42
269,215,43,43
268,214,45,43
266,213,46,43
268,213,46,42
270,213,46,41
272,214,46,40
275,214,46,39
277,215,46,38
279,215,46,37
281,215,46,36
283,216,46,35
281,219,43,37
279,221,39,38
278,224,35,40
276,227,32,41
274,227,36,43
267,234,37,41
265,233,34,38
259,231,38,44
258,231,39,46
258,231,39,47
257,232,40,49
257,230,40,52
257,234,40,50
258,237,40,47
259,241,39,44
260,244,38,44
260,247,42,42
258,250,42,41
256,244,44,45
257,245,44,45
253,240,47,50
249,236,49,48
250,226,47,49
254,225,43,45
255,218,44,47
255,211,45,49
255,209,45,46
255,207,45,43
257,205,45,40
260,200,45,40
265,197,43,40
266,195,39,40
268,193,35,40
268,193,39,40
270,187,40,42
272,182,42,45
275,170,42,45
278,159,40,45
280,142,37,46
277,114,37,46
282,105,37,46
280,95,38,52
278,85,39,59
278,85,39,60
278,85,39,62
278,85,39,63
281,87,38,63
283,89,37,62
283,94,37,62
283,99,37,62
282,104,37,63
282,109,37,65
281,115,37,66
275,103,46,68
278,122,42,49
275,114,40,54
274,126,46,39
274,99,52,63
273,95,54,68
276,97,55,66
272,88,43,59
275,97,42,56
277,105,41,52
280,114,40,49
281,113,42,52
282,113,43,54
277,104,45,56
272,95,46,59
272,99,46,60
272,103,46,61
272,106,46,62
276,134,46,62
278,139,46,62
280,143,46,62
283,148,46,62
285,153,46,62
286,154,46,61
286,154,46,60
287,155,46,60
288,156,46,59
289,157,46,58
290,158,46,57
291,159,45,57
292,160,45,56
293,161,45,55
294,162,45,55
294,163,45,54
295,164,45,53
296,165,45,52
296,163,47,53
295,161,50,53
294,158,52,54
294,156,55,54
293,154,58,55
293,152,60,55
292,149,63,56
294,148,57,58
295,146,52,60
297,145,46,62
297,146,47,61
296,147,49,60
296,148,50,59
296,149,51,58
295,151,52,56
295,152,53,55
294,153,54,54
294,154,56,53
294,157,56,51
295,160,56,49
295,162,56,47
295,165,56,45
295,168,56,43
297,168,54,43
298,168,53,43
299,167,52,43
300,167,51,42
301,167,50,42
302,167,49,42
304,167,47,42
305,166,46,42
305,164,46,44
305,161,45,47
299,164,51,45
290,160,55,50
282,157,59,56
281,159,60,54
281,160,61,52
280,162,62,51
280,163,64,49
280,165,65,47
279,166,66,46
279,167,67,44
278,169,69,42
278,170,70,41
278,170,70,41
278,171,70,41
277,171,70,41
277,171,70,41
277,171,70,41
277,171,71,42
276,171,71,42
276,171,71,42
276,171,71,42
276,171,71,42
276,171,71,42
275,171,71,42
275,171,71,42
275,172,71,43
275,172,71,43
275,172,72,43
274,172,72,43
274,172,72,43
273,172,72,44
272,172,72,44
271,172,72,44
271,172,72,45
270,172,72,45
269,172,72,46
268,173,72,46
268,173,73,46
267,174,74,47
266,176,76,49
265,178,77,50
266,178,77,50
266,177,76,50
267,176,76,51
268,176,76,51
268,175,75,51
269,174,75,51
269,174,75,52
270,173,74,51
270,172,74,50
271,172,74,50
271,171,73,49
272,170,73,49
272,170,73,48
274,169,71,48
275,168,69,48
277,168,68,49
278,167,66,49
280,166,65,49
280,166,65,50
280,165,65,50
280,165,65,51
280,164,65,51
280,164,65,52
280,163,65,52
280,163,65,53
280,162,65,54
280,162,65,54
278,168,67,43
277,173,70,31
261,153,30,47
277,156,54,33
276,155,48,31
279,158,50,30
279,164,69,36
279,161,68,41
284,167,63,36
283,165,65,37
281,167,68,34
277,166,72,33
276,166,64,33
273,168,51,39
262,175,50,43
253,179,50,45
252,182,40,43
251,185,49,49
251,188,57,54
249,190,58,57
248,191,59,59
246,193,61,62
245,194,62,65
245,194,61,65
246,194,60,65
247,194,59,65
248,194,58,66
249,193,57,66
250,193,56,66
251,193,56,66
252,193,55,67
253,193,54,67
253,193,53,67
254,192,52,67
255,192,51,67
256,192,50,68
257,192,49,68
258,192,48,68
259,192,47,68
260,191,47,69
261,191,46,69
261,191,45,69
262,191,44,69
263,191,43,69
264,191,42,70
265,190,41,70
266,190,40,70
267,190,39,70
268,190,39,71
269,190,38,71
265,188,35,73
266,188,36,73
265,189,36,73
265,189,36,73
264,189,37,74
264,189,37,74
263,190,37,74
262,192,37,71
261,192,36,69
260,193,35,68
261,181,29,78
260,186,32,74
260,191,35,69
258,194,38,69
256,198,40,68
259,197,39,68
261,197,38,69
267,195,37,69
272,193,35,69
273,191,35,69
274,190,35,69
275,190,35,69
276,190,35,69
277,190,35,69
278,190,37,70
279,190,38,70
280,190,39,71
282,190,40,71
284,190,40,71
287,191,40,71
290,192,40,71
293,193,40,71
295,194,40,71
296,192,30,70
297,193,33,71
299,193,37,71
299,197,39,69
299,200,42,68
304,194,42,68
309,187,43,68
324,187,39,73
320,186,42,68
325,189,40,68
329,191,39,68
336,185,42,63
338,190,44,61
336,186,46,62
334,182,49,63
337,193,49,52
338,177,51,72
338,175,51,76
338,174,51,80
339,172,52,84
338,175,51,79
337,179,50,74
336,182,49,68
329,202,46,57
333,179,40,90
331,177,42,85
330,174,43,80
329,171,44,76
329,170,45,71
330,170,45,66
330,169,46,62
331,168,46,57
330,160,45,63
329,152,44,69
329,153,45,69
328,154,45,68
327,155,46,68
327,155,47,67
326,156,47,66
325,157,48,66
324,158,48,65
324,158,49,64
323,159,50,64
322,160,50,63
321,161,51,62
321,161,51,62
320,162,52,61
319,163,53,60
318,163,53,60
318,164,54,59
317,165,54,58
316,166,55,58
316,166,56,57
310,166,57,59
305,165,58,61
300,164,59,63
294,164,60,64
289,163,61,66
284,162,62,68
278,162,63,70
273,161,65,72
268,160,66,74
262,159,67,75
257,159,68,77
260,158,73,73
263,156,77,69
266,155,82,66
269,154,86,62
270,155,86,61
270,155,85,60
271,155,85,59
271,156,84,58
272,156,83,58
272,157,83,57
273,157,82,56
274,158,81,55
274,158,81,54
275,159,80,54
275,159,79,53
276,160,79,52
276,160,78,51
277,160,78,50
277,161,77,49
278,161,76,49
278,162,76,48
281,163,76,49
283,163,76,51
284,162,75,52
284,162,74,52
284,161,73,53
285,160,72,54
285,159,71,54
286,158,71,55
286,157,70,56
287,157,69,56
287,156,68,57
288,155,67,58
288,154,66,59
289,153,65,59
289,152,65,60
290,151,64,61
290,151,63,61
291,150,62,62
291,149,61,63
291,148,60,63
292,147,59,64
292,146,59,65
285,148,64,71
277,149,69,78
269,150,75,85
261,151,80,91
265,166,86,86
258,179,94,73
258,180,94,69
258,180,94,65
262,180,93,65
265,180,93,66
269,180,92,66
272,180,91,66
273,181,90,66
274,181,89,66
275,181,88,66
275,182,86,66
275,180,86,68
275,178,86,69
275,176,86,71
275,175,86,73
275,173,86,74
275,171,86,76
274,166,83,78
273,161,80,79
272,156,77,81
271,151,74,83
271,151,74,83
271,150,73,83
271,150,73,82
271,150,72,82
271,150,72,81
271,150,72,81
271,149,71,81
271,149,71,80
271,149,70,80
272,149,70,79
272,148,70,79
272,148,69,78
272,148,69,78
272,148,68,78
272,147,68,77
272,147,68,77
272,147,67,76
272,147,67,76
272,146,66,76
273,149,68,74
273,152,69,72
274,155,70,69
274,158,72,67
275,161,73,65
275,163,74,63
276,163,74,63
277,162,73,62
277,161,73,62
278,161,72,61
278,160,72,61
279,160,71,61
280,159,71,60
280,158,70,60
281,158,70,59
282,157,69,59
283,154,69,61
284,151,68,64
285,148,67,66
282,153,60,65
285,152,63,67
288,151,65,69
290,155,63,64
292,159,60,60
292,163,63,61
290,163,64,62
288,162,65,64
286,161,66,65
289,159,62,76
286,160,70,75
287,158,73,77
284,160,74,66
285,165,76,65
283,174,68,59
285,174,68,51
282,180,71,59
272,180,76,57
278,187,72,73
278,185,71,61
277,184,70,57
277,183,69,54
277,182,68,50
276,181,67,47
276,180,67,44
276,178,66,40
275,177,65,37
272,176,69,46
269,175,73,56
266,174,77,65
277,170,71,68
277,170,66,63
275,168,69,63
276,168,71,64
276,167,72,64
276,167,73,65
276,168,70,55
276,170,68,44
275,171,65,34
275,171,65,35
275,171,65,37
275,171,66,38
275,171,66,39
275,172,66,40
275,172,67,42
275,172,67,43
275,172,67,44
275,172,68,46
275,172,68,47
275,172,68,48
275,172,69,49
275,172,69,51
275,172,69,52
277,170,71,56
277,172,72,53
278,174,71,51
278,177,70,49
278,179,68,47
278,182,74,45
278,183,74,45
278,185,74,45
278,190,76,44
275,190,77,45
274,189,77,46
273,188,77,48
272,186,77,49
270,186,77,50
268,186,77,51
266,186,80,52
264,186,83,54
267,185,80,52
269,185,77,51
271,185,76,49
274,186,75,48
276,186,75,46
278,186,74,44
280,186,71,45
280,180,74,48
282,182,72,47
283,183,70,45
285,185,68,44
284,186,70,45
284,186,71,45
283,186,73,46
282,187,75,47
282,187,76,48
281,188,78,48
278,185,76,55
270,184,78,59
272,184,80,58
265,183,85,55
268,181,86,61
268,180,87,63
273,174,77,65
264,175,84,63
263,173,86,65
264,173,85,65
265,173,84,65
265,173,83,65
266,173,82,65
267,173,81,65
268,173,80,65
269,173,79,65
269,173,78,65
270,173,77,65
271,173,76,65
272,173,75,66
272,174,74,66
273,174,73,66
274,174,72,66
275,174,71,66
275,170,74,71
276,170,74,71
276,170,73,70
276,170,73,70
276,170,72,70
275,170,71,71
275,170,71,71
277,171,66,67
278,173,66,62
278,174,66,57
278,176,67,57
278,177,67,58
279,178,68,58
279,180,69,59
279,176,69,64
280,176,69,64
280,177,70,65
280,177,70,65
280,178,71,65
280,178,71,65
280,178,72,65
280,179,72,66
280,179,72,66
283,183,69,58
286,188,66,51
282,182,75,62
281,180,75,64
280,179,74,66
280,179,74,65
280,179,74,65
281,179,74,64
281,180,74,64
281,180,74,63
281,180,73,63
281,180,72,62
281,180,72,62
281,180,71,61
281,181,70,61
282,181,69,60
282,181,69,60
282,181,68,59
282,181,67,59
282,181,66,58
282,182,66,58
282,182,65,57
282,182,64,57
283,182,63,56
283,182,63,56
283,182,62,55
283,183,61,55
283,183,60,54
283,183,60,54
283,183,59,53
283,183,58,53
284,183,58,52
284,184,57,52
284,184,56,51
284,184,55,51
284,184,55,50
284,184,54,50
284,184,53,49
284,185,52,49
285,185,52,48
285,185,51,48
284,184,50,46
284,183,49,44
283,183,47,42
283,182,46,40
282,182,45,42
282,182,43,37
280,183,43,37
274,183,43,37
273,184,43,37
273,184,43,36
272,185,43,35
272,185,44,34
272,185,45,33
272,185,46,32
272,185,49,34
273,185,49,34
274,184,49,34
274,184,49,34
275,184,49,34
275,183,49,34
275,183,49,33
275,183,49,33
275,183,49,32
275,181,49,32
274,179,49,32
274,177,49,32
272,174,51,39
272,176,49,31
266,179,51,32
266,182,52,35
266,183,51,35
266,183,54,37
263,186,57,34
263,186,58,35
263,186,58,36
263,185,59,37
263,185,60,37
263,184,60,38
263,184,61,39
263,183,62,40
264,182,61,40
265,180,60,40
269,180,57,41
273,179,53,41
277,179,49,42
275,179,49,46
274,179,49,50
272,179,49,54
271,179,49,59
273,178,47,59
275,177,44,59
278,176,41,57
280,176,39,54
277,174,42,58
274,173,45,63
283,171,37,51
280,170,39,58
277,169,42,65
278,170,41,63
279,171,40,61
279,171,40,59
278,169,40,57
277,166,41,56
276,163,41,54
275,160,42,52
272,162,46,51
269,163,51,49
270,165,46,49
271,166,42,48
265,171,51,48
269,173,42,48
269,177,45,46
269,182,48,43
269,182,51,45
269,182,52,45
269,182,54,45
269,182,49,48
269,182,52,48
269,182,54,48
270,182,54,48
270,183,54,48
271,184,54,48
272,184,54,48
272,185,54,48
276,190,52,49
279,195,51,51
283,200,49,52
275,201,52,55
266,202,56,57
263,203,53,52
254,214,40,45
255,213,40,45
256,213,39,45
258,212,39,46
259,211,38,46
260,210,38,46
261,210,37,46
271,201,57,54
278,198,48,55
285,194,39,56
286,193,40,58
286,191,41,61
285,192,40,56
283,193,38,51
282,194,37,46
283,193,37,45
285,192,37,44
286,192,36,42
282,192,39,40
278,193,42,38
274,193,45,36
270,194,47,34
265,195,50,32
261,195,53,30
257,196,56,28
257,195,56,28
258,194,57,29
258,193,58,30
259,192,58,31
259,191,59,31
260,191,60,32
260,190,60,33
261,189,61,33
261,188,62,34
264,187,61,35
266,185,61,35
268,184,60,36
270,183,60,37
272,182,59,38
274,180,59,39
274,180,59,39
274,180,60,40
274,180,60,40
274,180,61,41
274,180,61,41
274,180,62,42
272,180,63,43
269,180,65,45
269,180,73,40
269,180,66,43
269,180,65,46
269,180,65,45
269,180,65,45
269,180,65,44
269,180,65,44
269,180,65,43
269,180,65,42
269,180,65,42
270,180,64,43
271,179,64,44
272,179,64,45
273,178,63,46
274,178,63,47
275,177,63,48
281,175,56,48
287,173,50,48
278,171,54,46
278,173,53,47
278,174,52,48
278,177,49,46
275,180,46,48
268,177,51,57
267,179,51,57
267,181,52,56
266,183,52,56
266,181,52,56
266,179,52,56
266,177,52,56
267,176,52,59
268,176,52,62
269,177,54,57
271,183,56,51
272,190,57,46
286,194,48,42
284,195,44,43
283,197,39,40
278,197,41,42
272,197,43,43
272,193,39,46
272,190,35,48
275,189,35,48
274,188,35,48
275,182,39,51
276,184,38,50
277,185,37,50
278,187,37,49
279,188,36,48
280,190,35,48
280,190,35,48
279,190,35,48
279,191,35,48
278,191,35,48
282,180,35,48
286,168,35,48
288,165,38,47
290,162,41,46
292,159,43,45
290,162,44,45
287,165,44,44
284,169,45,44
281,172,45,44
278,175,46,43
275,179,46,43
275,180,46,43
275,180,46,42
274,181,46,42
274,182,46,42
274,182,47,48
274,182,48,48
274,182,49,48
273,182,49,49
275,183,45,36
275,183,46,35
274,183,48,35
276,185,49,34
277,186,51,33
275,185,50,32
273,180,48,37
270,180,53,37
282,179,43,37
282,178,45,40
280,179,53,37
283,182,45,35
275,178,50,39
280,180,50,37
281,181,49,37
283,182,48,38
281,182,50,37
280,182,53,37
279,182,55,37
272,181,60,38
265,179,65,39
265,178,63,40
264,178,63,41
264,177,63,42
265,176,64,44
272,177,53,44
271,176,52,44
270,176,51,45
269,176,53,44
269,178,54,42
268,179,55,40
272,180,51,40
277,181,46,40
268,179,64,41
269,177,62,40
270,175,59,40
271,173,57,39
272,171,54,38
273,169,52,38
274,166,49,37
271,169,49,40
268,171,48,43
268,173,46,43
268,174,44,42
269,176,42,42
269,177,40,42
269,178,40,42
269,178,40,42
268,178,40,42
268,179,40,42
268,179,40,42
268,180,40,42
267,180,40,42
267,180,40,42
267,181,40,42
266,181,40,42
266,181,40,42
268,182,40,42
269,182,40,42
271,183,40,42
272,183,40,42
274,183,40,42
277,185,40,42
281,188,40,42
285,190,40,42
287,189,40,42
289,189,40,42
291,188,40,42
293,188,40,42
295,187,40,42
297,186,40,42
302,186,40,42
306,186,40,42
311,186,40,42
314,185,40,42
317,184,40,42
320,183,40,42
320,184,40,42
320,184,40,42
320,185,40,42
320,185,40,42
319,185,40,42
319,186,40,42
319,186,40,42
319,186,40,42
319,187,40,42
319,187,40,42
319,188,40,42
319,188,40,42
318,188,40,41
318,189,39,41
318,189,39,40
317,190,38,40
317,190,38,40
317,191,38,39
317,191,37,39
316,191,37,38
316,192,36,38
316,192,36,37
316,193,35,37
314,193,37,36
312,194,38,35
311,195,39,35
309,196,40,34
306,195,40,34
303,195,40,34
299,194,40,34
296,194,40,34
293,194,40,34
289,193,40,34
286,193,40,34
282,190,40,34
278,188,40,34
278,189,40,34
278,190,40,34
278,191,40,34
280,190,40,35
282,190,40,36
283,189,40,37
285,188,40,37
286,188,40,38
288,187,40,39
289,186,40,40
291,187,39,40
292,187,37,40
294,187,35,40
295,188,34,40
297,188,32,40
298,188,32,39
299,189,32,37
299,189,32,35
300,190,32,34
300,190,32,34
299,190,32,34
299,191,32,34
299,191,32,34
298,191,32,34
298,192,32,34
298,192,32,34
297,192,32,34
297,193,32,34
297,192,34,36
296,192,35,39
296,192,36,41
296,191,37,43
295,191,39,46
295,190,40,48
295,190,41,50
295,190,42,53
274,185,48,87
274,186,51,81
277,190,45,79
272,185,51,86
273,188,52,83
275,188,53,83
276,187,54,84
277,187,55,84
280,185,54,88
281,182,55,88
281,180,57,94
285,176,58,93
288,182,59,92
287,181,60,91
287,176,59,95
288,172,58,100
289,183,63,88
286,178,67,93
287,177,65,92
288,175,64,92
289,174,62,91
290,172,60,90
291,171,59,90
296,167,52,92
289,173,59,91
283,179,65,90
281,167,86,81
283,165,84,86
286,163,82,90
291,163,87,92
290,153,84,99
289,152,79,96
288,151,74,93
288,154,76,90
289,156,77,88
289,159,79,86
290,161,80,83
290,164,82,81
291,166,83,79
291,167,82,78
291,168,82,78
291,168,81,77
292,169,80,77
292,170,79,77
292,170,78,76
292,171,77,76
291,173,78,74
290,175,78,73
289,176,78,71
288,178,79,69
287,180,79,68
286,182,80,66
285,183,80,65
285,183,80,66
286,183,79,67
287,183,79,68
287,183,78,69
288,183,78,70
289,183,78,71
289,183,77,73
289,184,77,75
289,184,77,78
289,185,76,81
290,185,79,87
290,185,82,92
289,183,82,92
287,181,82,91
286,179,82,90
284,179,82,90
283,178,82,89
281,177,82,89
280,177,82,88
278,176,82,87
277,176,82,87
275,175,82,86
274,175,82,86
272,174,82,85
272,173,82,86
272,172,81,84
272,171,81,81
272,170,81,79
272,169,81,73
275,170,76,80
274,168,78,75
278,166,77,79
278,168,79,67
277,170,83,73
275,170,87,75
268,162,93,83
270,167,92,82
272,172,92,79
274,177,91,76
275,179,90,75
277,180,88,74
278,182,86,73
278,182,86,73
278,183,86,73
278,183,85,73
278,183,85,73
281,183,82,72
284,183,79,72
286,183,76,72
289,183,73,71
291,183,70,71
294,183,67,70
296,183,64,70
299,183,62,70
302,183,59,69
303,181,65,68
304,178,64,67
305,176,63,66
304,176,65,68
304,177,68,67
299,167,66,71
300,172,63,69
301,176,60,67
302,180,57,65
294,170,71,60
297,173,66,60
300,176,60,59
303,180,55,58
306,183,50,57
310,186,44,56
302,180,45,56
301,180,45,55
301,180,45,54
300,179,45,53
300,179,45,52
294,173,51,63
288,168,58,73
282,162,65,83
292,165,56,99
291,169,52,88
290,173,48,77
289,176,44,66
288,180,40,56
288,180,40,55
288,180,40,54
288,180,40,53
288,180,40,53
288,180,41,52
288,180,41,51
288,180,41,50
288,180,41,50
288,179,41,49
288,179,41,48
288,179,41,48
288,179,41,47
288,179,41,46
288,179,41,45
288,179,41,45
288,179,42,44
288,179,42,43
289,178,42,43
291,177,42,43
292,177,42,43
294,176,42,43
295,175,42,43
297,175,42,43
299,174,42,43
299,175,42,43
299,176,42,43
299,177,42,43
299,178,42,43
299,179,42,43
299,180,42,43
299,181,42,43
300,182,42,43
300,183,42,43
300,184,42,43
300,185,42,43
300,186,42,43
300,189,44,46
299,191,46,48
299,193,48,51
299,199,46,49
299,205,45,48
299,211,43,46
299,217,42,45
298,222,42,49
297,227,42,54
296,232,42,59
295,237,42,63
295,243,42,63
294,248,42,63
294,253,42,63
295,255,42,63
297,257,42,63
299,259,42,63
299,258,43,64
299,257,45,65
299,256,46,66
298,222,40,56
297,188,34,45
299,173,34,43
300,157,34,42
302,153,34,42
303,148,34,42
305,143,34,42
306,146,34,42
309,150,34,42
311,154,34,42
313,164,34,42
316,174,34,42
316,179,34,42
316,180,34,51
316,194,34,51
316,219,34,51
320,234,34,49
320,230,42,54
321,223,41,53
321,216,40,52
322,210,39,51
320,203,39,51
316,197,39,51
311,190,39,51
324,197,36,49
337,205,33,47
336,212,33,46
336,218,33,44
335,215,33,47
334,213,32,49
334,213,32,49
333,214,32,49
332,214,32,49
320,214,45,51
322,214,43,50
324,214,41,48
326,214,39,49
324,214,42,53
320,218,39,52
316,223,37,51
313,227,35,50
309,231,32,49
306,232,33,48
303,232,33,47
300,233,33,46
297,234,33,45
294,234,33,44
293,234,34,43
291,234,35,42
289,234,36,41
288,234,37,40
288,234,35,47
288,234,32,54
289,244,32,50
290,253,32,47
291,262,32,43
290,263,32,46
288,264,32,49
287,266,32,51
288,248,32,54
289,257,32,54
291,265,32,54
291,267,32,53
291,268,32,52
291,270,32,51
291,271,32,50
291,273,32,49
291,274,32,48
291,276,32,47
291,278,32,45
291,279,32,44
291,281,32,43
291,282,32,42
291,284,32,41
291,285,32,40
288,291,32,40
289,291,32,40
291,290,32,40
292,290,32,40
292,284,32,40
294,274,32,40
294,262,32,40
288,251,34,42
290,221,33,41
292,207,32,40
292,193,32,40
291,179,32,40
293,176,32,40
295,174,32,40
295,173,32,40
295,174,32,40
295,175,32,40
295,176,32,40
295,177,32,40
295,180,34,42
295,183,35,45
300,193,34,39
297,207,34,45
292,239,31,37
292,239,31,37
292,239,31,37
292,239,32,38
292,238,32,38
291,238,32,38
291,238,32,38
291,238,33,38
291,238,33,39
290,238,33,39
290,238,34,39
290,237,34,39
290,237,34,39
290,237,34,39
289,237,35,40
289,237,35,40
289,237,35,40
289,237,35,40
289,237,36,40
288,236,36,41
288,236,36,41
288,236,36,41
288,236,37,41
287,236,37,41
287,236,37,42
287,236,38,42
287,236,38,42
287,235,38,42
286,235,38,42
286,235,39,42
286,235,39,43
286,235,39,43
286,235,39,43
285,235,40,43
285,234,40,43
285,234,40,44
285,234,40,44
284,234,41,44
284,234,41,44
284,234,41,44
284,234,42,44
284,234,42,45
283,233,42,45
283,233,42,45
283,233,43,45
283,233,43,45
283,233,43,46
282,233,43,46
282,233,44,46
282,232,44,46
282,232,44,46
281,232,44,47
281,232,45,47
281,232,45,47
281,232,45,47
281,232,46,47
280,232,46,47
280,231,46,48
280,231,46,48
281,231,46,48
283,231,46,48
284,231,46,49
285,231,45,49
286,231,45,49
288,231,45,49
288,231,44,49
288,231,43,49
289,231,43,49
289,231,42,49
289,231,41,49
289,231,41,49
290,231,40,48
290,231,39,48
290,231,38,48
291,231,38,48
291,231,37,48
291,231,37,48
291,232,37,47
291,232,37,47
291,232,37,47
291,232,37,47
291,232,37,47
291,233,37,47
291,233,38,46
291,233,38,46
291,233,38,46
291,233,38,46
292,233,38,46
292,234,38,45
292,234,38,45
292,234,38,45
292,234,38,45
292,234,38,45
292,235,38,45
292,235,38,44
292,235,38,44
292,235,38,44
292,235,38,44
292,236,38,44
292,236,39,43
292,236,39,43
292,236,40,43
291,236,41,44
291,236,42,44
291,236,43,44
290,236,44,44
290,236,45,44
289,236,46,45
289,236,47,45
288,236,48,45
288,236,49,45
287,236,50,45
287,236,52,46
286,236,53,46
286,236,54,46
285,236,55,46
285,236,56,47
284,236,57,47
284,236,58,47
284,236,59,47
283,236,60,47
283,236,61,48
282,236,62,48
282,236,63,48
281,236,65,48
281,236,66,48
280,236,67,49
280,236,68,49
279,236,69,49
279,236,70,49
278,236,71,49
279,236,71,49
279,235,71,49
280,235,71,49
280,234,71,49
280,234,71,49
281,234,71,49
281,233,71,49
281,233,71,49
282,233,71,49
282,232,71,49
282,232,71,49
283,232,71,49
283,231,71,49
283,231,71,49
284,231,71,49
284,230,71,49
284,230,71,49
285,230,71,49
285,229,71,49
285,229,71,49
286,229,71,49
286,228,71,49
286,229,71,50
285,229,71,50
285,230,71,50
285,230,70,51
284,230,70,51
284,231,70,51
283,231,70,52
283,232,70,52
283,232,70,52
282,233,70,53
282,233,70,53
282,234,69,53
281,234,69,54
281,234,69,54
280,235,69,54
280,235,69,55
280,236,69,55
279,236,69,55
279,237,69,55
278,237,68,56
278,238,68,56
278,238,68,56
277,239,68,57
277,239,68,57
275,239,67,57
272,238,66,57
270,238,65,57
267,238,64,57
265,237,64,57
262,237,63,57
260,237,62,58
258,236,61,58
255,236,60,58
253,236,59,58
250,235,58,58
248,235,58,58
246,235,57,58
243,234,56,58
241,234,55,58
238,233,54,58
236,233,53,58
241,233,52,58
246,232,52,58
251,232,51,58
257,232,50,58
262,231,49,58
267,231,48,58
272,231,47,58
277,230,46,59
283,230,46,59
288,230,45,59
290,231,48,63
292,233,51,68
296,242,58,73
300,251,65,77
313,241,77,70
326,230,90,63
339,214,77,84
331,210,85,86
326,205,85,86
312,216,88,83
299,224,88,80
283,241,77,85
282,241,77,82
260,251,88,77
249,254,80,85
249,237,52,100
248,239,54,103
248,244,46,105
249,247,46,105
249,247,49,103
249,247,46,113
252,253,40,111
228,230,57,65
218,230,74,79
226,234,76,79
229,242,80,80
246,253,85,76
263,251,73,86
283,251,59,76
292,251,71,73
306,248,71,73
319,233,71,73
319,242,66,73
325,245,57,73
325,244,57,71
322,248,57,69
326,245,54,69
325,245,48,63
322,242,48,64
319,239,48,64
317,238,48,64
316,238,48,65
315,237,48,65
313,237,48,66
313,237,48,66
313,236,48,66
313,236,48,66
313,236,48,66
313,236,48,66
310,235,50,65
307,234,52,63
303,234,55,62
300,233,57,60
297,231,60,62
293,230,63,63
290,228,67,65
286,226,70,66
284,227,70,67
282,228,71,69
281,229,72,70
277,227,75,73
274,225,78,76
273,224,77,78
272,223,76,79
272,222,75,81
325,245,48,74
265,224,82,90
264,223,82,90
263,223,82,90
263,223,82,90
262,223,82,90
262,223,83,90
261,223,83,90
261,223,83,90
260,223,83,90
259,223,83,90
259,223,84,90
258,223,84,90
258,223,84,90
257,223,84,90
257,223,84,90
256,223,84,90
255,223,85,90
255,223,85,90
254,222,85,91
254,222,85,91
253,222,85,91
253,222,85,91
252,222,86,91
251,222,86,91
251,222,86,91
250,222,86,91
250,222,86,91
249,222,86,91
244,222,81,94
238,222,76,97
226,228,79,97
221,230,77,103
221,230,76,105
221,230,74,107
181,239,110,100
177,239,111,97
172,237,96,82
177,236,96,82
177,233,96,82
190,231,85,82
203,233,79,82
217,239,74,83
221,239,86,85
223,234,93,97
223,234,93,101
223,234,94,105
246,236,86,102
248,222,90,116
248,222,90,125
250,221,97,115
253,220,105,105
255,219,113,96
258,219,114,89
261,219,116,82
260,217,115,82
258,216,115,83
257,214,115,84
255,213,115,84
254,211,114,85
254,211,110,91
255,214,110,91
255,214,105,91
252,217,107,94
255,213,107,107
252,211,119,94
249,208,123,96
249,208,127,102
249,208,130,108
250,205,130,111
251,202,131,114
251,197,137,120
251,197,142,119
251,197,142,117
257,196,140,117
258,195,137,114
260,194,134,111
255,186,125,113
255,186,125,94
255,177,125,102
251,188,128,93
248,199,130,82
246,194,130,90
246,194,134,94
241,214,131,69
238,216,131,68
234,217,131,68
231,216,131,68
220,217,136,71
214,213,137,83
211,219,144,90
207,211,148,96
207,211,145,96
208,211,145,99
208,211,145,103
209,211,145,107
209,213,145,107
209,214,145,107
207,217,145,107
206,223,145,103
204,228,145,100
207,225,142,100
207,227,143,100
207,229,144,99
207,231,145,98
207,234,146,98
207,236,146,97
206,238,147,96
206,240,148,96
214,237,144,99
215,239,150,93
223,241,150,83
223,241,154,90
223,248,156,74
223,257,153,45
224,247,150,54
224,247,153,65
229,244,151,76
228,239,162,90
226,237,168,97
226,236,169,100
226,235,171,102
226,234,172,104
226,233,173,107
226,232,174,109
226,230,175,111
226,229,176,113
226,228,177,116
229,230,177,116
232,231,177,116
239,235,174,113
245,239,170,111
252,243,166,109
258,247,162,107
258,251,160,103
258,254,157,100
260,267,154,86
261,276,154,76
254,285,150,63
252,288,147,54
252,281,147,54
252,281,147,59
252,281,147,62
248,270,155,72
245,259,164,82
243,251,164,90
239,241,165,93
235,231,167,96
234,228,167,99
234,225,167,102
232,223,166,102
231,220,165,102
231,220,164,102
231,220,163,103
231,220,163,103
231,220,162,103
231,220,161,104
231,220,160,104
231,220,159,104
231,220,158,105
231,220,157,105
231,220,158,111
231,220,158,117
231,220,159,123
231,224,159,123
231,227,159,123
231,230,159,123
229,230,165,131
229,236,164,136
229,237,163,143
229,239,162,150
234,241,147,154
238,244,133,157
237,239,125,144
249,239,108,144
252,239,105,140
252,240,106,140
251,241,107,140
250,242,108,140
250,243,109,140
249,244,110,140
249,246,110,140
249,247,110,140
249,249,110,140
249,251,110,140
249,252,110,140
249,254,110,140
249,255,110,140
249,256,110,140
243,254,122,150
237,251,134,159
229,239,153,179
231,236,164,190
229,225,162,208
229,217,182,218
229,211,182,224
240,199,184,201
228,199,187,191
224,199,194,182
224,191,193,179
217,190,201,167
220,186,194,162
220,193,194,156
214,193,191,148
218,202,191,139
212,203,191,130
207,202,182,130
200,202,188,127
195,202,194,130
195,197,194,134
195,197,196,131
203,202,190,116
203,210,185,94
204,216,184,82
206,231,184,71
197,247,190,65
197,241,194,83
197,231,194,97
197,222,201,111
197,214,196,128
197,213,196,128
195,213,196,128
197,211,196,128
197,210,196,139
200,207,196,140
200,208,196,140
201,210,196,140
201,211,196,140
201,213,196,140
202,214,195,146
203,215,194,152
204,216,193,157
195,219,210,164
186,222,227,170
189,228,225,159
189,236,225,153
190,247,224,137
190,247,219,133
190,247,218,125
192,259,215,103
192,273,210,88
192,279,207,71
207,265,210,74
211,262,207,74
217,261,202,77
217,256,199,85
217,256,199,83
215,251,199,91
215,251,201,91
215,251,205,94
215,247,205,103
212,234,210,119
207,222,215,133
207,220,215,136
211,216,215,142
211,216,215,142
211,216,215,142
211,208,213,154
211,208,211,156
208,211,212,154
206,214,213,153
207,220,213,150
203,227,215,145
203,227,215,144
195,225,215,144
194,222,215,144
192,224,215,144
191,225,215,144
190,227,215,144
188,228,215,144
187,230,215,144
186,231,215,144
184,233,215,144
184,233,215,146
184,233,215,149
184,233,215,152
184,233,215,155
184,233,215,157
184,236,215,158
184,239,215,159
184,241,215,159
183,242,215,159
181,241,216,161
180,239,218,162
178,239,219,164
177,239,221,165
177,239,220,164
177,239,219,163
177,239,218,162
177,239,218,161
172,228,219,167
170,224,223,169
169,220,227,171
167,218,230,171
166,216,233,171
164,217,229,167
163,217,225,164
162,216,225,162
161,214,225,161
161,210,233,165
161,210,235,167
161,211,236,168
163,213,234,165
166,216,232,162
166,214,233,162
166,213,235,162
167,210,232,164
169,208,230,165
175,209,225,163
181,210,219,161
181,210,223,159
181,210,227,157
180,208,230,160
180,207,233,162
177,199,235,167
174,191,238,171
172,166,252,182
174,146,248,205
183,140,250,207
194,122,245,216
200,137,230,201
153,114,242,201
153,114,242,188
153,114,247,190
153,114,245,193
150,129,245,181
153,156,239,131
155,182,221,113
167,210,196,105
178,203,176,125
180,199,182,140
180,197,182,156
180,197,187,176
180,197,187,187
187,197,184,198
194,203,177,194
194,206,179,196
195,208,181,198
195,210,182,199
195,220,182,194
197,227,182,194
197,227,182,195
197,227,182,196
197,227,182,197
197,227,182,198
197,227,182,198
197,227,182,199
197,224,183,203
197,221,183,206
197,219,184,210
197,219,180,209
197,219,176,208
197,219,173,207
197,219,173,208
197,219,172,210
197,219,172,211
197,219,172,213
197,219,172,215
197,219,171,216
197,219,171,216
197,219,171,216
197,219,171,216
197,219,170,215
197,219,170,215
196,217,172,216
195,214,174,218
196,217,174,212
197,219,174,207
197,228,176,193
200,241,173,176
204,253,164,170
206,273,165,150
203,291,170,130
203,299,170,123
203,299,174,123
203,301,170,122
200,296,170,122
200,296,170,122
200,296,170,122
199,297,170,120
198,298,170,117
197,298,170,115
197,299,170,113
198,301,170,113
200,304,170,113
200,301,170,116
200,300,170,116
200,299,170,116
200,298,170,116
200,297,170,116
200,296,170,116
200,295,170,116
200,293,170,116
200,299,167,108
204,304,167,102
204,301,167,103
204,299,167,105
204,296,167,107
204,293,168,110
206,290,168,110
207,287,168,110
209,281,168,110
208,279,168,111
208,277,168,112
207,274,168,113
207,272,168,113
206,270,168,113
205,266,168,113
205,263,168,113
204,259,168,113
205,255,168,122
206,250,168,131
206,246,167,140
207,242,167,148
207,237,167,157
209,234,177,154
211,230,177,159
211,220,177,167
221,203,164,179
228,193,167,181
229,186,164,181
243,179,144,176
243,179,133,170
243,179,127,170
246,177,125,161
246,178,125,163
246,178,124,165
246,179,123,167
248,185,122,159
248,194,123,153
248,194,123,153
248,199,125,148
257,203,119,148
258,211,113,144
258,211,113,144
257,211,114,145
256,211,114,145
256,210,115,146
255,210,115,146
254,210,116,147
254,210,116,147
253,210,117,148
252,210,117,148
253,213,117,148
254,216,117,148
255,220,116,147
255,224,114,145
254,233,113,136
254,236,111,133
252,242,111,130
254,250,108,120
255,254,108,117
255,268,108,108
254,282,108,94
254,285,110,85
251,288,110,85
248,288,110,83
246,285,110,83
245,285,113,83
244,285,116,83
243,285,119,83
243,286,117,87
243,287,116,91
243,287,115,90
243,287,115,89
243,287,114,88
243,287,113,87
243,287,113,86
244,284,113,90
245,282,114,93
245,282,114,89
245,282,114,85
246,279,117,88
246,279,117,87
246,279,116,86
245,278,115,86
244,276,115,85
243,274,114,85
240,274,113,82
238,273,114,87
237,271,116,93
235,268,116,99
234,261,116,102
234,256,110,110
235,250,110,114
235,237,110,119
238,225,110,128
238,219,110,122
241,213,110,117
245,207,107,114
257,200,100,116
257,200,96,114
261,199,91,111
265,196,83,107
268,196,83,107
274,196,84,103
280,196,85,100
289,197,85,100
300,197,83,99
309,199,83,99
320,200,77,97
326,205,77,97
326,205,78,98
326,205,78,98
326,205,79,99
322,207,82,99
314,205,85,99
306,205,90,105
297,208,90,99
283,208,91,99
272,207,83,97
260,210,82,91
249,205,74,91
238,205,73,90
224,203,77,99
212,202,77,99
201,202,77,99
198,200,77,99
190,200,77,99
189,200,77,99
187,200,77,99
186,203,79,99
189,202,79,99
192,207,85,99
200,210,76,99
204,210,76,99
215,214,76,97
224,214,76,97
232,214,76,97
245,214,76,97
255,210,76,97
268,208,76,97
278,208,76,97
283,207,76,97
289,207,76,97
295,207,76,97
295,207,79,97
295,207,83,97
295,207,83,99
295,207,82,100
292,208,82,100
292,208,80,100
289,211,80,100
283,208,79,100
278,214,77,97
271,217,77,97
261,222,73,97
248,233,77,86
240,244,82,69
231,253,79,62
223,254,76,57
221,253,76,57
215,248,76,57
211,247,76,57
207,241,76,57
207,241,79,57
207,241,82,57
207,241,85,57
211,241,85,57
215,241,85,57
226,241,77,57
232,239,76,54
234,237,80,56
238,236,77,56
243,232,78,58
246,227,74,56
254,222,69,57
248,222,79,52
248,219,79,52
248,216,79,52
257,213,79,52
257,213,80,54
257,213,81,55
257,213,82,56
263,213,76,56
266,213,76,56
268,213,76,56
271,213,76,56
274,213,76,56
274,213,76,56
275,214,76,56
275,214,76,56
277,216,76,56
280,217,76,56
280,220,76,56
280,222,76,55
279,223,76,55
279,224,76,54
278,225,76,54
279,226,75,54
281,227,74,54
282,228,73,54
282,233,71,49
280,236,71,54
288,236,69,59
288,236,66,65
286,236,66,64
285,236,65,63
283,230,65,66
283,224,65,69
283,219,65,73
285,214,65,72
286,210,65,71
291,207,57,73
299,202,49,76
299,202,46,74
299,202,48,74
299,202,49,73
299,202,49,72
299,203,49,71
300,203,49,70
300,203,49,69
300,203,51,69
300,203,52,69
303,203,52,69
306,203,52,69
308,202,52,69
308,201,52,69
308,200,52,69
308,201,52,68
308,201,52,67
308,202,52,66
308,202,52,65
308,203,52,64
308,203,52,63
306,203,52,63
306,208,51,57
303,211,51,57
300,210,51,57
300,213,51,54
300,213,50,54
300,214,50,54
300,214,49,54
300,216,49,54
300,219,49,52
300,225,49,46
300,225,49,48
302,227,49,47
303,228,48,46
305,230,48,45
305,230,48,43
306,228,48,43
308,225,51,46
308,225,56,40
308,225,55,41
308,225,54,42
308,225,52,43
308,224,56,46
309,219,57,49
309,217,48,49
306,217,52,49
305,214,52,49
304,214,55,49
304,213,57,48
303,213,59,48
302,212,59,47
300,212,59,46
299,211,59,45
299,207,59,45
299,200,59,45
291,186,62,51
291,174,56,51
291,168,56,51
291,168,56,46
288,171,57,49
283,180,57,49
278,190,57,49
278,197,57,49
277,199,59,49
274,205,59,49
275,210,59,49
274,213,59,49
274,216,59,49
274,213,59,49
274,210,59,49
268,203,68,48
258,196,73,49
255,196,73,54
248,199,73,54
245,207,73,54
243,219,73,54
240,230,73,59
238,237,73,56
234,244,73,56
234,248,73,56
234,253,73,56
234,257,73,56
235,264,73,56
241,264,73,56
241,265,73,56
242,267,73,56
243,269,73,56
245,271,73,56
245,273,74,56
245,274,76,56
246,275,77,56
246,276,79,56
244,276,82,57
241,276,85,59
241,276,83,59
241,276,82,59
238,276,82,59
237,276,82,59
235,276,82,59
237,278,80,52
234,276,83,56
232,276,83,56
232,278,83,56
232,279,83,56
231,278,83,56
229,278,83,56
229,279,83,56
229,280,83,56
229,281,83,56
233,280,81,58
237,279,78,60
241,278,75,63
245,278,73,65
252,279,63,68
252,279,63,71
252,279,63,74
255,281,65,74
257,282,65,74
263,282,63,73
263,284,62,72
262,285,60,72
261,287,59,71
261,287,60,76
261,290,60,76
259,290,61,77
257,290,62,79
254,288,66,80
245,290,66,80
245,299,68,66
245,301,69,63
245,304,71,54
245,302,71,54
245,301,71,54
252,299,71,54
260,298,71,54
265,291,73,62
278,282,73,71
297,271,52,73
299,254,60,85
299,254,63,63
300,245,59,59
297,234,59,66
294,230,68,71
297,225,63,69
295,222,63,62
295,225,68,54
292,224,68,54
288,222,68,54
286,219,65,46
285,213,65,49
285,213,59,54
277,211,63,56
275,211,63,56
278,212,63,56
280,213,63,56
283,216,65,54
286,216,65,52
289,220,65,52
291,227,65,52
294,231,65,52
294,242,62,52
294,242,65,52
299,247,65,52
299,250,65,52
300,254,62,46
301,254,62,46
302,253,62,46
303,253,62,46
306,254,62,46
309,254,62,46
303,254,68,46
297,254,74,46
292,253,74,46
291,251,69,46
289,248,63,46
282,247,76,43
282,247,62,46
285,251,62,46
291,247,58,46
297,244,54,46
297,244,52,40
297,244,51,34
297,242,52,37
297,239,53,40
297,237,54,43
297,237,54,51
297,237,54,59
297,242,54,59
302,247,54,59
302,247,52,60
302,248,52,60
301,248,52,60
300,248,52,60
299,247,52,60
299,247,52,60
298,247,52,60
297,247,52,60
292,245,52,60
292,245,49,58
292,245,46,56
290,247,46,52
288,248,46,48
287,250,47,47
286,251,48,46
286,256,49,45
286,261,49,43
285,262,49,49
285,267,49,46
287,268,49,46
289,270,49,46
289,270,49,45
289,268,49,43
289,265,49,42
292,264,49,42
294,262,49,42
292,258,52,41
289,254,54,40
289,252,53,42
289,250,52,43
285,247,56,46
286,245,52,43
285,239,52,43
277,239,57,43
276,240,57,43
275,241,57,43
273,241,57,43
272,242,57,43
261,248,57,43
257,254,57,43
248,268,57,43
249,271,57,43
240,276,57,43
235,281,57,43
234,282,57,43
234,284,57,43
239,282,57,43
245,281,57,43
257,271,57,43
268,264,57,43
281,261,57,43
294,257,57,43
299,256,57,43
300,254,57,43
302,248,52,48
302,250,51,48
302,252,49,48
302,254,48,48
300,256,48,48
298,257,48,48
296,258,48,48
294,260,48,48
292,261,48,48
291,262,48,48
289,264,48,48
287,265,48,48
285,266,48,48
283,268,48,48
281,269,48,48
279,270,48,48
278,272,48,48
276,273,48,48
274,274,48,48
272,275,48,48
271,275,48,48
269,276,48,48
268,276,48,48
266,277,48,48
265,277,48,48
263,278,48,48
265,279,48,48
266,280,48,48
268,282,48,48
270,283,48,48
271,285,48,48
273,286,48,48
275,288,48,48
276,289,48,48
278,290,48,48
280,292,48,48
281,293,48,48
283,295,48,48
285,296,48,48
286,298,48,48
278,297,50,47
270,296,53,47
261,295,56,46
251,296,71,51
251,298,71,49
258,295,66,53
265,291,62,57
265,291,62,52
271,279,59,59
275,277,59,59
280,274,59,59
280,274,63,49
282,272,59,50
285,270,56,51
291,270,56,51
288,268,56,51
285,265,56,51
291,265,56,51
291,265,54,54
291,265,46,54
292,267,46,51
294,268,46,47
295,270,46,44
297,271,46,40
301,271,48,42
305,271,49,43
307,271,51,45
309,271,52,46
307,271,54,48
304,271,56,51
302,271,58,53
299,271,60,55
297,271,62,57
296,273,59,58
296,275,57,58
295,278,54,59
283,273,68,59
265,268,79,63
246,262,90,68
234,248,86,71
237,230,74,80
237,227,66,83
240,227,66,80
240,227,60,79
241,227,59,76
240,234,60,73
245,236,60,79
241,250,69,79
263,236,54,93
252,237,62,93
245,228,62,100
243,225,51,73
248,254,52,76
248,254,111,107
263,285,105,77
278,264,91,76
278,264,86,80
278,264,77,86
258,284,77,86
258,305,77,86
258,305,76,94
252,296,76,113
245,282,88,117
218,267,113,128
212,257,127,127
214,241,136,130
217,230,140,125
221,214,148,140
235,207,140,137
246,203,134,133
246,200,134,144
246,200,120,107
249,186,120,128
249,180,125,125
252,180,123,125
255,179,120,126
258,178,118,126
261,177,116,127
266,173,119,128
265,182,116,114
295,194,100,97
299,196,91,94
302,197,85,94
302,197,82,100
286,196,99,91
269,200,76,86
261,200,82,88
251,213,94,86
245,216,94,86
245,216,94,93
248,216,94,93
248,216,95,94
249,216,95,95
249,216,96,96
248,213,97,96
248,211,99,97
245,212,95,100
243,213,92,102
241,215,88,104
238,216,85,107
247,219,85,107
255,222,85,107
256,214,96,119
257,206,108,131
258,197,120,144
259,189,131,156
260,181,143,168
261,173,154,181
268,168,116,144
268,168,114,131
266,166,114,131
266,166,113,128
266,166,109,127
266,165,105,126
266,165,102,125
235,176,131,122
218,182,136,113
209,176,154,140
209,176,154,137
209,176,147,133
206,183,154,126
203,190,162,119
234,194,151,113
246,194,134,114
246,197,137,113
246,199,144,105
246,191,140,113
257,203,137,96
272,208,113,91
286,210,100,91
274,216,111,93
274,216,111,90
268,219,123,93
235,236,134,100
221,254,111,90
194,256,117,93
172,251,105,94
127,244,137,111
107,239,127,113
107,241,127,110
104,241,127,110
104,245,127,105
104,245,130,103
126,253,128,94
153,262,119,90
180,271,119,69
229,270,110,76
285,257,103,80
325,237,85,100
342,231,80,108
400,227,59,85
414,220,56,74
427,203,51,77
427,196,51,77
427,188,51,77
417,180,76,74
404,181,76,74
391,182,76,74
362,208,79,66
340,230,79,66
299,244,79,66
261,267,79,66
207,253,86,79
184,247,86,79
169,237,73,80
155,228,59,90
149,228,60,90
124,220,79,96
112,220,90,99
112,220,91,94
118,236,94,82
133,241,94,82
155,248,93,77
175,259,93,77
206,264,93,77
234,265,85,74
275,267,80,76
306,253,83,82
345,231,68,82
368,200,48,85
382,185,48,85
382,179,62,79
382,170,76,85
371,173,97,91
371,177,80,102
353,200,85,91
320,222,96,91
294,225,93,107
269,259,79,96
228,276,79,90
186,276,82,88
163,274,80,85
135,270,82,68
115,261,91,74
98,250,91,74
92,247,91,74
97,250,91,73
102,253,90,71
107,256,90,69
124,261,90,69
144,268,91,77
175,271,91,77
206,270,86,85
251,279,63,71
282,259,56,79
299,236,76,91
300,227,76,91
317,214,76,91
314,210,76,91
334,196,76,91
342,196,76,91
342,191,76,91
332,194,79,86
326,202,85,82
326,202,79,82
326,202,74,82
323,202,74,82
320,201,74,82
317,201,74,82
314,201,74,82
311,201,74,82
308,200,74,82
305,200,74,82
302,200,74,82
299,199,74,82
295,199,74,82
292,199,74,82
292,199,66,78
292,199,58,75
292,199,49,71
291,207,49,71
261,230,68,62
232,253,68,62
211,261,68,62
190,256,80,66
167,262,68,71
164,228,68,86
164,228,120,105
187,236,120,105
212,242,110,110
248,253,96,110
280,256,60,100
302,256,60,100
316,248,60,100
331,236,60,100
339,228,60,100
343,228,60,100
356,225,54,99
362,225,54,99
353,224,51,71
348,228,73,90
339,233,73,90
317,239,73,90
311,247,73,90
300,264,73,90
297,271,73,90
278,257,73,90
207,253,73,90
190,234,73,90
186,235,70,90
182,236,68,91
178,236,65,91
174,237,63,92
170,237,60,93
165,237,66,96
160,236,73,99
160,236,91,105
158,248,107,99
174,265,111,85
192,267,97,86
229,267,79,93
251,273,79,93
282,273,63,93
299,254,57,99
305,254,57,99
323,251,57,99
342,241,52,83
348,241,71,79
353,242,69,76
353,242,69,73
335,245,72,70
318,248,74,67
301,251,77,64
284,254,79,61
267,257,82,58
249,261,84,55
232,264,86,52
221,267,74,52
194,259,82,56
181,256,86,56
170,259,66,62
164,259,56,65
153,251,69,86
150,253,65,86
141,256,60,83
138,256,51,83
118,259,59,83
113,259,62,83
112,262,62,83
112,262,69,79
119,265,80,73
133,271,80,63
158,276,80,63
180,271,80,63
209,267,80,63
238,264,68,66
266,262,56,69
278,256,46,74
300,251,59,77
311,244,59,77
314,230,69,77
316,228,71,77
319,231,71,69
316,237,79,59
306,244,76,46
292,244,76,46
280,245,76,46
271,251,76,46
266,253,76,46
223,254,76,46
218,257,76,46
204,259,76,46
195,261,76,46
186,261,69,57
181,254,60,54
181,254,45,63
174,254,43,69
170,251,35,73
163,251,35,73
150,250,40,82
144,248,49,80
141,241,85,96
141,241,90,99
141,241,94,102
152,241,79,102
166,251,79,91
178,261,76,90
197,271,77,76
209,268,79,83
217,274,73,77
243,267,73,77
274,257,46,99
277,257,49,100
277,253,49,100
300,239,49,99
305,239,49,100
312,236,49,100
314,236,77,85
316,239,69,82
318,230,69,82
320,222,69,82
321,220,69,75
322,219,69,68
317,219,74,64
313,220,78,61
309,220,82,57
305,220,86,54
303,218,93,51
302,216,99,48
300,214,94,51
299,213,90,54
296,214,90,54
294,216,90,54
294,216,89,54
294,216,88,54
292,217,81,56
291,219,74,59
285,219,72,54
291,222,69,49
290,218,53,57
289,217,64,59
278,221,58,58
282,224,49,57
283,223,51,55
282,228,63,80
285,227,63,71
288,233,63,66
279,232,62,64
270,232,61,63
263,235,60,71
257,239,59,78
249,239,58,78
256,241,70,74
249,239,76,79
250,242,72,79
241,246,67,79
237,249,62,79
225,250,58,79
208,257,76,79
184,262,103,90
170,268,107,86
161,256,97,97
160,256,91,102
155,256,74,102
160,256,62,100
157,244,56,116
150,244,57,107
148,244,57,107
146,244,57,107
146,244,60,114
150,245,71,116
158,245,63,113
167,245,63,113
180,241,69,114
197,237,69,100
215,245,71,83
257,248,54,82
268,247,43,86
292,231,43,86
306,205,43,86
317,213,43,86
328,203,43,86
326,200,62,100
326,200,80,97
326,200,90,102
326,200,99,111
317,211,100,102
295,227,91,119
283,241,86,120
241,264,80,99
211,261,105,102
187,263,105,102
164,265,105,102
130,259,105,102
115,254,109,104
100,250,113,107
85,245,117,109
70,241,120,111
74,242,120,111
77,243,120,111
81,244,120,111
82,245,128,122
106,248,122,122
128,247,110,119
151,246,98,117
174,245,86,114
228,244,68,119
283,243,50,125
291,239,52,117
317,239,69,102
320,217,66,83
342,213,54,80
357,207,40,76
359,177,52,91
359,177,71,91
359,177,94,113
359,185,107,122
356,196,110,122
331,214,116,127
317,231,107,136
312,264,94,125
286,274,76,120
207,259,97,131
172,248,123,139
149,242,123,137
123,234,136,147
106,228,139,134
106,228,122,133
101,222,122,130
104,227,122,123
107,232,122,117
110,237,122,111
119,241,122,111
133,242,114,110
153,257,114,91
177,257,111,79
198,262,107,68
240,264,102,80
268,261,91,85
311,256,65,88
339,256,62,85
365,253,54,85
374,227,59,108
383,203,57,113
383,203,68,110
381,210,72,95
379,216,76,80
377,227,76,60
370,225,76,60
340,208,100,82
340,208,96,79
309,211,113,77
291,211,113,77
274,202,122,83
269,197,127,88
266,191,127,88
250,189,127,88
234,186,127,88
226,185,127,88
218,186,127,88
218,194,127,88
211,214,127,88
208,229,124,65
206,244,122,42
198,235,128,52
190,227,134,63
194,217,129,76
197,207,123,90
197,197,128,91
196,196,128,90
196,194,128,88
195,193,128,86
204,193,120,86
212,193,113,86
212,193,124,98
212,193,136,110
238,197,113,96
255,205,97,83
261,213,96,74
261,213,96,63
256,213,97,67
251,213,99,71
247,212,102,78
243,211,105,85
240,216,103,93
240,216,100,106
240,216,96,119
239,219,94,119
238,223,93,119
237,227,91,119
238,234,91,119
240,241,91,119
241,248,91,119
243,256,90,118
244,263,89,118
245,270,88,118
246,278,86,117
246,277,86,117
245,277,86,117
245,277,86,117
245,276,86,117
244,276,86,117
244,275,86,117
244,275,86,117
243,275,86,117
243,274,86,117
250,271,86,117
257,268,86,117
264,265,86,117
270,262,86,117
277,259,86,117
284,256,86,117
291,253,86,117
298,250,86,117
305,247,86,117
304,253,86,117
304,260,86,117
306,260,82,116
309,261,77,115
311,262,73,114
313,263,68,113
316,256,64,109
318,249,60,105
302,222,86,117
316,208,73,108
317,190,73,108
326,177,65,108
322,162,65,108
317,146,65,108
316,142,60,91
316,132,60,88
317,129,58,82
318,125,56,76
319,121,54,71
320,117,52,65
297,109,74,65
274,100,96,65
274,99,96,65
275,98,96,65
275,97,96,65
275,95,96,65
275,96,96,65
275,96,95,65
275,96,95,65
275,96,95,65
275,97,95,65
275,97,95,65
275,97,94,65
275,97,94,65
275,98,94,65
275,98,94,65
275,98,94,65
275,99,94,65
275,99,93,65
275,99,93,65
275,99,93,65
275,100,93,65
275,100,93,65
275,100,93,65
276,102,91,64
277,105,90,63
278,107,88,61
278,109,86,60
278,109,86,60
278,109,86,61
278,109,86,61
278,109,86,61
278,109,86,61
278,109,86,61
278,109,85,62
278,109,85,62
278,109,85,62
278,109,85,62
278,109,85,62
278,109,85,63
278,109,84,63
278,109,84,63
278,109,84,63
278,109,84,63
278,109,84,64
278,109,84,64
278,109,83,64
278,109,83,64
278,109,83,65
278,109,83,65
278,109,83,65
278,109,83,65
278,109,83,65
278,109,82,66
278,109,82,66
278,109,82,66
278,109,82,66
278,109,82,66
279,110,81,66
279,110,81,66
280,110,81,66
280,110,80,66
280,110,80,66
281,110,79,66
281,111,79,66
282,111,79,66
282,111,78,66
282,111,78,66
283,111,78,66
283,112,77,66
283,112,77,66
284,112,76,65
284,112,76,65
285,112,76,65
285,113,75,65
285,113,75,65
286,113,74,65
286,113,74,65
287,113,74,65
287,114,73,65
287,114,73,65
288,114,73,65
288,114,73,65
288,114,73,65
288,115,74,66
289,115,74,66
289,115,75,66
289,115,75,67
289,116,75,67
290,116,76,67
290,116,76,68
290,116,77,68
290,117,77,68
291,117,77,69
291,117,78,69
291,117,78,69
291,118,79,70
292,118,79,70
292,118,79,70
292,118,80,71
292,119,80,71
292,119,83,69
292,119,86,66
292,119,89,67
292,120,91,68
288,118,96,70
284,115,100,72
280,113,105,74
275,111,110,76
272,110,113,76
269,109,116,76
269,109,113,75
269,109,110,74
267,109,105,74
265,109,101,75
264,109,97,75
262,109,92,75
260,109,88,76
262,112,85,72
265,115,82,68
260,115,84,68
255,115,87,68
251,115,90,68
250,115,89,70
250,115,89,73
250,115,88,75
249,115,88,77
254,123,76,85
258,131,65,93
268,134,56,94
277,137,46,95
286,140,37,96
285,143,37,96
285,146,37,96
287,147,37,96
289,147,37,96
291,148,37,96
293,148,37,96
295,149,37,96
297,149,37,96
299,149,37,96
302,149,37,96
306,149,37,96
310,149,37,96
313,148,37,96
317,148,37,96
317,150,40,94
317,153,43,93
312,154,57,93
316,163,57,93
315,165,60,88
314,166,63,83
309,173,73,80
306,178,79,73
303,183,86,66
303,180,86,66
299,180,97,66
295,180,108,66
295,180,113,57
295,179,113,58
295,177,113,59
295,177,116,63
295,177,119,66
295,171,118,80
295,165,117,94
295,165,117,99
295,165,116,103
295,165,116,108
297,165,114,107
299,165,111,107
301,165,109,106
303,165,107,106
305,165,105,105
305,165,105,108
305,165,105,110
305,165,105,113
305,165,105,110
305,165,105,108
305,165,105,105
305,165,105,103
305,165,105,100
305,165,105,100
305,165,105,100
305,165,105,100
305,165,105,100
305,165,105,100
305,165,105,100
305,165,105,100
305,165,105,100
305,165,105,100
305,165,105,100
305,165,105,100
304,165,105,101
303,165,105,101
302,165,106,102
302,165,106,103
301,165,106,103
300,165,106,104
299,165,106,104
299,165,107,105
299,165,106,104
299,165,106,104
299,165,106,103
299,165,106,103
299,165,105,103
299,165,105,102
299,165,105,102
299,165,105,101
299,165,104,101
299,165,104,100
299,165,104,100
299,165,104,99
299,165,103,99
299,165,103,98
299,165,103,98
299,165,103,97
299,165,102,97
299,165,102,96
299,165,102,96
298,164,102,96
298,164,103,97
298,163,103,98
298,163,103,99
298,162,104,100
298,162,104,100
298,161,105,101
297,161,105,102
297,160,105,103
297,160,106,103
297,159,106,104
297,159,107,105
297,159,107,105
297,158,108,106
297,158,108,106
296,158,109,107
296,158,110,107
296,158,110,107
296,158,111,108
296,158,112,108
296,158,112,108
296,157,113,109
296,157,114,109
295,157,114,110
295,157,114,110
295,157,114,110
295,157,115,110
295,157,115,110
295,157,115,110
295,157,115,110
295,157,115,110
295,157,115,110
295,157,115,110
295,157,116,110
295,157,116,110
295,157,116,110
299,155,116,111
302,153,116,112
305,151,116,113
305,151,116,111
305,151,117,110
305,151,117,108
305,147,119,108
306,143,120,108
311,137,123,111
311,137,119,102
311,131,119,102
311,126,123,105
311,122,123,105
311,122,125,94
309,117,122,90
311,111,120,90
311,108,116,86
311,103,116,85
306,94,116,85
303,89,113,83
301,84,113,83
299,78,113,83
298,78,113,83
297,77,113,83
294,75,113,83
291,72,113,83
287,71,116,86
283,71,119,90
282,68,120,92
280,66,120,94
280,66,121,94
279,66,121,95
279,66,122,95
278,66,122,95
278,66,122,95
278,66,123,95
277,66,123,95
277,66,123,96
277,66,124,96
276,66,124,96
276,66,125,96
275,66,125,96
275,66,125,97
275,66,126,97
274,66,126,97
274,66,127,97
274,66,129,97
274,66,131,97
274,66,134,97
274,66,136,97
274,66,139,97
274,66,141,97
274,66,144,97
288,66,130,97
291,66,127,97
294,66,123,97
297,66,120,97
300,66,117,97
300,66,118,97
300,66,118,98
299,65,119,98
299,65,119,98
299,65,120,98
299,65,120,99
299,65,120,99
299,64,116,97
299,63,111,96
297,64,111,96
296,65,111,96
295,66,111,96
296,68,111,92
296,70,110,88
297,72,110,85
297,72,110,85
297,72,110,86
297,72,110,86
297,72,113,90
297,72,116,93
306,74,114,86
308,74,111,85
311,75,109,85
313,75,107,85
315,75,105,85
317,75,103,85
320,76,101,85
322,76,99,85
324,76,96,85
322,76,96,86
320,76,95,88
319,75,94,90
319,78,94,87
320,82,93,85
320,85,93,83
321,87,92,85
322,89,91,86
329,95,88,83
302,91,113,86
326,91,91,94
325,108,96,82
324,111,99,83
323,114,102,85
327,127,93,76
316,132,106,74
327,127,89,79
326,120,91,88
327,136,90,77
328,136,87,80
329,135,84,83
329,132,83,85
328,142,81,75
327,142,81,79
326,142,80,83
329,143,85,81
332,145,90,79
332,142,66,80
333,144,74,78
333,146,83,75
329,146,87,77
330,145,86,79
332,144,85,81
333,143,85,83
334,142,84,86
333,142,85,85
332,143,86,84
331,143,87,84
330,144,88,83
330,144,88,82
329,145,89,81
329,145,89,82
329,146,89,82
329,146,90,82
328,146,88,82
327,146,86,82
326,146,85,81
325,146,83,81
324,146,82,81
323,146,80,81
322,146,79,81
321,146,77,81
320,146,76,81
319,146,74,81
318,146,73,80
317,146,71,80
317,146,63,82
312,146,68,83
299,157,82,73
294,159,82,73
289,159,82,73
289,156,69,77
288,159,66,76
275,162,66,76
271,168,66,76
269,166,66,76
268,173,66,76
266,179,66,76
260,188,66,76
260,182,66,76
262,181,67,78
264,180,68,81
266,179,68,84
268,178,69,87
270,177,70,90
272,177,70,93
274,176,71,96
277,177,70,92
280,179,69,88
288,176,65,83
291,185,65,83
297,180,62,91
291,183,76,91
295,185,71,96
302,191,71,96
306,196,73,79
306,205,76,76
309,213,76,76
310,218,76,76
311,224,76,76
314,236,76,76
317,237,76,76
314,242,76,76
305,244,88,79
299,251,94,68
297,254,91,66
296,256,88,64
295,258,84,63
293,260,81,61
292,262,78,59
291,265,74,57
289,267,71,56
289,267,70,56
289,267,68,56
289,267,67,56
289,267,66,56
289,267,64,56
289,267,63,56
289,267,62,56
288,265,62,58
287,264,63,60
286,262,64,62
286,261,64,64
285,259,65,66
285,259,65,66
285,259,64,65
285,259,64,65
285,259,64,64
285,259,64,64
285,259,63,64
285,259,63,63
285,259,63,63
285,259,63,62
285,259,62,62
285,259,62,61
285,259,62,61
285,259,62,60
285,258,61,61
285,257,61,61
285,257,61,61
285,256,60,62
285,255,60,62
285,254,59,63
285,254,59,63
285,253,59,63
283,251,61,66
282,249,62,69
281,247,64,73
280,245,66,76
278,244,68,79
276,242,70,80
274,241,72,81
272,239,74,82
272,228,76,85
272,218,77,89
272,207,79,93
272,197,81,96
272,186,82,100
272,176,84,103
271,165,86,107
271,155,87,111
271,144,89,114
271,133,91,118
271,123,92,121
271,112,94,125
268,105,100,125
266,98,107,125
263,91,113,125
263,85,113,124
263,80,113,123
263,75,113,118
263,69,113,113
257,69,122,108
257,69,123,107
254,61,123,107
253,61,123,107
253,60,123,107
252,60,123,107
252,60,120,103
252,60,121,100
252,60,122,97
252,60,122,97
252,60,123,97
252,60,123,97
252,60,123,96
252,60,124,96
252,60,124,96
252,60,125,96
252,60,125,96
255,61,128,95
257,61,131,94
263,63,125,94
269,65,119,94
274,72,122,85
280,74,120,88
280,74,123,90
280,74,125,93
283,77,125,93
283,77,134,96
288,83,134,93
303,86,127,96
316,92,120,94
320,100,122,93
328,105,120,93
336,114,114,93
346,128,100,86
342,132,108,83
334,143,110,83
331,142,111,91
328,142,113,99
320,139,114,105
311,132,110,107
312,134,99,99
305,131,93,97
302,126,88,99
299,117,85,100
294,112,85,100
286,106,85,105
288,89,82,111
286,80,74,116
291,109,69,85
291,109,65,86
291,109,57,86
289,112,57,86
286,129,57,80
288,135,54,80
289,140,51,80
283,151,54,74
278,151,56,73
285,153,52,65
285,151,53,66
285,149,54,68
285,148,54,68
285,146,54,68
289,140,57,69
289,139,57,72
289,137,57,74
289,136,58,75
288,135,59,75
287,134,61,76
287,133,62,76
286,132,63,77
285,131,64,77
285,130,65,78
284,129,67,79
284,128,68,79
283,127,69,80
282,126,70,80
282,124,71,81
281,123,73,81
280,122,74,82
280,121,75,83
279,120,76,83
279,119,77,84
278,118,79,84
277,117,80,85
277,116,81,85
276,115,82,86
275,114,83,86
277,116,82,86
279,118,81,85
282,119,79,84
284,121,78,83
286,123,77,83
288,125,76,82
288,124,75,83
289,123,74,84
289,121,73,84
289,120,72,85
290,119,71,86
290,118,70,87
291,117,69,88
289,113,69,88
288,109,69,88
287,101,69,85
287,93,69,81
287,85,68,78
286,77,68,74
285,73,65,74
284,70,63,73
283,66,60,73
283,65,60,69
283,63,60,65
283,63,61,62
283,63,62,59
283,63,62,54
277,48,62,60
278,53,62,60
278,58,62,60
279,63,62,60
279,69,62,60
280,74,62,60
283,82,62,59
286,89,62,58
289,97,62,57
290,101,62,57
292,105,62,57
293,109,62,57
294,112,62,57
295,116,62,57
296,120,62,57
297,124,62,57
299,128,62,57
299,128,62,57
299,129,63,56
299,129,63,56
299,130,64,55
299,130,64,55
299,130,64,54
299,131,65,54
298,131,65,54
298,130,65,54
298,130,65,54
298,130,65,54
297,130,65,54
297,130,65,54
297,129,65,54
297,129,65,54
296,129,65,54
296,129,65,54
296,128,65,54
296,128,65,54
296,128,65,54
295,128,65,54
295,127,65,54
295,127,65,54
295,127,65,54
294,127,65,54
294,127,65,54
294,126,65,54
294,126,65,54
293,126,65,54
293,126,65,54
293,125,65,54
293,125,65,54
293,125,65,54
292,125,65,54
293,123,65,54
293,121,65,54
293,120,65,54
294,118,65,54
294,116,65,54
294,114,65,54
295,113,65,54
295,111,65,54
295,109,65,54
295,109,65,54
294,109,65,54
294,108,65,54
293,108,65,54
292,108,65,54
292,107,65,54
291,107,65,54
291,106,65,54
290,106,65,54
290,106,65,54
289,105,65,54
288,105,65,54
288,105,65,54
289,104,65,55
290,102,65,56
291,101,65,57
292,100,66,58
294,99,66,59
295,98,66,60
296,97,66,61
297,95,66,62
294,94,66,63
291,92,66,65
288,90,65,66
285,88,65,68
282,86,65,69
281,83,72,69
280,81,79,69
281,83,74,69
282,86,69,69
277,92,79,73
277,97,83,68
269,106,90,68
263,117,93,77
274,142,82,63
286,154,73,66
291,180,66,66
272,194,86,73
272,205,86,73
269,220,86,73
266,236,76,79
266,259,60,80
268,282,62,76
266,295,65,68
263,295,65,68
264,294,65,68
265,293,65,68
266,293,65,68
267,294,65,68
268,295,65,68
268,295,65,68
269,296,65,68
273,303,65,65
277,309,64,62
280,316,64,60
284,322,64,57
288,328,63,54
288,328,64,54
288,328,64,53
288,328,64,53
288,328,64,53
288,328,65,53
288,328,65,52
288,328,65,52
288,328,65,52
288,328,66,52
288,328,66,51
288,328,66,51
288,328,67,51
288,328,67,51
288,328,67,50
288,328,67,50
288,328,68,50
288,328,68,49
288,328,68,49
288,328,68,49
288,328,69,49
288,328,69,48
288,328,69,48
288,328,69,48
288,328,69,47
288,328,69,47
288,328,70,47
