624,211,146,143
623,211,147,142
622,211,148,141
621,211,149,141
620,211,150,140
619,211,151,140
618,211,152,139
628,211,139,138
637,211,127,137
646,211,114,137
656,211,101,136
665,211,89,135
665,211,93,136
665,211,96,136
665,211,100,137
665,211,109,137
665,211,119,137
662,211,119,138
659,211,120,138
657,211,121,139
654,211,121,139
651,211,122,140
649,212,123,140
646,212,124,141
643,212,124,142
640,212,125,142
638,212,126,143
635,212,126,143
632,212,127,144
630,213,128,144
629,213,128,144
628,213,128,144
628,213,128,144
627,213,128,144
626,213,128,144
626,213,128,144
625,213,128,144
624,213,128,144
624,213,128,144
623,213,128,144
623,213,128,144
622,213,128,144
621,213,128,144
621,213,128,144
620,213,128,144
619,213,128,144
619,213,128,144
618,213,128,144
617,213,128,144
617,213,128,144
616,213,128,144
615,213,128,144
615,213,128,144
609,216,130,140
604,219,132,135
598,222,133,131
593,226,135,126
588,225,135,126
583,225,135,126
578,224,135,126
573,224,135,126
568,224,135,126
560,223,132,126
552,222,129,125
544,221,126,125
536,220,123,125
528,219,120,124
520,218,117,124
517,217,117,124
513,216,117,124
509,215,117,124
506,214,117,124
502,213,117,124
507,213,117,124
512,213,117,124
516,213,117,124
521,213,117,124
526,213,117,124
531,213,117,124
536,213,117,124
541,213,117,124
553,214,119,125
566,215,122,127
578,217,125,128
591,218,128,130
596,219,128,130
602,219,128,130
607,220,128,130
617,221,128,130
626,221,128,130
635,222,128,130
636,222,128,130
636,223,128,130
637,224,128,130
638,224,128,130
638,225,128,130
639,226,128,130
639,226,130,130
639,226,132,130
639,226,135,130
639,226,137,130
643,225,132,130
646,224,126,130
650,223,121,130
654,222,115,130
657,222,110,130
661,221,105,131
665,220,99,131
668,219,94,131
672,219,88,131
676,218,83,131
680,217,78,131
683,216,72,132
685,216,64,135
687,216,55,138
689,216,46,141
668,216,73,133
648,216,101,126
628,216,128,119
628,216,130,120
628,216,132,122
628,216,134,123
628,216,137,124
628,216,139,126
625,216,142,128
622,216,144,130
619,216,147,132
617,216,150,133
614,216,153,135
611,216,156,137
612,216,154,137
613,216,153,138
614,216,152,138
615,216,151,138
616,216,150,138
617,216,149,139
618,216,148,139
620,216,146,139
621,216,145,139
622,216,144,140
623,216,143,140
624,216,142,140
625,216,141,140
626,216,140,141
627,216,138,141
628,216,137,141
629,216,136,142
630,216,135,142
631,216,134,142
632,216,133,142
633,216,132,143
637,219,128,141
640,222,125,140
643,225,122,138
647,228,118,137
650,231,115,135
653,228,107,135
656,226,98,135
658,223,90,135
661,220,81,135
661,220,85,136
661,220,89,137
661,220,93,137
661,220,96,138
661,220,100,139
642,222,112,130
623,225,125,120
604,227,137,111
598,227,138,113
592,227,138,115
586,227,138,117
580,227,139,119
577,227,139,119
574,227,139,119
572,226,139,119
569,226,139,119
567,226,139,119
560,226,139,119
554,226,139,119
548,226,139,119
534,223,139,119
520,220,139,119
506,217,139,119
492,214,139,119
478,211,139,119
465,207,139,119
452,202,139,119
439,198,139,119
426,194,139,119
430,196,139,122
433,198,139,124
437,201,139,127
441,203,139,130
444,205,139,133
462,207,139,133
479,210,139,133
496,212,139,133
513,214,139,133
535,214,139,133
556,213,139,133
578,213,139,133
591,217,139,133
604,221,139,133
617,226,139,133
617,226,144,128
617,226,150,122
617,226,156,117
606,226,156,117
596,227,156,117
586,228,156,117
576,229,156,117
557,229,156,117
538,229,156,117
518,229,156,117
502,229,150,117
485,229,144,117
468,229,139,117
463,226,135,117
457,222,130,118
452,218,126,119
465,221,126,119
478,223,126,119
491,226,126,119
504,228,126,119
517,231,126,119
533,231,123,119
549,231,120,119
565,231,117,119
580,229,124,119
596,227,132,119
611,226,139,119
613,226,144,119
615,226,150,119
617,226,156,119
618,226,161,119
624,226,150,119
630,226,140,119
636,226,129,119
642,226,118,119
648,226,107,119
643,223,95,113
639,221,82,107
634,219,70,102
630,216,57,96
623,216,57,96
617,215,57,96
610,215,57,96
604,214,57,96
603,216,57,96
601,217,57,96
600,219,57,96
599,220,57,96
598,222,57,96
598,222,57,100
598,222,57,104
598,222,57,109
598,222,57,113
598,222,57,117
590,216,77,118
581,210,96,119
573,204,116,119
565,198,135,120
556,198,138,120
548,198,141,120
540,198,144,120
531,198,146,120
520,198,146,120
509,198,146,120
498,198,146,120
498,198,146,120
498,198,146,120
498,198,146,120
498,198,146,120
494,196,146,120
490,195,146,120
486,194,146,120
481,192,146,120
485,193,146,120
488,193,146,120
491,193,146,120
495,194,146,120
498,194,146,120
498,194,148,120
498,194,149,120
498,194,151,119
498,194,152,119
498,194,154,119
498,194,156,119
498,194,157,118
498,194,159,118
498,194,160,118
498,194,162,117
498,194,163,117
498,194,165,117
501,194,162,117
504,194,159,117
506,194,157,117
509,194,154,117
508,193,154,117
506,192,154,117
504,192,154,117
503,191,154,117
501,190,154,117
499,189,154,117
498,188,154,117
496,187,154,117
494,187,154,117
492,185,154,117
489,183,154,117
487,181,154,117
484,179,154,117
481,177,154,117
481,176,154,117
480,175,154,117
479,174,154,117
478,172,154,117
477,171,154,117
476,170,154,117
475,169,154,117
474,168,154,117
473,168,154,117
471,167,154,117
470,166,154,117
469,165,154,117
468,164,154,117
466,163,154,117
465,162,154,117
464,161,154,117
462,160,154,117
461,159,154,117
460,158,154,117
458,157,154,117
457,156,154,117
456,155,154,117
452,153,154,117
449,151,154,117
446,150,154,117
442,148,154,117
439,146,154,117
440,142,154,117
440,138,154,117
441,134,154,117
442,130,154,117
443,126,154,117
444,123,154,117
445,121,154,117
447,119,154,117
448,116,154,117
448,118,154,117
448,120,154,117
448,122,154,117
448,124,154,117
446,124,152,118
444,124,151,120
442,124,149,122
440,124,148,124
438,124,146,125
435,124,145,127
433,124,144,129
431,124,142,130
429,124,141,132
427,124,139,134
425,124,138,136
423,124,136,137
421,124,135,139
418,124,133,141
418,124,129,143
418,124,124,145
418,124,120,147
418,124,116,150
418,124,111,152
419,126,111,152
419,129,111,152
420,132,111,152
420,135,111,152
419,134,111,152
418,133,111,152
417,133,111,152
416,132,111,152
415,131,111,152
418,132,111,152
420,134,111,152
423,135,111,152
426,137,111,152
424,139,117,149
421,141,123,146
419,144,129,144
417,146,135,141
414,150,136,134
411,154,137,127
408,158,138,120
405,163,139,113
404,163,143,113
403,164,146,113
401,165,150,113
400,166,154,113
394,164,154,115
389,163,154,117
383,161,154,120
378,159,154,122
372,157,154,124
376,159,142,119
381,161,130,114
385,163,118,108
389,166,106,103
394,168,94,98
398,170,81,93
397,172,86,97
396,175,91,101
394,177,96,106
389,178,106,105
383,179,115,104
378,179,124,104
376,181,125,105
375,183,126,107
374,185,128,108
372,187,129,109
371,188,130,111
369,190,131,112
368,192,132,113
367,194,133,115
364,194,136,117
362,194,139,119
360,194,142,120
358,194,144,122
356,194,147,124
354,194,150,126
355,193,150,126
355,193,150,126
356,192,150,126
357,192,150,126
358,191,150,126
359,190,150,126
359,190,150,123
359,190,150,120
359,190,150,118
359,190,150,115
364,189,152,115
369,188,155,116
374,186,157,116
380,185,159,117
387,183,159,110
395,181,159,104
403,179,159,97
411,177,159,91
416,177,159,91
421,177,159,91
425,177,159,91
430,177,159,91
435,177,159,91
436,177,159,91
438,177,159,91
439,177,159,91
440,177,159,91
442,177,159,91
443,177,159,91
444,177,159,91
446,177,159,91
447,177,159,91
448,177,159,91
447,176,159,91
447,174,159,91
446,173,159,91
445,171,159,91
444,169,159,91
443,168,159,91
443,166,159,91
444,168,159,91
445,169,159,91
446,171,159,91
447,172,159,91
448,174,159,91
448,174,159,91
447,175,159,91
447,175,159,91
446,176,159,91
446,176,158,91
446,176,157,91
446,176,156,91
446,176,155,91
446,176,154,91
446,176,153,91
446,176,152,91
446,176,150,91
446,176,149,91
446,176,148,91
448,176,148,91
450,176,148,91
451,176,148,91
453,176,148,91
455,176,148,91
456,176,148,91
458,176,148,91
460,176,148,91
461,176,148,91
463,176,148,91
463,175,146,90
462,175,143,89
462,175,140,88
462,174,138,88
462,174,135,87
461,174,132,86
461,174,130,85
455,172,136,87
449,171,142,90
443,170,148,92
436,169,154,94
430,168,161,96
424,166,167,98
424,166,163,98
424,166,158,98
424,166,154,98
424,166,150,98
424,165,150,102
424,163,150,107
424,162,150,111
424,160,150,115
424,159,150,120
424,157,150,124
430,153,147,124
436,150,144,124
442,146,140,124
448,142,137,124
453,141,133,121
457,140,129,119
462,139,125,116
467,138,120,113
467,138,120,115
467,138,120,117
467,138,120,120
467,138,120,122
467,138,120,124
470,141,120,124
474,144,120,124
478,147,120,124
481,150,120,124
485,153,120,124
489,155,124,124
493,158,128,125
496,160,132,125
500,162,135,125
504,164,139,126
507,166,143,126
510,167,143,126
513,167,143,126
516,168,143,126
518,168,143,126
522,168,143,126
525,168,143,126
528,168,143,126
531,168,143,126
534,168,143,126
537,168,143,126
538,166,143,126
539,164,143,126
541,163,143,126
542,164,143,126
543,166,143,126
544,168,143,126
545,170,143,126
546,172,143,126
547,174,143,126
548,176,143,126
557,176,134,124
566,176,125,123
575,176,116,122
584,176,107,120
593,176,98,119
595,176,89,117
598,176,81,115
601,176,72,113
604,176,63,111
595,176,81,110
586,176,100,109
577,176,119,108
568,176,137,107
570,176,137,107
572,176,137,107
574,176,137,107
576,177,137,107
578,177,137,107
580,177,137,107
581,177,137,107
575,177,144,108
568,177,151,109
561,177,157,109
560,180,157,109
559,183,157,109
557,186,157,109
556,188,157,109
555,191,157,109
554,194,157,109
555,192,157,109
556,190,157,109
558,188,157,109
559,187,157,109
559,187,157,116
559,187,157,123
559,187,157,130
562,188,157,130
565,189,157,130
568,191,157,130
570,192,157,130
570,192,155,130
570,192,152,130
570,192,149,131
570,192,146,131
570,192,143,132
570,192,140,132
570,192,137,133
570,192,134,133
570,192,132,133
568,187,132,131
565,182,132,128
563,177,132,126
560,171,132,123
557,166,132,120
552,159,133,123
547,152,134,126
542,145,136,129
537,138,137,132
533,132,136,129
530,126,134,127
526,119,133,125
522,113,132,122
522,114,127,127
521,116,122,131
520,118,117,135
520,126,117,135
520,134,117,135
520,142,117,135
520,142,117,132
520,142,117,129
520,142,117,125
520,142,117,122
520,142,117,119
521,143,117,119
521,144,117,119
522,145,117,119
522,146,117,119
523,147,117,119
523,148,117,119
524,149,117,119
525,150,117,119
525,151,117,119
526,151,117,119
526,152,117,119
527,153,117,119
527,154,117,119
528,155,117,119
532,162,117,119
536,169,117,119
540,176,117,119
544,183,117,119
546,184,117,119
547,186,117,119
548,187,117,119
549,189,117,119
550,190,117,119
549,192,119,119
547,193,122,120
546,195,125,121
544,196,128,122
545,196,127,122
546,196,127,122
546,196,126,122
547,196,126,122
547,196,125,122
548,196,124,121
548,196,124,121
549,196,123,121
550,196,123,121
550,196,122,121
551,196,122,121
551,196,121,121
552,196,120,120
553,198,120,120
553,201,120,120
554,204,120,120
555,206,120,120
556,209,120,120
556,207,120,120
556,206,120,120
557,205,120,120
557,203,120,120
557,203,117,120
557,203,114,120
557,203,111,120
557,203,108,120
557,203,105,120
557,203,102,120
557,203,99,120
557,203,96,120
546,201,96,120
535,198,96,120
524,196,96,120
516,194,96,120
507,193,96,120
499,191,96,120
491,190,96,120
482,188,96,120
474,187,96,120
468,184,96,120
462,182,96,120
456,180,96,120
450,177,96,120
451,178,96,120
452,179,96,120
453,180,96,120
454,181,96,120
455,180,96,120
457,179,96,120
459,178,96,120
460,178,96,120
462,177,96,120
463,176,96,120
465,175,96,120
467,174,96,120
468,173,96,120
470,172,96,120
472,171,96,120
473,171,96,120
475,170,96,120
477,169,96,120
478,168,96,120
480,167,96,120
481,166,96,120
491,164,96,120
500,162,96,120
509,159,96,120
518,157,96,120
528,155,96,120
537,153,96,120
546,151,96,120
547,150,96,120
547,149,96,120
548,147,96,120
548,146,96,120
549,145,96,120
549,143,96,120
549,142,96,120
550,140,96,120
550,141,96,120
550,142,96,120
550,143,96,120
550,144,96,120
550,145,96,120
550,146,96,120
551,152,96,120
552,159,96,120
553,165,96,120
554,172,96,120
555,178,96,120
556,185,96,120
556,193,96,120
557,201,96,120
558,208,96,120
559,216,96,120
559,215,96,120
559,214,96,120
560,213,96,120
560,213,96,120
560,212,96,120
560,211,96,120
560,210,96,120
560,209,96,120
560,208,96,120
561,207,96,120
561,206,96,120
561,205,96,120
561,204,96,120
561,203,96,120
556,192,96,120
551,181,96,120
546,170,96,120
545,159,96,120
543,148,96,120
542,137,96,120
541,126,96,120
541,125,96,120
541,125,96,120
541,125,96,120
541,125,96,120
542,125,96,120
542,125,96,120
542,124,96,120
542,124,96,120
542,124,96,120
542,124,96,120
543,124,96,120
544,129,96,120
545,134,96,120
546,139,96,120
547,144,96,120
548,150,96,120
550,164,96,120
553,178,96,120
555,193,96,120
557,207,96,120
556,211,96,120
554,215,96,120
552,220,96,120
550,224,96,120
550,223,96,120
551,223,96,120
551,223,96,120
551,222,96,120
552,222,96,120
547,220,96,120
543,218,96,120
538,217,96,120
534,215,96,120
530,213,96,120
525,212,96,120
521,210,96,120
516,208,96,120
512,207,96,120
507,205,96,120
505,207,96,120
502,208,96,120
500,210,96,120
497,211,96,120
495,213,96,120
493,214,96,120
494,213,96,120
496,211,96,120
497,209,96,120
499,207,96,120
501,205,96,120
502,203,96,120
504,201,96,120
506,200,96,120
507,198,96,120
515,194,96,120
522,190,96,120
530,187,96,120
533,187,96,120
536,187,96,120
540,187,96,120
543,187,96,120
546,187,96,120
543,187,96,120
540,188,96,120
537,188,96,120
534,189,96,120
530,189,96,120
527,190,96,120
524,190,96,120
519,190,96,120
515,190,96,120
510,190,96,120
505,189,96,120
500,189,96,120
495,189,96,120
491,188,96,120
492,188,96,120
493,187,96,120
494,187,96,120
495,186,96,120
496,185,96,120
497,185,96,120
498,184,96,120
500,184,96,120
501,183,96,120
502,182,96,120
503,182,96,120
504,181,96,120
505,180,96,120
506,180,96,120
507,179,96,120
514,180,96,120
521,180,96,120
527,180,96,120
534,181,96,120
541,181,96,120
544,182,96,120
547,183,96,120
550,183,96,120
553,184,96,120
556,185,96,120
556,185,96,120
557,186,96,120
558,186,96,120
558,186,96,120
559,187,96,120
556,188,96,120
552,188,96,120
548,189,96,120
544,190,96,120
541,191,96,120
537,192,96,120
538,192,96,120
539,191,96,120
540,190,96,120
541,190,96,120
542,189,96,120
543,188,96,120
543,188,96,120
544,188,96,120
545,188,96,120
546,188,96,120
546,188,96,120
547,188,96,120
548,188,96,120
548,188,96,120
549,188,96,120
550,188,96,120
546,188,100,120
543,188,104,120
539,188,107,120
535,188,111,120
531,188,115,120
534,191,117,122
537,194,119,123
540,197,122,125
543,200,124,126
546,203,126,128
551,203,114,128
556,202,102,128
562,202,90,128
567,201,78,128
581,201,54,125
594,201,30,122
587,201,53,122
580,201,76,122
573,201,99,122
566,201,122,122
559,201,144,122
560,205,144,122
562,209,144,122
563,213,144,122
566,213,142,122
568,213,139,122
571,213,136,122
574,213,134,122
576,213,131,122
579,213,128,122
582,213,126,122
584,213,123,122
587,213,121,122
590,213,118,122
592,213,115,122
595,213,113,122
598,213,110,122
600,213,107,122
603,213,105,122
606,213,102,122
617,213,75,124
628,213,48,126
615,210,68,125
603,207,87,125
590,204,107,125
578,201,126,124
575,201,126,124
573,201,126,124
571,201,126,124
568,201,126,124
568,201,129,123
568,201,132,123
568,201,135,122
568,201,138,121
568,201,141,120
566,202,142,125
564,202,143,129
562,203,144,133
559,203,144,137
557,205,146,136
555,206,148,135
553,208,150,134
550,209,152,133
548,211,154,132
562,211,129,133
577,211,105,134
591,211,80,136
606,211,56,137
596,211,75,138
586,211,94,138
576,211,113,138
567,211,132,139
561,210,143,139
555,210,154,140
549,209,165,140
543,209,176,141
543,209,176,142
543,209,176,143
543,209,176,144
543,209,176,145
543,209,176,146
543,209,176,147
543,209,176,148
543,209,176,149
543,209,176,150
543,209,176,151
543,209,176,151
543,209,176,152
543,209,176,153
543,209,176,154
543,209,176,155
543,209,176,156
543,209,176,157
543,209,176,158
543,209,176,159
544,209,175,159
545,209,174,158
546,209,173,158
547,209,172,158
548,209,171,157
549,209,170,157
550,209,169,156
551,209,168,156
552,209,167,156
553,209,165,155
554,209,164,155
555,209,163,154
556,209,162,154
557,209,161,154
558,209,160,153
559,209,159,153
560,209,158,152
561,209,157,152
562,209,156,152
563,209,155,151
565,209,154,151
566,209,153,150
567,209,152,150
567,209,143,150
567,209,135,150
567,209,126,150
583,209,94,156
570,209,114,158
556,209,134,161
543,209,154,163
537,209,159,162
532,209,164,161
527,209,169,160
522,209,174,159
529,210,174,159
536,211,174,159
543,212,174,159
550,213,174,159
552,207,174,159
555,201,174,159
557,196,174,159
580,196,152,158
602,196,130,157
624,196,107,156
628,195,108,159
631,193,109,162
635,192,109,165
635,192,119,164
635,192,129,162
635,192,139,161
630,192,144,162
624,192,150,163
618,192,156,164
613,192,161,165
610,195,161,165
606,197,161,165
603,199,161,165
600,201,161,165
596,202,161,165
593,202,161,165
589,203,161,165
585,203,161,165
585,203,165,167
585,203,169,169
585,203,174,170
585,203,178,172
578,207,187,170
570,211,196,167
563,214,206,165
561,214,206,165
558,214,206,165
556,214,206,165
554,214,206,165
552,214,206,165
560,215,202,165
568,216,198,166
577,217,194,166
585,218,191,167
607,218,164,167
630,218,138,168
652,218,111,169
657,218,106,167
662,218,101,166
667,218,96,165
652,218,129,165
638,218,162,166
624,218,194,167
622,218,194,167
619,217,194,167
617,216,194,167
614,216,194,167
612,215,194,167
609,214,194,167
606,216,192,167
603,217,190,167
600,218,188,167
597,219,186,167
594,220,183,167
594,220,175,167
594,220,167,167
594,220,159,167
601,218,131,166
608,216,102,165
615,214,74,165
615,214,71,166
615,214,68,167
615,214,65,169
615,214,72,162
615,214,78,156
615,214,85,150
600,214,117,145
585,214,148,140
570,214,180,135
576,211,180,138
581,208,180,141
587,205,180,144
593,201,180,146
600,201,179,148
606,201,178,149
613,200,177,150
620,200,176,152
628,203,167,153
636,206,157,154
644,209,148,156
641,209,148,156
638,209,148,156
635,209,148,156
631,209,148,156
632,213,146,156
633,218,143,157
633,222,141,157
633,222,126,154
633,222,111,151
633,222,96,148
633,222,81,144
612,226,107,142
591,230,132,139
569,234,157,136
548,238,182,133
548,238,179,137
548,238,176,140
548,238,173,143
548,238,170,146
539,239,170,146
530,240,170,146
520,240,170,146
516,240,169,142
512,240,169,138
508,240,168,134
504,240,167,130
518,240,158,130
533,240,150,130
548,240,142,130
563,240,133,130
573,239,138,130
584,238,143,130
594,237,148,130
613,233,138,136
631,229,128,142
650,226,119,148
659,228,115,144
668,230,112,141
678,233,109,137
685,233,102,135
693,233,94,132
700,233,87,130
704,233,79,129
707,233,71,128
711,233,63,128
707,233,59,132
702,233,56,135
698,233,52,139
682,233,68,143
667,233,83,146
653,233,97,148
639,233,111,149
626,233,124,150
606,233,136,149
585,234,148,148
565,234,160,147
544,235,172,146
531,238,180,143
518,241,188,140
506,244,196,137
506,244,193,136
506,244,190,136
506,244,187,135
510,244,188,130
514,243,189,125
518,243,190,120
522,242,191,115
538,240,186,119
554,238,182,123
570,237,178,128
578,231,175,136
585,226,172,144
593,220,169,152
604,220,164,152
616,220,159,152
628,220,154,152
625,218,154,152
623,216,154,152
620,214,154,152
614,216,154,152
608,218,154,152
602,219,154,152
596,221,154,152
589,222,154,152
583,224,154,152
577,226,154,152
571,229,154,152
565,231,154,152
552,231,167,155
539,231,180,158
526,231,193,161
520,232,193,161
514,232,193,161
508,232,193,161
502,233,193,161
504,232,193,161
506,231,193,161
508,231,193,161
511,230,193,161
513,229,193,161
524,230,193,161
534,230,193,161
545,231,193,161
556,231,193,161
559,230,193,161
562,230,193,161
565,229,193,161
568,232,193,161
572,235,193,161
576,238,193,161
580,240,193,161
577,239,193,161
575,238,193,161
572,238,193,161
570,237,193,161
567,236,193,161
565,235,193,161
562,233,193,161
559,232,193,161
556,231,193,161
554,229,193,161
553,229,193,165
553,229,193,169
552,229,193,172
552,229,193,176
551,227,193,176
549,226,193,176
548,224,193,176
549,227,193,176
550,230,193,176
551,233,193,176
552,237,193,176
557,237,193,176
562,238,193,176
567,238,193,176
572,238,193,176
571,238,193,176
571,238,193,176
570,238,193,176
569,238,193,176
568,238,193,176
567,238,193,176
566,238,193,176
566,238,193,176
565,238,193,176
562,237,193,176
559,236,193,176
556,234,193,176
554,233,193,176
551,231,193,176
549,229,193,176
547,227,193,176
544,226,193,176
542,226,196,176
539,226,198,177
536,226,201,177
533,226,204,178
530,226,207,178
527,226,210,178
524,226,213,179
521,226,216,179
518,226,219,180
515,226,222,180
512,226,225,181
509,226,228,182
506,226,231,182
503,226,234,183
500,226,237,184
497,226,240,185
494,226,243,185
494,226,237,187
494,226,232,189
494,226,226,191
494,226,220,193
494,226,215,194
494,226,223,196
494,226,231,198
494,226,239,200
494,226,234,200
494,226,230,201
494,226,225,201
494,226,220,202
490,226,225,203
486,226,229,204
482,226,233,205
478,226,237,206
485,226,224,208
493,226,212,210
501,226,199,212
508,226,186,214
516,226,173,216
524,226,161,218
531,226,148,220
539,226,135,222
522,226,177,225
506,226,218,227
489,226,259,230
493,226,249,225
498,226,239,219
503,226,229,214
507,226,219,209
513,226,213,209
518,226,207,209
524,226,202,209
524,226,198,209
524,226,194,209
524,226,191,209
524,226,187,209
518,226,198,207
513,226,208,204
507,226,219,202
507,226,219,202
507,226,220,201
507,226,221,201
507,226,222,201
507,226,223,201
507,226,224,200
507,226,225,200
507,226,226,200
507,226,227,200
507,226,228,199
507,226,229,199
507,226,230,199
507,226,231,198
507,226,232,198
510,229,232,196
514,232,232,193
517,235,232,191
520,238,232,188
523,241,232,186
526,244,232,183
526,244,230,182
526,244,228,182
526,244,226,181
526,244,224,180
529,244,221,180
532,244,218,180
535,244,215,180
538,244,212,180
540,244,210,180
543,244,207,180
546,244,204,180
541,244,213,180
536,244,222,180
531,244,232,180
526,244,241,180
520,244,250,180
524,244,247,183
527,244,243,186
530,244,240,189
534,244,237,192
537,244,233,194
536,244,234,194
535,244,235,194
534,244,236,194
533,244,237,194
533,248,237,190
533,253,237,186
533,257,237,181
533,262,237,177
533,266,237,172
533,266,237,176
533,266,237,180
533,266,237,183
534,269,237,185
535,271,237,187
536,273,237,189
537,276,237,191
536,276,237,191
535,276,237,191
535,276,237,191
534,276,237,191
533,276,237,191
532,276,237,191
531,277,237,191
530,277,237,191
530,277,237,191
529,277,237,191
528,277,237,191
527,277,237,191
526,277,237,191
526,278,237,191
525,278,237,191
524,278,237,191
523,278,237,191
522,278,237,191
522,278,237,191
521,279,237,191
520,279,237,191
519,279,237,191
518,279,237,191
517,279,237,191
517,279,237,191
517,281,237,191
518,284,237,191
519,286,237,191
520,288,237,191
520,290,237,191
514,295,237,191
508,300,237,191
502,304,237,191
496,309,237,191
501,307,237,191
506,306,237,191
511,304,237,191
516,303,237,191
521,301,237,191
526,300,237,191
528,300,237,191
531,300,237,191
533,300,237,191
535,300,237,191
536,300,237,191
538,301,237,191
539,301,237,191
527,306,237,191
515,311,237,191
504,316,237,191
513,316,234,191
522,316,231,191
531,315,228,191
541,315,225,191
550,315,222,191
559,314,219,191
546,320,219,191
532,326,219,191
519,331,219,191
506,337,219,191
511,332,222,193
517,328,226,195
522,324,230,198
528,320,233,200
531,316,233,200
534,313,233,200
537,309,233,200
536,306,233,200
535,304,233,200
533,301,233,200
528,303,242,201
522,304,250,202
517,306,258,203
511,307,267,204
512,304,267,204
512,301,267,204
512,299,267,204
513,296,267,204
506,296,274,204
498,296,282,204
491,296,289,204
