410,327,45,104
405,328,45,101
400,329,44,100
400,331,44,99
395,326,44,104
389,329,45,99
385,329,47,97
379,330,49,95
379,332,44,95
376,332,44,97
372,333,42,96
372,332,40,96
371,332,40,96
364,332,40,98
359,330,40,101
355,334,40,104
355,330,40,105
350,330,40,104
346,332,37,100
343,331,39,112
343,330,36,115
340,331,36,114
333,333,37,112
324,331,45,113
324,332,42,113
319,331,45,110
321,331,39,115
314,332,45,111
312,330,40,116
308,328,44,122
303,334,47,113
299,335,49,112
299,330,45,119
293,333,55,115
291,334,55,114
285,332,45,121
288,333,50,117
287,334,44,118
280,334,47,116
282,336,50,117
280,339,44,116
275,341,44,114
272,339,42,116
267,338,42,116
264,336,40,116
259,337,40,115
256,334,42,116
253,332,47,119
251,337,44,116
251,338,44,117
243,339,53,114
243,340,47,118
241,337,44,118
233,335,44,119
233,333,45,118
232,332,47,117
232,329,50,121
232,332,45,124
230,337,49,124
227,347,45,122
225,351,52,118
220,353,52,119
217,354,49,123
210,351,49,124
212,351,49,123
206,351,52,124
204,350,47,126
199,351,53,127
199,350,47,129
198,351,50,126
194,352,47,127
189,349,53,127
189,350,50,122
188,351,50,126
178,350,55,128
178,352,55,126
173,348,52,129
170,343,57,130
164,340,55,128
159,338,52,127
157,337,50,125
162,335,52,127
173,332,58,127
181,334,57,127
191,337,55,129
199,340,57,128
209,341,57,125
217,343,49,127
232,344,52,123
249,349,49,122
259,348,55,127
282,352,55,128
290,353,53,127
299,355,52,129
306,353,52,128
312,351,53,126
311,351,57,132
311,349,55,129
319,344,49,127
329,343,57,129
332,341,57,129
346,343,52,128
358,342,55,128
369,344,55,130
387,340,57,132
400,331,55,135
403,333,55,129
403,332,57,128
401,333,58,127
403,331,55,129
410,330,62,131
427,332,53,130
442,338,53,128
461,343,53,126
481,347,57,125
503,344,55,130
520,347,52,132
534,350,53,128
539,344,52,131
536,340,55,130
536,338,55,129
533,337,62,129
529,333,57,129
539,332,52,124
544,330,50,123
549,330,50,133
555,333,47,131
559,332,50,130
557,334,52,128
554,334,50,126
550,332,52,130
544,331,55,130
537,331,60,129
539,326,53,127
536,326,55,127
531,326,58,127
520,326,58,129
513,326,62,127
507,326,58,127
505,323,57,128
502,322,57,128
505,321,53,131
507,321,68,129
500,330,63,126
489,333,63,126
461,338,68,123
401,343,68,129
367,347,70,129
338,348,65,125
319,343,60,127
312,337,65,128
312,334,62,128
312,330,66,128
314,329,60,126
314,326,63,126
311,325,60,122
316,325,53,123
312,325,62,125
309,330,63,122
312,334,57,117
312,338,53,117
311,341,57,118
314,345,57,111
311,347,58,113
311,350,58,110
311,352,58,111
311,352,55,111
312,350,58,111
311,351,57,109
308,352,60,108
314,354,55,106
316,352,52,104
312,353,55,106
316,351,52,105
312,350,53,105
311,348,55,109
317,348,57,108
329,350,50,103
340,350,52,103
353,351,49,104
356,353,49,100
356,355,47,106
358,356,52,104
355,368,57,97
366,370,49,95
385,363,47,98
389,363,47,97
393,364,47,99
397,361,47,101
398,362,40,102
398,365,49,99
408,357,47,106
418,355,47,104
432,351,49,101
442,357,45,92
447,356,49,93
447,362,44,91
444,351,50,102
448,352,45,98
447,353,50,98
448,352,50,97
447,354,50,97
452,354,44,102
448,356,47,99
450,354,49,101
450,351,49,101
450,354,47,97
450,352,45,98
448,352,49,101
452,353,47,100
453,350,47,104
447,350,53,99
444,350,50,100
452,350,45,98
444,351,49,99
448,354,47,98
453,352,39,101
450,352,42,100
447,355,50,98
457,355,40,98
448,353,47,95
452,353,45,98
450,351,49,91
450,355,47,95
453,352,45,99
452,351,47,100
453,356,45,94
453,354,47,96
447,350,50,96
448,351,49,96
452,351,47,94
447,344,50,99
458,346,42,97
455,352,42,95
453,351,44,96
455,353,45,97
455,350,44,96
453,366,47,81
450,359,47,85
452,355,45,94
452,355,44,93
458,355,39,94
455,353,42,97
453,352,44,97
457,355,42,96
455,355,42,96
457,356,40,94
455,356,44,96
453,355,44,94
448,355,49,93
453,350,40,95
452,351,42,94
450,352,45,94
453,355,44,91
453,356,44,93
457,354,42,93
457,355,42,95
455,353,39,95
457,353,40,96
458,353,42,96
455,356,42,94
457,357,44,92
455,361,42,91
450,364,45,88
455,364,40,94
457,362,40,93
455,365,42,90
455,366,42,91
455,368,42,89
457,371,40,85
455,372,40,84
452,370,44,84
457,370,44,82
453,363,39,88
458,363,37,90
455,363,40,91
455,364,42,94
455,367,42,90
455,371,45,84
457,372,39,86
453,371,44,87
460,369,39,88
458,370,37,88
458,366,37,90
458,372,37,86
458,368,40,93
460,369,40,91
460,369,39,92
453,369,45,88
455,368,42,90
458,373,40,83
452,377,40,80
455,370,37,88
455,375,37,82
457,375,39,83
455,370,37,88
457,374,37,84
455,373,39,85
457,371,37,88
458,370,39,87
453,372,40,86
457,371,40,85
453,372,39,87
457,370,39,87
453,368,37,89
458,371,36,89
457,375,36,82
457,373,36,86
455,371,39,87
453,374,40,84
455,372,40,85
457,374,37,84
460,374,40,82
457,371,39,85
455,370,42,89
455,371,39,85
452,371,44,88
453,368,44,92
455,367,42,91
453,370,40,90
455,370,42,88
457,369,42,91
453,372,42,88
453,370,44,94
453,363,39,98
444,348,50,111
435,346,53,115
431,344,62,116
431,343,63,110
432,345,63,115
434,341,63,121
432,341,66,122
429,342,65,115
435,341,57,121
435,339,66,116
437,339,60,120
435,339,66,123
442,339,62,124
439,339,65,119
439,339,63,120
442,340,65,124
440,339,68,126
442,338,62,126
444,339,60,133
444,341,60,126
448,339,58,129
447,339,58,131
447,339,55,131
447,339,58,134
448,337,55,125
447,340,57,124
450,340,57,125
450,339,53,129
448,340,57,127
450,338,55,128
447,340,57,129
447,340,62,129
448,340,60,129
448,340,62,131
450,339,57,132
447,338,63,135
452,343,53,127
450,341,58,130
450,342,60,127
452,343,60,127
448,342,60,132
450,341,58,132
447,340,66,132
452,342,60,135
450,342,63,133
452,343,58,130
450,343,62,132
453,341,58,134
447,341,65,135
455,342,52,127
453,342,57,131
455,342,55,131
457,339,53,135
453,343,50,132
453,342,53,131
453,341,52,133
457,341,50,129
453,341,55,132
453,341,55,128
453,340,52,133
450,341,60,131
448,341,60,133
450,341,60,131
452,341,53,132
448,339,57,134
452,340,57,133
450,341,60,131
452,342,62,131
450,341,57,132
453,340,60,133
452,342,55,132
448,340,62,132
444,339,68,136
440,340,68,134
442,341,68,131
445,338,63,134
445,338,63,134
445,340,62,133
447,340,65,131
447,339,65,133
445,339,66,133
447,338,63,133
450,339,60,132
447,338,60,134
445,339,58,133
450,337,60,136
448,338,53,135
447,337,62,136
448,337,58,133
448,336,63,138
447,338,63,135
448,337,60,137
448,337,60,136
447,336,65,136
445,338,65,134
447,337,68,137
447,337,62,131
445,335,60,136
442,336,66,132
442,336,66,133
439,338,70,131
440,336,60,131
439,337,66,132
434,339,68,129
432,339,63,129
434,338,62,131
432,339,63,127
432,340,66,126
432,340,60,123
432,338,63,130
432,338,65,127
431,339,65,128
434,336,57,132
434,335,60,131
437,334,58,129
437,332,58,132
437,330,60,133
435,332,60,130
440,332,57,131
439,331,57,131
437,332,58,132
439,334,58,132
440,333,53,136
437,334,55,137
437,336,50,135
435,337,53,134
437,339,53,133
439,341,47,135
437,340,50,135
435,343,52,134
434,340,50,136
429,340,55,137
429,341,55,135
426,340,55,136
427,342,62,133
426,342,60,136
423,344,62,135
424,346,57,131
418,344,60,132
414,346,63,131
416,346,60,129
413,345,62,129
411,348,63,125
411,349,65,121
413,349,60,125
413,350,60,121
414,353,62,120
413,353,60,122
413,357,63,119
413,359,62,117
414,363,60,119
414,366,63,114
414,369,62,114
419,371,60,115
416,372,62,117
416,373,65,114
418,373,62,115
418,373,57,113
416,373,60,115
419,371,53,113
421,368,57,116
421,368,60,113
421,365,57,114
421,363,57,114
419,361,62,115
416,358,66,113
419,355,63,113
418,353,65,115
414,354,68,113
414,354,68,109
414,353,65,110
413,354,68,111
413,356,73,114
414,358,70,110
411,359,73,114
413,361,73,112
411,364,73,111
413,365,73,114
410,363,71,114
413,363,71,117
411,368,70,110
413,368,66,110
416,369,70,108
416,370,66,111
414,371,65,111
414,373,68,109
413,373,68,108
413,372,65,109
413,372,68,109
413,372,63,111
410,373,70,111
410,371,71,114
411,373,66,110
410,371,68,113
413,371,65,110
408,371,71,113
408,368,68,109
406,364,66,116
408,363,66,117
408,361,68,121
401,358,73,128
403,356,73,132
397,355,76,125
395,358,79,128
393,355,78,132
322,359,76,139
316,346,76,148
308,342,86,142
306,337,76,144
304,332,74,144
301,326,74,144
295,321,76,139
290,319,76,141
288,318,74,142
285,320,76,141
282,322,78,143
275,328,79,143
277,331,78,137
275,331,74,139
270,330,76,138
269,326,78,141
264,325,76,137
262,324,73,138
262,322,70,140
257,324,73,138
257,323,66,136
254,317,70,136
257,319,62,134
251,318,66,132
253,317,65,134
249,316,68,136
248,318,71,137
249,319,70,134
244,321,74,133
246,323,71,133
241,324,76,133
236,330,76,133
236,334,73,133
235,335,74,132
235,334,70,134
228,335,76,133
233,335,71,134
232,336,71,132
233,336,68,134
232,338,70,133
228,338,74,133
232,340,68,131
228,339,74,132
228,339,73,133
220,333,73,135
220,333,73,135
217,329,78,136
217,326,76,138
219,326,74,137
217,324,78,137
220,322,78,136
223,321,71,135
225,320,70,136
225,317,70,138
222,315,74,136
225,311,70,137
225,311,70,136
223,312,74,132
223,310,74,132
223,309,74,134
225,305,73,137
227,303,71,137
227,303,73,134
232,301,70,136
232,302,71,136
241,298,73,136
251,297,78,135
270,296,78,133
291,297,73,132
314,296,76,135
338,291,73,141
340,289,74,140
337,290,76,139
335,290,79,141
338,291,74,140
337,291,76,139
340,292,73,140
346,296,76,139
363,298,70,138
364,301,78,139
384,309,78,140
398,311,68,137
406,310,65,136
410,310,66,134
411,308,65,135
414,306,65,138
416,305,70,136
419,304,74,136
435,303,68,136
439,302,74,135
445,301,76,134
445,301,84,134
450,300,81,134
448,299,86,133
448,299,87,134
457,301,87,136
463,301,86,136
469,300,84,140
474,301,79,136
476,304,76,132
482,302,70,134
484,300,65,138
487,301,65,135
486,299,71,135
487,300,76,134
497,299,73,136
497,302,76,133
502,304,74,133
502,305,86,135
510,307,89,134
521,310,70,135
520,310,73,134
521,308,70,135
520,310,70,136
515,307,70,138
512,306,63,136
505,307,66,133
507,306,68,134
510,306,68,132
508,306,78,132
521,307,83,133
520,304,89,134
523,304,79,134
528,306,78,132
526,307,73,132
526,307,68,129
521,302,66,136
518,304,63,133
516,305,62,133
521,303,60,135
516,302,74,136
505,302,83,136
503,301,76,136
502,297,74,139
500,299,74,137
499,298,76,136
495,297,81,138
495,298,83,135
500,299,74,135
500,301,83,135
492,301,91,138
500,302,84,134
502,300,84,138
508,299,74,137
512,299,71,137
510,297,71,139
499,295,83,138
499,295,84,136
497,295,83,135
495,293,87,140
497,294,83,135
503,296,84,135
508,294,81,138
510,296,81,138
505,296,87,136
516,297,79,136
520,297,86,131
516,298,91,134
516,299,91,132
518,298,89,133
515,298,91,134
529,296,71,136
525,300,71,131
516,302,79,131
526,303,66,132
528,303,66,131
529,304,70,130
533,306,66,129
525,305,74,129
526,307,74,128
523,306,76,129
518,302,83,132
516,307,83,129
525,306,81,126
529,306,71,130
528,307,76,127
546,310,58,127
542,309,62,128
546,311,60,125
544,313,65,125
549,311,65,127
550,310,65,127
557,311,57,121
565,313,49,108
563,311,65,111
565,314,58,106
568,312,50,92
565,309,45,91
542,311,49,78
539,313,45,81
525,316,49,80
534,319,42,79
531,318,40,78
536,314,47,85
539,319,42,70
541,319,47,77
536,323,44,73
529,322,45,65
534,325,49,68
528,322,49,78
521,321,52,71
515,320,53,73
520,319,49,78
528,318,47,77
549,318,50,70
562,319,45,69
578,320,55,82
581,321,58,81
583,318,57,84
581,318,55,86
578,320,57,93
586,320,44,78
588,321,55,73
593,318,44,79
594,318,44,77
601,320,40,78
591,323,57,85
597,322,55,86
602,320,53,88
599,323,62,88
605,327,62,84
618,331,65,84
627,333,65,84
628,332,65,83
631,330,63,87
625,329,66,88
620,331,68,88
622,330,62,85
622,330,62,87
618,327,62,90
615,326,63,91
610,330,63,86
607,328,62,86
607,330,60,85
607,330,53,86
604,330,55,83
597,329,57,81
599,328,57,80
596,328,58,84
596,330,55,85
596,333,52,79
588,332,52,80
584,334,57,79
583,333,50,79
581,333,62,80
578,334,63,79
576,333,58,79
573,333,60,85
570,334,62,83
571,333,55,92
567,333,65,89
568,333,57,91
565,334,57,86
554,334,65,88
555,335,63,86
559,337,55,86
547,338,62,86
549,340,60,87
544,341,60,87
546,340,63,90
546,341,55,85
542,342,55,85
542,342,53,85
546,340,55,93
550,342,58,89
575,341,53,90
589,343,55,90
605,345,57,91
607,347,55,90
605,344,58,90
602,343,58,91
610,337,52,97
609,337,55,94
610,339,60,88
617,335,57,89
625,332,57,93
617,333,60,91
617,334,58,94
614,330,62,100
612,331,63,105
610,332,65,103
607,332,58,97
601,331,57,96
602,332,66,99
599,333,60,104
596,335,65,98
594,337,58,102
591,337,66,96
594,333,60,98
594,337,60,93
594,338,55,96
588,338,66,98
583,340,70,93
586,341,62,91
584,340,62,93
580,341,68,94
576,343,66,93
571,345,73,93
565,344,76,97
567,343,71,99
565,344,71,93
560,344,73,95
559,345,71,93
563,344,71,93
560,344,70,91
554,344,74,98
559,342,73,97
555,343,68,100
557,346,65,95
554,347,71,95
550,347,70,96
547,347,71,98
550,348,65,99
544,348,71,98
546,350,66,96
542,349,66,101
547,349,58,102
542,350,62,99
542,350,62,103
547,351,53,92
546,352,58,98
547,352,53,98
542,351,62,100
542,354,57,97
533,353,70,99
536,351,63,101
521,350,79,101
529,350,70,99
526,350,73,97
526,348,70,105
526,349,74,99
526,348,76,101
531,349,68,101
528,351,71,96
531,348,71,98
536,347,74,99
542,348,70,96
552,345,73,99
559,344,70,102
565,345,62,96
565,344,70,98
565,342,70,100
568,336,73,100
567,335,71,99
567,333,73,103
567,335,74,99
567,332,78,100
578,337,76,101
580,337,83,105
580,340,71,101
580,340,71,101
584,342,63,99
576,338,65,99
581,339,57,100
581,337,63,97
578,337,65,103
576,337,68,101
578,335,63,103
575,337,68,103
575,337,58,103
571,338,71,103
575,335,62,102
573,335,65,101
570,336,68,105
573,340,58,99
570,340,65,99
570,341,62,100
565,339,68,101
570,341,60,102
567,343,65,101
568,344,63,101
567,344,65,102
562,346,66,99
567,344,58,104
565,344,57,106
565,346,60,110
563,345,63,106
559,346,63,115
549,350,58,117
546,347,58,111
537,352,52,108
526,344,58,115
525,343,57,108
529,346,49,108
525,348,62,108
520,352,58,103
526,354,52,104
520,350,60,98
526,351,62,105
536,355,60,102
542,355,60,110
560,356,55,132
560,354,65,131
560,348,65,137
560,347,60,134
557,343,66,136
554,339,60,135
560,338,52,135
550,336,62,135
559,335,58,139
567,339,49,138
571,342,57,137
593,344,62,134
604,344,53,133
615,344,52,134
610,345,57,129
617,338,49,138
607,334,53,137
607,337,58,127
612,328,52,139
615,334,63,131
623,332,50,133
633,337,57,130
633,334,63,131
633,339,62,124
625,338,58,126
618,337,62,131
618,335,74,132
620,332,65,134
617,333,74,128
614,330,74,135
610,329,66,128
607,328,65,126
605,328,65,128
604,328,65,129
604,327,66,127
599,326,73,132
597,327,73,130
591,328,79,127
588,330,73,127
594,330,65,128
589,330,76,126
588,330,73,125
591,331,71,122
584,331,74,124
584,329,76,129
584,330,74,128
578,327,79,127
580,327,78,127
584,323,71,131
581,324,74,126
580,321,79,128
578,321,78,128
575,320,79,130
578,321,74,127
576,324,78,123
575,321,81,126
575,320,79,126
570,319,79,129
578,318,76,130
575,317,81,131
573,323,79,124
578,324,78,124
575,321,83,130
580,324,73,128
571,324,86,126
578,323,79,125
581,326,79,124
576,324,87,126
581,323,79,125
578,325,81,124
581,325,81,124
584,324,76,123
584,327,78,119
583,326,79,118
588,326,79,116
586,327,81,117
584,325,83,121
586,329,79,113
589,328,79,116
586,328,83,114
589,327,76,112
593,329,78,113
593,330,78,110
593,329,78,114
591,331,76,112
593,329,73,112
591,329,78,113
594,331,73,109
593,330,76,111
596,330,70,113
593,327,73,111
593,326,76,116
594,326,68,117
601,326,68,117
584,336,74,112
581,313,78,112
584,297,81,124
604,291,76,128
604,304,78,117
593,291,79,121
597,281,74,110
581,313,71,112
580,311,81,130
578,311,81,128
573,314,83,126
573,313,84,125
575,315,81,127
570,314,83,128
570,313,83,129
567,314,81,127
563,313,83,131
570,316,74,134
544,313,94,128
552,314,84,128
546,311,94,131
547,311,89,132
549,310,87,133
546,309,89,134
541,310,87,134
537,310,89,134
537,310,87,133
542,314,83,128
542,312,79,131
541,311,83,133
541,313,81,131
539,313,81,134
536,312,84,136
534,314,79,135
534,313,79,134
534,314,76,134
531,315,81,135
529,315,81,133
529,315,76,134
526,316,81,131
523,312,83,137
523,314,83,137
526,314,76,134
523,313,81,137
521,311,84,139
523,312,81,136
523,313,81,136
520,314,83,134
521,313,81,137
523,316,79,135
521,316,83,134
523,319,81,132
523,318,81,137
528,321,79,131
529,321,78,133
525,320,83,131
528,322,79,129
531,320,76,133
533,322,78,130
534,323,79,130
534,323,76,129
531,324,81,129
534,324,78,129
537,325,79,126
541,324,74,127
539,324,78,128
534,325,86,127
537,327,81,127
534,331,91,121
544,331,83,124
537,333,89,121
534,335,92,119
537,333,91,121
542,334,87,120
541,335,92,122
544,336,89,119
539,337,96,119
539,337,94,119
539,339,97,116
544,342,89,113
542,343,91,114
549,343,87,111
544,344,96,115
549,345,91,110
542,346,94,109
541,348,100,107
542,346,102,110
544,346,100,110
539,348,104,108
542,347,100,111
536,348,110,107
542,347,102,108
544,349,100,106
546,351,99,105
544,349,99,108
541,348,104,109
546,347,102,108
544,348,100,110
546,349,99,107
541,349,107,110
542,349,104,106
542,349,104,109
541,348,107,107
546,349,99,110
546,352,99,107
542,350,104,109
552,355,96,101
549,350,100,108
547,350,102,109
549,357,102,102
544,355,104,105
544,357,104,101
547,359,104,100
547,362,104,97
550,363,99,98
549,363,96,97
547,358,105,103
549,355,99,108
557,358,91,104
554,361,96,99
547,367,102,95
550,363,99,99
552,364,100,96
552,365,94,99
554,367,91,95
552,361,97,101
547,363,102,100
547,367,100,94
552,364,97,100
550,367,102,96
547,369,100,95
550,363,99,98
550,365,97,97
547,363,102,101
554,365,96,96
554,365,94,96
550,366,99,95
550,365,96,100
549,363,102,97
557,363,96,99
549,365,102,94
552,363,99,99
550,365,97,96
547,364,100,100
552,361,97,100
549,367,96,95
550,363,97,99
555,365,91,97
554,367,96,96
550,364,102,101
552,364,97,101
552,364,97,101
554,368,92,96
557,366,89,99
555,364,92,101
557,366,92,98
557,366,92,98
552,366,97,101
552,364,99,99
560,364,87,98
557,364,92,99
550,366,97,97
554,367,94,98
550,364,96,98
549,364,102,99
550,364,97,100
559,365,91,101
552,365,96,101
550,365,99,102
550,366,100,99
554,367,97,99
549,367,100,98
550,366,96,96
550,366,96,100
550,367,94,100
552,367,94,97
552,366,97,97
559,363,89,103
549,368,99,98
549,365,100,99
552,364,96,99
560,365,89,102
550,368,99,98
554,363,99,103
552,363,97,104
552,359,97,103
554,366,96,99
550,363,99,104
554,364,96,107
552,365,96,99
549,369,99,100
560,364,89,106
557,366,92,101
552,368,97,97
546,367,104,100
547,366,104,102
550,364,99,104
552,367,94,98
555,365,96,101
550,368,97,99
550,367,102,98
552,366,97,100
547,368,99,98
550,367,91,100
550,365,97,103
549,371,99,96
554,368,94,102
554,368,94,102
547,369,97,99
549,368,99,100
552,370,96,99
554,371,92,95
550,369,96,95
547,371,99,97
552,371,91,95
552,368,97,101
547,369,100,102
552,371,91,100
554,372,92,101
552,370,94,102
555,371,94,102
557,369,87,103
555,371,94,103
555,373,91,97
552,372,96,100
554,370,96,98
550,370,96,102
549,371,96,99
554,373,92,100
555,374,91,98
552,366,92,106
552,373,97,96
554,368,92,104
546,377,102,95
547,376,100,97
552,369,99,106
552,375,97,97
542,379,107,93
549,377,99,97
549,376,100,96
552,375,97,100
549,376,100,97
539,373,110,102
547,372,105,100
544,377,105,95
547,374,107,98
546,376,104,102
542,374,108,98
547,376,100,98
547,377,100,95
544,377,102,97
544,377,104,96
549,377,102,96
541,376,113,98
552,377,99,96
547,377,102,95
541,376,108,97
547,376,102,96
546,377,105,93
549,379,102,93
546,380,102,92
549,373,99,100
549,377,100,94
552,377,96,95
539,363,107,110
544,367,102,111
546,376,102,96
547,376,104,97
552,381,92,91
550,377,99,93
549,376,104,97
554,377,96,96
549,377,99,97
549,376,105,96
549,376,104,96
552,378,97,94
554,376,94,96
544,379,102,93
549,378,94,95
549,376,100,94
544,378,100,95
547,376,104,102
544,375,105,99
549,379,100,94
550,378,97,96
546,375,100,98
547,377,100,97
552,378,99,95
547,378,100,94
546,374,100,97
549,377,100,98
550,377,96,95
549,379,100,92
557,376,91,94
544,373,104,98
560,379,86,94
550,379,102,90
552,376,96,93
547,375,104,94
557,378,92,96
549,379,102,90
559,378,91,94
552,379,99,93
550,377,100,97
549,377,99,93
547,378,99,94
559,376,87,93
549,374,102,102
544,379,107,95
544,376,107,98
547,378,99,93
554,379,97,93
549,380,99,89
552,377,96,97
557,378,92,95
547,376,100,97
546,380,100,89
555,375,92,100
557,376,92,96
550,379,96,94
557,375,94,96
552,376,100,94
550,375,104,94
554,378,102,90
549,377,107,94
549,382,105,90
560,379,92,93
557,376,99,96
557,371,97,99
552,374,97,93
550,373,105,95
559,367,96,102
559,370,99,100
560,366,97,104
557,363,107,105
560,359,105,108
557,361,100,105
555,362,102,116
557,353,105,115
559,362,97,105
560,368,96,96
560,369,99,97
557,372,104,93
557,370,100,99
567,374,94,95
567,374,91,95
560,375,96,94
559,373,97,99
554,373,99,97
549,377,112,92
550,375,105,96
549,375,108,99
549,373,113,98
547,375,113,97
549,372,110,99
550,374,107,97
554,369,104,100
554,373,104,93
555,372,100,94
559,370,102,98
552,372,108,97
550,372,107,98
554,373,108,97
549,379,112,93
552,376,102,94
554,379,108,92
546,378,115,93
546,376,113,97
552,374,110,100
552,379,108,95
552,375,104,99
554,375,100,99
550,380,108,93
547,377,108,93
555,376,102,96
555,374,104,98
554,373,102,100
546,377,110,94
550,378,108,93
550,381,107,91
557,381,99,92
554,375,104,92
550,374,105,95
554,378,100,91
549,373,107,98
554,375,102,96
557,381,97,93
549,376,102,99
550,378,104,97
547,375,107,97
554,375,100,96
560,371,94,99
555,370,99,98
550,365,108,102
555,367,102,102
555,366,102,100
555,368,96,99
554,368,104,100
554,371,110,99
554,370,104,101
555,373,100,95
555,373,97,97
554,373,100,100
554,373,100,98
560,373,99,98
552,371,104,99
557,370,97,102
557,371,100,101
550,371,105,99
547,367,105,106
550,371,104,100
550,370,100,102
552,368,105,101
557,369,96,102
554,370,100,103
557,370,96,101
552,369,100,103
552,373,99,100
550,368,99,104
550,369,99,105
547,369,105,101
552,369,99,98
550,369,97,102
547,368,102,103
549,365,97,105
544,365,105,105
544,366,108,108
544,366,113,111
542,367,105,108
546,364,104,111
550,365,96,109
552,367,100,103
550,368,99,106
550,366,99,107
547,365,102,110
547,366,97,106
547,365,104,110
552,368,94,106
546,367,104,103
546,364,97,108
546,365,100,105
541,364,107,109
539,364,108,108
539,364,108,106
544,366,107,105
552,366,96,108
544,368,107,106
544,368,107,106
555,368,89,106
552,365,97,110
546,364,94,111
546,366,96,105
542,366,97,104
544,364,91,105
536,364,99,110
536,367,92,106
541,361,92,112
539,362,92,108
536,358,91,111
537,358,94,114
544,356,86,116
544,356,84,114
544,355,89,120
534,356,94,115
537,356,89,117
541,361,87,112
534,356,94,114
537,362,87,108
536,362,92,111
533,364,94,108
534,367,91,104
544,367,78,108
541,372,83,100
534,371,86,102
544,366,81,108
544,366,83,105
547,367,83,104
547,365,79,106
542,366,83,106
549,368,76,101
546,366,83,106
546,365,86,107
546,370,84,104
541,372,84,100
550,371,76,103
552,372,78,101
550,370,79,102
547,366,79,109
552,366,78,107
544,370,84,103
546,368,81,106
546,367,78,103
549,367,79,109
549,371,79,104
549,370,76,104
539,371,91,104
542,370,89,107
546,371,79,101
546,370,83,104
537,368,91,107
542,370,89,104
555,368,74,104
547,364,83,113
544,367,83,107
542,365,84,109
542,365,86,114
547,366,76,111
546,369,81,105
541,370,84,107
541,368,87,104
539,366,92,111
546,366,83,110
544,368,91,106
541,367,87,111
549,365,79,112
541,368,84,108
542,367,86,112
547,367,79,111
542,370,83,105
544,369,78,105
537,372,86,103
544,373,78,107
546,371,78,109
547,371,74,105
541,375,79,101
542,375,81,102
544,375,84,101
539,370,81,107
541,373,83,103
539,372,84,105
539,373,86,103
546,377,78,98
539,374,87,105
541,372,84,103
537,375,86,103
541,374,83,102
544,373,78,107
541,370,83,108
537,370,83,108
544,371,76,107
544,376,79,102
542,374,81,105
539,372,83,104
544,373,83,104
544,369,76,107
542,368,78,106
547,368,74,106
547,369,79,106
546,368,74,106
544,367,78,107
549,370,74,105
541,372,86,105
542,375,81,102
546,373,81,105
546,376,83,103
542,372,86,108
542,372,84,105
544,371,81,104
547,372,78,104
544,370,79,103
547,369,79,108
537,369,87,105
539,370,84,106
539,372,86,102
547,372,74,102
542,369,87,109
542,370,84,109
544,372,78,106
547,368,74,110
542,370,81,109
544,365,78,114
539,370,84,106
539,366,86,111
536,364,83,112
550,368,73,109
550,370,73,105
546,372,79,107
544,372,78,103
544,368,81,106
550,368,70,106
549,367,76,107
546,370,81,107
542,373,86,104
542,371,86,107
549,368,81,111
549,370,79,109
547,374,78,104
539,376,86,101
539,371,86,107
544,371,79,107
547,377,84,99
549,377,74,98
546,377,83,103
542,378,89,95
544,376,81,100
546,379,78,98
546,374,84,100
546,371,81,106
546,372,78,107
542,375,83,101
550,372,74,107
550,372,78,104
550,376,76,99
554,374,73,105
546,377,84,97
544,375,84,99
549,375,78,100
550,375,78,100
547,377,84,95
550,372,81,102
546,375,86,99
544,372,83,101
544,375,89,103
554,378,78,99
547,378,86,102
547,369,78,105
544,369,83,107
549,378,87,98
549,375,83,100
546,377,83,97
550,376,79,99
549,376,79,97
546,375,84,98
544,374,87,100
547,375,84,98
547,373,81,102
547,376,79,101
544,374,83,99
546,375,86,96
547,373,78,100
544,372,84,100
550,374,76,97
546,372,83,101
550,376,76,97
549,371,81,104
554,376,71,99
552,376,73,98
547,374,74,103
549,375,83,98
554,376,74,99
550,370,76,110
555,376,73,98
555,376,76,100
549,370,79,103
554,369,73,109
554,370,73,102
549,370,76,102
550,372,76,102
547,367,76,107
552,370,74,104
550,369,74,102
550,359,74,111
550,356,74,118
546,355,79,117
552,357,70,113
542,356,79,116
546,350,76,121
547,350,68,123
549,347,70,126
544,346,73,128
539,343,78,131
542,341,79,130
542,344,79,128
549,342,68,133
555,340,60,134
547,341,71,134
550,340,73,133
554,335,66,139
547,336,74,137
554,336,66,135
549,336,74,135
550,334,76,137
547,332,76,137
547,334,74,135
546,329,76,142
552,330,73,142
550,332,73,137
542,335,83,137
550,334,66,136
550,335,73,137
555,335,63,134
550,336,70,134
550,334,74,133
552,333,73,136
549,337,70,135
554,334,66,139
554,335,66,137
549,333,76,139
550,335,74,136
554,336,83,137
557,336,73,132
552,334,76,136
552,336,79,137
560,332,70,140
560,333,73,139
554,330,78,139
557,335,70,135
560,330,74,140
560,331,76,140
560,332,71,134
562,331,68,142
562,329,71,143
565,334,70,141
562,333,73,141
571,333,62,139
565,332,70,138
568,334,68,135
568,333,68,139
570,332,66,138
563,334,68,138
563,331,71,142
565,336,73,138
563,334,71,138
559,333,76,138
563,331,73,142
562,333,73,140
563,334,76,142
567,332,68,143
562,331,68,142
573,330,63,140
563,326,71,143
560,329,73,142
563,330,73,139
562,326,73,147
567,328,68,145
560,330,78,143
563,329,73,138
562,329,74,141
559,331,74,139
563,335,68,135
565,331,63,139
567,329,71,142
563,331,70,136
562,329,76,142
557,331,71,144
555,336,76,136
560,337,71,141
567,335,63,142
555,335,73,139
550,335,84,141
554,332,78,142
555,333,78,144
554,336,73,136
554,335,78,143
550,333,81,143
557,332,71,143
559,334,76,142
555,335,76,141
560,337,73,135
560,333,71,144
560,335,76,142
562,337,73,138
557,337,74,141
555,337,74,143
563,338,70,141
567,337,68,145
563,337,68,142
557,340,76,139
557,337,71,140
562,335,68,140
557,338,70,139
557,339,73,137
559,338,76,140
555,337,73,140
554,337,79,138
554,335,79,141
549,336,84,139
549,336,83,139
555,335,76,141
555,335,78,139
555,335,74,138
554,336,76,141
555,338,76,139
554,337,74,140
557,338,76,138
560,338,68,141
557,339,73,143
560,335,73,141
560,336,76,143
560,337,71,138
559,339,73,140
559,337,71,141
562,335,65,138
557,335,71,141
562,333,71,143
559,333,74,141
560,334,74,142
557,339,74,139
557,334,71,146
559,343,71,138
554,341,78,142
560,342,73,140
550,346,83,136
554,343,79,141
555,343,76,139
552,344,78,136
555,341,78,139
559,344,71,137
552,346,81,132
552,344,76,142
554,345,78,138
555,347,76,134
557,347,76,136
552,345,87,141
559,347,76,138
557,349,73,137
562,348,70,136
565,351,68,134
559,347,71,138
562,348,71,139
563,347,71,139
565,346,71,136
565,343,66,138
563,346,70,135
565,343,66,137
567,344,68,134
565,343,70,138
568,343,68,138
570,343,63,135
573,344,63,137
565,344,73,142
567,343,73,139
573,349,63,137
571,348,65,141
568,350,68,137
575,351,60,138
576,353,57,136
573,351,65,139
576,352,60,136
571,354,71,134
576,352,63,137
575,353,62,136
576,350,62,134
575,353,65,136
575,351,60,138
571,350,66,139
570,349,70,135
578,348,62,138
573,344,66,138
570,341,71,138
575,343,71,138
576,339,68,144
580,343,66,137
575,340,66,141
576,340,71,142
575,340,74,140
580,340,71,140
581,344,66,139
580,344,73,139
580,347,70,137
588,347,63,143
584,347,63,140
581,345,73,140
584,348,68,141
584,345,68,140
584,349,68,140
586,347,71,142
583,347,68,132
586,349,65,133
593,345,65,143
594,344,58,139
588,344,66,140
588,342,66,139
586,340,70,138
586,338,70,141
586,334,66,140
581,331,76,143
586,334,70,138
586,328,65,139
589,326,70,139
588,324,70,139
589,326,71,135
589,322,63,135
589,316,66,146
591,315,65,141
586,311,66,138
589,307,70,145
586,305,71,138
588,298,65,139
586,296,71,140
589,299,62,135
586,296,66,140
591,293,62,142
581,293,70,136
591,292,62,136
583,295,68,119
583,292,71,126
588,285,62,134
584,274,70,140
586,271,70,132
583,267,73,135
583,265,71,138
586,262,71,132
584,257,66,127
581,255,74,139
584,253,65,136
581,252,71,139
584,246,71,140
584,245,63,132
583,241,66,131
581,236,68,131
583,235,68,132
581,232,65,134
581,227,70,138
580,230,68,130
586,230,63,130
588,227,71,132
588,228,62,135
584,227,70,139
591,227,57,136
584,228,65,133
584,225,63,145
584,223,70,141
583,224,70,133
586,223,58,139