243,327,73,183
246,326,67,186
246,326,70,187
246,326,73,188
247,326,73,188
248,326,73,188
249,326,73,188
251,326,73,188
252,326,73,188
257,324,73,188
268,320,66,188
270,320,63,188
272,320,59,188
272,320,61,184
273,320,60,183
274,320,59,182
276,320,58,181
277,320,56,180
278,320,56,180
280,321,55,166
280,320,56,162
280,318,58,159
277,318,59,159
274,318,59,159
268,320,59,159
265,320,56,158
263,320,53,157
257,320,55,157
252,317,55,157
254,317,55,157
255,318,55,157
260,317,55,157
265,317,55,157
274,315,55,157
274,310,55,157
275,307,55,157
272,307,55,157
275,307,55,157
281,307,55,157
290,306,55,157
290,306,56,157
290,306,56,157
297,306,56,157
297,306,58,148
303,307,58,148
303,307,60,147
303,307,63,146
307,308,63,146
312,309,63,146
318,309,63,146
322,309,63,146
325,309,63,146
328,309,63,146
330,309,63,146
330,310,63,146
330,310,63,146
333,314,63,146
333,317,59,140
333,321,58,137
341,327,58,137
345,330,58,137
350,332,56,131
353,331,56,131
356,330,56,131
362,330,56,131
362,336,56,131
360,336,56,131
358,335,56,131
354,335,56,131
350,333,56,131
347,335,56,131
338,338,56,131
338,340,56,125
338,342,56,119
336,346,56,119
336,344,56,119
335,342,56,119
335,341,56,119
335,341,55,119
335,341,54,118
335,341,53,118
335,341,52,118
335,341,50,117
333,342,50,117
335,342,50,117
338,342,50,117
339,342,52,111
340,342,52,111
341,342,52,111
345,342,52,111
343,342,53,108
341,341,55,105
337,341,55,105
333,341,55,105
335,342,54,105
336,343,54,105
338,344,53,104
339,345,53,104
341,346,52,104
342,347,52,104
350,349,52,104
357,350,52,104
354,353,52,104
356,356,52,104
362,358,52,104
362,362,52,104
362,366,52,104
362,370,52,99
362,375,52,95
367,376,52,95
373,377,52,95
376,377,52,95
379,377,52,95
384,377,52,95
390,376,52,95
393,376,52,95
397,376,52,95
398,376,52,95
399,377,53,95
400,377,53,95
401,377,53,95
401,377,55,94
401,377,56,94
403,376,56,94
406,375,56,94
408,375,57,97
410,375,59,101
409,370,59,101
408,366,59,101
405,362,57,99
401,358,55,97
401,355,55,97
400,353,55,97
398,352,55,97
396,351,55,97
393,349,55,97
391,348,55,97
397,346,55,97
402,345,55,97
407,343,55,97
409,341,57,96
411,339,59,95
416,336,55,92
421,334,50,90
425,332,50,90
430,331,50,90
431,329,50,90
432,328,50,90
433,326,50,90
434,325,50,90
436,321,49,86
438,317,48,82
440,316,48,82
442,315,48,82
442,312,51,86
442,310,55,90
447,310,50,87
451,310,45,84
454,310,45,84
456,310,45,84
458,310,45,84
459,310,46,84
462,309,46,84
465,308,46,84
466,307,46,84
468,305,46,84
468,305,48,84
468,305,49,84
466,305,50,85
464,304,50,87
461,303,51,88
459,302,52,90
456,305,52,90
452,308,52,90
454,308,52,90
456,308,52,90
458,307,52,90
460,307,52,90
462,307,52,90
464,309,50,84
465,311,49,78
467,310,49,78
469,308,49,78
470,308,49,78
471,308,49,78
472,307,49,78
473,307,49,78
470,308,49,78
466,309,49,78
462,310,49,78
463,310,49,78
463,310,48,78
463,310,48,77
464,310,47,77
464,310,47,77
465,310,47,76
465,310,46,76
465,310,46,76
466,310,45,75
466,311,45,75
467,311,45,75
467,311,44,75
467,311,44,74
468,311,43,74
470,309,43,74
472,307,43,74
473,305,43,74
476,302,43,74
478,300,43,74
477,300,46,73
476,301,48,72
475,301,50,71
478,302,48,70
481,303,46,68
485,304,43,67
489,302,43,67
492,300,43,67
496,298,43,67
505,295,43,67
510,294,43,67
516,293,43,67
519,291,43,67
528,290,43,67
536,289,43,67
544,286,48,73
541,287,52,79
537,287,52,79
533,287,52,79
528,288,52,79
523,289,52,79
517,287,52,79
512,287,52,79
507,287,52,79
502,289,52,79
502,289,48,78
502,289,43,77
504,289,43,77
505,289,43,77
507,289,43,77
509,289,43,77
511,289,43,77
514,289,43,77
514,288,43,77
514,287,43,77
514,285,43,77
513,285,43,77
511,285,43,77
510,285,43,77
509,285,43,77
508,285,43,77
506,285,43,77
505,285,43,77
504,285,43,77
501,285,45,76
499,285,47,75
497,285,49,74
497,285,49,75
497,285,49,76
497,285,49,78
498,285,49,79
498,285,49,80
498,285,49,81
498,285,49,83
498,285,49,84
499,286,49,83
500,286,50,82
500,286,50,81
501,286,51,81
502,287,52,80
502,287,49,79
503,287,47,78
504,287,45,77
499,289,49,78
494,291,52,80
493,291,50,79
492,291,49,79
490,289,51,81
488,288,54,82
490,289,53,82
491,290,52,81
493,290,51,80
495,291,50,80
497,292,49,79
499,292,49,79
502,292,49,79
503,293,51,84
504,294,54,89
504,294,54,82
504,293,54,86
505,291,55,90
505,290,55,94
503,291,55,88
500,292,54,82
504,289,49,84
452,184,49,84
451,183,49,84
450,183,49,84
449,182,49,84
448,182,49,84
447,182,49,84
446,182,49,84
445,181,49,84
444,181,49,84
443,181,49,84
442,181,49,84
440,181,49,84
438,182,49,84
437,182,49,84
435,183,49,84
433,183,49,84
431,184,49,84
428,185,52,85
425,186,55,86
419,186,55,86
414,186,55,86
416,186,55,86
418,186,55,86
419,186,55,86
421,186,55,86
423,186,55,86
424,184,55,88
425,182,55,91
427,182,55,91
429,182,55,91
431,182,55,91
434,181,55,91
437,181,55,91
439,181,55,91
441,181,55,91
443,181,55,91
444,181,55,91
444,182,55,91
445,183,55,91
445,184,55,91
446,185,55,91
447,186,55,91
448,187,55,91
449,187,55,91
449,187,54,91
449,187,52,91
449,187,51,90
449,187,49,90
449,187,48,90
449,187,46,90
449,187,48,89
449,187,50,89
450,188,50,89
451,188,50,89
453,189,50,89
454,189,50,89
454,189,50,89
455,188,50,89
455,188,50,89
456,187,50,89
457,187,49,86
459,187,49,82
461,186,49,82
463,187,49,82
466,187,49,82
468,188,49,82
469,189,49,82
471,190,49,82
473,191,49,82
474,193,49,82
476,196,49,82
477,197,49,82
478,197,49,82
480,198,49,82
482,200,49,82
485,203,49,82
488,205,49,82
493,208,49,82
493,210,49,82
493,212,49,82
488,212,52,88
487,217,47,83
486,222,42,79
487,221,42,79
487,220,42,79
488,219,42,79
488,218,42,79
493,215,42,79
505,217,42,79
511,222,42,79
516,227,45,79
521,237,45,79
526,237,45,79
535,244,47,77
540,248,47,77
552,251,47,77
554,258,55,81
562,270,55,81
562,279,55,81
564,292,55,81
567,301,55,81
571,304,52,81
574,303,52,81
574,296,52,81
572,291,47,81
571,287,44,80
569,284,42,79
566,282,45,79
562,270,45,79
562,263,45,79
564,258,45,79
571,249,45,79
581,246,45,77
593,239,45,77
600,234,45,77
612,225,45,77
606,224,45,77
601,223,45,77
595,222,45,77
572,218,45,77
552,217,45,77
541,217,45,77
536,218,45,77
531,218,45,77
527,218,45,77
523,218,45,77
519,218,45,77
508,220,45,77
496,222,45,77
484,224,45,77
473,225,45,77
457,230,45,77
443,232,50,70
441,232,45,71
438,232,40,72
437,233,40,72
435,233,40,72
433,234,40,72
430,235,40,72
427,235,40,72
425,236,40,72
413,239,40,72
411,241,44,74
410,244,49,75
409,246,40,72
404,249,43,70
405,250,43,71
405,250,42,71
406,250,41,71
407,251,41,72
407,251,40,72
407,254,42,74
413,256,42,74
421,263,42,72
423,267,42,72
428,268,42,72
435,273,42,72
442,279,42,72
444,282,42,72
447,285,42,72
454,289,42,72
454,292,47,72
456,290,47,72
449,293,47,72
443,296,47,72
437,295,43,70
430,294,40,69
425,294,45,69
422,294,45,69
419,294,45,69
417,291,48,69
414,289,50,69
419,287,45,69
419,284,49,67
414,282,49,67
414,278,44,66
414,273,40,65
412,270,40,65
409,267,40,65
411,265,42,63
411,262,42,63
411,260,42,63
406,258,42,63
400,256,42,63
397,254,42,63
394,253,42,63
392,252,43,63
390,252,44,63
388,251,45,63
387,251,47,63
387,251,47,63
387,251,48,62
387,251,49,62
389,250,49,62
391,250,49,62
394,249,49,62
397,246,45,63
400,241,45,63
400,237,45,63
399,234,45,63
400,232,47,63
400,230,49,62
400,229,49,62
400,227,49,62
403,226,49,62
406,225,49,62
409,224,49,62
409,225,48,62
409,227,48,63
409,229,47,64
409,230,47,65
409,228,46,65
409,226,46,66
409,224,45,67
409,224,45,67
409,225,45,67
409,225,45,67
413,225,44,66
418,225,43,65
422,226,43,65
426,227,43,65
431,226,43,65
435,225,43,65
434,225,43,64
434,225,42,62
433,225,42,61
433,225,41,59
432,224,41,58
432,224,40,56
431,224,40,54
431,224,39,53
430,225,37,53
430,225,34,52
429,225,34,53
427,227,33,51
428,226,30,53
425,225,36,57
423,224,42,62
422,227,41,55
421,227,41,56
420,226,41,58
419,226,41,59
419,226,41,60
418,225,42,62
415,224,33,57
413,224,42,62
407,224,42,62
402,224,42,62
400,224,42,62
397,224,42,62
388,224,42,62
386,223,42,62
383,222,42,62
383,222,40,59
382,222,38,57
388,222,36,55
394,221,34,52
400,218,34,52
408,217,34,52
419,214,34,52
421,213,34,52
422,212,34,52
425,212,34,52
429,208,34,52
426,209,34,52
424,210,34,52
419,206,34,52
412,205,36,53
409,203,36,53
406,202,36,53
408,202,36,53
410,201,36,53
412,201,36,53
417,201,36,53
425,201,36,53
430,202,36,53
433,201,36,53
437,200,36,53
440,199,36,53
443,199,36,53
445,198,36,53
438,197,34,56
435,198,34,56
431,199,34,56
429,200,34,56
426,200,34,56
421,203,34,56
413,203,34,56
410,206,34,56
407,210,34,56
402,220,34,56
407,232,34,56
420,242,34,56
433,246,34,56
451,244,35,59
469,237,33,57
477,231,36,56
484,224,34,51
480,221,34,51
474,220,34,51
466,229,34,51
461,233,34,51
456,237,34,51
455,237,33,52
454,237,31,54
453,233,31,56
451,233,33,56
449,233,34,56
443,236,31,56
438,236,31,56
432,238,27,54
428,240,31,54
425,240,26,53
418,240,29,54
418,244,26,54
410,242,30,58
408,243,30,58
407,244,30,58
407,244,30,58
407,244,30,58
407,244,31,58
407,244,31,58
407,244,31,57
409,244,31,57
411,243,31,57
413,243,31,57
415,243,31,57
417,244,31,57
419,245,31,57
422,247,31,57
425,248,31,57
425,249,31,57
426,249,31,57
426,249,31,57
427,249,31,57
429,251,31,57
431,252,31,57
431,253,31,57
431,253,31,57
431,254,31,57
431,255,31,57
431,255,31,57
433,255,31,57
435,255,31,57
437,255,31,57
438,255,31,57
440,254,31,57
442,254,31,57
442,252,31,57
442,251,31,57
442,250,31,57
439,248,30,57
437,246,29,57
435,244,28,57
431,241,24,55
426,238,28,58
422,240,29,59
417,242,30,59
413,244,31,60
413,244,29,60
413,244,26,59
412,244,26,59
411,243,26,59
410,243,26,59
414,243,26,59
419,243,26,59
423,243,26,59
431,242,26,59
437,241,29,60
442,242,29,60
442,241,29,60
442,240,29,60
441,239,29,60
441,238,29,60
441,237,29,60
441,236,29,60
441,235,29,60
441,234,29,60
441,234,29,60
441,235,29,60
441,235,29,60
441,235,29,60
442,236,29,60
442,236,29,60
442,236,29,60
442,236,29,60
443,237,29,59
444,237,29,59
444,237,29,59
445,237,28,58
445,237,28,58
446,237,28,58
447,237,28,58
447,237,28,57
448,237,28,57
448,237,28,57
449,237,28,56
450,237,28,56
450,237,28,56
451,237,28,55
451,237,28,55
452,237,28,55
453,238,28,55
454,238,28,55
455,238,28,55
456,239,28,55
457,239,28,55
460,238,28,55
462,238,28,55
464,237,28,55
465,238,28,55
467,238,28,55
468,238,28,55
469,238,28,55
476,239,28,55
482,240,28,55
486,242,28,55
488,241,28,55
488,242,28,55
490,244,28,55
493,245,28,55
492,244,28,55
492,244,28,57
491,244,28,57
491,245,28,56
490,245,28,55
490,245,28,55
490,245,27,57
490,245,28,55
494,245,29,55
498,245,30,56
509,246,30,56
517,250,28,55
529,257,28,55
537,264,28,55
544,273,28,55
553,284,28,55
557,288,28,55
564,296,30,54
580,301,28,55
590,304,29,51
602,310,30,52
605,313,27,49
615,311,27,49
614,310,27,49
615,303,27,49
610,293,27,49
620,285,27,49
615,279,27,49
610,274,27,49
608,264,29,51
604,256,27,49
597,251,27,49
593,243,27,49
588,243,22,46
578,242,30,51
569,238,27,49
561,235,27,49
553,237,27,49
547,233,27,49
542,236,27,49
539,236,27,49
538,233,27,49
537,230,27,49
539,230,27,49
538,227,27,49
547,225,27,49
542,225,27,49
536,221,27,49
536,222,27,49
532,223,27,49
531,224,27,49
531,224,27,49
531,224,27,49
531,224,27,49
531,224,27,49
