615,192,52,88
625,188,52,93
633,187,52,96
641,191,52,88
654,187,52,89
661,185,52,88
669,187,52,88
678,188,52,88
686,192,52,89
699,200,49,92
696,200,49,95
696,207,49,96
698,211,49,95
696,220,47,93
696,226,47,92
693,229,49,92
693,232,49,91
688,237,49,90
686,238,50,89
683,238,52,89
683,237,52,90
682,237,52,90
686,237,47,91
685,236,49,95
683,237,52,91
683,238,52,94
683,240,52,93
686,243,52,91
686,246,52,91
685,252,53,90
685,252,53,93
686,252,47,95
688,254,49,93
686,254,50,92
685,251,53,94
685,249,53,94
683,248,53,92
685,246,52,92
685,243,53,94
686,241,49,93
685,241,50,96
685,242,52,96
685,241,53,97
685,240,52,97
686,241,50,94
686,242,49,92
685,242,53,93
686,242,55,93
686,246,57,93
686,248,55,98
688,249,55,99
686,250,55,100
686,252,55,97
685,253,55,95
688,255,55,95
685,258,53,94
686,256,53,93
685,257,55,96
685,257,55,97
683,260,55,94
685,263,53,94
685,265,55,94
688,269,53,94
688,270,55,94
688,273,57,102
691,276,55,98
693,276,53,100
691,279,55,98
693,279,50,96
693,278,52,101
693,278,53,103
696,279,50,102
698,282,50,98
698,281,49,101
701,283,50,97
701,283,52,98
703,284,52,102
701,283,55,102
699,283,53,105
693,283,55,105
693,284,53,104
695,283,53,106
695,282,53,106
698,281,50,105
698,281,49,103
703,280,45,103
699,281,49,102
699,279,50,103
701,279,55,104
707,280,49,105
706,281,52,106
703,282,53,103
706,283,55,102
704,285,58,103
714,289,47,102
716,293,49,100
716,293,49,103
720,295,49,106
724,298,49,105
724,298,53,104
724,298,57,105
725,297,55,105
728,296,52,104
730,295,52,103
733,296,50,104
737,295,52,106
740,296,49,103
737,296,58,106
740,296,55,105
743,297,58,103
743,298,62,105
746,300,66,103
750,298,63,105
753,298,62,106
751,298,63,105
759,296,57,108
766,297,50,104
764,296,52,105
769,295,50,108
772,295,52,106
774,297,53,104
777,296,57,109
777,298,60,108
780,298,62,109
782,296,62,110
788,301,55,106
788,301,58,108
795,302,55,103
798,301,55,107
800,301,53,106
801,300,52,107
801,302,52,105
803,305,52,103
808,306,53,103
811,305,53,105
813,307,57,110
813,309,57,107
818,311,55,105
821,311,55,106
821,312,53,104
832,314,47,103
830,314,49,110
830,315,50,109
829,316,57,108
835,317,52,111
839,322,52,107
839,323,55,108
843,324,50,104
842,326,53,104
848,326,49,105
848,327,49,103
847,327,50,106
845,329,53,105
843,330,52,104
845,330,53,104
839,330,52,107
834,332,53,105
830,332,53,104
826,335,50,100
822,335,50,101
811,338,52,108
813,339,50,108
809,341,53,108
808,342,55,107
809,342,55,110
808,347,50,102
806,348,45,105
800,348,52,103
800,349,53,103
800,348,55,103
796,348,57,104
800,348,53,103
796,349,57,101
800,350,53,102
798,348,53,102
800,350,53,102
798,348,53,105
800,348,53,104
798,348,55,103
796,348,57,103
796,348,55,103
800,349,57,103
800,349,55,104
798,349,57,102
803,349,53,103
803,349,53,103
803,348,50,101
801,347,55,104
800,347,60,105
798,348,57,104
800,349,55,105
798,348,60,104
803,347,58,107
800,347,57,107
798,347,55,108
800,347,58,105
798,348,57,105
800,348,55,104
798,348,55,106
800,349,55,105
800,348,57,106
801,348,55,104
800,348,55,103
798,348,58,105
800,347,55,107
801,347,55,105
800,348,57,105
803,347,53,106
800,349,57,101
798,348,53,104
800,347,55,105
801,348,50,103
800,348,55,103
800,349,55,102
800,348,55,104
796,347,58,105
798,347,53,104
798,348,57,104
801,349,52,103
803,348,52,105
798,348,55,101
801,348,50,104
801,349,52,102
800,348,50,107
798,348,53,105
800,347,52,104
798,348,53,104
801,347,50,102
800,348,53,105
800,348,53,104
800,347,52,104
800,348,52,104
800,347,53,104
800,347,55,105
800,349,53,103
800,348,55,103
800,348,52,104
798,348,57,104
803,347,52,105
801,346,52,107
801,348,57,104
800,347,58,104
800,349,62,106
803,348,62,107
801,348,60,107
732,418,57,101
720,420,68,102
722,421,65,101
727,422,58,99
730,421,62,103
740,420,58,103
741,418,63,105
733,424,58,98
730,424,58,101
725,423,60,98
725,422,71,103
728,421,66,102
733,420,60,101
735,421,58,103
737,420,55,101
737,423,53,104
733,424,53,99
725,423,58,100
720,423,63,100
716,423,65,100
704,425,68,99
703,424,66,100
698,424,66,106
699,426,65,102
696,426,65,104
703,428,55,102
706,428,53,98
706,428,53,104
707,427,57,107
709,426,58,107
711,427,60,101
704,427,65,98
699,426,71,97
703,425,65,100
707,425,55,101
704,424,58,102
712,425,53,93
712,423,53,94
707,421,57,96
712,420,57,97
703,418,65,101
699,416,73,101
691,415,78,99
693,413,74,105
688,412,73,103
686,408,65,104
691,405,63,103
699,402,55,105
704,401,52,108
701,401,55,108
699,400,58,105
698,402,62,107
703,403,63,104
699,402,66,107
698,400,68,107
688,399,73,108
690,399,71,108
698,398,63,107
699,395,63,108
704,391,60,109
712,385,57,104
712,380,58,108
709,374,63,108
706,368,63,106
698,363,71,107
693,353,73,109
691,350,79,104
690,346,74,109
690,343,74,110
691,340,66,114
703,339,55,108
696,337,63,106
699,334,60,108
691,333,60,111
686,334,66,108
686,332,71,109
682,328,74,109
683,325,73,112
682,323,71,109
682,322,66,106
680,318,71,109
690,313,62,106
695,311,57,111
691,310,62,111
690,312,62,106
683,310,68,108
677,311,70,104
672,312,76,103
669,311,79,104
669,312,81,101
670,312,81,103
678,311,78,104
682,310,73,104
690,309,63,102
686,307,65,104
682,307,68,103
678,302,74,105
682,296,74,108
678,294,83,109
695,293,71,111
703,293,65,110
712,293,70,108
714,295,66,101
711,297,73,102
704,297,79,99
699,294,86,102
703,292,78,101
703,289,79,101
703,286,81,104
717,283,65,103
719,280,65,102
716,273,68,103
716,272,68,103
714,269,68,106
712,266,65,109
709,268,71,107
704,269,71,104
709,270,65,102
711,272,63,98
717,271,57,102
724,271,55,101
722,272,62,101
716,272,78,101
719,274,76,98
717,273,78,101
722,275,74,100
735,277,68,98
740,279,63,96
741,277,71,100
741,280,70,99
743,279,71,105
745,284,76,104
750,286,73,103
751,289,78,103
758,292,78,99
764,296,71,98
772,298,66,98
784,298,58,98
782,299,66,97
782,298,66,98
782,299,73,97
780,299,74,97
784,298,76,98
782,299,79,98
787,299,74,98
793,298,71,95
801,299,63,100
808,298,63,102
806,301,63,99
808,303,60,100
809,304,65,99
805,303,66,98
809,303,66,98
806,305,71,95
808,307,71,93
808,308,71,93
813,308,70,95
818,309,63,93
824,308,60,93
829,305,58,97
835,304,55,98
837,303,55,100
839,303,62,98
839,303,60,99
840,303,63,98
840,304,62,97
