24,281,96,156
23,281,96,159
23,278,96,159
19,277,96,164
23,277,89,164
23,277,96,164
23,276,99,162
21,277,97,162
19,276,97,168
24,276,96,164
23,278,97,170
24,276,96,167
24,277,96,164
24,278,102,162
24,275,99,166
24,273,99,167
21,271,99,169
19,272,91,169
15,269,99,171
15,271,97,169
15,268,96,172
10,270,104,171
11,271,89,170
13,270,94,173
11,268,99,177
13,270,92,179
8,267,102,178
6,265,110,183
10,266,105,183
8,268,107,178
8,266,105,181
16,267,99,181
15,267,99,178
11,267,107,179
11,269,120,178
11,269,126,176
10,268,141,178
13,269,138,179
15,272,136,172
15,266,138,178
21,268,131,175
36,268,118,175
53,265,110,181
65,261,112,182
58,261,128,181
68,263,113,179
70,260,120,184
74,261,107,179
74,259,97,185
74,261,92,179
76,261,96,186
78,261,89,183
71,259,100,182
78,255,94,186
76,253,92,186
84,251,92,189
89,252,84,190
92,246,91,200
100,250,87,194
92,250,102,192
102,247,87,198
108,250,87,191
110,253,83,191
107,253,91,192
115,246,83,199
117,248,78,195
126,249,84,193
123,246,81,196
130,243,87,203
123,249,99,199
131,249,96,194
123,247,110,198
136,245,99,200
136,244,96,202
141,244,100,198
141,248,96,198
144,247,105,203
154,250,96,194
159,248,99,194
151,247,112,193
152,247,121,195
162,249,107,194
167,245,112,198
160,248,120,197
165,246,118,195
168,243,120,201
186,245,104,202
191,246,105,199
193,243,102,202
201,245,96,195
201,244,99,206
201,245,102,202
207,247,96,195
209,248,97,196
214,247,100,198
210,247,100,198
215,247,104,197
214,250,112,195
222,249,110,195
227,249,105,196
223,253,117,192
225,252,117,195
227,254,121,190
236,253,118,196
251,253,107,188
262,250,96,195
262,255,104,186
272,252,97,192
277,252,99,194
282,250,94,195
282,254,99,191
285,252,99,192
295,258,89,184
298,259,87,188
299,260,92,184
303,260,84,186
298,259,99,182
299,258,102,184
308,257,92,189
319,257,86,188
312,256,99,190
319,258,97,187
314,259,105,185
317,259,102,186
314,258,105,183
316,257,99,184
321,260,97,184
319,258,100,190
330,260,97,182
329,259,102,185
324,257,107,190
330,260,97,181
335,259,94,183
333,267,97,171
327,267,96,172
329,274,89,165
329,274,89,165
319,282,96,159
316,286,108,155
322,291,96,149
314,292,110,149
312,295,113,147
309,294,118,149
314,291,121,151
322,293,107,150
329,292,107,149
342,290,97,152
346,292,94,153
363,297,87,142
355,295,89,144
359,297,91,145
371,301,87,145
387,303,84,144
403,305,84,144
403,297,84,144
414,299,84,144
395,297,84,144
389,305,84,144
397,299,84,144
392,299,84,144
411,292,84,144
416,292,84,144
418,290,84,144
426,287,94,156
423,288,91,152
419,284,99,155
432,282,84,150
431,280,81,157
423,282,96,157
424,279,84,159
410,280,96,159
423,277,102,159
411,277,118,164
398,274,89,171
397,274,91,168
389,274,100,167
392,274,92,167
374,276,104,161
364,276,110,164
351,280,110,157
342,276,110,161
340,277,112,157
329,275,120,164
329,276,113,163
319,275,123,163
319,276,123,163
317,271,110,168
312,271,105,167
319,271,96,171
306,267,100,176
308,272,94,169
296,273,108,169
296,274,96,167
293,277,91,161
280,280,104,160
274,281,110,161
264,279,115,166
257,281,123,164
257,276,113,169
256,279,108,162
257,278,108,167
257,280,100,160
254,279,107,164
251,277,104,168
253,271,104,174
254,275,99,165
256,274,97,169
249,274,104,167
251,276,99,166
254,274,100,169
248,276,107,164
253,279,94,162
253,280,94,164
249,280,96,160
246,278,105,164
244,280,102,160
248,279,97,166
244,279,96,165
248,275,94,171
244,280,91,163
246,276,92,165
244,277,96,167
244,278,96,165
248,277,92,168
244,278,91,167
243,275,96,169
241,279,97,165
251,276,87,169
248,278,87,166
246,276,87,169
246,276,87,168
246,278,89,168
249,277,92,168
243,275,94,168
243,277,84,166
251,275,83,169
243,275,84,169
248,275,81,169
240,271,91,173
233,269,100,173
227,264,104,179
223,267,104,177
222,268,112,177
219,268,117,177
207,264,128,183
214,264,112,179
212,262,117,183
207,261,117,182
209,264,113,180
204,265,120,179
196,266,121,180
199,263,113,181
194,261,117,183
196,263,120,182
207,262,102,180
209,262,91,180
196,261,105,186
193,261,104,182
202,264,91,184
193,265,102,179
196,261,99,183
199,264,91,183
201,267,87,176
199,263,84,181
202,261,84,189
204,262,86,184
196,264,87,184
191,264,94,182
201,263,86,185
198,264,94,182
199,263,86,180
193,265,97,177
194,264,92,178
193,264,92,181
185,274,102,172
193,275,89,172
188,282,92,166
196,284,79,159
193,284,84,163
178,274,92,168
185,274,96,173
173,262,94,188
160,260,110,187
176,225,92,208
165,198,104,225
160,189,104,229
159,186,92,224
157,181,108,245
157,180,96,212
151,183,112,203
147,179,113,210
144,184,112,201
149,186,105,193
147,191,96,198
146,204,108,225
147,212,113,208
139,224,118,211
155,239,105,193
176,255,83,176
110,251,118,191
108,265,120,173
104,261,113,177
102,270,112,166
99,279,107,161
102,277,105,160
100,279,100,155
96,287,97,151
87,276,97,156
86,269,96,164
86,268,94,159
58,279,125,161
66,279,113,164
70,267,115,174
76,262,108,181
81,258,92,180
86,262,92,177
89,264,89,176
91,276,89,167
87,276,83,161
84,278,91,165
65,269,102,176
71,283,96,161
76,273,87,169
81,276,84,162
87,257,83,185
78,255,89,187
81,260,89,182
76,258,87,182
60,256,104,189
74,256,92,189
87,259,81,186
86,257,83,185
87,255,81,187
83,256,87,187
89,256,83,187
83,257,81,188
89,257,79,187
92,257,74,185
91,258,79,184
91,258,79,184
86,255,81,186
87,257,79,185
84,259,84,181
86,254,86,187
81,258,100,184
86,255,97,186
87,258,100,185
86,258,102,183
94,260,96,184
84,262,115,180
83,263,126,179
84,266,126,176
89,266,121,179
87,264,130,182
89,258,130,188
113,255,102,192
123,256,102,188
133,251,87,194
136,255,92,193
123,252,105,188
131,259,87,184
147,254,97,191
138,262,94,186
134,267,105,176
136,265,102,178
136,265,104,179
144,263,100,184
136,259,107,188
144,257,94,190
133,254,110,190
136,244,115,200
147,244,102,201
126,242,131,202
120,235,139,211
117,236,134,211
120,224,138,222
121,226,133,217
123,225,141,221
136,220,121,229
154,224,104,225
149,235,110,214
154,237,105,212
155,237,108,212
155,237,112,212
162,235,107,211
167,234,118,213
164,236,121,218
160,234,136,220
170,234,133,220
175,233,139,221
188,226,130,226
193,225,126,236
206,218,108,234
217,221,110,234
214,214,100,245
220,213,126,241
230,212,110,240
240,213,121,242
240,211,128,242
244,211,142,246
241,213,149,239
254,213,131,240
246,213,142,241
249,210,138,239
246,210,147,243
257,208,134,243
259,211,141,241
259,207,138,247
259,208,141,246
249,209,146,240
261,211,136,243
254,209,142,248
257,211,139,239
254,210,141,241
246,213,151,236
253,215,141,236
251,215,142,230
257,220,142,228
254,227,121,223
257,224,113,221
251,220,134,228
249,208,104,240
262,196,84,252
253,181,110,277
249,168,110,246
248,139,121,292
240,121,123,296
228,122,130,286
227,114,136,280
230,109,118,265
243,104,115,275
248,112,117,268
244,113,112,271
241,125,125,253
232,137,126,242
230,162,134,246
215,175,142,228
251,188,120,265
243,194,123,256
262,205,110,249
267,208,112,243
277,208,97,245
277,206,104,244
291,204,94,247
296,201,94,254
293,199,110,254
288,202,128,249
287,194,134,252
291,200,131,250
288,201,141,247
282,205,175,246
291,208,168,245
287,208,176,246
288,203,173,251
290,194,170,255
327,201,142,251
335,197,142,253
348,193,141,259
355,196,131,254
361,196,134,254
387,194,133,258
410,195,120,257
413,199,120,252
423,203,134,246
421,200,134,253
442,205,118,244
437,201,136,245
450,199,139,252
466,199,123,262
466,197,133,259
476,195,141,258
474,197,142,261
474,199,151,253
486,197,149,253
482,198,178,254
484,202,189,253
495,206,176,244
492,212,175,241
516,210,154,244
529,210,149,242
520,207,155,250
534,209,142,241
516,209,157,244
515,210,160,249
513,211,168,243
497,218,175,234
500,219,176,237
500,219,176,237
478,222,189,230
466,225,204,233
463,220,204,230
447,218,196,238
444,223,193,220
445,223,180,223
450,218,147,239
419,222,157,232
421,219,151,236
410,222,165,238
416,219,139,225
397,223,147,218
397,232,128,219
377,238,144,209
371,243,136,197
353,244,136,200
340,247,142,193
321,246,186,211
304,247,193,205
265,244,222,209
264,251,181,206
251,256,204,193
248,253,149,193
251,265,126,177
214,234,139,204
227,232,117,204
222,230,125,213
207,229,107,219
164,236,123,222
147,238,130,211
144,234,147,221
136,236,136,214
141,240,130,212
133,237,141,215
134,227,133,226
136,235,136,221
126,232,142,218
138,225,130,227
138,229,133,224
131,222,141,231
136,226,146,223
134,224,167,228
134,221,173,232
131,225,181,228
142,222,175,231
134,219,181,232
141,213,186,239
141,211,183,239
173,206,162,247
173,206,172,248
215,206,128,244
219,203,130,248
227,200,130,254
228,203,134,251
236,204,125,248
227,201,136,253
223,202,151,251
236,203,139,250
253,203,133,249
257,205,131,252
257,202,141,250
270,206,113,247
265,202,144,250
283,204,133,251
288,206,138,245
306,200,112,250
309,203,128,250
308,207,126,245
327,207,133,245
327,209,130,248
329,212,136,239
325,213,144,236
330,211,133,241
337,215,134,235
351,212,123,239
350,210,126,242
356,207,128,243
361,209,128,243
374,208,120,245
372,212,121,239
376,208,126,247
374,213,123,238
384,208,144,245
393,212,107,240
390,215,142,235
406,217,131,238
401,218,139,232
414,214,126,238
416,217,118,229
421,217,121,236
423,219,108,236
423,219,118,226
414,219,128,235
424,223,125,230
410,230,142,211
413,230,131,218
416,230,134,218
424,230,118,220
419,228,130,227
413,228,134,234
435,231,115,212
426,237,113,209
434,232,99,207
426,202,139,212
440,179,87,192
455,268,96,169
448,213,89,243
453,208,94,239
444,225,94,211
426,222,144,233
431,226,139,217
431,225,118,232
427,224,121,234
432,230,97,219
426,229,112,223
426,227,105,223
419,230,121,217
427,228,102,224
419,229,115,225
424,229,105,213
423,224,100,226
419,224,110,227
424,230,97,221
414,230,123,229
423,226,96,223
427,232,110,227
405,233,128,220
414,234,102,213
405,242,128,207
382,246,159,206
366,245,175,210
363,250,168,202
355,248,178,207
350,248,160,203
337,247,175,207
338,246,155,206
308,248,175,201
296,244,189,211
267,250,233,206
254,242,249,209
256,238,241,212
251,217,230,234
261,207,219,240
257,183,212,265
248,179,228,270
256,179,207,263
253,179,210,262
261,185,196,263
261,189,181,250
257,196,170,249
236,207,178,241
232,219,188,229
223,229,178,217
214,226,185,220
214,230,180,222
232,236,160,212
232,241,151,206
262,233,128,214
282,237,92,210
290,233,81,211
275,230,92,217
285,233,89,214
274,230,91,214
264,228,104,217
270,230,100,215
270,233,92,217
264,231,102,213
261,231,112,212
265,227,100,215
278,223,102,225
277,221,110,227
291,219,97,226
287,223,91,220
293,219,81,225
295,221,86,223
296,220,110,227
277,224,142,225
303,225,113,221
301,222,108,227
299,220,115,227
309,220,115,224
309,215,107,234
314,221,105,230
312,218,113,233
327,215,105,231
324,220,113,228
329,215,115,234
335,221,123,226
337,217,118,235
337,219,128,230
343,221,123,228
353,223,108,232
345,221,133,231
359,220,110,234
350,217,130,235
377,218,97,234
371,219,120,233
366,217,117,237
376,214,130,235
395,217,115,234
405,218,110,234
406,215,112,235
405,211,112,238
405,218,117,232
408,218,134,237
414,217,134,238
427,218,107,235
435,215,105,237
435,217,110,235
453,219,108,235
457,215,104,236
457,215,107,232
466,213,94,226
458,215,134,231
468,217,130,239
476,220,133,234
469,222,138,232
479,223,133,228
478,224,128,226
487,223,123,227
491,222,128,228
505,222,102,228
507,224,113,229
510,222,104,227
508,223,110,232
515,221,107,230
523,223,105,233
525,223,115,222
526,225,112,228
526,227,121,220
529,229,113,224
531,228,126,228
529,224,126,219
539,225,113,226
541,225,130,225
546,224,128,223
554,229,118,221
550,227,121,223
567,227,117,224
580,227,110,220
576,232,120,217
578,232,118,218
583,231,110,217
578,231,113,214
580,233,113,215
589,233,105,220
601,231,94,215
599,229,104,214
602,228,107,220
607,227,94,218
622,228,96,217
618,228,89,218
623,229,94,215
617,230,121,218
623,228,121,217
628,230,113,219
636,233,107,217
631,232,107,215
628,235,121,211
641,236,102,214
644,236,115,206
644,235,102,217
648,237,108,212
652,235,99,215
656,237,99,209
659,233,97,214
661,236,102,218
657,237,105,207
670,234,89,210
664,235,94,209
664,233,96,208
662,235,91,212
667,233,94,211
665,233,97,210
664,233,97,209
659,236,108,212
665,232,104,214
672,231,89,210
673,235,84,211
675,237,86,209
672,231,104,214
670,235,87,208
677,231,81,217
673,228,86,221
672,235,96,214
665,234,107,213
669,234,86,210
673,235,99,206
664,234,100,218
670,231,96,222
672,233,87,218
678,234,84,209
667,231,94,218
673,234,84,211
670,236,86,209
675,235,91,214
667,234,94,207
672,234,83,214
670,233,87,213
680,234,81,210
665,234,89,214
675,234,83,212
677,234,79,208
677,237,87,207
669,232,97,218
669,237,89,206
678,233,79,213
669,236,99,209
669,231,92,209
667,234,97,211
669,234,96,205
672,235,97,235
661,233,99,210
662,234,104,210
661,239,99,203
673,236,92,215
669,235,96,210
661,234,94,212
654,230,102,218
657,233,99,215
652,232,107,218
659,233,99,212
654,232,100,208
659,231,104,223
651,232,104,217
657,232,97,219
662,233,97,211
661,234,97,214
656,234,100,211
667,234,96,214
657,232,97,215
657,232,94,214
656,237,86,211
638,235,108,215
654,229,92,214
635,238,107,204
635,239,113,204
635,240,112,204
631,236,112,213
628,244,117,204
618,239,121,207
617,242,118,209
609,241,130,204
610,244,123,201
605,244,112,203
601,244,112,199
597,245,104,206
583,243,105,203
584,242,107,198
580,244,94,203
567,245,110,205
573,247,100,195
555,253,121,194
554,256,113,193
547,257,125,193
529,263,142,184
533,264,141,181
520,267,142,179
500,264,168,183
487,262,126,188
468,259,128,191
471,256,125,200
466,256,113,192
452,258,107,190
435,253,107,197
424,252,104,197
408,247,121,206
408,243,131,213
398,243,134,202
387,249,112,191
374,241,125,207
363,241,121,201
355,245,112,199
348,247,108,204
298,259,126,188
299,251,126,198
249,250,146,194
246,267,154,168
236,243,149,201
243,236,125,202
240,238,121,195
240,233,133,210
230,227,102,208
225,228,107,222
219,221,107,221
154,221,160,229
149,227,164,222
120,225,186,230
123,224,176,228
108,230,181,222
121,235,165,223
108,235,180,224
120,231,164,226
123,236,164,220
123,234,178,225
155,225,154,234
159,222,167,241
164,222,162,236
196,218,133,239
215,214,125,239
225,215,118,245
232,219,134,245
223,214,155,241
228,212,164,248
227,208,170,251
238,205,167,254
259,203,138,253
285,201,130,255
312,196,104,258
319,195,113,258
321,189,128,264
342,189,113,258
351,195,125,254
363,197,125,253
358,204,125,245
382,211,131,241
389,215,138,241
405,226,108,227
410,226,115,226
423,226,113,229
426,224,120,226
432,222,118,227
437,225,110,240
444,224,112,228
450,227,97,229
461,235,105,218
458,238,115,226
468,243,107,210
471,240,126,209
476,238,138,214
479,231,189,215
507,227,176,223
507,223,178,215
531,222,155,215
541,221,157,222
565,222,164,223
584,207,157,238
602,221,144,226
612,235,142,214
620,239,157,217
631,248,167,199
657,248,134,202
685,248,102,197
685,254,117,195
693,251,108,198
707,246,112,204
707,239,107,208
714,239,115,210
717,236,118,211
722,233,107,212
716,231,131,208
725,237,123,198
735,247,115,184
733,245,126,190
737,253,120,186
743,265,118,177
750,268,110,175
750,269,104,174
743,267,112,174
737,269,117,172
740,269,112,173
735,270,104,170
712,269,134,178
714,265,125,176
711,265,118,176
711,265,86,171
693,268,102,167
695,270,87,169
686,269,94,166
682,280,102,165
644,288,142,153
630,291,155,152
644,294,130,148
633,294,126,146
628,291,113,150
618,286,102,152
601,290,115,152
617,290,91,156
597,294,108,146
578,292,125,150
575,297,123,146
568,296,113,146
573,292,100,151
567,295,108,140
560,285,100,156
557,291,97,150
549,294,102,145
550,292,105,142
544,288,107,146
544,293,70,139
533,298,70,132
528,292,68,130
516,299,74,122
494,298,76,123
494,301,76,122
466,300,76,122
465,294,76,122
455,300,74,121
