66,213,45,89
68,213,45,87
70,214,45,85
70,214,45,83
70,215,55,83
71,215,49,82
71,212,49,85
78,212,44,84
78,213,44,85
78,211,44,86
78,213,45,84
78,213,44,86
81,213,44,86
81,213,42,87
79,213,44,90
81,213,42,86
81,214,44,88
81,212,42,86
81,212,42,85
81,213,42,85
81,211,42,87
81,214,42,83
83,212,40,85
79,211,42,84
78,214,42,80
78,213,44,82
76,214,44,85
76,213,47,86
81,215,42,83
74,215,45,83
71,217,47,85
71,215,45,87
71,215,47,87
71,215,45,88
71,218,42,87
71,217,44,87
71,217,45,83
71,217,45,82
73,217,45,85
74,217,45,83
74,214,45,85
74,214,45,85
74,218,44,85
78,220,44,83
83,228,44,80
91,228,42,77
92,229,42,79
91,231,42,78
91,231,42,77
89,228,42,79
86,224,44,80
83,223,42,82
73,218,44,81
73,219,44,83
71,217,44,82
71,218,44,82
71,218,44,82
71,218,44,83
71,219,44,81
70,218,44,82
74,217,44,83
66,218,44,81
65,215,44,78
68,219,44,81
71,221,44,84
76,223,44,85
81,221,44,86
76,222,45,87
74,220,55,86
70,218,58,86
66,217,55,86
55,212,65,89
47,210,68,89
60,211,44,89
62,209,44,89
63,218,44,90
71,220,44,88
78,224,44,86
83,226,44,87
87,228,45,86
87,228,45,85
87,228,47,82
87,231,45,81
94,235,47,86
99,239,49,92
94,247,49,93
99,253,49,91
97,258,49,89
99,263,49,85
105,265,52,84
112,265,53,84
128,260,44,91
128,261,44,81
134,264,42,83
128,262,45,71
125,263,47,76
128,259,49,77
130,258,49,69
130,259,50,66
133,257,52,68
139,256,45,69
139,257,45,67
141,254,47,69
142,256,49,70
142,259,49,67
149,259,47,73
151,260,50,71
152,261,52,69
160,263,47,71
162,265,45,66
164,266,49,69
164,268,52,69
173,268,47,73
178,269,50,73
185,272,49,75
185,274,49,77
186,277,47,76
188,275,52,79
186,277,49,79
193,274,47,79
194,276,47,73
194,272,50,74
198,271,49,70
194,273,52,68
191,271,63,76
196,272,53,74
202,273,47,69
204,272,52,69
206,270,49,67
206,270,53,71
209,270,49,76
212,270,45,83
210,266,49,77
212,261,47,83
212,257,45,77
212,254,45,76
212,249,45,78
210,246,45,80
210,243,45,74
214,240,45,76
210,236,45,75
210,235,45,73
210,233,44,70
212,233,40,75
215,234,42,73
215,235,44,73
225,233,45,73
228,231,45,76
232,231,44,78
232,230,44,83
222,230,47,73
223,236,45,75
223,236,45,76
223,242,44,74
227,245,44,78
230,254,44,76
233,258,44,79
230,261,44,81
235,267,44,81
235,269,44,83
240,269,44,86
243,270,45,87
243,273,45,87
249,277,45,87
251,279,45,89
251,283,47,91
253,282,47,92
254,284,47,89
254,287,52,86
253,293,52,76
254,294,53,79
257,294,52,87
264,295,49,85
267,296,47,85
259,296,53,95
269,297,50,110
272,294,47,113
267,293,53,110
262,292,63,109
261,292,68,114
261,293,65,112
264,295,66,105
267,294,62,113
269,297,65,112
277,302,58,124
282,300,53,117
285,304,57,114
291,302,52,98
293,302,50,98
293,298,50,98
285,298,50,98
280,297,50,98
290,298,50,98
293,300,50,98
295,297,50,98
301,296,50,97
303,296,52,99
301,292,52,99
308,291,52,100
312,294,52,99
314,297,52,100
321,301,52,101
322,306,52,102
332,308,49,116
332,314,58,120
342,314,52,120
338,322,58,116
346,322,53,115
348,325,53,118
346,328,62,125
351,331,58,128
351,335,65,121
356,339,60,117
364,346,62,119
364,347,62,122
367,349,58,112
369,347,60,120
376,348,57,117
372,344,60,123
374,342,65,130
379,340,66,127
389,336,57,126
389,334,63,134
385,334,68,120
393,330,63,122
398,332,65,114
403,334,62,111
401,334,63,113
408,335,60,104
410,335,58,111
416,339,58,103
414,339,63,109
421,342,58,107
424,340,58,113
418,343,62,121
419,345,63,129
424,343,58,115
435,343,52,119
432,344,58,117
432,342,53,118
439,342,53,107
444,341,57,119
450,340,62,108
455,342,55,103
458,341,53,95
460,340,60,95
468,339,57,103
476,332,52,104
469,326,60,104
478,322,45,102
473,321,52,102
473,317,57,96
474,315,53,106
476,313,58,108
478,312,55,103
481,313,53,99
479,313,52,99
486,317,50,101
487,317,53,91
494,317,52,105
494,319,55,95
499,320,58,90
499,318,55,89
500,314,47,93
492,308,50,89
489,303,49,92
476,299,57,112
479,292,50,97
478,287,53,85
481,283,49,88
486,280,52,92
491,281,57,88
503,283,57,88
507,280,55,89
505,276,58,90
512,273,60,91
510,266,63,98
508,266,70,111
515,263,66,103
516,261,65,100
525,260,65,106
536,259,62,102
539,261,62,110
544,264,62,104
552,268,58,111
547,268,65,115
536,264,63,117
534,263,66,115
542,267,62,113
544,264,68,108
546,265,65,111
550,267,65,126
550,268,73,126
555,271,63,127
560,277,70,130
520,280,110,132
547,282,87,135
567,282,49,113
568,284,68,119
576,287,62,115
578,290,58,109
578,290,63,124
584,294,53,104
581,298,55,103
580,295,53,104
580,295,55,103
571,298,55,106
573,295,55,105
571,299,55,108
570,299,55,106
565,299,55,106
560,299,53,106
560,301,53,105
559,297,53,106
552,297,53,106
552,295,55,107
550,295,55,135
544,295,60,139
544,296,66,142
541,293,65,149
544,299,55,147
541,301,65,142
541,300,62,145
533,301,70,145
537,303,65,144
542,303,60,147
541,304,65,142
537,307,68,141
544,308,58,143
547,307,60,151
547,311,63,159
547,311,63,159
549,316,68,145
550,314,65,146
552,316,66,148
550,314,66,154
552,313,68,152
550,317,79,147
559,315,68,117
557,316,73,130
562,316,68,132
563,317,62,125
578,319,58,115
575,322,60,116
584,327,58,115
583,324,58,113
599,325,58,113
604,326,57,112
601,323,57,109
605,324,55,108
612,324,55,107
617,327,53,104
614,324,60,115
617,322,58,165
623,324,63,169
627,328,68,169
620,327,74,170
612,333,92,161
607,331,104,170
602,332,110,168
612,330,104,166
609,332,105,165
644,332,73,167
644,331,79,169
662,331,62,170
664,334,71,167
662,333,76,166
669,335,74,164
672,336,62,162
673,335,65,163
673,336,78,165
672,337,81,159
682,338,89,163
701,338,74,167
709,337,73,140
714,337,73,136
717,335,71,137
720,338,66,124
724,339,71,132
728,337,78,138
727,340,89,157
740,345,87,170
758,344,83,171
761,343,76,172
759,344,84,176
769,344,76,169
774,347,65,172
774,346,83,174
784,348,78,175
788,351,81,169
790,349,79,169
803,351,74,162
803,351,81,154
808,351,74,164
808,351,78,141
816,349,79,137
811,348,104,192
822,351,94,154
834,349,79,178
837,349,86,157
839,349,92,190
845,348,76,163
848,350,66,146
853,349,68,139
855,350,76,149
868,348,78,164
884,349,65,167
886,351,70,167
874,351,83,187
890,355,68,173
884,350,76,173
886,354,74,157
889,350,71,181
900,353,60,164
908,354,52,203
910,350,50,208
