15,351,64,108
17,351,62,108
18,351,60,108
20,351,59,108
28,351,51,108
34,351,45,108
43,351,37,108
51,351,31,108
52,351,36,112
52,351,41,112
52,351,45,112
52,351,57,112
52,351,61,112
54,351,61,111
56,351,61,110
58,351,60,110
60,351,59,110
65,351,53,110
72,351,48,110
79,351,45,110
87,351,41,110
89,351,45,110
92,351,48,110
92,351,53,110
92,351,59,109
92,351,62,109
92,351,65,109
92,351,65,109
92,351,65,109
99,351,61,109
107,351,56,109
115,351,49,109
123,351,44,109
128,351,41,109
131,351,41,109
135,351,40,109
135,351,47,109
135,351,53,109
135,351,59,109
135,351,65,109
137,351,65,109
139,351,65,109
145,351,59,109
152,351,53,109
160,351,48,109
168,351,43,109
175,352,41,109
181,352,40,109
181,352,46,109
181,352,52,109
183,353,55,109
184,354,59,109
185,352,61,109
185,351,63,109
190,351,61,109
195,351,60,109
202,351,54,109
209,351,48,109
216,350,43,109
222,350,39,109
224,350,39,109
226,350,40,109
226,350,47,109
226,350,55,109
228,350,57,109
230,350,60,109
233,350,59,110
236,350,59,110
240,350,57,111
244,350,55,112
251,350,53,111
258,351,51,110
264,351,51,110
269,351,51,110
272,351,51,110
274,351,51,110
274,351,53,110
274,351,56,110
275,351,60,110
276,351,64,110
279,351,62,109
282,351,60,108
290,351,54,108
297,351,48,108
300,351,47,107
304,351,47,106
306,351,47,106
309,351,47,106
310,351,51,106
312,351,55,106
312,351,59,106
313,351,63,106
316,351,63,106
318,351,63,106
322,351,60,106
325,351,57,106
329,351,55,106
333,351,53,106
339,352,47,106
345,352,41,106
349,352,40,106
353,352,39,106
356,352,39,106
359,352,39,106
360,353,43,106
361,354,47,106
361,354,47,106
361,355,48,106
359,359,49,105
364,359,45,105
369,359,41,105
374,359,37,105
379,359,33,105
381,359,37,105
382,359,40,105
382,359,46,105
382,359,52,105
382,359,60,105
382,359,68,105
385,359,68,105
389,359,68,105
390,359,68,105
391,359,68,105
397,358,64,105
402,358,60,105
406,356,59,106
410,355,57,108
415,352,56,110
421,350,55,112
425,351,55,112
429,352,55,112
438,354,55,111
447,355,55,110
448,356,59,109
449,358,64,108
452,358,63,108
455,358,61,108
462,358,59,108
469,358,56,108
475,358,55,108
482,358,53,108
489,358,57,108
496,358,61,108
498,358,66,110
499,358,71,112
504,360,69,112
510,362,68,112
517,362,65,112
524,362,61,112
538,361,54,111
552,360,47,110
556,360,48,110
560,360,49,109
568,361,53,111
576,362,57,113
581,363,62,113
586,364,67,113
595,366,65,110
604,368,63,108
610,368,61,108
615,368,60,108
622,369,59,108
628,370,57,108
633,370,64,108
637,370,71,108
643,370,77,109
648,370,84,110
652,370,82,110
656,371,81,110
661,370,79,111
665,370,77,112
673,368,71,114
681,366,65,116
693,364,57,118
693,362,65,120
704,364,60,117
712,364,61,120
720,366,61,120
727,368,61,118
733,370,60,117
738,372,60,116
743,374,63,116
743,374,65,116
745,374,65,117
747,374,67,117
748,374,69,117
749,374,68,116
751,375,67,117
752,374,63,114
757,371,63,117
771,370,61,121
778,370,64,124
785,370,67,128
786,370,67,128
786,371,67,129
784,372,68,127
781,374,69,125
778,374,67,125
776,374,64,125
776,372,59,129
777,370,55,133
774,370,56,134
771,370,57,136
767,372,56,131
763,375,55,126
761,375,53,126
759,375,52,126
754,375,55,130
749,375,59,133
744,374,63,134
739,374,67,136
737,371,68,138
735,372,68,138
733,372,68,138
727,375,70,138
720,378,72,137
717,378,63,137
715,378,55,137
709,378,56,137
704,378,57,137
700,374,57,140
696,370,57,144
686,371,63,142
676,372,69,141
671,374,67,140
667,376,65,140
658,377,62,138
649,378,59,137
643,378,57,137
636,378,56,137
631,377,57,138
626,376,59,138
617,376,64,138
608,376,69,138
602,376,66,138
596,376,63,138
588,378,57,138
580,379,51,138
576,379,47,138
571,379,43,138
568,379,45,138
564,379,47,138
556,379,52,138
547,379,57,138
544,380,57,138
540,380,56,137
535,380,53,137
530,380,49,137
524,380,47,137
519,380,45,137
522,380,35,136
514,380,41,136
507,380,47,136
502,380,47,136
498,379,47,136
494,379,47,136
490,379,47,136
484,380,47,136
479,380,47,136
475,380,45,136
470,380,43,136
467,380,42,136
463,380,41,136
460,380,41,136
457,380,41,136
452,380,46,136
447,380,51,136
447,380,51,136
446,380,52,136
445,380,52,135
445,380,52,134
444,380,56,134
443,380,57,134
443,380,58,134
442,380,59,134
441,380,55,134
441,380,56,134
439,380,54,135
438,380,56,136
435,381,56,135
433,382,60,134
438,380,58,134
443,379,56,133
445,379,57,133
446,379,59,133
447,379,57,134
449,379,56,134
438,380,53,130
427,382,51,126
424,381,54,126
421,380,57,126
421,378,60,128
421,376,63,129
423,376,63,129
424,376,67,128
425,375,72,128
430,375,71,126
435,375,71,124
445,376,67,123
454,376,63,122
461,374,62,124
467,372,61,126
472,372,63,125
477,372,65,124
481,372,65,123
486,372,64,122
493,372,59,120
500,372,53,118
508,372,49,120
515,372,45,122
516,372,49,122
516,371,53,121
512,369,56,123
507,367,59,125
496,368,65,122
484,370,71,120
482,370,69,117
479,371,68,114
488,372,61,114
498,372,55,114
506,372,53,115
514,372,51,116
519,370,51,116
524,368,52,116
528,368,54,116
532,368,56,117
542,368,51,115
551,368,45,113
557,369,45,114
563,370,45,114
568,368,45,114
572,367,45,114
573,365,52,114
574,363,59,114
576,363,61,113
579,363,63,112
586,364,63,110
592,364,63,109
604,364,57,108
615,364,51,108
620,364,51,108
626,364,51,108
631,360,50,112
636,362,49,110
641,359,49,112
646,360,49,110
651,360,49,109
659,362,46,109
667,363,43,109
671,362,43,109
676,360,43,109
679,360,44,109
683,360,45,109
684,359,49,109
685,358,53,109
689,358,53,108
692,358,53,106
703,358,47,106
715,359,40,106
717,359,40,106
720,359,40,106
722,359,43,106
724,359,45,106
729,359,45,106
735,359,44,106
738,359,44,106
741,359,44,106
743,360,45,104
745,360,45,101
749,359,45,102
752,358,45,102
756,354,44,105
760,351,43,108
760,351,45,108
760,351,47,108
760,354,47,104
760,356,47,100
759,356,47,100
759,356,48,100
761,356,47,100
763,356,47,100
764,356,47,100
765,355,47,100
767,353,46,100
769,351,45,100
773,351,43,100
777,351,40,100
778,352,40,100
778,352,40,100
783,352,39,99
788,352,39,98
788,350,39,98
788,348,39,98
788,348,41,99
788,348,43,100
790,348,43,100
792,347,43,100
793,348,44,98
794,350,45,96
796,350,45,96
797,350,45,97
798,349,45,97
798,348,45,97
800,346,45,97
802,344,44,97
803,344,44,97
804,344,44,97
805,344,43,96
806,344,43,96
807,344,42,96
808,344,41,96
809,344,41,96
810,344,40,96
811,342,40,96
812,340,40,97
813,341,41,95
813,342,43,96
813,344,43,91
814,345,41,89
816,346,40,88
816,346,40,88
817,345,39,89
818,344,39,89
820,343,36,89
822,342,32,89
822,342,33,89
822,342,33,89
823,344,33,88
824,345,33,87
824,345,33,87
824,345,33,87
823,344,34,88
823,343,35,88
823,343,35,87
824,343,36,86
824,343,36,86
824,343,36,86
822,342,37,86
821,342,39,86
821,341,39,86
820,340,39,86
822,339,38,86
823,338,37,86
822,338,37,86
822,338,37,86
821,338,36,86
821,338,36,86
820,338,36,86
820,338,35,86
820,338,34,86
821,338,33,86
821,338,33,86
820,338,33,86
820,337,33,86
819,336,33,86
819,336,33,86
819,336,33,86
818,336,35,85
816,336,36,85
816,336,36,85
816,336,36,85
815,336,36,85
815,336,36,85
814,335,36,85
814,335,36,85
813,335,36,84
812,335,36,82
812,335,36,82
812,335,36,82
812,335,36,83
812,335,35,84
815,336,34,83
817,338,32,81
817,338,32,81
818,338,32,81
818,338,32,80
818,338,33,78
816,338,33,78
815,338,33,78
815,337,33,78
816,336,33,78
816,336,33,78
816,335,33,78
816,335,33,78
816,335,33,78
816,335,33,77
816,334,33,76
815,334,33,76
814,334,33,76
813,333,33,76
813,332,33,76
815,329,32,78
818,326,31,80
821,326,31,80
824,326,31,79
828,329,32,78
832,331,32,76
839,333,33,77
845,336,35,77
849,335,35,77
852,334,35,76
852,334,35,76
852,334,34,76
851,333,33,77
850,332,32,78
850,332,32,78
849,332,32,78
848,332,32,79
848,332,32,79
846,332,34,78
844,332,35,78
843,333,35,78
842,333,35,78
841,332,35,77
840,331,34,77
839,331,32,77
838,331,31,77
837,331,31,77
835,331,31,78
834,331,31,78
832,332,31,78
831,332,33,77
830,332,34,77
829,332,34,76
828,332,34,74
826,332,34,74
823,332,34,74
821,331,33,73
820,331,32,72
819,331,32,72
818,331,33,72
817,331,32,72
815,331,31,72
815,331,30,72
814,331,30,72
812,331,33,72
812,331,33,72
810,331,32,72
808,331,32,72
807,331,31,71
806,331,31,70
805,331,31,70
803,331,31,69
799,330,34,69
802,329,31,69
800,329,32,69
798,329,33,69
795,330,34,69
793,331,34,68
791,331,34,68
788,331,37,68
786,331,37,68
786,331,34,68
785,331,34,68
786,330,32,67
787,330,30,67
786,328,30,67
785,328,30,67
784,328,30,67
783,329,30,67
782,330,30,67
782,330,30,67
782,330,30,67
780,330,30,67
779,330,30,67
779,330,29,67
779,330,29,67
778,329,29,67
777,328,29,67
775,327,29,67
774,327,29,67
773,327,29,67
772,327,29,67
770,326,29,67
769,326,29,67
767,326,29,67
765,327,29,67
764,326,30,67
763,326,30,67
761,325,30,67
760,325,30,67
759,324,30,67
757,322,30,67
755,322,30,67
752,322,30,67
751,321,30,67
750,320,30,67
749,320,30,67
747,320,30,67
747,320,30,67
747,320,30,67
747,321,30,67
747,322,30,67
746,322,30,67
745,322,30,67
744,321,30,67
743,320,30,67
742,318,30,67
742,317,30,67
739,318,30,67
737,320,30,67
736,322,30,67
734,322,30,67
733,323,30,67
732,322,30,67
731,321,30,67
729,322,30,67
727,322,30,67
727,322,30,67
726,322,30,67
726,321,30,67
726,321,30,67
725,321,30,67
725,319,30,67
725,318,30,67
724,319,30,67
723,320,29,67
724,321,29,67
724,322,29,67
724,322,28,67
724,322,28,66
724,320,28,66
723,318,28,66
723,318,27,65
723,317,27,65
722,317,27,65
721,318,27,65
720,319,27,65
719,321,27,65
719,321,27,65
719,321,27,65
718,321,27,65
717,321,27,65
717,321,27,65
717,322,27,65
717,322,28,65
716,322,28,65
715,322,29,65
715,322,29,65
714,322,29,65
714,322,29,65
713,322,29,65
712,322,29,65
711,322,28,65
710,322,27,65
709,322,27,64
707,322,26,63
706,322,26,63
705,322,26,62
705,322,26,62
704,322,26,62
704,321,26,62
704,320,26,62
704,318,27,62
703,315,27,62
703,316,28,62
702,317,28,62
700,317,28,62
699,317,28,62
698,317,28,62
697,316,28,62
695,315,28,62
693,314,28,62
693,314,26,62
692,314,25,62
691,314,24,62
689,314,23,62
684,314,23,62
679,314,24,62
677,314,23,62
675,314,22,62
672,314,23,62
670,314,23,61
669,314,24,61
668,314,24,60
667,314,24,60
667,314,24,60
666,314,24,60
665,314,24,60
665,314,24,60
665,314,24,60
665,314,24,60
665,314,24,60
664,314,24,60
663,314,24,60
661,314,25,60
660,314,25,60
659,314,26,60
658,314,26,60
655,314,25,59
653,314,24,59
652,314,23,58
651,314,23,58
650,314,22,58
649,314,21,57
648,314,21,57
647,314,21,57
645,313,22,57
643,312,23,57
642,312,23,57
641,312,23,57
641,313,23,57
641,313,23,57
640,313,23,57
640,314,23,57
639,314,24,57
638,314,25,57
636,314,25,57
634,314,25,57
634,314,23,57
633,314,21,57
632,314,21,57
630,314,21,57
629,314,21,57
627,314,21,57
626,314,21,57
624,314,21,57
623,314,21,57
622,314,21,57
621,313,21,57
620,313,21,57
617,313,21,54
616,312,23,55
615,315,23,55
614,314,23,55
611,314,23,55
610,314,23,55
608,314,23,55
606,314,21,55
604,314,19,55
604,313,18,53
602,312,19,55
600,311,19,55
597,311,19,55
595,311,19,54
592,311,19,54
591,312,19,54
588,312,19,54
587,313,18,54
584,313,19,54
584,313,19,53
582,313,19,52
579,313,19,52
576,312,20,52
