134,294,78,189
159,296,78,190
185,299,78,188
202,295,86,190
222,296,91,189
265,292,81,194
290,292,78,193
298,284,96,205
317,281,92,208
329,283,89,204
353,278,97,205
364,281,94,205
376,279,91,205
379,277,107,207
385,275,104,206
400,276,110,205
413,273,102,206
413,275,105,208
421,277,104,205
418,272,102,212
424,270,102,212
423,269,100,212
427,270,91,213
426,267,92,214
424,266,89,214
423,267,86,215
421,265,83,221
419,266,84,217
416,267,87,215
416,265,87,217
411,264,91,221
411,265,91,219
411,263,89,225
406,264,94,220
406,262,94,223
401,261,100,220
400,260,99,225
398,258,97,225
397,258,99,230
393,257,105,229
387,257,113,230
387,255,113,230
389,254,113,230
389,255,115,230
385,255,112,229
389,250,105,240
390,252,105,240
393,250,97,241
393,253,102,241
390,251,104,243
384,250,100,245
374,255,102,240
372,255,100,248
366,258,105,244
359,258,105,247
350,259,112,248
340,264,105,249
329,262,110,254
327,264,113,248
321,267,115,251
319,263,105,255
308,262,112,258
304,263,120,253
298,261,120,261
295,258,117,262
293,259,113,264
285,260,126,264
282,263,139,263
280,262,142,263
280,263,139,266
278,266,138,263
283,265,123,267
285,263,120,270
283,261,120,271
278,260,121,268
283,259,113,268
278,256,110,269
277,257,110,270
278,253,113,274
278,251,118,277
278,252,115,273
277,252,115,275
278,250,115,278
280,252,120,277
278,249,117,284
280,247,117,284
283,243,118,288
283,241,126,291
283,242,128,290
282,240,131,292
282,242,134,290
278,243,147,292
277,243,157,296
275,245,170,294
275,245,178,293
274,244,181,299
278,243,164,303
283,246,157,300
282,245,152,304
280,242,154,306
285,240,142,308
285,237,138,312
283,237,136,311
283,235,133,313
283,236,125,316
285,237,123,316
282,238,126,311
283,239,125,315
282,238,133,310
282,240,126,317
283,239,128,325
277,236,138,333
282,234,133,333
275,234,144,332
275,229,141,335
275,228,141,338
272,224,157,344
275,226,155,341
280,224,152,342
282,225,202,341
278,224,219,343
287,228,210,346
291,240,204,331
298,233,194,339
298,221,193,351
299,213,188,357
303,210,173,362
304,210,170,357
304,207,167,364
308,208,159,365
311,209,154,364
342,207,147,366
346,206,157,368
333,208,180,367
338,209,180,366
346,207,181,368
345,207,176,368
343,206,180,368
350,202,172,373
353,200,170,374
355,196,172,378
363,193,193,380
369,193,189,383
376,192,191,383
376,190,207,385
385,193,225,382
395,189,256,385
401,191,253,385
406,189,253,387
413,186,238,390
413,186,230,390
432,182,181,393
429,177,186,399
429,172,183,404
434,172,180,403
426,171,185,404
427,171,164,405
435,174,157,400
434,174,176,400
434,174,180,402
434,176,189,400
435,178,185,396
442,177,185,399
442,173,175,400
447,177,170,397
448,171,168,400
445,164,206,411
450,163,215,412
452,163,225,412
458,163,217,411
458,166,219,410
466,167,202,409
461,164,222,411
465,168,220,408
461,163,238,411
460,162,235,413
466,163,201,412
463,163,188,412
450,159,191,414
452,157,178,416
460,150,188,424
448,148,196,428
448,149,193,427
442,147,189,428
445,146,181,429
439,146,189,430
432,145,196,431
429,143,191,432
427,139,191,435
421,132,183,443
397,128,196,446
398,119,198,452
393,113,202,461
392,112,217,464
390,109,222,467
387,108,228,468
390,106,240,468
392,104,254,467
384,103,274,470
395,104,275,471
400,104,329,471
392,99,275,477
374,95,256,481
359,99,240,475
358,98,241,476
321,103,238,473
291,115,210,461
283,117,210,459
278,107,222,467
270,99,238,477
280,100,235,476
291,104,243,471
329,119,233,457
350,124,215,448
369,128,207,443
389,129,248,447
445,116,193,457
447,108,204,467
474,94,283,481
500,83,275,491
513,85,168,489
531,80,159,492
557,82,199,494
580,86,193,489
591,90,202,485
599,94,202,479
631,95,155,479
648,110,194,464
662,110,167,463
659,115,196,460
677,115,167,461
677,115,167,461
691,113,167,459
685,111,180,462
693,120,225,454
677,120,193,451
675,127,207,445
675,129,191,442
677,138,204,437
678,142,191,430
688,150,183,423
670,138,206,437
662,156,225,419
664,159,209,413
649,158,202,416
628,158,214,416
610,154,199,418
563,164,214,411
529,163,209,409
505,174,204,399
476,167,196,406
439,171,217,399
380,186,185,387
350,195,194,379
325,205,172,371
287,213,173,363
248,213,175,362
172,217,180,357
115,221,201,352
89,221,207,355
70,221,207,355
55,219,207,357
16,228,206,346
0,233,204,343
2,235,180,339
0,240,167,336
0,241,152,334
0,241,149,335
0,243,146,333
0,238,146,337
0,234,152,342
0,227,152,347
2,212,167,364
16,207,165,369
19,202,168,373
29,201,170,374
50,196,180,380
86,194,154,379
108,188,154,386
123,192,157,381
138,184,244,391
157,186,230,389
212,182,196,393
209,173,209,403
230,171,198,405
261,170,183,404
274,168,191,406
298,166,199,410
317,168,204,407
330,164,232,412
343,164,249,410
356,162,253,413
377,167,238,407
377,166,240,407
385,161,233,413
387,164,233,409
397,164,219,410
424,162,188,400
434,164,167,396
431,156,164,406
431,159,162,405
434,161,147,405
440,171,147,400
434,176,167,393
434,179,170,392
435,184,175,389
432,185,175,387
432,192,168,382
435,195,155,380
439,195,151,380
434,194,154,381
437,197,151,368
434,201,157,363
426,201,165,367
423,207,160,359
419,210,157,357
410,212,178,361
392,222,202,354
397,222,188,354
385,228,186,346
392,228,168,346
374,229,172,343
363,231,160,343
346,231,165,340
356,232,142,340
356,230,128,338
358,230,108,337
324,235,118,328
314,234,123,333
306,235,126,332
295,234,126,335
295,238,118,333
282,242,123,326
277,243,130,319
270,241,126,322
272,236,120,324
270,235,118,319
274,221,123,308
272,220,128,303
267,215,134,306
269,207,134,313
272,210,131,303
272,206,157,304
274,205,160,304
274,200,168,303
272,199,172,301
272,195,170,300
293,194,157,294
296,191,154,295
314,188,141,295
317,185,141,294
330,180,133,292
350,173,126,291
358,171,125,289
367,168,115,290
376,167,110,287
387,170,108,287
400,171,107,285
405,174,110,282
411,180,105,277
416,178,108,282
419,182,112,276
435,183,107,276
437,181,113,276
439,182,120,264
440,178,125,265
440,178,131,270
447,184,134,262
455,182,139,265
463,186,144,269
468,188,152,265
479,192,144,263
494,200,138,261
491,201,146,260
502,201,134,260
513,202,123,260
508,204,133,257
521,205,115,251
536,203,102,257
533,204,102,256
539,203,99,256
539,206,104,253
547,206,97,254
539,210,113,250
547,210,107,250
547,214,108,250
554,219,107,247
559,218,104,245
567,215,96,252
567,219,100,245
568,218,108,236
570,217,112,237
578,221,110,233
576,220,118,239
580,218,117,239
581,218,128,237
583,222,131,234
583,223,141,231
593,222,130,232
601,224,121,230
610,225,115,232
612,223,105,233
612,224,115,232
620,220,100,223
623,218,97,228
620,218,97,228
625,215,91,229
623,220,92,225
630,223,91,223
631,223,89,224
638,227,87,223
631,230,94,220
635,230,89,218
636,230,87,220
636,232,84,214
633,230,91,219
633,229,89,215
635,227,89,217
633,229,87,209
630,228,94,212
631,227,87,217
628,231,89,209
628,229,92,211
628,231,96,212
625,238,97,205
623,238,97,204
623,239,84,202
620,238,81,204
617,239,79,202
614,239,79,204
610,240,81,203
615,241,76,202
610,238,78,204
604,238,79,205
601,241,79,202
597,243,81,197
597,239,79,204
596,243,78,201
599,247,76,193
599,247,74,196
602,248,71,194
597,248,78,192
601,248,73,192
602,246,74,192
599,245,79,191
597,246,81,191
599,246,81,190
596,246,86,190
602,247,91,190
609,248,87,188
609,251,91,185
609,252,92,183
612,252,89,184
615,253,79,183
617,250,79,184
620,250,78,184
623,250,73,179
627,246,74,181
630,244,73,184
628,243,76,183
635,243,73,183
633,245,76,179
638,247,73,178
638,250,78,176
639,249,71,178
641,248,71,176
641,249,71,175
641,250,71,172
639,252,71,172
636,251,76,172
636,251,78,171
639,248,70,169
631,249,78,172
633,249,78,172
635,252,83,168
641,253,79,167
638,252,84,168
646,254,81,166
648,255,78,166
649,255,71,165
651,255,73,169
652,257,74,163
657,258,70,161
659,261,66,159
659,259,71,163
661,261,71,163
662,261,68,161
662,259,73,166
665,263,70,161
664,265,66,162
662,265,68,162
662,266,68,158
667,266,65,161
667,268,63,156
662,266,68,159
665,269,68,158
665,267,68,160
664,267,68,154
670,268,63,157
665,270,70,157
664,274,74,153
664,274,78,155
669,276,76,155
670,281,74,153
672,283,73,150
672,282,71,153
669,284,70,152
673,285,63,150
670,282,68,153
669,283,71,150
672,283,73,148
675,284,62,150
673,283,65,152
673,282,66,154
673,282,66,154
677,284,65,151
677,288,65,146
682,284,65,151
685,287,66,144
686,286,66,149
686,283,68,150
688,283,68,149
690,284,66,148
690,285,71,147
691,283,70,146
691,284,70,145
691,282,73,147
693,283,68,145
693,285,65,143
695,289,65,141
695,290,65,139
690,288,71,142
690,288,68,142
693,284,65,144
693,283,63,143
698,285,55,136
695,284,62,138
695,281,63,143
699,281,57,139
698,283,63,140
699,281,60,141
701,281,63,139
703,283,62,137
704,280,63,142
709,283,62,136
707,281,65,139
712,282,60,139
712,283,65,135
719,281,58,140
716,282,65,140
719,281,58,139
716,280,68,137
722,283,62,134
722,281,62,138
725,280,65,137
727,280,65,136
728,283,68,132
732,283,63,136
735,283,62,131
733,283,63,135
732,282,63,131
735,281,60,134
733,281,60,132
735,284,62,127
738,280,55,132
741,279,55,129
740,282,55,132
741,284,58,132
740,284,63,130
743,286,60,131
746,289,58,126
745,287,58,129
746,288,57,127
743,287,58,131
746,289,58,124
745,287,60,123
741,287,62,127
743,286,63,125
743,283,60,129
748,287,58,124
748,286,57,126
751,287,53,124
750,291,58,122
751,292,60,120
756,293,53,121
754,292,58,121
753,291,63,124
754,291,57,125
756,293,58,117
759,291,49,121
756,290,57,123
756,290,55,122
754,291,57,121
758,291,52,120
756,293,50,117
753,292,55,121
756,294,50,119
758,294,47,119
753,294,52,122
753,296,57,118
754,295,49,119
756,296,49,118
753,296,53,120
754,297,50,118
754,297,52,119
753,302,53,113
751,302,52,116
751,302,55,115
750,304,55,116
745,307,55,115
746,309,53,112
740,309,53,112
740,307,49,112
735,308,52,113
730,306,55,112
728,306,58,113
732,303,49,114
730,300,49,116
733,301,42,117
730,300,47,115
725,300,58,116
730,298,52,118
728,297,52,119
728,299,50,115
722,298,55,117
727,297,49,112