150,82,30,61
150,81,26,63
149,80,26,63
149,82,26,63
149,83,26,63
147,84,26,63
146,84,26,63
144,85,28,69
143,90,29,66
139,87,29,70
142,91,28,67
136,91,33,68
135,93,31,68
135,94,26,66
133,94,26,66
132,94,26,66
130,94,28,66
129,94,29,66
126,94,32,76
124,94,29,73
123,95,29,73
121,99,29,73
123,99,29,73
117,103,31,74
117,103,32,75
119,104,31,77
120,106,29,73
119,107,33,78
121,107,33,77
121,108,34,80
123,110,32,78
124,110,32,78
126,113,30,81
127,114,34,80
132,114,31,80
132,114,35,83
135,114,33,83
136,115,33,83
138,119,35,83
139,119,35,83
139,121,35,83
138,120,36,85
139,121,35,87
140,122,35,83
138,124,39,88
143,127,35,83
142,125,37,89
139,129,39,88
142,130,34,91
140,133,37,90
140,132,37,92
143,135,35,90
146,134,35,90
146,136,35,90
146,139,35,90
146,142,35,90
146,142,35,92
146,142,35,94
146,142,35,94
149,145,36,94
149,146,38,98
150,147,40,97
151,146,39,100
152,149,39,100
153,153,39,100
155,154,39,100
157,156,39,100
157,157,39,100
159,157,39,102
160,157,40,103
164,160,40,105
165,159,40,105
169,160,40,105
170,167,40,105
172,167,41,106
173,171,40,105
179,171,41,107
177,172,44,111
180,176,40,105
180,176,40,108
180,176,40,110
180,176,40,113
175,180,45,117
171,184,45,117
167,188,45,117
186,186,45,117
217,183,45,117
246,185,45,117
275,188,45,117
299,188,57,125
337,196,53,125
367,198,54,124
384,199,54,124
400,203,57,125
422,203,62,125
447,205,62,125
425,203,76,127
406,207,82,127
391,210,82,127
377,211,88,127
359,211,88,127
339,217,96,125
349,217,96,125
356,215,101,124
370,216,111,125
379,217,111,125
399,219,111,125
408,217,114,133
417,217,123,137
436,208,123,137
434,218,137,130
459,208,122,137
479,208,122,137
464,208,122,137
437,208,122,137
403,210,122,137
387,210,122,137
365,210,122,137
345,210,122,137
323,210,122,137
303,211,117,137
300,211,117,137
272,214,117,137
258,208,117,137
235,208,117,137
254,203,117,137
269,203,117,137
289,203,117,137
295,203,117,137
309,202,117,137
322,200,117,137
332,200,117,137
311,204,113,124
279,204,120,124
252,201,117,123
244,201,111,125
231,201,113,120
242,199,118,120
254,202,124,128
265,197,124,128
278,197,124,128
297,196,123,128
317,196,123,128
337,196,123,128
335,196,123,128
333,197,123,128
331,197,123,128
329,198,123,128
326,199,123,128
323,199,123,128
410,200,123,128
320,200,123,128
320,199,123,128
316,201,123,128
314,202,123,128
387,197,123,128
309,203,123,128
308,204,123,128
305,204,123,128
303,205,123,128
380,199,123,128
402,198,123,128
438,189,123,128
466,215,93,100
430,198,123,128
429,216,127,117
411,219,134,106
412,211,136,128
379,218,119,121
350,212,119,130
358,217,95,127
358,208,111,128
360,206,116,131
370,219,71,124
359,214,100,122
352,206,114,133
301,224,80,123
289,223,97,124
267,243,120,106
248,228,134,119
226,230,134,119
202,225,134,119
170,228,134,119
149,231,134,119
157,228,134,119
164,225,134,119
171,225,127,119
178,225,120,119
200,224,120,119
217,219,120,119
228,217,120,119
222,217,120,119
217,217,120,119
192,217,120,119
192,217,120,119
140,218,120,119
129,219,120,119
113,219,120,119
95,208,102,119
