319,217,75,59
324,217,75,61
329,216,76,62
334,215,76,64
339,214,76,66
351,213,73,65
364,212,70,65
376,211,68,65
388,210,65,65
401,209,62,65
406,209,68,65
411,209,73,65
416,209,78,66
419,210,84,65
422,211,90,64
425,212,95,64
428,213,101,63
429,212,100,64
430,211,100,66
431,210,99,67
433,211,99,66
435,212,98,66
437,213,98,66
441,214,97,65
445,215,96,65
448,215,96,65
452,216,95,64
453,216,99,64
454,216,102,64
455,216,105,64
455,216,108,64
455,216,111,64
455,216,114,64
452,216,115,64
448,216,116,64
445,216,117,63
442,216,118,63
438,215,108,64
434,214,110,65
430,214,116,63
428,214,116,63
427,214,116,63
424,214,116,63
420,214,116,64
416,214,117,64
412,214,117,65
408,214,118,66
406,213,118,66
403,212,119,66
401,212,120,67
399,211,120,67
395,211,123,67
392,210,125,68
389,210,127,68
386,210,130,68
384,211,129,67
382,211,127,66
380,212,126,66
378,213,126,66
377,213,126,66
376,213,126,66
374,213,126,66
373,214,126,66
371,213,125,66
370,213,125,67
368,213,124,68
367,213,124,69
365,212,123,69
364,213,123,68
364,214,123,68
363,214,123,67
362,215,123,66
360,215,122,65
358,215,121,65
357,215,120,65
355,215,119,64
353,213,121,66
350,212,122,68
348,211,124,69
346,209,125,71
343,209,126,71
341,209,126,71
339,209,126,72
336,209,126,72
333,209,127,72
330,209,127,72
327,209,128,72
324,209,129,72
321,209,129,72
319,208,131,73
317,208,132,74
315,207,134,75
313,207,136,77
311,206,135,77
308,206,134,77
306,206,133,77
303,205,132,77
300,205,134,77
297,205,136,77
293,205,138,77
290,205,140,77
288,206,140,77
285,206,141,76
283,207,141,76
281,205,138,78
278,204,135,80
276,203,132,82
274,201,129,84
273,202,129,85
272,202,129,85
270,202,129,85
269,203,129,86
267,203,129,87
265,203,128,88
262,203,128,89
260,204,128,90
258,204,127,91
255,204,129,92
253,205,131,93
251,205,133,94
248,205,134,95
245,205,138,97
241,204,141,100
238,204,139,98
234,204,137,95
231,204,134,93
228,204,131,93
225,204,128,93
222,204,125,93
219,204,122,93
217,203,120,93
214,203,119,92
212,202,118,92
209,202,116,91
207,201,115,91
206,200,117,91
205,199,119,92
204,198,121,93
203,196,123,94
202,195,125,95
202,196,127,94
201,197,129,93
201,198,131,92
200,199,132,91
203,199,137,91
205,199,142,91
208,200,147,91
211,200,152,92
213,200,158,92
221,199,159,95
229,198,160,98
237,197,161,101
244,196,162,104
252,195,163,107
253,196,159,104
255,197,155,102
256,198,150,99
258,199,146,96
261,198,142,100
271,203,141,97
285,207,145,96
317,210,143,95
358,208,148,97
405,210,140,95
431,215,132,91
441,215,132,96
449,211,143,97
453,208,152,98
456,199,152,98
453,198,155,100
451,198,157,100
447,198,162,99
443,198,167,98
439,197,173,98
435,197,178,97
431,196,178,97
427,196,177,98
423,195,177,98
420,195,177,98
416,194,176,98
413,194,176,99
409,194,176,99
406,193,175,99
402,193,175,100
400,193,175,101
398,192,175,103
396,192,175,105
395,191,173,108
394,191,170,111
394,191,168,114
393,190,166,118
392,190,164,121
391,190,163,124
390,190,161,128
389,189,159,131
388,188,160,132
387,187,160,132
386,185,160,132
386,186,160,133
386,186,161,134
386,187,161,134
385,188,162,134
383,189,163,134
382,190,164,134
381,190,165,134
381,190,164,134
381,190,162,133
381,190,160,132
381,190,159,132
380,190,165,133
379,189,171,134
377,189,178,135
376,188,184,136
373,187,185,138
371,187,185,139
368,186,186,141
365,185,187,142
363,186,188,141
361,186,189,140
358,186,196,141
356,187,202,143
359,186,198,143
362,186,194,143
364,186,189,142
367,185,185,142
368,183,179,141
368,180,173,141
369,177,167,140
368,176,167,140
368,176,168,140
361,175,174,140
355,174,181,140
348,174,187,140
342,173,194,140
335,173,198,136
329,173,203,133
322,173,208,130
316,173,213,127
310,173,209,126
303,173,206,126
297,173,203,126
291,173,199,125
292,172,199,128
293,170,198,130
294,169,197,132
295,167,197,134
294,167,198,134
292,166,199,134
291,166,200,133
292,167,200,133
294,168,200,133
295,169,201,133
296,169,201,135
297,169,202,136
298,169,203,138
299,169,203,140
297,167,203,141
303,165,202,143
320,165,207,144
341,167,203,142
355,167,204,145
370,167,206,147
374,167,207,149
379,166,207,150
384,166,208,152
388,166,209,153
390,167,210,154
392,168,211,154
393,168,212,155
395,169,213,155
397,170,213,156
402,169,216,158
407,168,218,159
412,167,220,161
417,166,222,163
419,165,217,165
422,164,212,166
424,163,206,167
424,163,209,168
424,163,212,168
424,163,215,169
424,163,218,170
436,164,224,167
447,165,230,165
459,166,237,162
466,165,239,164
473,164,241,165
480,164,243,167
487,163,246,168
487,162,245,170
486,161,244,172
485,160,243,174
485,160,242,176
495,160,242,175
505,161,242,173
515,162,242,171
525,162,242,170
525,163,246,164
526,165,250,158
526,166,255,152
521,166,258,152
515,167,262,153
510,167,266,153
505,167,264,157
500,167,261,161
496,166,259,165
491,166,257,168
485,165,259,166
479,165,261,163
472,164,263,160
466,163,266,157
466,163,271,156
466,163,276,155
466,163,282,154
465,162,287,153
464,162,291,157
463,161,294,160
462,160,297,164
460,160,300,167
455,158,301,171
449,156,301,175
444,154,302,179
438,154,299,179
432,153,296,179
426,152,293,179
421,152,291,179
415,151,288,179
409,150,285,179
404,149,283,179
398,149,280,179
392,148,277,179
392,148,285,179
392,148,293,179
392,148,300,179
389,149,304,180
385,149,308,181
382,150,312,183
379,151,316,184
377,152,321,188
376,153,326,193
375,154,331,197
373,156,337,201
372,157,342,206
375,160,342,207
378,163,341,208
380,167,341,209
383,170,341,210
385,175,345,210
387,180,350,210
390,185,354,210
396,189,358,210
403,194,361,210
410,199,365,210
416,200,378,215
422,201,391,221
427,203,404,227
433,204,417,233
423,206,414,235
413,208,411,237
403,210,409,239
393,212,406,242
378,210,404,245
362,209,402,248
346,208,401,250
330,207,399,253
304,209,399,251
277,212,399,248
250,214,399,246
224,217,399,243
211,219,400,237
199,221,401,231
187,223,401,225
175,225,402,219
164,227,410,216
153,230,417,213
143,232,425,210
137,237,433,213
132,241,442,217
126,246,450,221
121,250,458,225
116,264,455,218
112,279,452,212
107,293,449,205
103,307,446,198
98,317,455,191
93,327,464,184
89,338,473,177
69,345,480,177
50,353,487,177
31,361,495,176
12,369,502,176
8,375,494,176
5,381,485,176
2,388,477,176
0,394,467,176
0,397,447,174
0,399,426,173
0,402,406,171
