434,303,12,31
434,303,12,32
435,303,12,32
435,303,12,32
435,302,11,32
435,302,11,32
435,302,11,32
435,302,11,32
435,302,11,32
435,302,11,32
435,302,11,32
435,302,11,32
435,302,11,32
435,302,11,33
434,302,12,33
434,302,12,33
434,302,12,33
434,302,12,33
434,302,12,33
434,302,12,33
434,302,12,33
434,302,12,33
433,302,12,33
434,302,12,33
434,302,12,33
434,302,12,33
434,302,12,33
434,302,12,33
434,302,12,33
434,302,12,33
434,302,12,34
434,302,12,34
434,302,12,34
434,302,12,34
434,302,12,34
434,302,12,34
434,303,12,34
434,303,12,34
434,303,12,34
434,303,12,34
434,303,12,34
434,303,12,34
434,303,12,33
434,303,12,33
434,303,12,33
434,303,13,32
434,303,13,32
433,303,13,31
433,303,13,31
433,303,13,31
433,302,13,30
433,302,13,30
433,302,13,30
433,302,13,30
433,302,12,29
433,302,12,29
433,302,12,29
433,302,12,29
433,302,12,29
433,302,12,29
433,302,12,29
433,303,12,29
433,303,12,28
433,303,12,28
433,303,12,28
433,303,12,28
433,303,12,28
433,303,12,28
433,303,12,28
433,303,12,28
433,303,12,28
433,303,12,28
433,303,12,28
433,303,12,28
433,303,12,28
433,303,12,28
434,303,12,28
434,303,12,28
434,303,12,28
434,303,12,28
434,303,12,28
434,303,12,27
434,303,12,27
434,303,12,27
434,303,12,27
434,303,12,27
434,303,12,27
435,303,12,27
435,303,12,27
435,303,12,27
435,303,12,27
435,303,12,27
435,303,12,27
435,303,12,27
435,303,12,27
435,303,12,27
435,303,12,27
435,303,12,27
435,303,12,27
435,303,12,27
435,303,12,27
435,303,12,27
434,303,12,27
434,303,12,27
434,303,12,27
434,303,12,27
434,303,12,27
434,303,12,27
434,303,12,27
434,303,12,27
434,303,12,27
434,303,12,27
434,303,12,27
434,303,12,27
433,303,12,27
433,303,12,27
433,302,12,27
433,302,12,27
433,302,12,27
433,302,12,27
433,302,12,27
433,302,12,28
433,302,12,28
433,302,12,28
433,302,12,28
433,302,12,28
433,302,12,28
433,302,12,28
433,302,12,29
433,302,12,29
433,302,12,29
433,302,12,28
433,302,12,28
433,302,12,28
433,302,13,28
433,302,13,28
433,302,13,28
433,302,13,28
433,302,13,28
433,302,13,28
433,302,13,28
433,302,13,27
433,302,13,27
433,302,13,27
433,302,13,28
433,302,13,28
433,302,13,28
433,302,13,28
433,302,13,28
433,302,13,28
433,302,13,28
433,302,12,28
433,302,12,28
433,302,12,28
433,302,12,28
433,302,12,28
433,302,12,28
433,302,12,28
433,302,12,28
433,302,12,28
433,302,12,28
432,302,12,28
432,302,12,28
432,302,12,28
432,302,12,28
431,302,12,27
431,302,12,27
431,302,12,27
431,302,12,27
432,302,12,27
432,302,12,28
432,302,13,28
432,302,13,28
432,302,13,28
432,302,13,28
433,302,13,28
433,302,13,28
433,302,13,28
433,302,12,28
433,302,12,28
433,302,12,28
434,302,12,28
434,302,12,29
434,302,12,29
433,303,12,28
433,303,13,28
432,303,13,28
432,303,13,28
431,303,14,27
431,303,14,28
431,302,14,28
431,302,14,29
432,302,14,29
432,301,14,30
432,301,14,29
432,302,13,29
432,302,13,29
432,302,13,29
432,302,13,29
432,302,13,29
432,302,13,29
432,302,13,29
433,302,13,29
433,302,13,29
433,302,13,29
433,302,13,29
433,302,13,29
433,302,13,29
433,302,13,29
433,302,13,29
433,302,13,29
433,302,13,29
433,302,13,29
433,302,13,29
433,302,13,29
433,302,13,29
433,302,13,29
433,302,13,29
433,302,13,29
433,302,13,29
433,302,13,29
433,302,13,29
433,302,13,28
433,302,13,28
433,302,13,28
433,302,14,28
433,302,14,28
434,302,14,28
434,302,14,28
434,302,14,28
434,302,14,28
434,303,14,28
434,303,14,28
434,303,14,28
434,303,14,28
434,303,14,28
434,303,14,28
434,303,14,28
434,302,14,28
433,302,14,28
433,302,14,28
433,302,14,28
433,302,14,29
433,302,14,29
433,302,14,28
433,302,14,28
433,302,14,28
434,302,14,27
434,302,14,27
434,302,14,27
434,302,14,26
434,302,14,26
434,302,14,25
434,302,14,26
434,302,14,26
434,302,14,26
434,302,14,26
434,302,14,26
434,302,13,26
434,302,13,26
434,302,14,26
433,302,14,27
433,302,14,27
433,302,14,27
432,302,14,28
432,302,14,28
432,302,14,28
432,302,14,28
432,302,14,28
432,302,14,28
432,302,14,28
432,302,14,28
432,302,14,28
432,302,14,28
432,302,14,28
432,302,14,27
432,302,14,27
432,302,14,27
432,302,14,27
432,302,14,27
432,302,14,27
432,302,14,27
432,302,15,27
432,302,15,27
432,302,15,27
431,302,15,26
431,302,15,26
431,302,15,26
431,302,15,26
431,302,16,26
431,302,16,26
431,302,16,26
430,302,16,26
430,302,16,25
430,302,16,26
430,302,16,26
430,302,16,26
431,302,16,26
431,302,16,26
431,302,16,26
431,302,16,26
431,302,16,26
431,302,16,26
431,302,15,26
431,302,15,27
431,302,15,27
431,302,15,27
431,302,15,27
431,302,15,27
431,302,15,27
431,302,15,27
432,302,15,27
432,302,15,27
436,302,15,27
440,302,15,27
444,302,15,27
458,302,14,29
474,302,14,29
488,302,15,31
496,302,14,29
497,302,14,29
497,302,14,29
494,302,13,29
491,302,13,30
480,302,13,29
460,302,12,26
443,303,12,27
443,305,12,27
442,307,12,27
442,306,12,27
441,308,12,28
440,310,12,27
439,309,12,27
440,309,12,27
441,309,12,27
441,309,11,27
441,308,11,26
440,308,11,26
440,307,11,25
440,307,11,25
440,307,11,25
440,306,11,25
440,306,11,25
440,305,11,25
440,305,11,25
440,304,11,25
440,304,11,25
440,304,11,25
440,304,12,25
440,303,12,26
440,303,12,26
440,303,12,26
440,303,12,27
440,302,13,27
440,302,13,27
440,302,13,27
440,302,13,27
440,302,13,27
440,302,13,28
440,302,13,28
440,302,13,28
440,302,13,28
440,302,13,28
440,302,13,28
439,302,13,28
439,302,14,29
439,302,14,29
439,302,14,29
439,302,14,29
439,302,14,29
439,302,14,29
439,302,14,30
439,302,14,30
439,302,14,30
439,302,14,30
439,302,14,30
439,302,14,30
439,302,14,30
439,302,14,29
440,302,13,29
440,302,13,29
440,302,13,28
440,302,12,28
441,302,12,28
441,302,12,28
441,302,12,27
442,302,11,27
442,302,11,27
442,302,11,27
442,302,11,27
441,302,11,27
441,302,11,27
441,302,12,27
441,302,12,27
441,302,12,27
441,302,12,28
441,302,12,28
440,302,12,28
440,302,12,28
440,302,12,28
440,302,12,28
440,302,12,28
440,302,12,28
439,302,13,28
439,303,12,28
439,303,12,28
439,303,12,27
439,303,12,27
439,303,12,27
439,303,12,27
439,303,12,26
439,303,12,26
439,303,12,26
439,303,12,26
439,303,12,25
439,303,12,25
439,303,12,26
439,303,12,26
439,303,13,26
439,303,13,26
439,303,13,26
439,303,13,27
439,303,13,27
439,303,13,27
439,302,13,27
439,302,13,27
439,302,13,27
439,302,13,28
439,302,13,28
439,302,13,28
439,302,13,28
439,302,13,28
439,302,13,28
439,302,13,29
439,302,13,29
439,302,13,29
439,302,13,29
439,302,13,29
439,302,13,29
439,302,13,29
439,302,13,29
439,302,13,29
439,302,13,29
439,302,13,29
439,302,13,29
439,302,13,29
438,302,13,29
438,302,13,29
438,302,13,29
438,302,13,29
438,302,13,29
438,302,13,29
438,302,13,29
438,302,13,29
438,302,13,29
438,302,13,29
438,302,13,29
438,302,13,29
438,302,13,28
438,302,13,28
438,302,13,28
438,302,13,28
438,302,13,28
438,302,13,28
438,302,13,28
438,302,13,28
438,302,13,27
438,302,13,27
437,302,13,27
437,302,13,27
437,302,13,27
437,302,13,27
437,302,13,27
437,302,13,27
437,302,13,27
437,302,13,27
437,302,13,27
437,302,13,27
437,302,13,26
437,302,13,26
437,302,13,26
437,302,13,26
437,302,13,26
437,302,13,26
437,302,13,26
437,302,13,26
437,302,13,26
437,302,13,26
437,302,13,26
436,302,13,26
436,302,13,26
436,302,13,26
436,302,13,26
436,302,13,26
436,302,13,26
437,302,13,26
437,302,12,26
438,302,12,26
439,302,11,26
439,302,11,26
440,302,10,26
440,302,10,26
440,302,10,26
440,302,11,26
440,302,11,26
440,302,11,26
440,302,11,26
440,302,11,26
440,302,11,26
440,302,11,26
440,302,11,27
440,302,11,27
440,302,11,27
440,302,11,27
440,302,12,27
440,302,12,27
440,301,12,27
440,301,12,27
439,301,12,28
439,302,13,27
438,303,13,26
437,303,14,25
436,304,15,25
435,305,16,24
434,305,17,23
433,306,17,23
432,307,18,22
431,308,19,21
432,308,19,21
432,308,19,20
432,309,19,19
433,309,19,19
433,310,19,18
434,309,18,19
434,307,18,20
435,306,18,21
436,305,18,22
436,304,17,23
437,304,16,24
437,303,15,24
437,303,15,24
438,303,15,25
438,303,14,25
438,303,14,25
438,303,14,25
438,303,13,25
438,303,13,25
438,303,13,25
438,303,13,25
439,303,12,25
439,303,12,25
439,303,12,25
439,303,12,25
440,303,12,25
440,303,12,25
440,303,12,25
440,303,12,25
440,303,12,25
440,303,12,25
440,303,12,25
440,303,12,25
440,303,12,25
440,303,12,25
440,303,12,25
440,303,11,25
440,302,11,25
440,302,11,25
440,302,11,25
440,302,11,25
440,302,11,26
440,302,11,26
440,302,12,27
440,302,12,27
440,302,12,27
439,302,12,28
439,302,12,28
439,302,12,28
439,302,12,28
439,302,12,27
439,302,12,27
439,302,12,27
439,302,13,26
439,303,13,26
439,303,13,26
439,303,13,26
439,303,13,26
439,303,13,25
439,303,13,26
439,303,13,26
439,303,13,26
439,303,13,27
439,303,13,27
439,303,13,27
439,303,12,27
440,303,12,27
440,303,12,27
440,303,12,27
440,303,12,27
440,302,12,26
440,302,12,26
440,302,12,26
441,302,12,26
441,302,12,26
441,302,12,26
441,302,12,26
441,302,12,26
441,302,12,26
441,302,12,26
441,302,12,26
441,302,12,26
441,302,12,26
441,302,12,26
441,302,11,26
441,302,11,26
441,303,11,26
441,303,11,26
441,303,11,26
442,303,11,26
442,303,11,26
442,303,11,26
442,303,11,26
442,303,11,26
442,303,11,26
442,303,11,26
442,303,11,26
442,303,11,26
442,303,11,26
442,303,11,26
442,303,11,26
442,303,11,26
442,303,11,26
442,303,11,26
442,303,11,26
442,304,11,26
442,304,11,26
441,304,11,26
441,304,11,26
441,304,11,26
441,304,11,26
441,304,11,26
441,304,11,26
441,304,11,26
441,304,11,26
445,306,11,26
450,307,12,25
455,308,13,24
460,308,11,24
462,308,11,24
464,308,11,24
464,308,11,24
465,308,11,24
465,308,11,23
466,308,10,23
466,308,9,23
467,308,9,22
467,308,9,23
467,307,9,23
467,307,9,23
467,306,9,24
467,306,9,24
467,305,9,24
467,305,10,24
467,305,10,25
467,304,10,25
467,304,10,25
467,303,11,25
467,303,10,24
467,304,10,24
467,304,9,23
467,304,9,23
467,304,9,23
467,304,9,23
467,304,9,23
467,304,9,23
467,304,9,23
467,304,9,23
467,304,9,23
467,304,9,23
467,304,9,23
467,304,9,23
467,304,9,23
467,304,9,23
467,304,9,23
467,304,9,23
467,304,9,23
467,304,9,23
467,304,9,23
467,304,9,23
467,304,9,23
467,304,9,23
467,304,9,23
467,304,9,23
467,304,9,23
467,304,9,23
467,304,9,23
467,304,9,24
466,305,9,25
466,305,9,25
466,305,9,25
466,305,9,25
466,305,9,25
466,304,9,25
466,304,9,25
466,304,9,25
466,304,9,25
466,304,9,25
466,304,9,25
466,304,9,25
466,304,9,25
466,304,10,24
466,304,10,24
466,304,10,24
466,304,10,24
466,304,10,24
465,304,10,24
465,304,10,24
465,305,10,23
464,305,11,23
463,306,12,22
463,307,13,21
462,308,14,21
462,309,14,20
462,310,14,19
463,309,14,20
463,307,13,22
464,306,12,23
465,305,12,25
466,305,9,24
466,305,9,24
466,304,9,24
466,303,9,25
466,302,9,25
466,303,9,25
466,303,9,25
467,303,9,25
467,303,9,25
467,303,9,26
467,303,9,26
467,302,9,26
467,302,9,26
467,302,9,26
467,302,9,26
466,302,10,26
466,302,10,26
466,302,10,26
466,302,10,26
466,302,11,26
466,302,11,26
466,302,11,26
466,302,11,26
466,302,11,26
466,302,12,26
465,302,12,26
465,302,12,26
465,302,12,26
465,302,12,26
465,302,12,26
465,302,12,26
465,302,12,26
465,302,12,26
465,302,13,26
465,302,13,26
465,302,13,26
465,302,13,26
464,302,13,26
464,302,13,26
464,302,13,26
464,301,13,27
464,301,13,27
464,301,13,27
464,301,13,26
464,302,13,26
464,302,13,26
464,302,13,26
464,303,13,25
464,303,13,25
465,303,13,25
465,303,12,25
465,303,12,25
465,302,12,25
466,302,12,25
466,302,12,25
466,302,12,25
466,302,12,25
466,302,12,25
466,302,12,26
466,302,12,26
466,302,12,26
466,302,12,26
466,302,12,26
466,302,12,26
466,302,12,26
466,302,12,26
466,302,12,26
466,302,12,26
466,302,12,26
466,302,12,26
466,302,12,26
466,302,12,26
466,301,12,26
466,301,12,26
466,301,12,26
466,301,12,26
466,301,12,26
466,301,12,26
466,301,12,27
466,301,12,27
465,301,12,27
465,301,12,28
465,301,12,28
465,301,13,28
465,301,12,28
465,301,12,28
465,301,12,28
466,301,12,28
466,301,12,28
466,301,12,28
466,301,12,28
466,301,12,28
466,301,12,28
467,301,12,28
467,300,12,28
467,300,12,28
467,300,12,28
467,300,12,28
467,300,12,28
467,300,12,27
467,300,12,27
467,301,12,27
467,301,12,27
467,301,12,27
467,301,11,26
467,301,11,26
467,302,11,26
467,302,11,26
467,302,11,26
467,302,11,26
467,302,12,27
467,302,12,27
467,302,12,27
467,302,12,27
467,302,12,28
467,302,12,28
467,302,12,27
467,302,12,27
467,302,12,27
467,302,12,27
467,302,12,27
467,302,12,26
467,302,12,26
467,302,12,26
467,302,12,26
467,302,12,26
467,302,12,26
467,303,12,26
467,303,12,26
467,303,12,26
467,303,12,25
467,303,12,25
467,303,12,25
467,303,12,25
467,303,12,25
467,303,12,25
467,303,12,25
467,303,12,25
467,304,12,25
467,304,12,24
467,304,12,24
467,305,12,23
467,305,12,23
467,306,12,22
466,306,12,22
466,306,13,22
466,306,14,21
465,307,14,21
465,307,15,21
465,307,15,21
465,307,15,21
465,307,15,21
465,307,15,21
465,307,15,21
465,307,15,21
465,307,15,21
465,307,15,21
464,307,15,21
464,307,15,22
464,307,15,22
464,307,15,22
464,307,15,22
464,307,15,22
464,307,15,22
464,306,15,22
464,306,15,22
464,306,15,22
464,306,15,23
464,306,15,23
464,306,15,23
464,306,15,23
463,307,15,23
464,307,15,22
464,307,15,22
464,307,15,21
465,307,14,21
465,307,14,21
465,306,14,21
465,306,14,21
464,306,14,21
464,306,14,22
464,306,14,21
464,306,14,21
464,306,14,21
464,306,14,21
464,307,14,21
464,306,14,21
464,306,14,22
463,306,15,22
463,306,15,22
463,306,15,22
462,306,15,22
462,305,15,23
462,305,15,23
461,305,16,23
461,305,16,23
461,305,16,24
461,304,16,24
460,304,17,24
461,305,16,24
462,305,16,23
462,306,15,22
463,306,15,22
464,307,14,21
464,307,14,20
465,307,14,21
465,307,14,21
465,307,13,21
465,307,13,21
465,308,13,21
465,308,13,21
466,308,13,21
466,308,12,20
467,308,12,21
467,308,11,21
467,308,11,21
467,308,10,21
467,307,11,21
467,307,11,21
467,306,11,21
467,305,11,22
467,306,12,21
467,307,13,21
467,307,14,20
466,308,14,20
466,308,15,19
465,309,15,18
467,309,14,18
468,308,12,19
470,308,11,19
469,308,11,20
469,308,11,20
469,308,10,20
469,308,11,20
469,308,11,20
469,308,12,20
469,308,11,20
469,308,11,20
469,308,11,20
468,308,10,20
467,309,9,20
462,309,10,21
456,308,11,21
450,308,12,21
446,308,13,21
445,308,13,21
445,308,13,21
444,309,15,20
444,309,14,20
444,309,13,20
445,308,12,20
445,308,11,20
446,308,9,20
445,308,10,21
445,308,11,21
445,307,12,21
445,307,13,22
445,307,13,22
445,308,13,22
445,308,13,22
445,308,13,22
445,308,13,22
445,308,13,22
445,308,13,22
444,308,13,22
443,308,13,22
443,308,14,22
442,308,14,22
442,308,14,22
442,308,14,22
442,308,14,22
442,307,14,22
442,307,14,22
442,307,14,22
442,307,14,22
442,307,14,22
443,308,14,22
445,308,14,22
445,308,14,22
445,308,14,22
445,307,14,22
445,307,14,22
445,307,14,22
445,307,14,22
445,307,14,23
445,307,13,23
445,306,13,23
445,306,13,23
445,306,13,23
445,306,13,23
445,306,13,23
445,305,13,24
445,305,13,24
445,305,13,24
445,305,13,24
445,305,13,24
445,305,12,24
445,304,12,24
445,304,12,25
445,304,12,25
445,304,12,25
445,304,12,25
445,304,12,25
445,303,12,25
445,303,12,25
445,303,12,26
445,303,12,26
445,303,12,26
445,302,11,26
445,302,11,26
445,302,11,26
446,302,11,26
446,302,11,27
445,302,11,27
445,302,11,27
445,302,11,27
445,302,11,26
445,302,11,26
444,302,12,26
444,302,12,26
444,302,12,27
444,302,12,27
444,302,12,27
444,302,12,27
444,301,12,27
444,301,12,27
444,301,12,27
444,301,13,27
444,301,13,27
444,301,13,28
444,301,13,27
444,301,12,27
444,301,12,27
444,301,12,27
444,302,12,27
444,302,12,27
444,302,12,27
443,302,11,27
443,302,11,27
443,302,11,26
443,302,11,26
443,302,11,26
443,302,11,26
443,302,11,26
443,302,11,26
443,302,11,26
443,302,11,26
443,302,11,26
443,302,11,26
443,302,11,26
443,302,11,26
443,302,11,26
443,302,11,27
443,302,11,27
443,302,11,27
443,302,11,27
443,302,11,27
443,302,11,27
443,302,11,27
444,302,11,27
444,302,11,27
444,302,11,27
444,302,11,27
444,302,11,27
444,302,11,27
444,302,11,27
444,302,11,27
444,302,11,27
444,302,11,27
444,302,11,27
444,302,11,27
444,302,11,27
444,302,11,27
444,302,11,27
444,302,11,27
444,302,11,27
444,302,11,27
444,302,11,27
444,302,11,27
444,302,11,27
444,302,11,27
444,302,11,27
444,301,11,27
444,301,11,27
444,301,11,27
444,301,11,27
444,301,11,27
444,301,11,27
444,301,11,27
444,301,11,27
444,301,11,27
444,301,11,27
444,301,11,27
443,301,11,27
443,301,11,27
443,301,11,27
443,301,11,27
443,301,11,27
443,301,11,27
443,301,11,27
443,301,11,27
443,301,11,27
443,301,11,27
443,301,11,27
443,301,11,27
443,301,11,27
443,302,11,27
443,302,11,27
444,302,11,27
444,302,11,27
444,302,11,27
444,302,10,27
444,302,10,26
444,302,10,26
444,302,10,26
444,302,10,26
444,302,10,26
444,302,10,26
445,302,11,26
445,302,11,26
444,302,11,26
444,303,11,25
444,303,11,25
444,303,11,25
444,303,11,25
444,303,11,25
444,303,11,25
444,303,11,25
444,303,11,25
444,303,11,25
444,303,11,25
444,303,11,25
444,303,11,25
444,303,11,25
444,303,11,25
443,303,11,25
443,303,11,25
443,303,11,25
443,303,11,25
443,303,11,25
443,303,11,24
443,303,11,24
443,303,11,24
443,303,11,24
443,303,11,24
443,303,11,24
444,303,11,24
444,303,11,24
444,303,11,25
444,303,11,25
444,303,11,25
445,303,11,25
445,303,11,25
445,303,11,25
445,303,11,25
445,303,11,25
445,303,11,25
445,304,11,26
445,304,11,26
446,303,11,26
446,303,11,26
447,303,11,25
446,303,11,25
446,303,11,25
446,304,11,25
446,304,11,24
446,304,11,24
446,304,11,24
446,305,11,24
446,305,11,24
446,306,11,23
446,306,11,23
446,306,11,23
446,305,11,24
445,304,11,24
445,304,11,25
445,303,11,25
445,303,11,25
445,303,11,25
445,303,11,25
446,303,11,25
445,303,11,25
445,303,11,25
445,303,11,25
445,303,11,25
445,303,11,25
445,303,11,25
444,303,11,25
443,303,12,25
443,303,12,25
442,303,13,26
442,303,13,25
442,304,13,25
442,304,13,24
442,304,13,24
442,304,13,24
442,305,13,23
443,304,12,24
444,304,11,24
445,303,10,24
446,303,9,25
446,302,9,25
447,302,10,25
448,302,11,26
448,302,12,26
448,303,12,26
448,303,11,25
448,304,11,25
448,304,11,24
447,304,12,25
446,304,12,25
445,303,13,26
445,303,12,26
444,303,12,25
443,303,12,25
443,304,12,25
443,304,12,25
442,304,12,25
442,304,12,25
442,305,12,25
441,305,12,25
441,305,12,25
440,305,12,25
439,305,12,25
439,305,12,25
438,305,12,24
438,305,13,24
437,305,13,24
436,305,13,24
437,305,13,24
437,305,13,24
438,305,13,24
438,305,13,24
439,305,13,24
439,305,13,24
439,305,13,24
440,305,13,24
440,305,13,24
441,305,13,23
441,305,13,23
441,306,13,23
442,306,13,22
442,306,13,22
442,307,13,21
442,307,13,21
442,307,13,21
442,307,13,21
442,307,13,21
442,307,13,21
442,307,13,21
442,307,13,20
442,307,13,20
442,307,13,20
442,308,13,20
442,308,13,20
442,308,13,20
442,308,13,20
442,308,13,20
443,308,13,19
442,308,13,20
442,307,13,20
442,307,13,20
442,307,13,21
442,306,13,21
442,306,13,22
442,306,13,22
442,305,13,22
442,305,13,23
442,305,13,23
441,304,13,23
441,304,13,24
441,304,13,24
441,304,13,24
441,304,13,24
441,304,13,24
441,304,13,24
441,304,13,25
441,304,13,25
441,303,13,25
441,302,13,26
441,302,13,26
441,301,13,27
441,300,13,27
441,300,13,27
441,300,13,26
441,300,12,25
441,300,12,24
441,300,12,24
440,301,12,25
440,301,12,25
440,302,12,25
440,302,12,25
440,301,12,25
440,301,12,25
440,301,12,25
440,301,13,25
440,301,12,25
441,301,12,25
441,301,12,25
441,301,12,25
441,302,12,25
441,302,12,25
441,303,12,26
441,302,12,26
441,302,12,26
441,302,13,26
441,301,13,25
442,301,13,25
442,301,13,24
442,301,13,24
442,301,13,23
442,302,13,24
443,303,13,24
443,303,12,24
443,304,12,24
444,304,12,24
444,304,11,24
444,303,11,25
444,303,11,25
444,302,11,26
444,302,11,27
444,302,12,27
444,302,11,27
444,302,11,26
444,302,11,26
444,302,11,26
444,303,11,26
444,303,11,26
444,303,12,25
444,303,12,26
444,303,12,26
444,302,12,26
444,302,12,27
444,301,12,27
444,301,12,27
444,301,12,27
444,301,12,27
444,301,12,27
444,301,12,27
444,301,12,27
444,301,12,27
444,301,12,27
444,301,12,27
444,301,12,27
444,302,12,27
444,302,12,27
444,302,12,26
445,302,12,26
445,302,12,26
445,303,12,26
445,303,12,26
445,303,12,26
445,303,12,26
445,303,12,26
445,304,12,26
445,304,12,25
445,304,12,25
445,304,12,25
445,304,12,25
445,304,12,25
446,303,12,25
446,303,12,25
446,303,12,25
446,303,12,25
446,303,13,25
446,303,13,25
446,303,13,25
446,303,13,25
446,303,13,25
446,303,13,25
446,303,13,25
445,303,13,25
445,303,13,25
444,303,13,25
444,303,13,25
444,303,14,25
444,303,13,25
443,302,13,26
443,302,13,26
443,301,13,26
443,301,13,27
442,301,13,26
441,302,14,26
440,303,14,26
439,304,15,25
439,304,15,25
439,304,14,25
439,304,14,25
439,304,13,24
438,304,13,24
438,305,12,24
438,305,12,24
438,305,12,24
438,305,11,23
438,305,11,23
439,305,11,23
440,305,11,23
440,305,11,23
441,305,11,23
441,305,11,23
442,305,11,23
443,305,11,23
443,305,11,23
443,305,11,23
442,305,11,23
442,304,11,23
442,304,11,23
442,304,11,23
442,304,11,23
442,304,11,23
442,304,11,23
442,304,11,23
442,304,11,23
442,303,11,23
442,303,11,23
441,303,11,23
441,303,11,23
441,303,11,23
441,303,11,23
441,303,11,23
441,303,11,23
440,303,11,23
440,303,11,23
440,303,11,23
441,303,11,23
441,303,11,23
441,303,11,23
442,303,11,23
442,303,11,23
442,304,11,23
443,304,11,23
443,304,11,23
443,304,11,23
443,304,11,23
444,304,11,23
444,304,11,24
444,304,11,24
444,304,11,24
444,304,11,24
444,304,11,24
443,304,11,24
443,304,11,24
442,304,11,24
442,304,11,25
441,304,11,25
442,304,11,25
442,304,11,25
442,304,11,25
442,304,11,25
442,304,11,25
442,304,11,25
442,303,11,25
442,303,11,25
442,303,11,26
443,303,11,26
443,303,11,26
443,303,11,26
443,303,11,26
443,303,11,26
443,303,11,26
443,303,11,26
443,302,11,26
443,302,11,26
444,302,11,27
444,302,11,27
444,302,11,26
444,303,11,26
444,303,11,26
444,303,11,25
444,303,11,25
444,303,11,25
444,303,11,25
444,303,11,25
444,303,11,25
444,304,11,25
445,304,11,25
445,304,11,25
445,304,11,24
445,305,11,24
445,305,11,23
445,305,11,23
445,305,11,23
445,305,11,23
445,305,11,23
445,305,11,23
445,304,11,24
446,304,11,24
445,304,11,24
445,304,11,24
445,304,11,24
445,304,11,24
444,304,11,24
444,304,11,24
444,304,11,24
444,304,11,24
443,304,11,24
443,304,12,24
443,305,12,23
442,306,12,23
442,306,13,22
441,307,13,21
441,307,14,21
440,308,14,20
440,308,14,20
440,307,14,21
440,306,14,22
440,305,14,23
440,304,14,24
440,303,14,25
441,302,13,26
442,301,13,26
442,300,13,27
442,300,13,27
442,300,13,27
442,300,13,27
442,298,13,27
442,299,14,28
441,299,14,29
441,301,14,27
441,303,14,25
441,304,14,24
440,304,14,23
440,305,14,23
439,305,14,23
439,306,14,22
439,307,13,21
439,308,13,21
439,308,12,21
439,308,12,21
439,307,12,21
439,307,11,22
439,306,11,22
439,306,11,23
439,305,11,23
439,305,11,24
439,304,11,24
439,304,11,25
440,304,11,25
441,304,11,25
441,304,11,25
441,304,11,25
441,304,11,25
441,304,11,25
441,304,12,25
441,304,12,25
441,304,12,25
441,304,12,25
440,303,12,25
440,303,12,25
440,303,12,25
440,303,13,25
440,303,13,25
440,303,13,25
440,303,13,25
440,303,13,25
440,303,13,25
440,303,13,25
440,303,13,25
440,303,14,25
439,303,14,25
439,303,14,25
439,303,14,25
439,303,14,25
439,303,14,25
439,303,14,25
439,303,14,25
439,303,15,25
439,304,14,24
439,305,14,23
440,305,14,23
441,305,14,24
442,305,14,24
443,305,14,25
443,305,14,25
444,305,14,25
444,305,14,25
444,305,14,25
444,305,14,25
444,305,14,24
444,305,14,24
445,305,14,24
445,305,14,24
445,304,14,24
445,304,14,24
445,304,14,24
446,304,14,24
446,304,14,24
446,304,14,24
446,304,14,23
446,304,14,23
444,306,14,22
444,306,15,23
444,305,15,23
444,305,15,24
444,304,15,24
444,304,16,25
445,304,16,26
445,303,16,26
445,303,16,26
445,303,16,26
445,303,16,26
445,303,16,26
445,303,16,26
445,303,16,26
445,303,16,26
445,303,15,26
446,303,15,26
446,303,15,26
446,303,15,26
446,303,15,26
446,303,15,26
446,303,15,26
446,303,15,26
446,303,15,26
446,303,15,26
446,303,15,26
446,303,15,26
446,303,15,26
447,303,15,26
447,303,14,26
447,303,14,26
447,303,14,26
447,303,14,26
447,303,14,26
447,303,14,26
447,303,14,26
447,303,14,26
447,303,14,26
447,303,14,25
447,303,14,25
448,303,14,25
448,303,14,25
448,303,14,25
448,303,13,25
448,303,13,25
448,303,13,25
448,303,13,25
448,303,13,25
448,303,13,25
448,303,13,25
447,303,13,25
447,303,13,25
447,303,13,25
447,303,13,25
447,303,13,25
447,303,13,25
447,303,13,25
448,303,13,25
448,303,13,25
448,303,13,25
448,303,13,25
448,303,13,25
448,303,13,25
448,303,13,25
448,303,13,25
448,303,13,25
448,303,13,25
448,303,13,25
449,303,13,25
449,304,13,25
449,304,13,25
449,304,13,25
450,303,13,25
451,303,13,26
452,303,13,26
452,303,13,26
453,303,13,26
454,303,13,26
454,303,13,26
454,303,13,26
455,303,13,26
455,303,13,26
455,303,13,26
456,303,13,26
456,303,13,25
456,303,13,25
456,303,13,25
456,303,13,25
456,303,13,25
456,303,13,25
456,302,13,25
456,302,13,25
455,302,13,25
455,302,13,25
455,302,13,25
455,302,13,25
455,302,13,25
454,301,13,25
454,301,13,25
454,301,13,25
454,301,13,25
453,302,13,25
452,302,13,25
452,302,13,25
451,302,14,25
450,302,14,25
450,302,14,25
449,302,15,25
448,302,15,25
448,302,16,25
447,302,16,24
446,302,16,24
446,302,17,24
445,302,17,24
444,302,17,24
443,302,17,24
442,303,16,23
441,303,16,23
440,303,15,23
439,303,14,23
438,303,14,22
438,303,14,23
437,303,14,23
436,303,13,24
436,303,13,24
435,302,13,25
435,302,13,25
436,302,13,25
436,302,12,25
436,302,12,26
436,302,12,26
436,301,12,26
436,301,12,26
436,301,12,26
435,302,12,26
435,302,12,26
434,302,12,26
434,302,12,26
434,302,12,26
434,301,12,26
435,301,12,26
435,301,12,26
436,300,12,26
436,300,12,26
441,301,12,26
446,302,12,26
447,305,12,26
448,307,12,26
446,312,12,26
444,316,12,26
440,317,12,26
436,317,12,26
432,318,12,26
432,317,12,27
433,316,12,27
434,315,12,28
435,314,12,28
436,314,12,28
440,314,12,29
444,314,12,29
449,312,12,29
460,315,12,28
471,314,12,25
482,315,9,23
491,318,9,23
497,317,9,24
496,318,12,24
501,319,11,26
507,318,11,26
506,318,14,27
511,317,14,27
515,317,14,27
518,313,13,29
516,312,13,29
511,309,13,27
506,310,11,25
504,309,13,28
497,310,11,22
494,306,13,25
495,307,12,25
495,308,11,25
493,308,13,26
493,307,14,27
492,307,14,27
492,307,14,27
491,308,14,27
491,308,13,26
491,308,13,26
491,309,12,25
491,309,12,25
491,310,12,25
490,310,12,25
490,310,12,25
490,309,12,25
490,309,12,26
489,309,13,26
489,308,12,26
489,307,12,26
488,308,12,26
487,309,11,25
488,309,11,25
486,307,12,25
487,307,12,26
487,307,12,26
487,307,11,26
487,307,11,26
487,308,11,26
487,308,11,25
487,308,11,25
487,308,11,25
487,308,10,25
487,308,11,26
486,308,11,26
486,309,11,26
486,310,11,26
486,310,11,26
486,310,11,26
486,310,11,26
486,309,12,26
485,309,12,25
485,310,12,25
485,310,12,25
485,310,12,24
484,311,12,24
484,311,12,24
484,312,12,23
484,312,12,23
484,312,12,23
483,313,12,22
483,313,13,22
483,313,13,22
483,314,13,21
483,314,13,21
483,315,13,25
484,313,13,25
485,312,13,25
485,310,13,25
485,309,13,25
486,307,14,25
486,309,14,23
486,309,15,22
485,308,15,24
484,308,15,25
484,309,15,27
483,309,15,27
483,308,15,26
483,308,15,26
483,308,15,25
482,308,15,25
482,308,15,25
482,307,15,25
482,307,15,25
482,307,15,25
482,307,15,25
482,307,15,25
482,307,15,25
482,307,15,25
482,307,15,25
482,307,15,25
482,307,15,25
482,307,15,25
482,308,15,25
482,308,15,25
483,308,15,25
483,308,15,26
483,308,15,26
483,308,15,26
483,308,16,26
483,308,16,26
483,308,16,26
483,308,16,26
483,309,16,26
483,309,16,26
483,309,16,26
483,309,16,26
484,309,16,26
484,309,16,26
485,309,16,26
485,309,16,26
486,309,16,26
486,309,16,26
487,309,16,26
488,309,16,27
489,309,16,27
490,308,16,27
490,308,16,27
491,308,16,27
491,309,16,27
492,309,16,27
492,309,16,27
493,309,16,27
493,310,16,27
493,310,16,27
493,310,16,27
494,310,16,27
493,311,18,26
493,312,19,26
493,314,20,25
494,314,19,25
495,315,19,25
496,316,18,25
496,314,19,26
497,312,19,27
497,310,19,28
498,310,19,29
498,309,19,29
499,308,19,30
500,312,19,28
501,315,18,26
502,318,18,25
503,320,18,25
503,321,17,26
505,320,16,25
506,318,16,25
506,316,16,26
507,314,16,27
507,314,16,27
507,313,16,27
507,312,17,27
507,312,17,27
507,311,17,27
507,311,17,27
508,310,17,27
508,310,17,27
508,309,17,27
508,309,17,27
508,309,17,27
508,308,17,27
508,308,17,27
508,308,17,27
508,308,17,27
508,308,17,27
508,308,17,27
508,308,17,28
508,308,17,28
508,308,16,28
508,308,16,28
508,308,16,28
508,308,16,28
508,308,16,29
508,308,16,29
508,308,16,29
508,308,16,29
508,308,15,29
508,308,15,29
508,308,15,29
508,308,15,30
509,308,15,30
510,308,15,30
510,308,15,30
511,308,15,30
512,308,15,30
517,309,15,30
521,309,15,30
529,309,15,30
535,308,15,30
540,309,15,30
545,308,15,30
552,308,15,30
556,308,15,26
558,308,15,26
558,308,15,26
559,308,15,26
559,308,14,28
560,308,14,28
560,308,14,28
560,308,14,29
560,308,14,29
560,308,14,29
560,308,14,29
560,308,14,29
560,308,14,29
560,308,14,29
560,308,14,29
560,308,14,29
560,308,14,29
560,308,14,29
559,308,14,29
559,308,14,29
558,308,15,29
558,308,15,29
558,308,15,29
557,308,16,29
557,308,16,29
556,308,16,29
556,308,17,28
556,308,19,26
556,308,18,27
557,308,18,28
558,307,17,30
558,307,17,30
558,307,17,30
559,307,17,30
559,307,17,30
559,307,17,30
559,307,17,30
559,307,17,29
559,308,17,29
559,308,16,29
559,308,16,29
559,308,16,29
559,308,16,29
559,308,16,29
559,308,16,29
560,309,15,29
560,309,14,28
561,309,14,28
561,309,13,28
561,309,12,27
561,309,12,27
561,309,12,27
561,309,12,27
562,309,12,27
562,309,12,27
562,309,12,27
562,309,12,27
562,309,12,27
562,309,12,27
562,309,12,27
562,309,12,27
562,309,12,27
562,309,12,27
562,309,12,27
562,309,12,27
562,309,12,27
562,309,12,27
563,309,12,27
563,309,12,27
563,309,12,27
563,308,12,27
563,308,12,27
563,308,12,27
563,308,12,27
563,308,12,27
563,308,12,27
563,308,12,27
563,308,12,27
563,308,12,27
563,308,12,27
564,308,12,27
564,308,12,27
564,308,12,27
564,308,12,27
564,308,12,27
564,308,12,27
564,308,12,27
564,308,12,27
564,308,12,27
564,308,12,27
564,308,12,27
564,308,12,27
564,308,12,27
564,308,12,27
565,308,12,27
564,308,12,27
564,308,12,27
564,308,12,27
564,308,12,27
564,308,12,27
564,308,12,27
564,308,12,27
564,308,12,27
563,308,12,27
563,308,12,27
563,308,12,27
563,308,12,27
563,308,12,27
563,308,12,27
563,308,12,27
563,308,12,27
562,308,12,27
562,308,12,27
562,308,12,27
557,310,9,26
548,311,11,25
546,311,10,23
546,311,10,23
553,311,10,23
561,310,10,23
569,310,10,23
569,310,11,26
568,310,11,26
567,310,11,26
565,309,11,26
562,309,11,26
558,310,11,26
554,312,11,26
552,310,11,26
549,309,11,26
547,308,11,26
545,307,11,26
536,306,11,26
525,308,11,26
511,307,13,26
498,307,13,26
489,308,13,26
484,308,13,26
486,308,13,26
488,308,13,26
498,309,13,26
514,309,13,26
519,309,13,26
519,309,13,26
519,309,13,25
519,309,13,25
520,309,13,25
520,309,12,24
520,309,12,24
520,309,12,23
520,309,12,23
521,309,12,25
522,309,12,26
515,309,13,26
508,309,13,26
497,311,10,22
481,309,12,23
468,309,10,23
458,311,9,20
452,308,10,23
453,308,10,23
453,309,10,23
453,308,9,24
452,311,9,22
450,314,9,21
450,318,9,22
451,321,9,20
451,322,8,18
444,319,9,20
437,317,9,22
433,320,9,20
436,317,9,23
446,318,9,20
452,318,9,20
460,323,9,20
464,324,9,20
465,324,9,20
467,325,9,21
467,323,9,20
465,321,9,20
466,319,9,20
466,317,10,22
467,316,10,23
466,315,10,24
466,314,10,24
466,313,10,24
467,312,10,24
467,312,10,24
466,311,10,24
466,311,10,24
466,311,10,24
466,311,10,24
466,311,10,24
466,311,10,24
465,311,10,24
465,311,10,24
465,311,10,24
465,310,10,24
465,310,10,24
465,310,10,24
464,310,10,24
464,310,10,24
463,310,10,24
463,310,10,24
462,310,10,24
462,310,10,24
461,310,10,24
460,311,10,24
460,312,10,24
459,314,10,24
458,315,11,24
458,316,12,25
457,316,11,25
457,316,11,24
456,316,10,24
456,316,10,24
457,321,12,22
456,323,11,22
456,326,11,22
456,328,11,22
456,331,10,23
456,333,10,23
454,331,12,22
455,331,11,22
455,331,11,22
456,330,10,23
456,331,10,23
456,331,10,23
455,332,10,23
455,332,10,23
455,332,10,23
454,333,10,23
454,333,10,23
453,333,10,23
454,334,10,23
454,335,10,23
455,336,10,23
456,336,10,23
456,337,10,23
455,338,10,23
454,338,10,23
454,337,10,23
455,336,10,23
455,335,10,23
455,333,10,23
455,333,10,23
456,332,10,23
456,331,10,23
457,330,10,23
457,329,10,23
458,328,10,23
458,327,10,23
458,326,10,23
459,324,10,23
459,321,10,23
460,319,10,23
478,320,10,23
472,320,10,23
467,320,10,23
461,320,10,23
460,320,10,23
460,320,10,23
459,319,10,23
458,319,10,23
458,320,10,23
457,321,10,23
457,321,10,23
456,320,10,23
456,320,10,23
455,320,11,23
455,320,11,23
455,319,11,23
454,319,11,23
454,319,11,23
453,319,11,23
453,318,11,23
452,317,11,23
452,316,11,23
451,316,11,23
451,315,11,23
450,314,11,23
449,313,12,23
449,313,12,23
448,312,12,23
447,312,12,24
446,312,14,24
445,311,14,24
444,310,14,24
443,310,14,25
443,310,14,25
442,310,14,25
441,309,14,25
441,310,13,24
442,310,12,24
442,311,12,24
442,311,11,23
443,312,11,23
443,312,10,23
443,312,10,23
443,312,10,23
442,312,10,23
442,312,10,23
442,312,10,23
441,311,10,23
441,311,10,23
441,311,10,23
441,311,10,23
440,311,10,23
440,311,10,23
440,311,10,23
440,312,10,23
440,312,10,23
440,313,10,23
440,313,10,23
440,314,10,23
440,314,10,23
440,314,10,23
440,315,10,23
440,315,10,23
440,315,10,24
440,315,10,24
440,315,10,25
440,315,10,25
440,315,10,25
440,315,10,26
440,315,9,26
440,315,10,26
440,315,10,27
440,315,10,27
440,314,11,27
440,314,11,27
440,314,11,27
440,314,11,27
440,313,11,27
440,313,11,28
440,312,12,28
440,312,12,29
440,311,12,29
440,310,12,30
440,310,12,29
440,310,12,29
440,310,12,29
440,310,12,28
440,310,12,28
440,310,12,28
440,310,12,28
440,310,12,28
440,310,12,28
440,310,12,28
440,310,12,28
440,310,12,27
440,310,12,27
440,310,12,27
440,310,12,27
440,310,12,27
440,310,12,27
440,310,12,27
440,310,12,27
440,310,12,27
440,310,12,27
440,310,12,27
440,310,12,27
440,310,12,27
440,310,12,27
440,310,12,27
440,310,12,27
440,310,12,27
440,310,12,27
440,310,12,27
440,310,12,26
440,310,12,26
440,310,12,26
440,310,12,26
440,310,12,26
440,310,12,26
440,310,12,26
440,310,12,26
440,310,12,26
440,310,12,26
440,310,12,26
441,311,12,26
441,311,12,25
441,311,12,25
442,311,13,25
442,312,13,25
443,312,13,24
443,312,13,24
443,312,13,24
444,313,14,23
444,313,14,23
444,313,14,23
445,314,14,23
445,314,14,23
446,314,15,23
447,314,15,23
447,314,16,23
448,314,17,23
448,314,18,23
448,314,19,23
449,314,18,24
451,314,18,25
453,314,17,24
456,315,16,23
457,315,17,23
457,314,19,23
458,315,19,23
458,315,19,23
459,315,20,22
460,315,20,22
461,315,20,23
463,315,20,24
465,315,19,24
468,315,18,24
471,314,16,24
474,315,16,23
477,315,16,21
477,315,18,24
477,315,18,24
479,316,19,22
481,317,19,22
482,315,19,22
483,314,19,22
483,316,19,22
485,316,19,22
487,316,19,22
489,315,19,22
491,315,19,22
492,315,19,22
493,315,19,22
495,317,19,20
498,317,19,21
501,317,19,22
502,317,19,22
504,312,19,28
505,311,19,29
508,311,18,29
510,311,17,29
512,312,16,30
514,313,15,30
515,314,14,31
515,315,16,30
517,314,16,30
519,314,16,30
521,313,16,30
522,313,16,30
524,313,16,30
525,313,16,30
526,313,16,30
527,312,16,30
528,312,16,30
530,312,16,30
531,311,16,30
532,312,16,30
534,312,16,30
535,312,16,30
536,311,16,30
537,310,16,30
538,310,17,31
538,310,17,31
539,310,17,31
539,310,17,32
540,310,17,32
540,310,17,33
540,309,17,33
541,309,17,33
542,310,17,33
543,310,16,33
543,310,16,33
544,310,15,32
545,310,14,32
546,310,14,32
546,311,14,31
546,312,14,30
546,313,14,29
546,314,14,27
546,315,14,28
547,315,14,28
546,317,14,27
546,316,14,27
547,316,14,27
548,315,13,27
550,315,11,27
551,314,10,28
551,314,10,28
551,314,10,28
551,314,10,28
551,314,10,28
551,314,10,28
551,314,10,28
550,314,10,28
550,314,10,28
550,314,10,28
550,314,10,28
550,314,10,28
550,314,10,28
550,314,10,28
550,314,10,28
550,314,10,28
550,314,10,28
550,314,10,28
550,314,10,28
550,314,10,28
550,314,10,28
550,314,10,28
550,314,10,28
550,314,10,28
550,314,10,28
550,314,10,28
550,314,10,28
550,314,10,29
550,314,10,29
550,313,10,29
550,313,10,29
550,313,10,29
550,313,10,29
550,313,10,29
550,313,10,29
550,313,10,29
550,313,10,29
550,313,10,29
550,313,10,29
550,313,10,29
550,313,10,29
550,313,10,29
550,313,10,29
550,313,10,29
550,313,10,29
550,313,10,29
550,313,10,29
550,313,10,29
550,313,10,29
550,313,10,29
550,313,10,29
550,313,10,29
550,313,10,29
550,313,10,29
550,313,10,29
549,313,10,29
549,313,10,29
549,313,10,29
549,313,10,29
549,313,10,29
549,313,10,29
549,313,10,29
549,313,10,29
549,313,10,29
549,313,10,29
549,313,10,29
549,313,10,29
549,313,10,29
549,313,10,29
549,313,10,29
548,313,10,29
548,313,10,29
548,313,10,29
548,313,10,29
548,313,10,29
548,313,10,29
548,313,10,29
548,313,10,29
548,313,10,29
548,312,10,29
548,312,10,29
548,312,10,29
548,312,10,29
548,312,10,29
548,312,10,29
547,312,10,29
547,312,10,29
547,312,10,29
547,312,10,29
547,312,10,29
547,312,10,29
547,312,10,29
547,312,10,29
547,312,10,29
547,312,10,29
547,313,11,29
546,313,12,29
546,314,13,29
545,315,14,28
545,315,15,28
545,316,15,27
545,316,15,26
545,317,15,25
545,317,15,25
545,317,15,24
545,318,16,23
545,318,16,23
545,318,16,23
545,318,16,23
544,318,16,23
544,318,16,23
544,318,16,23
544,318,16,22
544,318,17,22
544,318,17,22
544,319,17,22
544,319,17,22
544,319,17,22
544,319,17,22
544,319,17,22
544,319,18,22
544,319,18,22
544,319,18,22
544,319,18,22
544,318,17,23
544,318,17,23
544,317,17,23
545,317,16,24
545,316,16,24
545,316,16,24
545,315,15,24
545,315,15,25
545,314,15,25
545,314,14,25
545,314,14,25
545,313,14,26
545,312,14,26
544,312,14,26
544,311,14,27
544,311,14,27
544,310,14,27
544,310,13,28
545,310,13,29
545,309,13,29
546,309,12,30
546,309,12,31
546,309,12,31
546,309,12,31
546,309,12,31
546,309,12,31
546,309,12,31
546,309,12,31
546,309,12,31
546,309,12,31
546,309,12,32
546,309,12,32
546,309,12,32
546,308,12,32
546,308,12,32
546,308,12,32
546,308,12,32
546,308,12,32
546,308,12,32
546,308,12,33
546,308,12,33
546,308,12,33
546,308,12,33
546,308,12,33
546,308,12,33
546,308,12,33
546,308,12,33
546,308,12,34
546,308,12,34
547,308,12,34
547,308,12,34
547,308,12,34
547,309,12,34
547,309,12,34
547,309,11,34
548,309,11,34
548,309,11,33
548,309,11,33
548,309,11,33
548,310,11,33
548,310,11,33
548,310,11,33
548,310,11,33
548,310,11,33
548,310,11,33
548,310,11,33
548,310,11,33
548,310,11,33
548,310,11,33
548,310,11,33
548,310,11,33
548,310,11,33
548,310,11,33
548,310,11,33
548,310,11,33
548,310,11,33
548,310,11,33
548,310,11,33
548,310,11,33
548,310,11,33
548,310,11,33
548,310,11,33
547,310,11,32
547,309,11,32
547,309,11,32
547,309,11,32
547,309,11,32
546,309,11,31
546,309,11,32
547,309,11,32
547,309,11,32
547,309,11,32
547,309,11,32
547,309,11,32
547,309,11,32
547,309,11,32
547,309,11,32
547,309,11,32
547,309,11,32
547,310,11,32
547,310,11,32
547,310,11,32
547,310,11,32
547,310,11,32
547,310,11,32
547,310,11,32
547,310,11,32
547,310,11,32
547,310,11,32
547,310,11,32
547,310,11,32
547,310,11,32
547,310,11,32
547,310,11,32
547,310,11,32
547,310,11,32
547,310,11,32
547,310,11,32
547,310,11,32
547,310,11,32
547,310,11,32
546,310,11,32
546,310,11,31
546,310,12,31
546,310,12,31
546,310,12,31
546,310,12,31
546,310,12,31
545,309,12,31
545,309,12,31
545,309,12,31
545,309,12,31
545,309,12,31
545,309,12,31
544,309,12,31
544,309,12,31
544,309,12,31
544,309,12,31
544,309,12,31
544,309,12,31
544,309,12,31
544,309,12,31
544,309,12,31
544,309,12,31
544,309,12,31
544,309,12,31
544,309,12,31
544,309,12,31
544,309,12,31
544,309,12,31
544,309,12,31
543,309,11,31
543,309,11,31
543,309,11,31
543,309,11,31
543,309,11,31
543,309,11,31
543,309,11,31
543,309,11,31
543,309,11,31
543,309,11,31
543,309,11,31
543,309,11,31
543,309,11,31
543,309,11,31
543,309,11,31
543,309,11,31
543,309,11,31
543,309,11,31
543,309,11,31
543,309,11,31
543,309,11,31
543,309,11,31
543,309,11,31
543,309,11,31
542,309,11,31
542,309,11,31
542,309,11,31
542,309,11,31
542,309,11,31
542,309,11,30
542,310,11,30
542,310,11,30
542,310,11,30
542,310,10,29
542,310,10,29
542,310,10,29
542,310,10,29
542,310,10,28
542,310,10,28
542,310,10,28
542,310,10,28
542,310,10,28
542,310,10,28
542,310,10,28
542,310,10,28
542,310,10,28
542,311,10,28
543,311,10,28
543,311,10,28
543,311,10,28
543,311,10,28
543,311,10,28
543,311,10,28
543,311,10,28
543,311,10,28
542,312,10,27
541,313,11,25
541,314,11,24
540,315,11,23
539,316,12,22
539,318,12,21
538,319,12,19
538,318,12,20
538,318,12,20
539,318,12,20
539,317,12,20
539,317,11,20
539,317,11,21
539,316,11,21
540,316,11,21
540,316,11,21
540,315,10,21
540,315,11,22
539,314,11,23
539,314,11,24
539,314,11,25
539,313,11,25
539,313,11,26
539,313,11,26
539,313,11,26
539,313,11,26
540,312,11,27
540,312,11,27
540,312,11,27
540,312,11,27
540,312,11,28
541,312,11,28
541,312,11,28
541,311,11,28
541,311,11,28
542,310,11,28
542,310,11,28
541,310,11,29
541,310,11,29
541,309,11,30
540,309,11,30
541,310,10,29
541,310,10,29
541,310,9,28
541,310,10,28
541,310,10,28
541,310,10,28
541,310,10,28
541,310,10,28
541,310,10,28
541,309,10,28
541,309,10,28
541,309,10,28
541,309,10,28
541,309,10,28
541,309,10,28
541,309,10,28
541,309,10,28
541,309,10,28
541,309,10,28
541,309,10,28
541,309,10,28
541,309,10,28
541,309,10,28
541,309,10,28
541,309,10,28
541,309,10,28
541,309,10,28
541,309,10,28
541,309,10,28
541,309,10,28
541,309,10,28
541,310,10,28
541,310,10,28
541,310,10,28
541,310,10,28
541,310,10,28
541,310,10,28
541,310,10,28
541,310,10,28
541,310,10,28
541,310,10,28
541,310,10,28
541,310,10,28
541,310,10,28
541,310,10,28
541,310,10,28
541,310,10,28
541,310,10,28
541,310,10,28
541,310,10,28
541,310,10,28
541,310,10,28
541,310,10,28
540,310,10,28
540,310,10,28
540,310,10,28
540,310,10,28
540,310,10,28
540,311,10,28
539,312,10,28
538,312,10,27
537,312,10,27
537,312,10,27
536,312,10,27
535,312,10,28
532,313,12,28
533,313,11,28
534,314,10,28
529,314,16,26
525,314,22,25
524,314,20,25
523,314,20,25
521,314,20,24
520,314,20,23
518,314,20,23
534,312,10,28
514,316,22,21
511,316,19,21
508,316,16,21
507,316,15,21
507,317,15,21
505,317,15,20
503,317,15,19
502,316,15,20
500,315,15,20
498,313,16,20
496,313,16,21
494,313,15,22
492,313,15,23
490,313,15,23
489,312,14,23
488,312,14,23
487,312,13,23
486,312,12,22
484,312,12,23
483,312,11,24
481,312,11,24
480,311,11,25
478,311,11,25
477,312,11,25
475,312,12,25
473,312,12,25
472,312,12,25
471,312,12,25
470,312,12,25
468,312,12,25
467,312,13,24
465,312,13,24
464,313,14,24
462,313,14,24
461,313,14,24
460,313,14,24
459,313,14,24
458,313,14,24
456,313,14,24
455,313,14,23
454,313,14,23
453,313,15,23
452,313,15,23
451,313,15,23
450,313,15,23
449,313,15,23
449,313,15,23
448,313,16,23
447,313,16,23
446,313,16,23
446,313,17,23
445,313,17,23
445,313,17,23
444,313,17,24
444,313,17,24
444,313,16,24
444,313,16,24
443,312,16,24
443,312,16,24
443,312,16,25
443,312,16,25
443,311,16,25
443,311,16,25
442,311,15,25
442,311,15,26
442,311,15,26
442,311,15,25
441,311,15,25
441,311,15,25
441,310,14,26
441,310,14,26
440,309,14,27
440,309,14,28
441,308,14,28
442,308,14,29
443,307,14,29
444,306,12,30
445,306,10,31
445,306,10,31
445,306,10,31
445,306,10,31
445,306,10,31
445,306,10,30
445,306,10,30
445,306,10,30
445,306,10,30
445,307,10,30
445,307,10,29
445,307,10,29
445,307,10,29
445,307,10,29
445,307,10,28
445,308,9,28
445,308,10,28
445,308,10,29
445,308,10,29
445,308,10,29
445,308,10,29
445,308,10,29
446,308,10,29
446,308,10,29
445,309,10,27
445,311,11,26
445,312,11,25
444,314,12,23
444,314,12,23
444,314,12,23
444,314,12,23
444,314,12,23
444,314,12,23
444,314,12,23
444,314,12,23
444,314,11,23
444,314,11,23
444,314,12,22
444,314,11,22
444,314,11,22
444,314,11,22
444,314,11,22
445,314,11,22
445,314,11,22
445,314,11,22
445,314,11,22
445,314,11,22
445,314,11,22
445,314,11,22
445,314,11,22
445,314,11,22
445,314,11,22
445,314,11,22
445,314,11,22
445,314,11,22
445,314,11,22
445,314,11,22
445,314,11,22
445,314,11,22
446,314,11,22
445,314,11,23
445,314,11,23
444,314,11,23
444,313,11,23
443,313,11,24
442,312,11,25
441,310,12,27
440,309,13,29
440,308,13,29
440,308,13,30
440,308,13,30
441,308,13,31
441,308,13,31
441,308,13,31
441,308,13,30
441,308,13,30
441,309,13,30
441,309,13,29
442,309,13,29
442,309,12,29
442,309,12,29
442,310,12,28
443,310,12,28
443,310,12,28
443,310,12,28
444,310,11,28
444,310,11,27
444,310,11,27
444,310,11,27
444,310,12,27
444,310,12,27
444,310,12,27
444,310,12,26
444,310,12,26
444,310,12,26
444,310,12,26
444,311,12,26
444,310,12,26
444,310,12,26
444,310,12,26
444,310,12,26
444,310,12,27
445,309,12,27
445,309,12,27
445,309,12,27
445,309,12,27
445,310,12,27
445,310,12,27
446,310,12,26
446,310,12,26
446,311,12,26
446,310,12,26
446,310,12,26
446,310,12,27
447,310,12,27
447,310,12,27
447,309,12,27
447,309,12,27
447,309,12,28
448,309,12,28
448,309,11,28
448,309,11,28
449,309,11,27
449,310,11,27
449,310,11,27
450,310,11,27
450,310,11,27
450,310,11,27
450,310,11,27
450,310,11,26
450,310,11,26
451,310,11,26
451,311,11,26
451,311,11,26
450,310,11,26
450,310,11,26
449,310,11,26
449,310,11,26
449,310,11,26
449,310,11,26
449,310,11,26
450,311,11,26
450,311,12,26
450,311,12,26
450,311,12,25
451,311,12,25
451,311,12,25
451,311,12,25
451,311,12,25
451,311,12,25
452,311,12,25
452,312,12,25
452,312,12,25
452,312,12,25
452,312,12,25
452,312,12,25
452,312,12,25
452,311,12,25
451,311,12,25
451,311,12,25
451,311,12,25
450,311,12,25
450,311,12,25
450,311,12,25
450,311,12,25
450,311,12,25
450,311,12,25
449,311,12,24
448,311,12,24
447,311,13,24
446,311,13,24
446,311,14,25
446,311,14,25
446,311,15,25
446,311,15,25
446,311,15,26
446,311,14,26
446,311,14,26
446,311,14,26
446,311,14,27
446,311,13,27
446,310,13,27
445,310,13,28
445,309,13,28
445,308,13,29
445,308,13,29
445,307,14,28
445,307,14,28
445,306,14,28
445,307,13,28
444,308,13,27
443,309,13,27
443,310,13,27
443,310,13,27
442,310,13,27
442,310,13,26
442,310,14,26
441,311,14,26
441,311,14,26
440,311,14,26
440,311,14,26
440,311,14,26
439,312,15,25
439,312,15,25
439,311,15,26
439,311,15,26
439,311,15,26
439,310,15,26
439,310,15,27
439,310,15,27
441,310,14,27
442,310,14,27
443,310,13,27
444,310,13,27
446,310,13,28
446,309,13,28
446,309,13,28
447,309,13,28
447,309,13,29
448,309,14,29
448,309,14,29
448,309,15,29
448,309,16,29
448,309,17,29
448,309,18,28
448,309,19,28
448,309,19,28
448,309,19,28
448,309,19,28
448,309,19,28
448,309,19,28
448,309,19,28
448,309,19,28
448,309,19,28
448,309,19,28
448,309,19,28
448,309,19,28
448,309,19,28
448,308,19,28
448,308,19,28
447,308,19,28
447,308,19,28
447,308,19,28
447,309,19,28
447,309,19,28
447,309,19,28
447,309,19,28
447,309,19,28
447,309,19,28
447,310,19,28
447,310,19,28
447,310,19,28
446,311,19,28
446,310,19,28
446,309,19,28
446,309,19,29
447,309,19,29
447,309,19,29
447,309,19,29
447,309,19,29
447,309,20,29
447,309,20,28
447,309,20,28
447,310,20,28
447,310,20,28
447,309,20,28
447,309,21,28
447,309,21,28
447,309,21,28
446,309,21,28
446,309,21,28
446,309,21,28
446,309,21,28
446,309,21,28
446,309,21,28
446,309,21,28
447,309,21,28
447,309,20,28
447,310,20,28
447,310,19,28
447,310,19,28
447,310,19,28
447,310,18,28
447,310,18,28
447,311,17,28
448,311,16,27
449,312,16,27
450,313,15,26
451,313,14,25
451,313,14,25
451,313,14,25
451,313,14,25
451,312,14,25
451,312,14,25
451,312,14,25
451,312,15,26
451,312,15,26
451,312,15,26
451,312,15,26
452,311,15,26
452,311,15,27
452,311,15,27
452,311,15,27
452,311,15,28
452,310,15,28
452,310,15,28
453,309,15,29
453,309,14,29
452,309,15,29
452,309,15,29
451,309,15,28
450,309,15,28
449,309,16,28
449,309,16,28
450,309,15,29
451,309,13,29
451,309,13,30
451,308,13,30
451,307,13,31
451,308,13,30
451,308,13,30
451,308,13,30
451,309,13,29
451,309,13,29
451,309,13,29
451,308,13,29
451,308,13,29
451,308,13,29
451,308,13,29
451,308,13,29
451,308,13,29
451,308,13,29
451,308,13,29
451,308,13,29
451,308,13,29
450,308,13,29
450,308,13,29
450,308,13,29
450,308,13,29
450,308,13,29
450,308,13,29
450,308,13,29
450,308,13,29
450,308,13,29
450,308,13,29
450,309,13,29
451,309,13,29
451,309,13,29
451,309,13,29
451,309,13,29
451,309,13,29
451,309,13,29
451,309,13,29
451,309,13,29
451,309,13,29
451,309,13,29
451,309,13,29
451,309,13,29
451,309,13,29
451,309,13,29
451,309,13,29
451,309,13,29
451,309,13,29
451,309,13,29
451,310,13,29
451,310,13,29
452,310,13,29
451,310,12,29
451,310,12,29
451,310,12,29
451,310,12,29
451,310,12,29
451,311,12,29
451,310,12,29
451,310,13,29
451,310,13,29
451,310,13,29
451,310,14,29
451,310,14,29
451,310,15,29
451,310,15,30
451,310,15,30
451,309,14,31
451,309,14,31
451,309,14,31
450,309,14,30
450,309,14,30
449,309,14,29
449,309,14,29
449,309,14,29
449,309,14,29
448,309,14,29
448,309,14,29
447,309,14,29
446,309,14,29
446,309,15,29
445,309,15,29
445,309,15,29
445,309,15,29
445,309,15,29
445,309,15,29
445,309,15,29
445,309,15,28
445,309,15,28
445,309,15,28
445,309,15,28
445,309,15,28
445,309,14,29
445,309,14,29
445,309,14,29
445,309,14,29
445,309,14,29
445,309,14,29
445,309,14,29
445,309,14,29
445,309,14,29
445,309,14,29
445,309,14,29
445,309,14,29
445,309,14,29
445,309,14,29
445,309,14,29
445,309,14,29
445,308,14,29
445,308,14,29
445,308,14,29
445,308,14,29
445,308,14,29
445,308,14,29
445,308,14,29
445,309,14,29
445,309,14,29
445,309,14,29
444,309,14,29
444,309,15,29
444,309,15,29
444,309,15,29
444,309,15,29
444,309,15,29
444,309,15,29
444,309,15,29
444,309,15,29
444,309,15,29
444,309,15,29
444,309,15,28
444,309,15,29
444,309,15,29
444,309,15,29
444,309,15,29
444,309,15,29
444,309,15,29
444,309,15,29
444,309,15,29
444,309,15,29
444,309,15,29
444,309,15,29
445,309,15,29
445,309,15,29
445,309,15,29
445,309,15,29
445,309,15,29
445,309,15,29
445,309,15,29
445,309,15,30
445,309,15,30
445,309,15,30
445,309,15,30
445,309,15,30
445,309,15,30
445,309,15,30
445,309,15,30
446,309,15,30
446,309,15,30
446,309,15,30
446,309,15,30
446,309,15,30
446,309,15,30
446,309,15,30
446,309,15,30
446,309,14,29
446,309,14,29
446,309,14,28
446,309,13,28
446,309,13,28
446,309,13,28
446,309,13,28
446,309,13,28
446,309,13,28
446,309,13,28
446,309,13,28
446,309,13,28
446,309,13,28
446,309,13,28
446,309,13,28
446,309,13,28
446,309,13,28
446,309,13,28
446,309,13,28
446,309,13,28
446,309,13,28
446,309,13,28
446,309,13,28
446,309,13,28
446,309,13,28
446,309,13,28
446,309,13,28
446,309,13,28
446,309,13,28
446,309,13,28
446,309,13,28
446,309,13,28
446,309,13,28
446,309,13,28
446,309,13,28
446,309,13,28
446,309,13,28
446,309,13,28
446,309,13,28
446,309,13,28
446,309,13,28
446,309,13,28
446,309,13,28
446,309,13,28
446,309,13,28
446,309,13,28
446,309,13,28
446,309,13,28
446,309,13,28
446,309,13,28
446,309,13,28
446,309,13,28
446,309,13,28
446,309,13,28
446,309,13,28
446,309,13,28
446,309,13,28
446,309,13,28
446,309,13,28
446,309,13,28
446,309,13,28
446,309,13,28
446,309,13,28
446,309,13,28
446,309,13,28
446,309,13,28
446,309,13,28
446,309,13,28
446,309,13,28
446,309,13,28
446,309,13,28
447,309,13,28
447,310,13,28
447,310,13,28
447,310,13,28
447,310,13,28
447,310,13,27
447,310,13,27
447,310,13,27
447,310,13,27
447,310,13,27
447,310,13,27
447,310,13,27
447,311,13,27
447,311,13,26
447,311,13,26
447,311,13,26
447,311,13,26
447,311,13,26
447,311,13,26
447,311,13,26
447,311,13,26
447,311,13,25
447,311,13,25
447,311,13,25
447,311,14,26
447,311,14,26
446,310,14,26
446,310,15,26
446,309,15,27
446,309,15,27
446,308,15,28
446,308,15,28
446,308,15,28
446,307,15,29
446,307,15,29
446,307,15,30
446,307,15,30
447,307,15,30
447,307,15,30
448,307,15,30
448,307,15,30
448,307,15,30
449,307,15,30
449,307,15,30
448,306,14,31
448,306,14,31
448,306,13,32
448,306,13,31
448,306,13,31
448,307,13,30
448,307,13,30
448,307,13,30
448,307,14,30
448,307,14,30
448,307,14,30
448,307,14,30
448,307,13,29
448,307,13,29
448,308,13,29
448,308,13,29
448,308,13,29
448,308,13,29
448,308,14,28
448,308,14,28
448,308,14,28
448,308,14,28
448,309,14,28
448,309,14,28
448,309,14,28
448,310,14,28
448,310,14,28
448,309,14,28
448,309,14,28
448,309,14,28
448,309,14,28
448,309,14,28
448,309,15,28
448,309,15,28
448,309,15,28
448,309,15,28
448,309,15,28
448,309,15,28
448,309,15,28
448,308,15,28
448,308,15,28
448,308,15,28
448,308,15,28
448,308,15,28
448,308,15,28
448,308,16,28
447,308,16,28
447,308,16,28
447,308,16,28
447,308,16,29
447,308,16,29
446,308,16,29
446,308,16,29
446,308,17,29
446,308,17,29
445,308,17,29
445,308,17,29
445,308,17,29
445,309,17,29
445,309,17,29
446,309,17,29
446,309,17,29
446,309,17,29
446,310,17,28
445,309,17,29
445,309,18,29
444,309,18,29
444,309,19,29
444,309,18,29
444,309,18,29
444,309,18,29
444,309,18,30
444,308,18,30
444,308,18,30
444,308,18,30
444,308,18,30
444,308,17,30
444,308,17,30
444,307,17,31
444,307,17,31
444,308,17,31
445,308,16,30
445,308,16,30
446,308,16,30
446,308,16,30
446,308,16,30
446,309,16,30
446,309,16,30
445,309,16,30
444,309,16,30
443,309,17,30
443,309,17,30
444,309,16,30
444,309,16,30
444,309,16,29
445,309,16,29
445,309,16,29
445,309,16,29
446,310,16,29
445,310,16,29
445,310,16,29
445,309,16,29
445,309,16,29
445,309,16,29
445,309,16,29
445,309,16,29
444,309,17,29
444,309,17,29
444,309,17,29
444,309,17,29
444,309,17,29
444,309,17,29
444,309,17,29
444,309,17,29
443,309,17,29
443,309,17,29
443,309,18,29
443,309,18,29
444,309,17,29
444,309,17,29
444,309,17,29
445,309,17,30
445,309,17,30
445,309,17,30
445,309,18,30
445,309,18,29
445,309,19,29
445,309,19,29
445,309,19,29
445,309,20,29
445,309,20,28
446,309,21,29
446,309,21,29
447,309,21,29
447,309,21,29
447,309,20,29
447,309,20,29
447,310,19,28
446,310,19,29
446,310,19,29
445,310,19,29
445,310,19,29
445,310,19,29
444,311,21,28
444,311,23,26
444,311,22,26
444,311,21,27
445,310,20,27
445,310,19,28
446,310,18,28
446,309,17,28
446,309,17,28
447,309,16,28
447,309,16,28
448,309,15,28
448,309,15,28
448,309,15,28
448,309,15,28
448,309,15,28
448,308,15,27
448,307,15,27
447,306,15,27
447,305,15,27
447,305,15,27
446,305,15,28
446,306,16,28
446,306,16,29
445,306,16,29
445,306,16,29
446,306,16,29
446,306,16,29
446,306,16,30
447,306,16,30
447,306,16,30
447,305,16,30
447,304,16,30
447,303,16,30
447,302,16,30
447,303,16,30
447,305,16,29
447,306,16,29
447,307,16,28
447,307,16,28
448,308,16,28
448,308,16,28
448,309,16,28
448,307,16,28
448,306,16,28
447,305,16,28
448,304,16,29
448,304,16,29
448,304,16,29
448,305,16,29
448,305,16,29
448,306,16,29
448,307,17,30
448,307,17,30
447,307,17,30
447,306,17,30
447,305,17,31
447,303,16,31
447,303,16,31
446,303,16,31
446,303,16,31
446,304,16,31
446,305,16,31
446,306,16,30
446,307,16,30
446,308,16,29
446,307,16,30
446,307,16,30
447,307,16,30
447,306,15,30
446,306,16,31
446,305,16,31
445,305,16,32
445,305,16,32
446,305,16,32
446,305,16,32
446,305,16,32
448,305,15,32
448,305,15,32
449,305,14,32
449,306,14,32
449,307,14,31
448,308,14,29
448,308,15,29
448,309,15,29
447,309,14,29
447,309,15,28
447,309,15,29
447,309,14,28
447,309,14,29
446,309,15,29
446,309,15,29
446,310,15,29
446,310,15,28
446,311,15,28
447,312,15,27
447,313,15,26
447,314,15,26
446,313,15,26
446,313,15,26
445,312,15,26
445,312,15,26
446,311,15,27
446,311,15,26
446,311,15,27
446,310,15,27
446,310,15,27
446,310,15,28
445,310,15,28
444,309,15,29
443,309,15,29
443,309,15,29
443,308,15,29
443,308,15,29
443,308,15,29
442,306,17,31
441,307,17,31
441,307,17,31
440,307,18,30
440,308,19,30
439,308,19,30
439,308,19,30
439,308,19,30
439,309,19,30
437,310,20,29
437,309,20,30
437,309,20,30
438,308,20,30
437,309,21,29
437,309,20,29
437,309,20,30
437,310,19,30
437,310,18,30
438,310,18,31
437,310,19,30
437,309,21,29
440,310,21,28
441,309,19,28
442,310,19,28
442,310,20,28
443,310,22,28
443,310,23,28
443,310,23,28
443,310,22,28
444,310,21,28
444,310,21,28
444,309,21,29
444,309,21,29
446,308,20,30
447,307,18,30
448,307,17,31
448,307,17,31
448,307,17,30
448,307,18,31
448,307,18,31
451,307,14,30
451,307,14,31
450,308,14,31
450,308,15,30
450,308,16,29
450,308,17,28
450,308,17,29
450,308,17,29
452,309,17,28
452,308,17,28
452,308,16,28
452,310,16,28
450,309,17,28
450,309,16,28
450,309,16,28
451,309,16,28
451,309,16,28
451,309,16,28
451,309,15,29
451,309,15,29
451,309,15,29
451,309,15,29
451,309,15,29
452,309,14,29
451,309,14,29
451,309,14,29
451,309,14,29
451,309,14,29
451,309,14,29
451,309,14,29
451,309,14,29
451,309,14,29
451,309,14,29
450,309,15,28
450,310,15,27
450,311,15,26
450,311,15,26
450,310,15,26
450,310,15,27
450,310,14,27
450,310,14,28
449,309,15,28
449,308,15,29
448,306,16,30
447,305,16,31
447,305,16,32
447,306,16,31
447,307,17,30
447,307,17,30
447,307,17,29
446,308,17,29
447,308,17,29
447,308,16,29
447,309,16,28
447,309,16,29
447,309,16,29
447,309,17,29
447,309,17,29
447,309,17,29
447,309,17,29
447,309,17,29
447,309,17,29
448,309,17,29
448,308,17,28
448,308,17,28
448,308,16,28
448,308,15,28
448,308,15,29
448,308,15,29
448,308,15,29
448,308,15,29
448,308,15,29
447,307,15,29
447,307,15,29
446,307,15,29
446,306,15,30
446,306,15,31
446,306,15,31
446,306,15,31
446,307,16,30
446,308,16,30
446,309,16,30
446,310,16,30
446,310,16,30
446,309,16,30
446,309,16,30
446,308,16,30
446,308,16,30
446,308,16,30
446,307,16,30
446,307,16,30
447,305,16,31
447,304,15,31
447,302,15,32
448,301,15,32
448,299,15,33
449,300,15,32
449,301,14,32
449,302,14,31
449,304,14,31
449,305,14,30
449,306,14,30
449,308,14,29
449,309,14,28
449,311,14,26
449,311,14,27
449,311,14,27
449,311,14,27
449,311,14,28
448,310,14,28
448,310,14,28
448,310,14,28
448,310,14,28
448,309,14,28
448,309,14,28
448,308,14,28
448,309,14,28
448,309,14,28
448,309,14,28
448,309,14,28
448,309,14,28
448,309,15,29
448,309,15,29
448,309,15,29
448,309,15,29
448,309,15,29
447,308,15,29
447,308,15,29
446,308,16,30
446,307,16,30
446,308,16,30
446,308,16,29
447,308,16,29
447,309,16,28
447,309,16,28
447,309,16,28
448,309,16,28
448,309,16,28
448,309,15,28
448,309,15,28
449,308,15,28
449,309,15,28
449,310,15,28
449,310,15,28
449,310,15,28
449,310,15,28
449,310,15,28
449,309,15,28
449,309,15,28
449,310,14,28
449,310,14,27
448,310,15,27
448,311,17,27
448,311,17,27
448,311,18,27
448,311,18,27
448,311,19,27
448,311,20,27
448,312,20,26
448,313,20,25
448,313,20,24
449,313,20,24
449,314,20,23
449,314,20,23
449,314,20,23
449,315,20,23
449,315,20,23
449,315,20,23
449,314,20,24
449,313,20,24
449,312,20,25
449,311,20,25
449,311,20,25
449,311,19,25
449,311,18,25
449,311,18,25
449,311,19,26
449,311,19,26
449,310,19,26
449,310,19,26
449,310,19,26
449,310,19,26
449,310,19,27
449,310,19,27
449,310,20,27
450,310,19,27
450,310,19,27
450,310,18,27
450,310,18,27
451,310,17,27
451,310,17,27
451,310,18,27
450,310,18,27
450,310,18,27
450,310,18,27
450,309,18,27
450,309,18,28
450,309,18,28
450,309,18,28
450,309,18,28
451,309,17,28
451,309,16,28
452,309,15,29
453,309,14,29
453,309,14,29
453,309,15,28
453,309,15,28
452,309,15,28
452,309,15,28
451,308,15,28
451,308,15,28
451,310,15,28
450,310,15,28
450,309,16,29
450,309,16,29
449,309,17,29
449,309,17,29
449,309,17,29
449,308,17,29
449,308,17,29
449,308,17,29
450,307,17,29
451,307,16,29
452,307,15,29
452,307,15,29
452,307,15,29
451,307,15,30
451,307,16,30
451,308,16,29
451,309,16,29
452,309,16,28
452,309,16,28
452,309,16,28
452,309,16,28
452,309,16,28
452,309,16,28
452,309,16,28
452,309,16,28
452,309,16,28
452,309,16,28
452,309,16,28
452,309,16,28
452,309,16,28
452,309,15,28
451,309,14,28
450,309,14,27
452,309,14,27
454,309,15,27
455,310,15,27
456,310,14,27
457,311,14,27
460,310,14,27
464,309,14,27
464,310,14,26
464,311,14,25
466,312,14,25
467,312,14,25
468,312,14,25
469,312,14,25
475,311,14,25
469,312,14,25
475,312,12,23
482,311,11,21
483,311,11,23
485,311,11,25
486,311,11,25
488,312,11,25
491,312,10,25
495,312,9,25
497,312,9,25
499,312,9,25
501,312,10,25
504,311,11,25
505,311,11,24
507,311,11,24
509,311,12,24
509,312,13,24
508,313,14,24
513,312,11,22
507,309,14,24
512,310,13,24
517,311,11,24
517,311,11,24
517,311,11,24
517,311,11,24
517,311,11,24
517,311,11,24
518,311,11,24
518,311,11,24
518,311,11,24
519,310,11,23
519,310,10,23
520,310,10,22
520,310,10,22
520,310,10,22
520,310,10,22
521,310,10,22
521,310,10,22
521,310,10,22
521,310,10,22
521,310,10,23
521,310,10,23
521,310,10,23
521,310,10,24
521,310,10,24
522,310,10,24
522,310,10,24
522,309,10,24
522,309,9,25
522,309,9,25
523,309,9,25
523,309,9,25
523,309,9,25
523,309,9,25
523,309,9,25
523,309,9,25
523,309,9,25
523,309,9,25
523,309,9,25
523,309,9,25
523,309,9,25
523,309,9,25
523,309,9,25
523,309,10,25
523,309,10,25
523,309,10,25
523,309,10,25
523,309,10,25
523,309,10,25
523,309,10,25
523,309,10,25
524,309,10,25
524,309,10,25
524,309,10,25
524,309,10,25
524,309,10,25
525,309,10,25
525,309,10,25
525,309,10,25
525,309,10,25
525,309,10,25
524,310,10,25
524,310,10,25
524,310,10,25
524,310,10,25
524,310,10,25
523,310,10,25
523,310,10,25
523,310,10,25
523,310,10,25
523,310,10,25
522,310,10,25
522,310,10,25
522,310,10,25
522,310,10,25
521,310,10,25
521,310,10,25
521,310,10,24
520,310,10,24
520,310,10,24
520,309,10,24
520,309,10,24
520,309,10,24
520,309,10,24
520,309,10,24
520,309,10,24
520,308,10,24
520,309,10,24
519,309,10,24
519,309,10,24
518,310,10,24
518,310,10,24
517,310,10,24
517,311,10,24
517,312,10,23
517,313,10,23
517,314,10,22
517,314,10,22
517,314,10,22
517,315,10,22
517,315,11,21
517,316,11,21
517,316,11,20
516,317,11,19
516,318,11,19
516,318,11,19
516,318,11,19
516,318,11,19
516,318,11,19
516,318,11,19
516,318,11,19
516,318,11,19
515,318,11,19
515,318,11,19
515,318,11,19
515,317,11,19
515,317,11,19
515,317,11,19
515,317,11,19
515,317,11,19
515,317,11,19
515,317,11,19
515,317,11,19
515,317,11,19
514,317,11,19
514,317,11,19
514,317,11,19
514,317,11,19
514,317,11,19
514,317,11,19
514,317,11,19
514,317,11,19
514,317,11,19
514,317,11,19
514,317,11,19
514,317,11,19
514,317,11,19
514,317,11,19
514,317,11,19
514,317,11,19
514,317,11,19
514,317,11,19
514,317,11,19
514,317,11,19
514,317,11,19
514,317,11,19
514,316,11,19
514,316,11,19
514,316,11,19
514,316,11,19
514,316,11,19
514,316,11,19
514,316,11,19
514,316,11,19
514,316,11,19
514,316,11,19
514,316,11,19
514,316,11,19
514,315,11,19
514,315,11,19
514,315,11,19
514,315,11,19
513,314,11,19
513,313,11,20
513,312,11,20
513,311,11,21
513,311,11,22
513,311,11,22
513,311,11,22
513,311,11,22
513,311,11,23
513,309,11,24
513,308,11,25
513,307,12,26
513,305,12,26
513,305,12,27
513,305,12,28
513,305,13,28
513,305,13,29
513,306,13,29
513,306,13,29
513,306,13,29
513,306,13,29
513,306,13,29
513,307,13,28
513,307,13,28
513,307,13,28
513,307,13,28
513,307,13,28
513,308,13,28
513,308,13,28
513,308,13,28
512,308,13,28
512,308,13,28
512,309,13,27
512,309,13,27
512,309,13,27
512,309,13,27
512,309,13,27
512,310,13,27
512,310,13,27
512,310,13,27
512,310,13,27
512,310,13,27
512,311,13,26
512,311,13,26
512,311,13,26
512,311,13,26
512,311,13,26
512,312,13,26
512,312,13,26
512,312,13,26
512,312,13,26
512,312,13,25
512,312,13,25
512,313,13,25
512,313,13,25
512,313,13,25
512,313,13,25
512,313,13,25
512,314,13,25
512,314,13,24
512,315,14,23
512,315,14,22
512,316,14,22
512,316,14,21
512,317,13,20
512,318,13,20
512,317,13,20
512,317,13,20
512,317,13,20
511,317,13,20
511,317,13,20
511,317,13,20
511,317,13,20
511,317,13,20
511,317,13,20
511,317,13,20
511,317,13,20
511,317,13,20
511,317,13,20
511,317,13,20
510,317,13,20
510,317,13,20
510,317,13,20
510,317,13,20
510,317,13,20
510,317,13,20
510,317,13,20
510,317,13,20
510,317,13,20
510,317,13,20
510,317,13,20
510,317,13,20
510,317,13,20
510,317,13,20
510,317,13,20
510,317,13,20
510,317,13,20
510,317,13,20
510,317,13,20
510,317,13,20
510,317,13,20
510,317,13,20
510,317,13,20
510,317,13,20
510,317,13,20
510,317,13,20
510,317,13,20
510,318,13,20
510,318,14,19
510,319,14,19
510,319,14,19
510,320,14,19
510,320,14,19
510,320,14,19
510,320,14,19
510,321,14,19
510,321,14,19
510,321,14,19
510,321,14,19
510,322,14,19
510,322,14,19
510,322,14,19
510,322,14,19
510,322,14,19
510,322,14,19
509,322,14,19
509,322,14,19
509,322,14,19
509,322,14,19
509,323,14,19
509,323,14,19
509,323,14,19
509,323,14,19
509,323,14,19
509,323,14,19
509,323,14,19
509,324,14,19
509,323,14,19
509,322,14,19
509,322,14,19
509,321,14,19
509,321,14,19
509,320,14,19
509,320,14,19
509,319,14,19
509,319,14,19
509,319,14,19
509,318,14,19
508,318,14,18
509,318,14,18
509,319,14,18
509,319,13,18
509,320,13,18
509,320,13,18
510,321,13,18
510,321,13,18
509,321,13,18
509,321,13,18
509,321,13,18
509,321,13,18
509,321,13,18
509,321,13,18
510,321,13,18
510,321,13,18
510,321,12,18
510,321,12,18
510,321,12,18
510,321,12,17
510,321,12,17
510,321,12,17
510,321,12,17
510,319,13,18
509,318,13,19
509,316,13,20
508,314,14,22
508,313,14,23
507,314,14,23
507,315,15,24
506,315,15,24
506,318,14,23
507,320,13,24
506,321,14,22
508,329,12,19
506,323,13,21
504,324,15,21
508,327,12,22
504,322,14,23
508,324,13,25
503,318,14,26
504,312,13,25
510,318,13,22
506,308,13,28
506,305,13,26
504,305,14,26
504,305,14,26
505,305,13,26
504,304,14,29
504,303,14,28
503,303,14,28
503,303,15,28
503,303,16,28
503,303,14,32
503,304,14,30
500,303,15,30
500,303,14,29
501,304,13,28
503,304,14,30
503,304,14,29
503,304,14,29
503,304,14,29
503,304,14,29
503,304,14,29
503,304,13,29
504,304,13,29
504,304,13,29
504,304,13,29
504,304,13,29
504,304,13,28
504,304,13,28
504,304,13,27
504,304,13,27
504,304,13,26
504,304,13,26
505,304,13,25
505,304,13,25
505,304,13,24
505,304,13,24
505,304,13,23
505,304,13,23
505,305,13,22
505,305,13,22
505,305,12,25
505,305,12,27
505,305,12,27
505,305,12,27
505,304,12,28
505,304,12,28
505,304,12,28
504,304,12,28
504,304,12,28
504,304,12,28
504,304,12,28
504,304,12,29
504,304,12,29
504,304,12,30
504,304,12,30
504,304,12,30
503,304,12,30
503,304,12,30
503,304,12,30
503,304,12,30
502,304,12,30
502,304,12,30
502,304,12,30
502,304,12,30
501,304,12,30
501,304,12,30
501,304,12,30
501,304,12,30
501,304,12,30
501,304,12,30
501,304,12,30
501,304,12,30
501,304,12,30
501,304,12,30
501,304,12,30
501,304,12,30
501,304,12,30
501,304,12,30
501,304,12,30
501,304,12,30
501,304,12,30
501,304,12,30
501,304,12,30
501,304,12,30
501,304,12,30
501,304,12,31
501,304,12,31
501,304,11,31
501,304,11,31
500,304,11,31
500,304,11,31
500,304,11,31
500,304,11,31
499,303,11,31
499,303,11,31
499,303,11,31
498,304,11,31
498,305,11,31
497,305,11,31
496,306,11,31
496,307,12,31
495,307,12,30
495,308,12,29
495,309,12,29
494,309,13,28
494,310,13,28
494,310,13,28
494,310,13,28
494,310,13,28
494,310,13,27
494,310,13,27
494,311,13,26
494,311,13,26
494,311,13,26
493,310,13,26
493,310,13,26
492,310,13,26
492,310,13,26
492,309,13,26
492,310,13,26
492,310,13,26
492,310,13,26
492,310,13,26
492,310,13,26
492,310,13,26
492,309,13,26
492,309,13,26
492,309,13,26
491,309,13,26
491,309,13,26
491,309,13,26
491,309,13,26
491,309,13,26
491,309,13,26
491,309,13,26
490,309,13,26
490,309,13,26
490,309,13,26
490,309,13,26
490,309,13,26
490,309,13,26
490,309,13,26
490,309,13,26
490,309,13,26
490,309,13,26
490,309,12,26
490,309,12,26
490,309,12,26
490,309,12,26
490,309,12,26
490,309,12,26
490,309,12,26
490,309,12,26
490,309,12,26
490,309,11,26
490,309,11,26
490,309,11,26
489,310,11,26
489,310,11,26
489,310,11,26
489,310,11,26
490,310,11,26
490,310,11,26
490,310,11,26
491,310,11,26
491,310,11,26
491,310,11,26
491,310,11,26
492,310,11,26
492,310,11,26
492,310,11,26
492,310,11,26
493,310,11,26
493,310,11,26
493,310,11,26
493,310,11,26
494,310,11,26
494,310,11,26
494,310,11,26
494,310,11,26
495,310,11,26
495,310,11,26
495,310,11,26
496,310,11,26
497,310,11,26
498,310,11,26
499,309,11,26
499,309,11,26
500,308,11,26
500,308,12,26
500,307,12,27
500,306,13,27
500,306,13,28
500,306,13,28
501,305,13,28
502,305,13,29
502,305,13,29
502,305,13,29
501,305,13,29
502,305,13,29
502,305,13,29
502,305,13,29
502,305,13,29
502,305,13,29
503,305,13,29
503,305,13,29
503,305,13,29
503,305,13,29
503,305,13,30
502,305,14,30
502,305,14,30
502,305,14,30
502,305,14,30
502,305,14,30
502,305,14,30
502,305,14,30
502,305,14,30
502,305,14,30
502,305,14,30
502,305,14,30
502,305,14,30
502,305,14,30
502,305,14,30
502,305,14,30
502,305,14,30
502,305,14,30
502,305,14,30
502,305,14,30
502,305,14,30
502,305,14,30
502,305,14,30
502,305,14,30
502,305,14,30
502,305,14,30
502,305,14,30
502,305,14,30
501,305,14,30
501,305,14,30
501,305,14,30
501,305,14,30
501,305,14,30
501,305,14,30
501,305,14,30
501,305,14,30
501,305,14,30
501,305,14,30
501,305,14,30
501,305,14,30
501,305,14,30
501,305,14,30
501,305,14,30
501,305,14,30
501,305,14,30
501,305,14,30
501,305,14,30
501,305,14,30
501,305,14,30
501,305,14,30
501,305,14,30
501,305,14,30
501,305,14,30
501,305,14,30
501,305,14,30
501,305,14,30
501,305,14,30
501,305,14,30
501,305,14,30
501,305,14,30
501,305,14,30
501,305,14,30
501,305,14,30
501,305,14,30
501,305,14,30
501,305,14,30
501,305,14,30
501,305,14,30
501,305,14,30
500,305,14,30
500,305,14,30
500,305,14,30
500,305,14,30
500,305,14,30
500,305,14,30
500,305,14,30
500,305,14,30
500,305,14,30
500,305,14,30
500,305,14,30
500,305,14,30
500,306,14,30
500,306,14,30
500,306,14,30
500,306,14,30
500,306,14,30
500,306,14,30
500,306,14,30
499,306,14,30
499,306,14,30
499,306,14,30
499,306,14,30
499,307,14,30
499,307,14,29
499,308,14,28
498,309,14,28
498,309,14,27
498,310,14,26
499,310,14,26
499,310,14,26
500,311,14,26
500,311,14,26
501,311,14,26
501,311,14,26
501,311,14,26
501,311,14,26
501,311,14,26
501,311,14,26
501,311,14,26
501,311,14,26
501,311,14,26
501,311,14,26
501,311,14,26
501,311,14,26
501,311,14,26
501,311,14,26
501,311,14,26
501,311,14,26
501,311,14,26
501,311,14,26
501,311,14,26
501,311,14,26
501,311,14,26
501,311,14,26
501,311,14,26
501,311,14,26
501,311,14,26
501,311,14,26
501,311,14,26
501,311,14,26
501,311,14,26
501,311,14,26
501,311,14,26
501,311,14,26
501,311,14,26
501,311,14,26
501,311,14,26
501,311,14,26
501,311,14,26
501,311,14,26
501,311,14,26
501,311,14,26
501,311,14,26
501,311,14,26
501,311,14,26
501,311,14,26
501,311,14,26
501,311,14,26
501,311,14,26
501,311,14,26
501,311,14,26
501,311,14,26
501,311,14,26
501,311,14,26
501,311,14,26
501,311,14,26
501,311,14,26
501,311,14,26
501,311,14,26
501,311,14,26
501,311,14,26
502,311,14,26
502,311,14,26
502,311,14,26
502,311,14,26
502,311,14,26
502,311,14,26
502,311,14,26
502,311,14,26
502,311,14,26
502,311,14,26
502,311,14,26
502,311,14,26
502,311,14,26
502,311,14,26
502,311,14,26
502,311,14,26
502,311,14,26
503,311,14,26
503,311,14,26
503,311,14,26
503,311,14,26
503,311,14,26
503,312,14,26
503,312,14,26
503,312,14,26
503,312,14,26
503,312,14,26
503,312,14,26
504,312,14,26
504,312,14,26
504,312,14,26
504,312,14,26
504,312,14,26
504,312,14,26
504,312,14,26
504,312,14,26
504,312,14,26
504,312,14,26
504,312,14,26
505,313,14,26
505,313,14,26
505,313,14,26
505,313,14,26
505,313,14,26
505,313,14,26
505,313,14,26
506,313,14,26
506,313,14,26
506,313,14,26
506,312,14,26
506,312,14,26
507,312,14,26
507,312,14,26
507,312,14,26
507,312,14,26
508,312,14,26
508,312,14,26
508,312,14,26
508,312,14,26
509,312,14,26
509,312,14,26
509,312,14,26
509,312,14,26
509,312,14,26
511,312,14,26
512,311,14,26
514,311,14,26
515,311,14,26
515,311,14,26
514,311,14,26
514,311,14,26
513,311,14,26
512,311,14,26
512,311,14,26
511,311,14,26
511,311,14,26
510,311,14,26
510,311,14,26
509,311,14,26
508,311,14,26
507,311,14,26
507,311,14,26
507,311,13,26
506,311,13,26
506,311,13,26
506,311,12,26
506,311,12,26
506,311,12,26
506,310,12,26
506,310,12,26
505,310,12,25
505,310,12,25
504,311,12,25
503,311,12,25
502,311,12,25
501,312,12,24
501,312,12,24
500,312,12,24
499,312,12,24
498,312,12,24
498,312,12,24
497,312,12,24
496,312,12,24
495,312,12,24
495,312,12,24
494,312,12,24
494,312,12,24
493,312,12,24
492,312,12,24
491,312,12,24
490,313,12,24
489,313,12,24
488,313,12,24
488,313,12,24
488,313,12,24
488,313,12,24
487,313,12,24
487,313,12,24
487,313,12,24
487,312,12,24
486,312,12,24
486,312,12,24
486,312,12,24
486,312,12,24
485,312,12,24
485,312,12,24
485,312,12,24
484,312,12,24
484,312,12,24
484,312,12,24
484,312,12,24
484,312,12,24
484,312,12,24
484,312,12,24
484,312,12,24
485,312,12,24
485,312,12,24
485,312,12,24
485,312,12,24
485,312,12,24
485,312,12,24
485,314,12,24
485,315,12,24
485,317,12,24
485,318,12,24
485,320,12,24
485,321,12,24
485,323,12,24
486,322,12,24
487,320,12,24
488,319,12,24
488,317,12,24
488,315,12,24
489,313,12,24
489,314,11,24
489,314,11,25
489,315,11,25
490,315,11,25
490,315,11,25
490,315,11,25
491,315,11,25
491,315,11,25
491,315,11,25
492,315,11,25
494,316,11,24
494,315,11,24
494,315,11,24
494,315,11,24
494,315,11,24
494,315,11,24
495,315,11,24
495,315,11,24
495,315,11,24
496,315,11,24
496,315,11,24
496,315,11,24
497,315,11,24
497,315,11,24
497,315,11,24
498,315,11,24
498,315,11,24
498,315,11,24
499,316,11,24
499,316,11,24
499,316,11,24
499,316,11,24
499,315,11,24
500,315,11,24
500,315,11,24
501,315,11,24
501,315,11,24
501,315,11,24
502,315,11,24
502,315,11,24
503,315,11,24
503,315,11,24
504,315,11,24
504,315,11,24
504,315,11,24
504,315,11,24
504,315,11,24
504,315,11,24
504,315,11,24
504,315,11,24
504,315,11,24
504,315,11,24
504,315,11,24
504,315,11,24
504,315,11,24
504,315,11,24
504,315,11,24
504,315,11,24
504,315,11,24
504,315,11,24
504,315,11,24
504,315,11,24
504,315,11,24
504,315,11,24
505,315,11,24
505,315,11,24
505,315,11,24
505,315,11,24
505,315,11,24
505,315,11,24
505,315,11,24
505,315,11,24
505,315,11,24
505,315,11,24
505,315,11,24
505,315,11,24
505,315,11,24
505,315,11,24
505,315,11,24
505,315,11,24
505,315,11,24
505,315,11,24
505,314,11,24
506,314,11,24
506,314,11,24
506,314,11,24
506,314,11,24
506,314,11,24
506,314,11,24
506,314,11,24
506,314,11,24
506,313,11,24
506,313,11,24
506,313,11,24
506,314,11,24
506,314,11,24
506,315,11,24
505,315,11,24
505,316,11,24
505,316,11,24
505,316,11,24
505,316,11,24
505,316,11,24
505,316,11,24
505,316,11,24
505,316,11,24
505,316,11,24
505,316,11,24
505,316,11,24
505,316,11,24
505,316,11,24
506,316,11,24
506,316,11,24
506,316,11,24
506,316,11,24
506,316,11,24
506,316,11,24
506,316,11,24
506,316,11,24
506,316,11,24
506,316,11,24
506,315,11,24
506,315,11,24
506,315,11,24
506,315,11,24
506,315,11,24
506,315,11,24
506,315,11,24
506,315,11,24
506,315,11,24
506,315,11,24
506,315,11,24
506,315,11,24
506,315,11,24
506,315,11,24
506,315,11,24
506,315,11,24
506,315,11,24
506,315,11,24
506,315,11,24
506,315,11,24
506,315,11,24
506,315,11,24
506,316,11,24
506,316,11,24
506,316,11,24
506,316,11,24
506,316,11,24
506,316,11,24
506,316,11,24
506,316,11,24
506,316,11,24
506,316,11,24
506,316,11,24
506,316,11,24
506,316,11,24
506,316,11,24
506,316,11,24
506,316,11,24
506,316,11,24
506,316,11,24
506,316,11,24
506,316,11,24
506,316,11,24
506,316,11,24
506,316,11,24
506,316,11,24
506,316,11,24
506,316,11,24
506,316,11,24
506,316,11,24
506,316,11,24
506,316,11,24
506,316,11,24
506,316,11,24
506,316,11,24
506,316,11,24
506,316,11,24
506,316,11,24
506,316,11,24
506,316,11,24
506,316,11,24
506,316,11,24
506,316,11,24
506,316,11,24
506,316,11,24
506,316,11,24
506,316,11,24
506,316,11,24
506,316,11,24
506,316,11,24
506,316,11,24
506,316,11,24
506,316,11,24
506,316,11,24
506,316,11,24
506,316,11,24
506,316,11,24
506,316,11,24
506,316,11,24
506,316,11,24
506,316,11,24
506,316,11,24
506,316,11,24
506,315,11,24
506,315,11,24
506,315,11,24
506,315,11,24
505,315,11,24
505,315,11,24
505,315,11,24
505,315,11,24
505,315,11,24
505,315,11,24
505,315,11,24
505,315,11,24
505,315,11,24
505,315,11,24
505,315,11,24
505,315,11,24
505,316,11,24
505,316,11,24
505,316,11,24
505,316,11,24
505,316,11,24
505,316,11,24
505,316,11,24
505,316,11,24
505,316,11,24
505,316,11,24
505,316,11,24
505,316,11,24
505,316,11,24
505,316,11,24
505,316,11,24
505,316,11,24
505,316,11,24
505,316,11,24
505,316,11,24
505,316,11,24
505,316,11,24
505,316,11,24
505,316,11,24
505,316,11,24
505,316,11,24
505,316,11,24
505,316,11,24
504,316,11,24
504,316,11,24
504,316,11,24
504,316,11,24
504,316,11,24
504,316,11,24
504,316,11,24
504,316,11,24
504,316,11,24
504,316,11,24
504,316,11,24
504,315,11,24
504,315,11,24
504,315,11,24
504,316,11,24
503,316,11,24
503,316,11,24
503,316,11,24
502,316,11,24
502,316,11,24
502,316,11,24
502,316,11,24
502,316,11,24
502,316,11,24
502,316,11,24
502,316,11,24
502,316,11,24
502,316,11,24
502,316,11,24
502,316,11,24
502,316,11,24
502,316,11,24
502,316,11,24
502,316,11,24
502,316,11,24
502,316,11,24
502,316,11,24
502,316,11,24
503,316,11,24
503,316,11,24
503,316,11,24
503,316,11,24
503,316,11,24
503,316,11,24
503,316,11,24
503,316,11,24
503,316,11,24
503,316,11,24
503,316,11,24
503,316,11,24
503,316,11,24
503,316,11,24
503,316,11,24
503,316,11,24
503,316,11,24
503,316,11,24
503,316,11,24
503,316,11,24
503,316,11,24
503,316,11,24
503,316,11,24
503,316,11,24
503,316,11,24
503,316,11,24
503,316,11,24
503,316,11,24
503,316,11,24
503,316,11,24
503,316,11,24
503,316,11,24
503,316,11,24
503,316,11,24
503,316,11,24
503,316,11,24
503,316,11,24
503,316,11,24
503,316,11,24
503,316,11,24
503,316,11,24
503,316,11,24
503,316,11,24
503,316,11,24
503,316,11,24
503,316,11,24
503,316,11,24
503,316,11,24
503,316,11,24
503,316,11,24
503,316,11,24
503,316,11,24
503,316,11,24
503,316,11,24
503,316,11,24
503,316,11,24
503,316,11,24
503,316,11,24
503,316,11,24
503,316,11,24
504,316,11,24
504,316,11,24
504,316,11,24
504,316,11,24
504,316,11,24
504,316,11,24
504,315,11,24
504,315,11,24
504,315,11,24
504,315,11,24
504,315,11,24
504,315,11,24
504,315,11,24
504,315,11,24
504,315,11,24
504,315,11,24
504,315,11,24
504,315,11,24
504,315,11,24
504,315,11,24
504,315,11,24
504,315,11,24
504,315,11,24
504,315,11,24
504,315,11,24
504,315,11,24
504,315,11,24
504,315,11,24
504,315,11,24
503,315,11,24
503,315,11,24
503,315,11,24
503,315,11,24
503,315,11,24
503,315,11,24
503,315,11,24
503,315,11,24
502,316,11,24
501,316,11,24
501,316,11,24
500,316,11,24
500,316,11,24
499,317,11,24
498,317,11,24
498,317,11,24
497,317,11,24
497,317,11,23
496,317,11,23
496,317,11,23
495,317,12,23
495,317,12,23
495,317,12,23
495,317,12,23
494,317,12,23
494,317,12,23
494,317,12,23
494,317,12,23
494,317,12,23
494,317,12,23
493,317,12,23
493,316,12,23
493,316,12,23
493,316,12,23
493,316,12,23
492,316,12,23
492,316,12,23
492,315,12,24
492,315,12,24
492,315,12,25
492,314,12,25
491,314,12,26
491,313,12,26
491,313,12,27
491,313,12,27
490,313,12,27
490,313,12,27
489,314,12,27
488,313,12,27
487,313,12,27
487,313,12,27
486,312,12,27
484,312,13,26
482,313,15,26
480,313,16,26
478,313,17,25
479,313,16,25
479,312,15,25
480,312,14,25
480,312,13,25
481,312,12,25
480,312,12,24
479,312,13,23
478,312,14,23
477,312,14,23
476,312,14,23
475,312,14,23
475,311,14,23
474,311,14,24
473,310,14,25
472,309,14,26
472,309,14,26
471,310,14,26
470,310,14,26
469,310,14,26
469,310,14,26
468,310,14,26
467,310,14,26
466,310,14,26
465,309,14,26
465,310,14,25
464,310,14,24
464,311,14,24
462,312,13,24
461,313,13,25
460,314,13,26
459,314,13,26
458,314,13,26
457,314,13,26
456,314,13,25
456,314,13,25
455,314,14,25
454,314,14,24
454,314,14,23
453,314,14,23
452,313,14,23
450,312,14,23
449,313,14,23
448,312,14,23
448,312,12,23
448,312,13,23
446,312,13,23
446,312,12,23
445,312,12,23
445,312,12,23
444,312,12,23
444,312,12,23
444,313,12,23
443,313,12,23
442,313,12,23
441,312,12,23
441,312,11,23
441,312,11,23
440,312,11,23
440,312,11,23
440,312,11,23
439,312,11,23
438,312,11,23
437,312,10,23
436,312,10,23
435,311,10,23
435,312,11,23
434,312,11,24
434,312,12,24
433,312,12,24
433,312,12,23
432,311,12,23
432,312,12,23
432,312,12,23
431,312,12,23
431,312,12,23
431,311,12,23
430,311,12,23
429,311,12,23
428,311,12,23
428,311,12,23
427,310,12,23
426,309,12,24
426,308,12,24
425,308,12,25
425,307,12,25
425,307,12,25
425,307,12,25
424,307,12,25
424,307,12,25
424,308,12,25
422,307,13,26
420,307,14,26
419,307,14,26
419,307,14,25
419,307,14,25
419,307,14,25
418,307,14,25
418,306,14,25
418,306,14,25
418,306,14,25
418,306,14,25
419,306,14,25
418,306,13,25
418,306,13,25
417,306,13,25
417,306,13,25
417,306,13,25
417,306,13,25
416,307,12,25
415,307,12,25
415,307,12,25
414,307,12,25
414,307,12,24
414,307,12,24
413,307,12,24
413,307,12,24
413,306,12,24
413,306,12,24
413,306,12,24
412,306,12,24
412,306,12,24
411,306,12,24
410,306,12,24
409,305,12,24
409,305,12,24
409,305,12,25
409,305,12,25
408,305,11,26
408,305,11,26
408,305,11,26
407,305,11,26
407,306,11,26
406,306,11,26
406,306,11,26
405,306,11,26
405,306,11,26
404,306,11,25
404,306,11,25
404,306,11,25
403,306,11,25
403,305,11,25
403,305,11,25
402,305,11,25
402,305,11,25
401,305,11,25
401,305,11,25
401,305,11,25
400,305,11,25
400,305,11,25
400,305,11,25
400,305,12,25
400,305,12,25
400,305,12,25
400,305,12,25
400,305,12,25
399,305,12,25
398,305,12,25
398,305,12,25
397,305,12,25
396,305,11,25
396,305,12,25
395,305,12,24
395,305,12,24
394,305,12,24
393,306,12,23
392,306,12,23
392,306,11,23
392,306,11,23
391,306,11,23
391,306,11,23
391,306,11,23
390,306,11,23
390,306,11,23
390,306,11,23
390,306,11,23
390,306,11,23
390,305,11,23
390,305,11,23
390,305,11,23
390,305,11,23
389,305,11,23
389,305,11,23
389,305,11,23
389,305,11,23
389,305,11,23
389,305,11,23
388,305,11,23
388,305,11,23
388,305,11,23
388,305,11,23
388,305,11,23
387,305,11,23
387,305,11,23
387,305,11,23
387,305,11,23
387,305,11,23
387,305,11,23
387,305,11,23
387,305,11,23
387,305,11,23
387,305,11,23
387,305,11,23
388,305,11,23
388,306,11,22
388,306,10,21
389,306,10,21
388,306,11,21
388,306,11,20
388,306,11,20
387,306,12,20
387,306,12,20
387,306,12,20
387,306,12,20
387,306,12,20
387,306,12,20
387,306,12,20
387,306,12,20
387,306,12,20
387,306,12,20
387,306,12,20
387,306,12,20
387,306,12,20
387,306,12,20
387,306,12,20
388,306,12,20
388,306,12,20
388,306,12,20
388,306,12,20
388,306,12,20
388,306,12,20
388,306,12,20
388,306,12,20
388,306,12,20
388,306,12,20
388,306,12,20
388,306,12,20
388,306,12,20
388,306,12,20
388,305,12,20
388,306,12,20
389,306,12,20
389,306,12,20
390,306,12,20
391,306,12,20
391,306,12,20
392,306,12,20
391,306,12,20
389,306,12,20
388,306,12,20
387,306,12,20
387,306,12,20
387,306,12,20
387,306,12,20
388,306,12,20
388,306,12,20
388,306,12,20
388,306,12,20
388,306,12,20
389,306,12,20
389,305,12,20
389,306,12,20
389,306,12,20
389,306,12,20
389,306,12,20
389,306,12,20
389,306,12,20
389,306,12,20
389,306,12,20
389,306,12,20
389,306,12,20
388,306,12,20
388,306,12,20
388,306,12,20
388,306,12,20
388,306,12,20
388,306,12,20
388,306,12,20
388,306,12,20
388,306,12,20
388,306,12,20
388,306,12,20
388,306,13,20
388,306,13,20
388,306,13,20
388,306,13,20
388,306,13,20
388,306,13,20
388,306,12,20
388,306,12,20
388,306,12,19
389,306,12,19
389,306,11,19
389,306,11,19
389,306,11,19
389,306,11,19
390,306,10,19
390,306,10,19
390,306,10,19
390,306,10,19
391,306,10,19
391,306,10,19
391,306,10,19
392,306,10,19
392,306,10,19
392,306,10,19
392,306,10,19
393,305,10,19
393,305,10,19
393,305,10,19
393,305,10,19
393,305,10,19
394,305,10,19
394,305,10,19
394,305,10,19
394,305,10,19
394,305,10,19
394,305,10,19
394,305,10,19
394,305,10,19
394,305,10,19
394,305,10,19
394,305,10,19
394,305,10,19
394,305,10,19
394,305,10,19
394,305,10,19
394,305,10,19
394,305,10,19
394,305,10,19
394,305,10,19
394,305,10,19
394,305,10,19
394,305,10,19
394,305,10,19
394,305,10,19
394,305,10,19
394,305,10,19
394,305,10,19
394,305,10,19
394,305,10,19
394,305,10,19
394,305,10,19
394,306,10,19
395,306,10,19
395,306,10,19
395,306,10,19
395,306,10,19
395,306,10,19
395,306,10,18
395,306,10,18
395,306,10,18
395,306,10,18
395,306,10,18
395,306,10,18
395,306,10,18
395,306,10,18
395,306,10,18
394,306,10,18
394,306,10,18
394,306,10,18
394,306,10,18
394,306,10,18
394,305,10,18
394,305,10,18
394,305,10,18
394,305,10,18
394,305,10,18
394,305,10,18
394,305,10,18
394,305,10,18
394,305,10,18
394,305,10,18
394,305,10,18
394,305,10,18
394,305,10,18
393,305,10,18
393,305,10,18
393,305,10,17
393,305,10,17
393,305,10,17
392,305,10,17
392,304,10,17
392,304,10,17
392,304,10,18
392,304,10,18
391,304,10,18
391,304,10,18
390,304,10,18
390,304,11,18
390,304,10,18
390,304,10,18
389,304,10,18
389,304,10,18
389,304,10,18
389,304,10,19
389,304,10,19
388,304,10,19
388,304,10,19
388,304,10,19
388,304,10,19
388,304,10,19
387,304,10,19
387,304,10,19
387,304,10,19
387,304,9,19
387,304,9,19
387,304,9,19
387,304,9,19
387,304,9,18
387,304,9,18
387,304,9,18
387,304,9,18
387,304,9,18
387,304,9,18
387,304,9,18
387,304,9,18
387,304,9,18
387,304,9,18
386,304,9,18
386,304,9,18
386,304,9,18
386,304,9,18
386,304,9,18
386,304,9,18
386,304,9,18
385,304,9,18
385,304,9,18
385,304,9,18
385,304,9,18
384,304,9,18
384,305,9,18
384,305,9,18
384,305,9,18
384,305,9,18
384,305,9,18
383,305,9,18
383,305,9,18
383,305,9,18
383,305,9,18
383,305,9,18
383,305,9,18
383,305,9,18
383,305,9,18
383,305,9,18
383,305,9,18
383,305,9,18
383,305,9,18
383,305,9,18
383,305,9,18
383,305,9,18
383,305,9,18
383,305,9,18
382,305,9,18
382,305,9,18
382,305,9,18
382,305,9,19
382,305,9,19
382,305,9,19
382,305,11,18
382,305,11,18
383,305,11,18
384,305,11,19
384,305,11,19
385,305,11,19
385,305,11,19
385,305,11,19
385,305,11,19
385,305,11,19
386,305,11,20
386,305,11,20
386,305,11,20
386,305,11,21
386,305,12,21
387,305,12,21
387,305,12,22
387,305,12,22
387,305,12,22
387,305,12,22
388,305,12,22
388,305,12,22
387,305,12,22
387,304,12,22
386,304,12,22
385,303,12,22
385,303,12,22
384,302,12,22
384,302,12,22
384,302,12,22
384,302,12,22
384,302,12,22
384,302,12,22
384,302,12,22
384,302,12,22
384,302,12,22
384,302,12,22
384,302,12,22
384,302,12,22
384,302,12,22
384,302,12,22
384,302,12,22
384,302,12,22
384,302,12,22
384,301,12,22
384,301,12,22
384,301,12,22
384,301,12,22
384,301,12,22
384,301,12,22
384,301,12,22
384,301,12,22
384,301,12,22
384,301,12,22
384,301,12,22
384,302,12,22
384,302,12,22
384,302,12,22
384,303,12,22
384,303,12,22
384,303,12,22
384,303,12,22
384,304,12,22
384,304,12,22
384,304,12,22
384,305,12,22
384,305,12,21
384,306,12,21
384,306,12,21
384,307,12,21
384,307,11,21
384,308,11,20
384,308,11,20
384,309,11,20
384,309,11,20
384,310,11,20
384,310,11,19
384,311,11,19
384,311,11,19
384,311,11,19
384,310,11,19
384,309,11,19
384,308,11,19
384,307,11,19
384,306,11,19
384,306,11,19
383,306,11,19
383,306,11,19
383,305,11,19
383,305,11,19
383,305,11,19
383,305,11,19
383,305,11,19
383,305,11,19
383,305,11,19
383,304,11,19
382,304,11,19
382,304,11,19
382,304,11,19
382,304,11,19
382,304,11,19
382,304,11,19
382,304,11,19
382,304,11,19
383,304,11,19
383,304,11,19
383,304,11,19
383,304,11,19
383,304,11,19
383,304,11,19
383,304,11,19
383,304,11,19
383,304,11,19
383,304,11,19
383,304,11,19
383,304,11,19
383,304,11,19
383,304,11,19
383,303,11,19
383,303,11,19
383,303,11,19
383,303,11,19
383,303,11,19
383,303,11,19
383,304,11,19
383,305,11,19
383,306,11,19
383,307,11,19
382,308,11,19
382,309,11,19
382,308,11,19
382,307,11,19
381,307,11,19
381,306,11,19
381,305,11,19
381,304,11,19
381,303,11,19
381,302,11,19
381,303,11,19
381,303,11,19
381,303,11,19
381,303,11,19
381,303,11,19
381,303,11,19
381,303,11,19
381,303,11,19
381,303,11,19
381,303,11,19
382,302,11,19
382,302,11,19
382,302,11,19
382,302,11,19
382,302,11,19
382,302,11,19
382,302,11,19
382,302,11,19
382,302,11,19
382,302,11,19
382,302,11,19
382,302,11,19
382,302,11,19
382,302,11,19
382,302,11,19
382,302,11,19
382,302,11,19
382,302,11,20
383,302,11,20
383,302,10,20
383,302,10,20
383,302,10,20
383,302,10,20
383,302,10,20
383,302,10,20
383,302,10,20
383,302,10,20
383,302,10,20
383,302,10,20
383,302,10,20
383,302,10,20
383,302,10,20
383,302,10,20
383,302,10,20
383,302,10,21
383,302,10,21
383,302,10,21
383,302,10,21
383,302,10,21
383,302,10,21
383,302,10,21
383,302,10,21
383,302,10,21
384,302,10,21
384,302,10,21
384,302,10,21
384,302,10,21
384,302,10,21
384,302,10,21
384,302,10,21
384,302,10,21
384,302,10,21
384,302,10,21
384,302,10,21
384,302,10,21
384,302,10,21
384,302,10,21
384,302,10,21
384,302,10,21
384,302,10,21
384,302,10,21
384,302,10,21
384,302,10,21
384,302,10,21
384,302,10,21
384,302,10,21
384,302,10,21
384,302,10,21
384,302,10,21
384,302,10,21
384,302,10,21
384,302,10,21
384,302,10,21
384,302,10,21
384,302,10,21
384,302,10,21
384,302,10,21
384,302,10,21
384,302,10,21
384,302,10,21
384,302,10,21
384,302,10,21
384,302,10,21
384,302,10,21
384,302,10,21
384,302,10,21
384,302,10,21
384,302,10,21
384,302,10,21
384,302,10,21
384,302,10,21
384,302,10,21
