534,292,86,85
535,291,83,81
537,291,81,77
534,289,82,77
531,285,82,77
529,282,82,77
526,278,82,77
528,278,82,77
530,277,82,77
532,277,82,77
534,277,82,77
536,277,82,77
538,276,82,77
539,279,82,77
540,282,82,77
541,285,82,77
542,288,82,77
541,289,82,77
540,290,82,76
540,291,82,76
539,292,82,76
538,293,82,75
538,294,82,75
534,293,82,75
530,293,82,75
527,292,82,75
526,292,84,75
524,291,87,75
523,291,90,75
524,291,90,75
524,291,90,75
525,291,90,75
529,293,85,75
533,295,81,75
537,297,76,75
541,299,72,75
543,299,72,75
546,298,72,75
549,298,72,75
550,296,72,75
551,295,72,75
552,293,72,75
553,292,72,75
555,292,72,75
556,292,72,75
557,292,72,75
559,293,72,75
560,293,72,75
561,293,72,75
559,293,72,75
557,293,72,75
555,293,72,75
553,293,72,75
549,293,74,75
545,293,75,75
541,293,77,75
537,293,79,75
537,293,79,75
538,293,79,75
538,293,79,75
539,293,79,75
538,294,79,75
538,295,79,75
538,295,79,75
537,296,79,75
537,297,79,75
536,297,79,75
535,297,79,75
534,298,79,75
533,298,79,75
532,298,79,75
531,299,79,75
530,299,79,75
529,299,79,75
528,299,79,75
527,300,79,75
526,300,79,75
526,300,79,75
525,300,79,75
524,301,79,75
523,301,79,75
522,301,79,75
521,302,79,75
520,302,79,75
520,302,79,75
521,301,79,75
521,301,79,75
521,301,79,75
522,300,79,75
522,300,79,75
522,300,79,75
523,300,79,75
523,299,79,75
524,299,79,75
524,299,79,75
523,297,79,78
523,294,79,81
522,292,79,85
522,290,79,88
531,292,79,84
540,294,79,81
550,296,79,77
560,295,79,77
571,295,79,77
575,292,89,82
579,289,100,86
583,286,110,91
584,286,114,96
586,286,118,101
587,286,121,106
584,288,119,102
581,290,117,98
578,293,115,94
575,295,113,91
571,292,104,91
567,290,95,91
562,287,86,91
561,288,83,82
560,289,81,73
573,296,91,61
586,302,101,49
582,296,115,61
578,289,129,74
587,290,128,80
597,290,127,86
606,290,126,92
628,289,110,91
639,290,106,89
650,291,103,88
661,292,99,87
638,285,122,86
604,287,121,128
682,282,88,79
682,276,85,76
647,293,119,118
680,267,93,91
680,264,82,100
673,286,95,109
666,308,108,118
634,288,97,66
612,306,93,66
603,309,93,75
606,311,93,80
609,313,93,86
611,313,93,86
613,313,93,86
613,313,93,86
614,314,93,86
615,315,93,86
611,319,93,86
608,323,93,86
605,326,93,86
602,330,93,86
606,330,93,86
609,330,93,86
613,329,93,86
617,329,93,86
621,329,93,86
625,328,93,86
626,327,93,86
627,325,93,86
629,324,93,86
630,323,93,86
632,321,93,86
634,320,93,86
635,319,93,86
637,317,93,86
639,316,93,86
640,315,93,86
642,315,95,87
645,316,97,87
647,316,99,88
649,317,101,89
651,317,103,90
653,318,106,91
656,318,106,91
659,318,106,91
661,319,106,91
664,319,106,91
667,320,106,91
666,319,106,91
665,319,106,91
664,319,106,91
663,319,106,91
662,319,106,91
661,319,106,91
659,318,106,91
658,318,106,91
657,318,106,91
656,318,106,91
655,318,106,91
654,318,106,91
648,317,106,91
643,317,106,91
637,317,106,91
631,317,106,91
625,316,106,91
620,316,106,91
614,316,106,91
608,316,106,91
602,316,106,91
602,317,107,91
601,318,108,91
601,319,108,91
601,320,109,91
601,322,110,91
596,328,110,88
592,334,110,85
588,340,110,83
583,346,110,80
577,335,108,86
570,325,105,93
563,314,102,100
552,301,102,89
540,288,102,78
528,275,102,67
520,267,97,73
512,259,93,78
504,251,89,84
500,253,69,84
489,255,71,84
478,258,73,84
478,263,73,84
478,267,73,84
477,268,77,84
476,269,82,84
478,269,81,84
480,269,79,84
481,269,78,84
480,269,79,81
479,269,81,79
478,269,82,76
482,269,82,76
486,269,82,76
487,269,82,76
487,269,82,76
488,269,82,76
488,268,82,76
489,268,82,76
489,268,82,76
490,268,82,76
490,267,82,76
494,269,81,74
498,270,80,73
502,272,79,72
506,273,78,70
513,275,78,70
520,277,78,70
527,278,78,70
531,282,78,70
535,285,78,70
540,290,78,70
545,295,78,70
550,300,78,70
550,302,78,70
551,303,78,70
551,305,78,70
552,307,78,70
551,307,79,70
550,307,80,70
549,307,81,70
548,307,81,70
547,307,82,70
546,307,83,70
545,307,84,70
545,307,85,70
545,305,85,71
545,304,86,72
545,303,86,74
545,302,87,75
545,300,87,76
545,299,87,77
545,298,88,79
545,296,88,80
545,295,89,81
546,294,89,82
546,293,90,84
546,291,90,85
546,290,90,86
546,289,91,87
546,287,91,89
546,286,92,90
546,285,92,91
546,283,93,92
546,282,93,93
546,281,93,95
547,280,94,96
547,278,94,97
547,277,95,98
547,276,95,100
547,274,96,101
547,273,96,102
547,272,96,103
547,271,97,105
547,269,97,106
547,268,98,107
547,267,98,108
548,265,99,109
548,265,99,112
548,265,99,114
548,265,99,116
548,265,99,118
548,265,99,120
548,265,99,122
547,262,99,124
546,259,99,126
545,256,99,128
545,253,99,130
547,251,97,130
549,249,96,130
551,247,94,130
553,246,93,130
556,244,91,130
558,242,90,130
560,240,88,130
562,239,87,130
563,235,87,148
564,232,87,166
565,228,87,184
566,225,87,202
572,217,87,204
578,210,87,206
578,207,90,203
579,204,93,200
579,201,96,197
577,200,96,191
575,198,96,185
575,198,96,180
575,198,96,174
575,198,96,178
575,198,96,183
575,198,96,187
587,199,86,192
598,199,76,197
610,199,66,202
612,199,66,200
613,198,66,199
615,197,66,197
617,197,66,195
619,196,66,193
621,195,66,191
621,196,66,197
621,197,66,202
628,197,64,209
636,196,62,215
637,198,69,215
637,200,76,215
635,197,76,215
630,202,87,218
625,206,98,221
621,210,109,224
611,218,123,221
601,226,137,218
598,228,137,217
594,230,137,217
591,233,137,216
587,236,137,216
584,239,137,216
580,242,137,216
574,246,137,216
568,250,137,216
562,253,137,216
558,256,133,216
554,258,128,216
554,260,124,216
554,261,119,216
553,265,119,208
551,269,119,200
549,273,119,192
547,277,119,184
546,272,129,180
545,268,139,176
544,263,149,172
543,258,159,168
542,253,169,163
542,248,179,159
541,244,188,155
547,238,188,155
553,232,188,155
553,234,188,155
553,236,188,155
553,238,188,155
569,237,170,165
586,236,151,175
616,234,121,184
632,234,108,192
649,234,95,200
665,234,82,208
673,230,88,208
681,226,94,208
689,222,100,208
675,228,115,208
662,234,130,208
649,240,145,208
640,237,144,208
630,235,142,208
621,232,141,208
612,230,139,208
612,230,129,208
612,230,118,208
612,230,108,208
613,231,108,208
615,231,108,208
617,232,108,208
619,233,108,208
620,234,108,208
622,234,108,208
624,235,108,208
625,236,108,208
628,236,110,208
630,236,113,208
632,237,116,208
635,237,119,208
637,237,122,208
639,238,125,208
643,235,139,208
647,232,153,208
651,230,167,208
657,233,161,201
663,236,155,194
667,237,148,188
671,238,140,182
675,240,133,177
679,241,121,177
683,242,108,177
687,244,96,177
679,246,96,177
671,249,96,177
663,252,96,177
655,250,96,177
647,248,96,177
639,246,96,177
626,246,109,182
613,247,122,188
600,248,135,194
589,245,147,194
577,242,159,194
566,240,171,194
563,241,176,192
560,242,181,189
556,244,186,186
556,248,186,186
556,252,186,186
556,255,186,186
566,259,180,192
576,262,173,198
586,265,167,204
602,262,157,212
618,259,147,220
633,255,137,228
644,257,132,228
654,258,127,228
665,259,121,228
666,264,121,222
668,268,120,216
669,273,120,210
671,277,119,204
671,279,109,204
671,281,100,204
671,283,90,204
665,280,85,204
659,276,81,204
653,273,76,204
647,269,72,204
647,271,72,204
647,272,72,204
647,273,72,204
641,283,75,204
635,293,79,204
629,303,82,204
624,314,92,200
619,325,102,196
614,336,111,192
611,340,111,192
608,344,111,192
606,348,111,192
611,346,106,192
616,343,101,192
622,340,96,192
616,338,100,196
610,336,105,200
604,334,109,204
601,330,119,204
597,325,128,204
594,321,137,204
599,317,133,204
605,314,128,204
610,310,124,204
616,307,119,204
614,297,113,204
613,287,108,204
612,277,102,204
602,274,107,204
592,271,112,204
582,267,117,204
587,261,112,204
591,255,107,204
595,250,101,204
600,244,96,204
596,242,96,202
592,241,96,200
588,239,96,198
584,238,96,196
584,238,96,192
584,238,96,187
584,238,96,182
584,238,96,178
584,238,96,173
584,238,96,169
587,237,96,169
590,236,96,169
593,235,96,169
596,234,96,169
599,234,91,174
601,234,86,179
604,234,82,184
594,234,92,200
597,230,92,200
601,227,92,200
604,224,92,200
602,223,95,200
600,223,98,200
598,222,102,200
599,221,102,196
601,219,102,191
602,218,102,186
599,217,102,179
595,215,102,171
592,214,102,163
586,215,108,163
579,216,115,163
573,217,122,163
566,218,129,163
568,220,127,157
570,222,125,152
572,224,123,147
565,223,125,147
558,223,127,147
551,222,129,147
556,223,128,147
561,223,127,147
566,224,125,147
566,224,121,147
566,224,116,147
566,224,112,147
566,224,108,147
574,221,103,147
582,218,98,147
581,216,98,141
581,214,98,135
580,212,98,129
579,211,98,137
577,210,98,144
576,209,98,151
574,208,98,159
574,210,98,154
574,213,98,149
574,215,98,144
574,217,98,140
574,219,98,135
574,222,98,130
574,224,98,125
573,234,98,119
572,244,98,112
571,253,98,106
570,263,98,100
568,267,98,97
565,271,98,94
563,275,98,91
560,279,98,88
564,278,87,88
568,277,77,88
572,275,66,88
566,275,72,90
560,275,78,93
554,275,84,95
549,275,90,98
553,275,87,98
556,275,85,98
560,275,82,98
564,275,80,98
568,275,77,98
572,275,75,98
576,275,72,98
580,275,70,98
580,275,81,116
580,275,92,134
580,275,104,153
582,281,104,148
584,287,104,143
586,293,104,139
588,299,104,134
590,305,104,129
589,304,104,127
588,303,104,124
587,302,104,122
586,301,104,119
586,301,107,113
586,301,109,108
586,301,112,102
586,301,115,96
586,301,123,90
586,301,131,84
586,301,139,78
584,301,134,81
582,301,130,83
580,301,125,86
589,298,116,106
598,296,108,125
607,293,99,145
616,291,90,165
616,291,103,174
616,291,116,182
616,291,130,191
616,291,143,200
622,295,138,194
629,299,132,187
635,303,127,180
631,310,127,180
627,317,127,180
626,344,134,153
625,371,142,125
624,397,149,98
631,417,149,98
638,436,149,98
645,455,149,98
668,462,149,93
691,469,149,88
714,476,149,84
714,482,149,78
714,488,149,72
714,494,149,66
714,494,140,66
714,494,131,66
714,494,121,66
715,499,121,66
716,505,121,66
716,510,121,66
711,510,126,66
706,510,131,66
700,510,135,66
702,510,133,66
704,510,132,66
706,510,130,66
707,510,128,66
709,510,126,66
711,510,125,66
713,510,123,66
714,510,121,66
716,510,119,66
716,510,119,66
715,510,119,66
715,510,119,66
715,510,119,66
714,510,119,66
714,510,119,66
713,510,119,66
713,510,119,66
712,510,119,66
712,510,119,66
712,510,119,66
711,510,119,66
711,510,119,66
710,510,119,66
710,510,119,66
710,509,119,67
710,509,119,67
710,508,119,68
710,508,119,68
710,508,119,68
710,507,119,69
710,507,119,69
710,507,119,69
710,506,119,70
710,506,119,70
710,506,119,70
710,505,119,71
710,505,119,71
710,505,119,71
710,504,119,72
710,504,119,72
710,503,119,73
710,503,119,73
710,503,119,73
710,502,119,74
710,502,119,74
710,498,119,76
709,494,119,79
708,490,119,81
708,485,119,83
707,481,119,86
706,477,119,88
706,473,119,91
705,469,119,93
704,465,119,95
704,461,119,98
703,456,119,100
702,452,119,103
701,448,119,105
701,444,119,107
700,440,119,110
699,436,119,112
699,432,119,114
698,427,119,117
697,423,119,119
697,419,119,122
696,415,119,124
695,411,119,126
695,407,119,129
694,402,119,131
693,398,119,133
693,394,119,136
692,390,119,138
691,386,119,141
691,382,119,143
667,367,152,143
643,352,184,143
617,331,198,143
590,311,212,143
574,297,212,143
557,283,212,143
541,269,212,143
536,269,209,137
531,268,205,131
526,268,202,125
521,267,198,119
519,267,183,119
517,266,168,119
515,265,153,119
511,268,153,119
507,270,153,119
503,273,153,119
499,275,153,119
489,275,140,128
480,275,126,136
470,275,113,144
460,275,100,153
440,272,100,136
420,269,100,120
401,265,100,104
406,261,100,104
410,257,100,104
415,253,100,104
420,250,100,104
434,248,91,110
448,247,82,117
462,246,74,124
476,245,65,130
489,244,56,137
489,244,65,137
489,244,74,137
489,244,82,137
489,244,91,137
489,244,100,137
489,244,109,137
489,244,117,137
492,246,117,128
494,248,117,119
497,250,117,110
499,252,117,102
499,252,120,98
499,252,122,95
499,252,125,91
499,252,127,88
501,251,127,88
502,251,127,88
504,250,127,88
506,250,127,88
507,250,127,88
503,252,127,86
500,253,127,84
496,255,127,82
492,257,127,80
489,259,127,78
485,261,127,76
481,263,127,74
478,265,127,72
478,267,127,70
478,268,127,68
478,269,127,66
478,270,127,64
478,271,127,62
478,272,127,60
478,274,127,58
478,275,127,56
478,276,127,54
478,277,127,52
478,277,127,53
478,276,127,53
478,275,127,54
478,275,127,55
478,274,127,55
478,274,127,56
478,273,127,56
478,272,127,57
478,272,127,58
478,271,127,58
478,268,127,61
478,266,127,64
478,263,127,67
478,260,127,69
478,257,127,72
478,254,127,75
478,252,127,78
481,249,127,81
483,246,127,83
486,243,127,86
489,240,127,88
492,237,127,91
495,234,127,94
500,241,127,86
504,248,127,78
509,254,127,70
513,261,127,62
514,264,127,62
514,267,127,62
515,270,127,62
515,273,127,62
510,275,127,60
505,277,127,57
500,279,127,55
495,281,127,53
489,283,127,50
489,282,127,51
489,282,127,51
489,281,127,52
489,280,127,52
489,280,127,52
489,279,127,53
489,278,127,53
489,278,127,54
489,277,127,54
490,277,127,54
491,278,126,54
491,278,125,53
492,278,125,53
492,279,124,53
493,279,124,52
494,279,123,52
494,280,122,52
495,280,122,51
496,280,121,51
496,281,120,51
497,281,120,51
497,281,119,50
498,282,119,50
499,282,118,50
499,282,117,49
500,282,117,49
501,283,116,49
501,283,115,48
501,281,111,51
501,278,108,53
501,276,104,55
501,274,100,58
501,272,96,60
501,269,92,62
503,274,92,57
505,279,92,52
507,284,92,47
509,289,92,42
507,287,95,42
505,285,99,42
503,283,102,42
501,281,106,42
504,279,106,47
507,276,106,53
510,273,106,58
512,271,106,63
515,268,106,68
518,266,106,73
521,263,106,78
528,266,106,69
534,269,106,61
541,271,106,52
551,266,106,55
562,261,106,58
572,255,106,60
575,255,103,68
577,255,101,76
580,255,98,84
582,255,96,92
591,264,96,87
599,273,96,83
608,281,96,78
611,294,104,78
614,306,111,78
618,319,119,78
618,319,115,78
619,320,110,78
620,320,106,78
621,321,101,78
622,321,97,78
623,322,92,78
624,323,88,78
628,326,82,83
633,330,76,88
637,332,66,88
641,334,56,88
646,338,56,88
650,341,56,88
655,344,56,88
649,343,56,88
642,342,56,88
636,341,56,88
629,340,56,88
618,338,67,88
607,335,77,88
596,332,88,88
591,327,88,88
585,322,88,88
580,317,88,88
577,312,88,88
573,308,88,88
570,303,88,88
566,299,88,88
567,302,88,84
567,306,88,81
568,309,88,77
568,313,88,74
568,319,88,74
567,325,88,74
567,330,88,74
566,336,88,74
564,336,88,74
562,336,88,74
560,336,88,74
558,336,88,74
557,338,88,74
556,339,88,74
554,341,88,74
553,342,88,74
551,343,88,74
550,345,88,74
549,346,88,74
549,343,89,75
549,339,89,76
549,336,90,76
549,333,91,77
549,329,92,78
549,326,93,79
549,323,93,79
549,319,94,80
549,316,95,81
549,313,96,82
549,316,96,79
550,319,96,76
550,322,96,73
551,325,96,70
551,326,96,68
551,328,96,66
550,325,99,70
549,321,102,75
548,317,105,79
542,314,107,79
537,312,109,79
532,310,111,79
537,309,111,77
542,309,111,75
547,309,111,73
550,308,111,73
553,308,111,73
556,308,111,73
559,307,111,73
562,307,111,73
572,306,106,73
582,305,100,73
591,304,94,73
601,303,89,73
604,303,87,73
608,303,85,73
612,304,83,73
615,305,79,73
618,307,76,73
622,309,73,73
625,310,69,73
628,312,66,73
627,311,69,73
626,311,72,73
624,311,76,73
623,311,79,73
622,311,82,73
625,305,83,72
628,300,84,70
631,294,86,69
632,289,90,72
633,284,94,75
634,278,98,78
634,273,103,81
629,281,109,73
625,289,115,64
620,297,121,56
613,301,118,59
607,305,115,62
601,309,112,65
592,309,112,69
582,309,112,72
573,309,112,76
571,312,112,76
569,315,112,76
567,318,112,76
564,321,112,76
565,320,112,76
565,319,112,76
565,318,112,76
565,317,112,76
570,316,112,77
574,315,112,78
579,315,112,79
583,314,112,81
588,314,112,82
600,301,110,89
612,287,108,96
624,274,106,103
640,262,113,103
656,250,121,103
673,238,129,103
686,239,125,103
698,240,121,103
711,242,116,103
716,245,116,103
720,249,116,103
724,253,116,103
730,255,116,103
735,258,116,103
741,260,116,103
737,260,116,103
733,260,116,103
728,260,116,103
724,259,116,103
727,258,112,103
729,257,107,103
732,256,102,103
734,254,97,103
737,253,92,103
739,252,88,103
742,251,83,103
734,241,75,103
727,232,68,103
719,223,60,103
692,221,72,92
665,220,84,81
651,224,90,90
636,229,97,100
641,240,108,101
646,252,119,103
665,259,122,102
684,267,125,101
702,274,127,100
710,278,123,100
718,282,119,100
726,286,114,100
731,289,111,100
735,292,108,100
740,295,106,100
745,298,103,100
755,306,97,94
766,314,91,89
776,323,86,84
784,328,83,83
792,333,79,81
800,338,76,80
794,338,76,80
788,338,76,80
782,338,76,80
764,339,82,80
746,340,87,80
728,341,93,80
710,342,99,80
688,342,105,80
666,342,110,80
644,342,116,80
637,344,116,80
630,346,116,80
626,352,116,76
623,358,116,73
619,364,116,69
606,378,110,63
594,393,104,58
582,407,98,52
568,409,98,58
553,410,98,64
551,406,94,67
548,402,90,70
545,398,87,73
543,354,84,81
541,310,81,89
540,278,97,89
539,247,113,89
539,216,129,89
489,157,188,132
440,98,248,176
426,106,248,167
412,113,248,158
398,123,248,158
383,133,248,158
355,164,289,164
328,195,330,170
300,226,372,176
313,269,296,175
325,313,221,174
337,356,145,174
