31,143,29,71
31,143,29,71
31,144,29,71
31,144,29,71
31,144,29,71
31,144,29,71
31,144,29,71
31,143,30,71
30,143,30,71
30,143,30,71
30,143,31,71
31,142,31,71
31,142,31,71
31,141,32,71
31,141,32,71
32,140,32,72
32,139,32,72
33,138,32,72
33,138,32,72
33,137,32,72
34,137,32,72
34,137,32,72
34,137,32,72
35,137,32,72
35,138,32,71
35,138,32,71
36,138,32,71
36,139,31,70
37,139,31,70
37,139,31,69
39,139,31,69
40,138,31,69
41,138,31,69
42,137,31,69
43,137,31,69
46,137,31,69
49,138,31,69
52,139,32,69
55,140,32,69
58,141,32,69
59,140,32,69
61,138,32,69
62,137,32,69
63,139,32,69
64,141,32,69
64,143,33,69
65,146,34,69
65,148,35,69
65,150,36,69
66,152,37,69
69,155,35,68
72,158,34,67
72,161,32,68
77,161,30,69
81,161,29,69
83,159,30,69
85,158,30,69
87,156,31,68
88,154,32,68
90,152,33,67
91,151,33,67
93,151,33,67
94,150,33,67
95,149,33,67
96,148,34,66
102,148,32,66
107,148,30,66
112,147,29,66
117,147,27,66
123,147,26,66
128,147,25,66
134,147,25,66
139,147,25,66
145,147,24,66
151,147,24,66
152,146,24,66
154,146,24,67
156,145,24,67
158,145,25,68
160,144,25,68
161,145,25,68
163,146,25,68
165,146,25,68
167,147,25,68
169,147,25,68
174,149,25,68
178,150,25,68
182,152,25,68
187,153,25,68
191,154,25,68
192,154,25,68
193,154,25,68
194,154,25,67
195,154,25,67
196,154,25,66
197,153,25,66
198,152,25,66
199,150,25,66
200,149,25,66
201,148,25,66
201,147,25,67
202,147,24,67
203,146,24,67
203,146,24,68
204,145,24,68
205,145,24,68
206,145,24,69
208,145,24,69
209,145,24,69
210,145,24,69
211,146,24,69
212,146,23,69
214,147,23,68
215,147,23,68
216,148,22,67
216,147,23,68
216,146,23,68
216,145,24,68
216,144,24,68
216,144,25,68
217,143,24,68
217,143,23,68
217,143,22,68
217,143,22,68
217,143,21,68
218,143,21,68
218,143,20,67
219,144,20,67
219,144,20,66
220,144,19,66
220,145,19,66
220,145,19,66
220,146,19,66
221,146,19,66
221,147,19,66
221,146,19,67
220,145,20,67
220,145,20,68
220,144,20,68
220,143,21,69
219,143,22,69
219,143,22,69
218,143,23,68
217,143,24,68
217,144,24,68
217,143,24,68
217,143,24,68
217,143,23,68
217,142,23,68
217,142,23,68
218,143,23,68
218,144,22,67
218,145,22,67
218,146,22,66
218,147,21,66
218,147,21,66
218,146,21,66
218,146,21,66
218,145,21,66
218,144,21,66
218,144,21,66
218,144,21,66
218,144,21,66
218,144,21,66
218,144,21,66
218,144,20,66
218,144,20,66
218,144,20,66
217,144,20,66
217,144,20,66
217,144,20,66
217,145,20,66
216,145,20,66
216,146,20,66
215,146,20,66
215,146,20,66
214,146,20,66
213,146,20,66
212,146,20,66
211,145,20,66
208,145,22,66
206,145,24,66
203,145,26,66
200,145,27,66
198,145,29,66
197,145,30,66
196,145,30,66
195,145,31,66
193,144,31,66
192,144,32,66
192,144,31,66
192,144,30,66
192,144,29,66
192,144,28,66
192,144,27,66
192,144,26,66
192,145,25,65
191,145,23,65
191,146,22,65
190,146,21,64
189,146,21,64
188,147,22,64
187,147,22,65
186,148,22,65
186,148,23,65
185,148,23,65
185,147,23,65
185,147,23,65
185,147,23,65
185,146,23,65
184,146,23,65
184,146,23,65
183,146,24,66
183,146,24,66
182,145,24,66
182,146,24,66
181,146,24,67
181,147,23,67
181,147,23,68
181,147,23,68
179,147,24,68
177,147,25,68
176,147,26,68
174,147,28,68
173,147,29,67
173,147,28,68
173,147,28,68
173,147,27,68
173,147,27,68
173,146,26,68
173,146,26,69
173,145,26,69
173,145,26,69
173,144,25,69
173,144,25,69
172,143,25,69
172,142,25,69
172,142,24,69
172,141,24,69
172,141,24,69
172,141,24,70
172,141,24,70
171,141,25,70
171,142,25,70
171,142,25,70
171,142,25,70
171,142,25,70
171,142,25,70
171,142,25,70
171,142,25,70
171,142,25,70
171,142,25,70
171,142,25,70
171,142,25,70
171,142,25,70
171,142,24,70
172,143,24,70
172,143,24,70
172,143,23,69
172,144,23,69
172,144,22,69
173,144,22,68
173,144,22,68
173,145,21,68
173,145,21,67
173,145,21,67
173,146,21,67
172,146,21,67
172,147,21,67
172,147,21,67
171,147,22,67
170,147,22,67
170,147,23,67
169,147,24,67
168,147,24,67
166,147,26,67
164,147,28,68
162,146,30,68
160,146,32,68
158,145,34,68
158,145,33,68
158,145,33,68
158,145,32,68
158,145,32,67
158,145,31,67
158,145,31,67
158,145,30,67
158,145,29,68
158,145,29,68
158,144,28,68
158,144,27,68
158,144,26,68
158,143,24,68
158,143,23,68
158,143,22,68
157,143,22,68
157,143,22,68
156,143,22,68
156,143,22,68
155,144,22,67
155,144,22,67
155,144,22,67
155,144,22,67
155,144,22,67
155,144,22,67
154,144,22,68
154,144,22,68
154,144,22,68
153,144,22,68
153,144,22,68
153,143,22,68
153,143,22,68
152,143,22,68
152,143,22,68
152,143,22,68
151,143,22,68
151,143,22,68
150,143,22,68
150,143,22,68
150,144,22,68
150,144,22,68
150,144,22,68
150,144,22,68
149,144,22,68
149,144,22,68
149,144,22,68
149,144,22,68
149,144,22,68
149,144,22,68
149,144,22,68
149,144,22,68
148,144,22,68
148,144,22,68
148,144,22,68
147,144,22,68
147,144,22,68
147,144,23,69
147,144,23,69
147,144,23,70
147,144,23,70
147,145,23,70
146,146,23,70
146,147,23,70
146,147,23,70
146,148,23,70
146,148,23,70
146,147,23,70
146,147,23,70
146,146,23,70
146,146,23,70
146,146,23,70
146,146,23,70
146,146,23,70
146,146,23,70
146,146,23,70
147,147,22,70
148,147,21,70
148,147,21,70
149,147,20,70
150,147,19,70
150,147,20,69
150,148,20,69
149,148,21,69
149,148,21,68
149,149,21,68
149,149,22,67
148,149,22,67
148,150,22,67
148,150,23,67
148,151,23,67
147,151,23,67
147,152,23,67
147,152,23,67
147,151,23,67
148,151,23,67
148,151,23,67
148,151,23,67
148,151,23,67
148,151,23,67
148,151,23,67
148,151,23,67
148,152,23,67
148,152,23,67
148,152,23,66
148,152,23,66
148,152,22,66
149,152,21,66
149,152,21,66
149,152,20,66
149,152,20,66
148,152,20,66
148,152,19,66
148,152,19,66
147,152,20,66
146,152,21,66
145,152,22,66
144,152,24,66
142,152,25,65
142,152,25,65
142,152,26,65
142,152,26,65
142,152,26,65
142,152,26,66
142,153,27,66
142,154,27,66
142,154,27,67
142,155,27,67
142,155,27,67
144,157,26,67
146,159,25,67
148,161,24,67
150,164,23,67
151,166,21,65
149,166,23,66
147,166,25,66
145,166,27,66
144,167,28,66
142,168,28,66
141,169,28,66
139,169,30,66
138,169,31,66
137,170,32,66
136,171,32,66
135,169,32,66
133,167,33,66
133,164,33,66
133,161,33,66
132,161,34,67
131,161,35,67
130,161,36,68
130,163,36,68
130,166,36,68
131,167,34,68
132,168,32,68
133,169,29,68
133,170,27,68
133,171,27,68
133,171,26,68
132,171,25,68
132,171,24,68
131,171,24,68
130,173,25,68
128,173,26,68
127,173,27,68
126,173,29,68
125,173,30,68
125,173,29,68
125,172,28,68
125,172,28,69
125,172,27,69
127,173,27,69
128,173,27,69
130,174,27,69
135,176,27,69
140,179,27,69
145,181,27,69
145,184,26,69
146,186,25,68
147,189,23,68
147,192,22,68
145,188,23,68
143,185,25,68
141,181,26,68
139,178,27,68
141,178,27,68
144,177,27,68
147,177,27,68
149,177,27,68
152,178,28,68
156,179,29,68
159,181,30,68
162,178,31,68
164,174,32,69
167,171,33,69
167,170,32,69
167,169,32,69
166,168,32,69
166,166,31,69
166,165,31,69
166,164,31,68
