535,139,21,30
533,140,16,31
529,140,18,31
526,140,18,33
522,141,19,33
518,142,18,34
514,144,18,33
511,145,18,33
505,145,21,34
500,145,20,34
496,148,19,32
490,148,21,32
485,149,21,31
482,151,18,33
477,151,19,34
473,151,20,35
469,153,18,34
465,153,18,34
460,155,19,34
457,156,19,34
453,156,20,36
448,159,21,34
442,159,21,38
439,160,20,37
433,163,21,36
427,164,21,37
423,166,20,38
415,166,23,40
411,168,21,40
404,168,23,40
396,169,26,42
394,171,24,42
387,172,25,43
382,174,25,44
377,176,24,43
374,177,23,43
368,177,25,46
364,179,24,49
360,180,23,51
355,183,25,47
349,183,26,49
344,185,26,51
338,187,28,52
332,190,27,52
327,192,27,54
321,193,27,56
314,197,29,56
307,198,29,56
304,200,29,55
299,203,29,55
296,207,26,55
289,212,29,54
285,216,30,55
280,220,30,54
277,223,29,57
271,227,31,58
265,227,32,64
262,233,31,61
260,235,32,63
260,241,30,66
257,244,34,66
257,248,36,65
257,251,38,71
259,257,36,71
264,261,35,74
266,265,36,78
268,271,42,78
274,278,44,81
281,283,40,82
288,289,42,84
295,296,45,89
300,302,47,92
310,313,49,93
318,320,51,97
326,328,57,103
340,339,57,107
352,348,61,109
370,357,65,117
390,370,71,111
410,380,77,101
438,380,82,101
