237,62,34,29
238,63,34,31
239,62,36,31
244,65,37,30
243,66,38,29
244,68,37,29
245,71,38,30
249,70,38,30
251,68,38,31
254,70,37,30
253,71,37,31
255,73,38,27
258,74,39,29
255,74,40,29
256,72,43,32
260,71,40,32
261,71,40,30
263,71,39,31
264,73,44,31
266,72,39,34
269,73,38,34
270,77,41,31
269,77,43,29
272,76,43,34
275,79,41,32
277,79,44,37
278,77,41,36
279,78,44,33
281,80,44,34
282,79,46,34
284,79,47,35
285,78,46,36
288,81,45,37
289,83,45,38
289,83,46,35
293,82,46,34
294,83,47,35
296,85,45,35
298,84,47,33
300,86,46,34
303,88,45,32
304,88,46,31
308,87,46,35
309,88,47,34
313,89,45,35
314,90,49,34
317,89,48,39
319,90,48,37
321,91,48,39
321,92,49,35
325,92,48,35
328,93,51,34
331,95,50,38
331,96,52,38
334,98,51,39
338,98,52,39
339,98,53,40
341,98,56,43
345,101,56,41
347,103,56,43
352,103,54,44
358,103,53,44
358,105,57,43
359,109,62,43
364,108,57,44
367,109,61,45
367,108,61,46
369,110,60,47
371,111,64,46
376,114,63,46
378,114,61,46
380,114,61,49
382,116,61,49
382,119,62,49
382,119,63,51
383,119,66,53
384,122,62,52
383,122,63,51
384,124,64,53
384,127,65,55
383,128,66,57
384,129,66,56
384,131,68,56
387,133,68,59
385,135,72,57
387,135,69,60
385,139,70,60
384,140,73,62
383,140,76,62
383,144,78,65
381,147,74,66
382,148,74,66
377,151,79,68
375,155,83,71
375,156,80,69
369,161,84,70
364,163,87,72
360,166,89,76
355,172,90,75
349,172,94,77
344,177,96,80
338,179,101,82
332,182,101,82
326,188,104,84
313,193,115,88
304,198,126,90
279,207,122,90
264,214,128,94
247,220,136,97
234,225,137,98
214,233,145,104
189,246,151,108
171,252,157,116
154,256,166,112
133,263,172,121
119,270,173,124
86,278,189,124
73,280,193,126
41,290,200,134
26,287,207,151
6,303,213,144
