676,102,30,25
668,105,31,19
659,104,28,24
657,104,21,24
651,106,26,24
649,103,32,25
648,114,21,24
637,113,28,22
636,116,28,22
628,113,30,27
627,114,32,22
622,112,30,25
618,114,27,25
613,114,30,22
606,118,27,23
606,121,28,22
597,122,28,26
593,123,27,25
582,123,30,24
582,121,28,24
576,122,30,23
574,120,32,22
569,124,31,23
563,129,26,25
562,128,30,26
557,133,28,24
550,130,27,23
545,130,28,25
539,133,27,25
539,134,27,27
532,130,27,32
521,138,27,23
517,137,30,26
510,138,27,23
506,137,27,23
503,136,26,24
499,136,27,25
497,138,23,26
491,146,21,24
490,148,25,23
499,147,23,24
488,146,22,22
482,148,25,24
470,140,23,28
457,143,27,23
458,146,27,23
453,149,23,23
449,150,22,28
446,152,25,27
438,150,23,29
430,146,35,34
427,148,27,34
422,147,27,35
417,145,31,34
420,152,25,32
411,152,21,30
407,149,30,35
395,153,35,33
395,154,31,37
391,153,27,42
383,158,31,32
379,153,28,43
376,150,32,43
372,156,32,37
367,153,27,44
361,156,35,43
357,152,34,43
348,162,30,40
346,164,31,38
334,164,30,42
333,165,30,33
326,164,32,38
320,165,34,32
319,168,32,36
319,167,27,38
306,171,38,36
304,175,30,33
299,173,30,35
298,172,28,40
284,171,44,41
280,172,40,39
278,172,32,42
276,174,32,38
265,175,32,41
260,177,39,34
255,184,34,33
245,184,38,34
237,180,36,46
231,185,34,35
228,179,32,42
216,179,38,42
214,185,30,37
212,185,32,36
210,189,31,35
197,189,35,39
190,193,36,39
186,191,41,41
180,190,41,44
172,192,34,44
168,192,38,39
172,192,43,38
171,192,48,41
175,191,47,47
174,199,45,33
171,194,47,46
176,200,39,38
176,201,41,35
179,199,41,41
181,194,38,43
180,198,40,39
