572,105,19,19
567,104,20,20
566,105,17,19
560,105,18,17
558,108,16,19
550,104,17,18
548,107,16,17
543,106,18,20
538,105,23,19
532,105,17,16
527,108,17,17
521,105,17,17
515,105,17,16
492,106,36,40
483,106,39,40
478,107,40,40
475,106,38,41
471,106,37,41
467,107,37,40
465,106,35,42
462,108,33,41
463,108,31,42
458,106,33,44
458,105,33,45
456,108,35,45
460,109,30,41
462,109,31,41
466,108,28,45
468,108,29,44
468,109,31,43
472,109,30,45
474,113,23,43
475,110,24,46
477,111,21,45
476,111,27,46
477,108,27,50
477,110,26,46
477,109,26,50
478,107,28,53
480,112,21,49
480,115,29,47
479,116,32,45
483,115,30,50
483,116,28,50
485,115,28,50
485,115,27,52
487,119,28,48
489,120,24,49
493,119,21,50
492,124,24,48
494,123,21,50
492,124,26,47
493,123,24,52
493,125,24,51
495,125,23,52
494,127,24,56
494,126,30,57
498,128,22,55
498,130,24,54
496,131,27,54
496,132,31,53
503,133,23,53
504,134,27,55
508,135,23,55
507,135,28,55
508,136,28,55
511,137,28,58
514,137,27,58
514,140,28,56
515,141,29,56
517,143,26,56
518,144,30,57
517,145,32,58
518,146,34,57
519,148,32,58
517,148,37,60
517,150,33,61
518,151,33,61
518,153,32,61
517,155,35,61
518,156,33,61
518,157,33,61
517,159,36,64
515,159,40,66
517,161,38,66
517,163,40,64
518,166,41,67
517,167,45,66
520,169,40,67
517,171,39,69
516,172,38,69
514,172,43,71
513,175,40,70
515,175,37,72
512,178,36,72
510,181,37,73
509,180,34,77
505,182,36,77
503,187,34,76
498,189,37,77
498,190,34,77
491,192,36,80
493,194,34,80
485,197,37,82
483,199,40,80
480,202,38,82
478,205,38,81
471,208,41,82
469,209,38,86
462,211,43,87
459,214,43,86
454,217,41,89
454,217,41,89
443,225,39,91
438,226,40,90
432,228,41,94
425,233,41,92
417,234,44,94
411,240,46,93
405,242,44,98
400,246,43,99
393,251,45,98
388,253,44,102
380,256,47,105
373,260,48,106
367,266,49,109
361,270,46,114
353,272,52,115
345,277,51,118
335,283,53,117
327,288,55,119
319,293,51,124
304,298,54,124
289,303,63,125
279,309,62,127
264,315,68,130
254,321,66,136
239,329,69,136
227,334,70,138
214,341,69,133
202,349,65,125
185,359,70,114
175,363,66,112
164,372,64,104
