312,251,52,40
313,250,54,44
313,251,54,43
314,249,53,44
315,252,54,41
314,251,53,39
316,248,49,45
315,248,52,47
314,248,49,47
316,248,50,46
316,248,51,46
316,247,51,46
316,246,48,47
315,246,50,47
316,246,50,46
316,246,52,47
315,246,53,46
315,246,54,45
318,245,56,46
320,246,61,44
320,246,60,43
321,245,61,43
321,244,63,40
322,243,67,43
323,242,67,43
325,243,68,41
329,242,68,39
330,243,69,38
332,242,66,39
341,241,61,38
342,241,62,41
339,241,68,38
349,241,59,38
348,240,61,37
349,238,62,40
351,238,61,38
355,236,59,40
360,236,57,39
361,235,59,38
364,236,55,36
365,235,56,38
367,235,54,36
368,235,54,36
371,233,51,37
373,234,52,34
376,231,49,34
377,232,49,35
377,230,49,34
378,231,49,34
379,230,49,34
379,230,48,35
380,230,46,36
379,229,48,35
379,228,46,36
379,227,47,34
379,227,46,34
377,227,49,35
375,226,49,35
376,226,49,34
378,227,47,34
375,226,47,34
375,225,45,34
372,224,48,34
371,225,47,33
371,223,45,35
369,225,46,31
369,223,47,32
367,223,48,34
365,221,47,34
364,222,47,33
363,222,48,32
362,223,49,31
362,223,49,30
361,221,47,33
360,219,47,33
356,219,48,34
358,219,47,32
356,220,48,32
355,219,48,32
354,218,48,34
352,219,48,34
351,219,47,30
350,219,48,32
350,219,47,29
348,217,49,32
348,217,45,32
346,217,47,29
348,215,46,32
346,216,47,31
344,216,48,32
345,215,45,31
344,216,44,30
341,217,46,29
339,217,47,29
341,217,47,29
338,215,47,28
336,216,47,29
337,215,46,29
332,215,49,29
333,214,45,29
332,214,46,30
330,215,48,27
330,214,44,28
328,213,46,29
328,213,45,30
326,212,41,29
325,212,44,30
322,214,45,26
322,212,43,29
321,212,43,29
321,211,40,29
320,210,40,28
319,212,40,25
320,211,39,27
317,211,41,25
315,210,44,26
317,210,39,26
316,211,39,26
314,209,40,28
315,209,38,26
314,210,37,24
314,209,38,24
313,207,36,28
314,209,35,24
312,208,39,25
311,207,38,27
311,207,37,25
311,208,35,24
306,208,40,24
310,206,35,25
305,207,40,24
308,208,36,25
306,206,34,23
305,206,36,24
302,204,37,24
304,204,36,24
301,204,36,24
299,204,36,26
301,204,35,24
297,204,39,22
297,205,36,22
297,204,37,24
295,202,37,24
296,203,36,24
294,202,37,24
294,202,34,25
294,200,35,25
292,201,35,24
290,200,35,24
293,200,32,22
288,200,36,24
288,201,34,22
287,201,35,21
286,201,35,22
287,202,33,20
287,200,31,22
284,198,34,24
285,198,33,24
284,198,33,24
283,200,32,21
280,199,34,22
279,199,34,21
282,197,32,24
280,197,33,22
279,197,32,21
279,199,32,20
278,196,31,23
278,198,31,20
278,197,30,20
277,197,29,21
278,194,29,24
275,196,30,21
279,195,28,22
273,196,31,20
275,195,30,22
276,196,28,22
272,193,30,24
272,193,28,24
272,194,28,21
272,194,26,21
273,194,27,22
269,193,28,22
270,194,29,20
270,193,26,22
268,192,31,24
269,191,28,24
266,192,29,24
269,192,28,21
264,192,33,22
268,191,28,22
266,191,27,20
262,191,31,21
265,189,29,23
262,190,31,21
264,188,29,23
261,190,32,19
263,188,29,20
261,188,30,19
260,189,31,19
259,188,30,21
256,187,34,22
259,188,29,18
259,185,29,24
258,186,27,20
259,187,26,20
256,187,26,21
256,185,31,21
256,187,30,21
255,186,27,19
255,183,27,23
