330,49,32,35
332,51,31,36
326,56,32,35
320,59,32,35
317,67,32,36
316,68,32,35
317,67,34,36
317,63,32,37
319,66,32,36
319,71,32,37
315,81,32,37
317,77,32,36
313,74,34,37
320,77,32,37
325,83,32,37
325,83,32,37
338,85,32,36
342,85,32,36
342,88,32,35
341,95,31,34
337,107,31,34
332,103,32,35
330,104,32,35
326,105,32,35
324,105,35,37
329,112,32,36
332,119,32,36
337,121,34,37
342,120,34,37
344,119,34,38
344,125,35,38
343,130,35,38
338,139,35,39
333,146,36,39
330,138,36,39
329,149,35,39
330,148,36,43
332,159,39,44
334,161,38,53
338,164,41,50
337,163,43,50
337,166,43,47
332,173,43,46
322,184,47,48
313,190,45,52
310,192,41,54
300,196,40,51
297,206,44,50
291,217,45,50
294,229,44,55
293,237,49,54
298,242,45,52
297,251,40,44
288,255,49,53
280,277,43,58
268,281,49,64
262,288,48,60
255,295,48,56
256,306,45,55
254,319,44,53
254,326,48,61
255,340,47,53
254,354,44,58
251,354,45,65
247,364,49,61
241,378,51,65
231,394,61,64
218,405,60,65
209,418,54,68
203,430,49,61
199,432,56,58
197,438,53,62
207,432,57,73
212,434,49,69
224,437,45,61
224,437,45,61
224,442,54,65
221,445,49,65
227,439,51,68
223,445,58,65
228,444,54,67
227,444,54,55
231,437,51,62
233,429,56,73
236,423,57,61
242,402,53,64
240,393,56,68
241,380,56,62
243,375,56,66
246,365,54,68
245,361,58,67
246,356,57,67
247,340,56,59
251,325,51,60
255,309,48,52
284,306,49,53
300,304,48,54
319,283,47,54
325,270,47,54
330,260,51,54
333,255,51,56
335,248,51,55
337,238,48,57
342,224,48,56
344,217,48,56
348,208,49,54
354,207,49,55
356,202,49,55
357,187,48,55
354,181,49,54
346,178,48,56
339,173,51,55
332,162,51,55
320,154,49,53
319,145,49,54
316,139,48,53
313,135,49,54
313,145,49,53
312,133,47,52
316,128,47,51
321,124,47,50
322,122,47,50
330,122,47,50
334,121,47,51
337,117,47,51
338,114,47,51
335,112,47,50
333,110,47,50
326,110,47,51
325,112,44,49
322,108,43,49
321,103,41,48
321,103,41,48
329,98,39,48
326,96,41,48
329,96,41,48
333,94,41,48
334,90,44,48
335,90,41,49
338,89,44,48
342,88,43,47
348,88,43,47
355,88,41,47
363,81,41,48
363,80,43,47
363,76,38,49
357,76,38,50
356,68,35,52
355,64,36,50
359,62,38,49
364,58,38,48
370,64,36,49
376,57,36,47
377,52,36,48
