505,263,32,36
507,264,28,38
507,264,29,37
505,263,28,38
502,263,31,39
503,263,23,39
500,263,26,38
500,263,29,37
499,264,29,37
495,265,32,37
495,264,31,37
494,264,32,36
495,265,31,36
494,263,29,39
491,264,32,37
491,263,32,38
491,264,28,38
491,262,26,42
487,263,28,39
489,263,26,38
487,262,26,42
484,263,31,39
484,265,29,36
482,264,31,38
484,264,26,38
481,264,31,37
478,264,32,38
476,265,36,38
478,264,29,37
479,265,23,37
478,264,23,38
474,264,29,37
476,265,24,36
474,264,26,38
471,264,29,39
473,266,24,35
471,264,28,39
468,265,29,36
468,265,29,36
466,265,31,37
466,265,29,36
466,265,28,36
463,264,31,36
463,264,31,38
460,265,34,36
457,265,34,36
457,265,34,36
457,264,32,37
457,265,32,36
453,265,32,36
453,264,32,36
452,264,31,38
450,265,32,36
450,265,34,36
448,265,34,37
447,264,36,37
445,264,36,37
444,266,36,36
445,265,34,36
444,264,31,37
440,264,36,36
439,263,36,37
439,263,36,37
437,263,36,37
434,265,36,36
435,265,34,37
434,266,37,36
432,265,37,36
432,265,37,36
431,265,36,36
429,266,36,36
429,264,36,36
427,264,36,36
431,265,29,35
427,265,32,34
424,265,36,34
423,265,36,34
423,265,36,34
421,264,36,36
423,265,32,39
418,264,37,38
418,264,37,39
418,265,36,37
416,265,34,37
416,265,34,37
413,264,34,37
411,265,34,36
411,265,34,37
410,265,36,37
406,265,37,37
406,265,37,37
406,265,36,38
405,265,37,38
405,265,36,37
401,265,37,37
401,265,37,37
400,265,37,38
400,265,36,38
398,265,36,38
397,264,37,39
395,264,37,39
398,262,31,40
398,266,31,37
397,264,32,39
395,265,32,39
392,264,36,39
390,265,34,38
389,266,36,36
389,265,36,37
389,264,36,39
385,263,36,39
385,265,34,37
385,264,37,40
385,264,34,39
382,264,36,38
380,264,36,38
379,265,36,37
379,265,36,38
377,264,36,38
377,265,36,38
376,265,36,38
374,265,36,38
374,265,36,38
374,266,36,38
372,265,36,38
372,266,36,37
371,266,36,37
371,267,36,36
369,265,37,39
366,266,36,37
366,265,34,39
364,265,34,40
363,266,36,39
363,266,36,36
361,267,36,37
359,267,36,37
359,265,36,37
358,265,37,37
356,267,37,37
356,267,37,35
355,267,40,38
355,266,37,39
353,268,39,36
353,266,39,39
350,267,40,37
350,267,37,35
348,264,36,40
348,265,37,39
346,265,37,38
346,266,36,38
346,267,34,36
345,265,36,39
343,267,36,39
343,266,36,39
342,265,39,41
342,265,34,40
340,265,39,40
340,265,37,41
337,265,37,40
337,266,37,37
337,265,32,38
335,265,34,37
337,266,31,38
333,266,36,39
333,266,32,39
333,266,34,39
332,266,36,40
330,266,37,38
329,266,37,39
325,268,42,35
329,266,37,38
327,266,36,38
325,265,34,38
325,264,32,40
322,266,37,39
322,265,37,39
322,265,32,41
322,265,34,41
319,266,39,39
321,265,32,39
317,266,39,37
317,263,34,41
317,265,37,40
312,263,42,42
316,265,39,40
314,263,37,40
314,265,32,36
312,265,36,39
312,265,36,38
311,264,34,39
308,262,36,41
308,264,37,39
308,263,37,40
309,265,34,38
308,261,34,44
306,262,36,40
306,261,36,43
304,263,36,41
301,264,39,41
301,265,37,37
301,262,37,43
299,263,37,40
296,261,40,44
299,263,36,42
298,262,39,43
296,262,37,42
295,262,42,42
295,260,39,44
296,263,37,42
295,263,37,40
291,263,42,41
291,263,42,43
291,262,44,44
290,263,44,41
290,263,44,42
287,262,47,45
288,262,45,43
288,263,42,43
287,262,44,44
287,264,47,41
287,263,44,40
287,261,36,42
287,263,36,39
283,263,36,39
283,262,36,40
283,262,36,39
282,263,34,41
282,261,36,41
280,262,37,41
282,263,32,38
280,262,34,39
280,262,32,40
278,262,32,40
278,262,32,40
277,261,32,41
274,263,36,40
274,262,36,40
272,262,36,42
272,263,34,38
272,263,34,39
270,261,34,39
269,264,36,37
270,264,34,36
269,262,36,39
269,262,32,38
267,261,32,38
265,262,32,37
264,262,32,37
262,261,34,38
262,262,34,37
261,262,32,36
261,262,32,36
259,263,32,35
259,263,32,36
256,263,37,39
256,262,39,39
256,262,36,40
256,262,34,39
256,262,31,37
256,262,31,37
254,262,34,39
253,262,32,37
251,261,32,38
251,262,31,38
249,262,31,37
248,261,32,38
248,261,32,38
246,261,32,37
246,261,31,37
244,261,32,38
244,261,31,39
244,261,31,37
244,261,31,37
241,262,31,36
241,262,31,35
240,263,31,34
240,262,31,35
240,262,31,35
240,262,31,35
240,262,31,35
236,262,31,35
236,261,29,35
236,261,29,35
235,261,29,36
235,261,28,35
235,261,29,35
233,261,29,37
232,261,28,36
232,261,28,37
232,260,28,36
228,260,31,39
228,260,29,40
228,261,29,38
225,262,31,35
225,262,32,39
223,262,34,39
223,262,36,39
222,262,32,39
223,260,29,39
222,260,31,37
220,261,29,36
219,260,31,38
219,261,29,38
215,259,32,40
217,261,31,42
214,261,31,39
214,261,29,40
214,261,29,40
214,262,31,39
212,263,31,36
210,263,31,34
210,262,29,35
209,262,31,37
209,262,29,35
207,262,32,38
206,261,31,37
206,261,31,37
204,262,31,37
202,260,32,41
202,260,32,40
201,261,34,41
201,260,34,41
201,262,34,40
201,260,31,39
199,261,32,39
198,261,32,39
196,262,36,38
198,261,32,39
196,263,32,36
194,263,34,36
189,263,37,36
188,263,37,38
189,262,36,38
188,263,37,36
186,263,39,36
185,263,39,38
185,262,36,37
185,263,36,37
185,263,34,35
183,263,34,36
181,263,32,36
181,263,32,35
181,263,32,34
181,264,32,34
180,264,32,34
180,263,32,35
180,266,32,34
178,264,32,35
178,266,32,34
178,265,32,34
175,265,32,33
172,264,34,36
172,262,31,40
173,262,29,37
168,263,34,38
167,263,36,38
167,263,36,39
164,264,39,37
167,264,32,37
164,264,34,37
164,264,32,35
164,264,32,36
159,265,29,35
155,266,28,32
154,264,32,37
152,262,34,39
152,265,32,38
152,266,29,36
151,265,31,32
151,264,31,35
151,264,29,40
149,264,31,41
147,266,31,38
147,266,31,38
144,266,34,38
142,265,32,38
142,265,32,38
142,264,31,39
141,266,29,36
141,265,31,35
139,266,31,34
139,266,31,35
139,266,31,36
138,266,31,35
138,266,29,35
136,267,32,35
136,267,32,36
134,267,29,37
138,266,31,34
133,266,29,36
133,265,29,40
130,267,32,37
128,266,36,39
126,265,34,39
126,267,31,37
125,267,31,35
125,266,31,38
125,267,29,33
123,266,28,36
123,267,28,34
121,268,28,35
120,268,31,34
120,267,29,33
120,267,28,32
120,266,28,36
120,267,24,34
118,267,29,35
118,267,28,35
117,269,26,31
112,271,23,32
107,266,29,34
110,267,26,35
110,266,26,37
107,267,28,37
105,267,29,37
107,269,26,36
105,269,26,34
105,268,26,35
102,269,29,33
102,269,29,33
102,270,26,29
102,270,24,27
100,270,28,30
99,270,26,30
97,267,26,37
96,269,26,32
96,270,26,33
94,270,26,33
92,270,26,32
92,270,26,37
91,270,26,36
91,270,28,36
87,271,31,35
87,271,26,33
87,270,24,35
86,270,26,36
86,271,26,35
86,270,26,36
83,270,29,35
83,270,26,35
81,270,29,34
79,271,29,34
79,270,28,33
79,270,28,36
79,270,28,36
76,269,29,35
73,269,34,36
74,270,31,37
71,270,31,37
70,271,32,36
71,271,26,34
70,270,28,36
70,271,28,35
66,271,28,35
66,271,28,32
66,271,29,33
68,271,26,32
68,271,26,35
66,272,28,33
65,271,31,34
65,270,29,36
66,269,29,37
65,272,29,33
58,268,29,38
57,272,31,34
57,271,29,34
57,271,28,35
57,271,28,36
55,271,28,36
53,271,31,37
53,271,29,36
53,271,28,36
52,271,28,36
50,271,28,29
49,272,32,35
49,271,31,37
49,271,29,37
49,271,31,35
47,271,29,36
45,270,31,38
47,270,28,36
45,270,31,37
45,270,29,40
45,271,29,39
44,269,29,38
44,271,29,37
44,271,28,38
42,271,29,38
40,271,29,37
40,271,31,37
40,271,28,35
40,271,28,34
39,272,29,35
39,271,29,36
37,270,31,39
37,270,31,38
37,271,29,34
37,272,31,33
36,272,31,32
34,272,31,33
34,272,31,33
34,270,31,37
34,270,29,33
34,270,29,34
34,269,26,32
32,272,29,31
31,269,28,34
32,267,29,37
32,267,26,32
32,267,26,32
31,269,28,32
29,266,28,33
29,264,26,34
26,265,28,33
26,267,26,32
26,266,26,33
26,268,26,33
26,268,24,33
26,268,24,32
26,269,24,31
24,268,26,32
24,269,24,31
24,269,24,31
23,269,28,31
23,269,26,31
23,269,26,31
23,270,26,30
21,270,28,30
19,270,28,30
19,270,28,31
19,270,29,38
18,272,31,34
18,272,29,36
18,271,31,36
18,272,29,36
18,271,28,37
18,271,29,37
16,270,31,38
15,271,32,39
15,270,29,39
13,271,31,38
13,272,31,38
13,273,31,37
13,272,29,39
10,271,32,38
10,273,29,33
8,273,31,37
6,273,32,36
8,271,29,37
6,271,29,39
6,271,31,39
5,271,32,38
5,270,29,39
2,271,32,39
2,271,34,37
0,272,36,40
0,271,36,41
0,272,34,39
0,271,34,41
0,272,34,39
