484,223,21,50
483,222,21,50
482,220,21,50
481,219,21,50
480,218,21,50
479,216,21,50
479,216,21,49
479,216,21,49
480,216,20,48
480,216,20,48
480,215,20,48
481,214,20,48
481,213,20,48
482,212,20,48
482,211,20,48
482,209,20,48
481,208,20,49
481,207,20,49
480,206,20,50
480,204,20,50
479,204,20,50
479,204,20,50
479,204,20,50
478,204,20,50
478,204,20,50
477,204,20,50
477,204,20,50
476,205,20,50
475,205,20,50
475,206,20,50
474,206,20,50
474,206,20,50
473,206,20,50
472,206,20,50
471,205,20,50
470,205,20,50
469,204,20,50
469,204,20,51
469,204,19,51
469,204,19,52
469,204,18,52
468,204,18,52
467,204,18,52
465,204,18,52
464,203,18,52
464,204,18,52
463,205,18,52
463,206,18,52
462,207,18,52
462,208,18,52
461,206,18,52
460,205,18,52
459,203,18,52
458,202,18,52
457,200,18,52
456,200,18,51
455,201,18,50
455,201,18,50
454,202,18,49
453,202,18,48
453,202,18,48
452,202,18,48
452,201,18,48
451,201,18,48
450,202,18,47
450,203,17,46
449,204,16,45
448,205,16,45
448,205,16,45
447,205,16,45
447,205,16,45
447,204,16,45
447,204,16,45
446,204,16,45
446,204,16,45
446,203,16,45
445,204,16,45
445,204,16,45
444,205,16,45
444,205,16,45
442,205,16,45
441,205,16,45
439,205,16,45
438,205,16,45
436,205,16,45
435,205,16,45
434,204,16,45
432,203,16,45
431,202,16,45
430,201,16,45
428,201,16,45
427,202,16,45
426,202,16,45
