458,203,71,163
452,198,60,171
443,204,51,165
433,199,55,168
414,197,71,167
399,198,69,170
396,193,51,156
388,188,47,168
371,193,68,162
361,193,74,163
358,194,70,157
347,187,61,167
339,190,47,163
328,187,60,167
316,186,71,162
309,184,60,162
302,184,47,157
292,185,52,156
279,184,67,156
264,184,79,155
264,183,73,158
256,182,61,162
247,181,46,167
240,179,51,164
230,181,61,151
221,173,65,159
207,174,47,154
202,173,50,149
186,177,60,143
187,177,49,140
173,175,52,133
165,172,49,134
155,174,52,122
149,172,45,119
143,174,49,119
136,173,45,119
127,171,46,116
119,171,44,119
109,171,51,127
104,170,43,120
116,170,36,107
123,166,39,107
131,166,38,111
143,168,41,103
151,165,43,103
159,161,37,108
159,161,37,108
178,160,43,113
188,161,43,113
196,156,39,112
206,153,36,119
214,152,40,124
214,152,40,124
214,152,40,124
237,152,45,118
251,148,43,126
261,146,43,123
265,147,47,128
279,145,48,131
290,145,48,134
300,142,46,138
312,140,45,135
325,140,44,138
334,140,45,138
348,135,48,135
352,136,45,139
367,133,40,137
368,132,52,137
381,134,55,137
398,134,52,135
412,130,41,135
422,130,39,135
424,130,52,135
443,130,50,135
453,127,48,134
465,123,38,137
472,122,44,136
476,123,56,135
488,124,59,131
504,123,49,132
514,121,39,130
529,120,38,135
532,122,51,124
544,118,50,128
559,117,43,131
570,114,44,131
563,108,43,132
555,109,45,130
552,109,46,130
546,108,49,126
542,104,40,132
534,104,47,134
533,105,41,132
526,103,48,127
521,101,43,129
517,99,43,124
517,99,43,124
508,98,43,127
502,98,46,124
500,96,40,125
491,94,44,121
484,93,45,125
484,93,45,125
471,94,49,122
478,91,38,122
471,90,39,124
470,87,34,124
462,88,38,121
456,87,44,122
454,88,41,117
447,83,40,122
442,86,37,115
432,86,45,119
432,86,45,119
428,82,44,122
422,82,38,118
418,80,37,116
412,80,39,119
402,81,47,118
400,81,47,115
395,78,43,115
392,77,37,118
384,77,39,119
380,76,41,118
377,77,43,118
371,73,44,119
367,72,43,114
367,71,38,116
362,72,40,114
353,72,47,112
350,71,44,114
344,69,39,113
341,68,36,114
333,71,43,111
331,69,45,114
322,67,44,111
320,66,39,112
318,65,37,114
313,66,39,114
311,65,39,110
302,66,44,108
303,65,37,109
303,65,37,109
298,64,37,111
298,62,34,114
294,61,37,116
295,59,34,110
290,54,36,115
286,50,34,111
287,60,37,112
283,58,44,110
283,58,38,110
282,59,39,109
279,57,40,109
279,57,40,109
273,58,35,108
272,70,43,108
269,79,48,105
265,87,52,108
267,96,40,109
263,105,43,107
261,114,37,108
259,126,39,106
254,133,43,108
251,141,37,108
242,153,44,103
238,163,49,103
238,173,48,103
236,182,46,99
233,195,43,100
236,209,45,101
235,208,44,101
230,208,43,103
226,207,35,100
218,208,43,100
211,207,47,102
206,206,50,101
203,204,45,98
199,204,41,99
201,204,33,99
193,204,39,98
189,203,39,99
180,202,41,97
169,200,46,100
163,200,50,100
162,200,46,101
161,198,46,99
162,198,38,97
162,197,33,98
155,198,37,97
154,196,36,98
148,194,38,98
135,196,44,95
127,194,53,98
126,193,50,95
126,193,50,95
124,192,41,98
123,192,38,94
123,192,38,94
117,190,37,94
110,189,44,93
110,189,44,93
110,189,44,93
111,188,33,95
107,184,30,97
106,182,27,94
100,182,34,93
95,183,37,93
111,183,41,91
127,183,40,91
139,179,38,93
153,179,38,93
166,177,32,96
179,180,34,93
194,178,37,94
205,177,38,91
205,177,38,91
236,172,35,95
245,174,41,93
263,174,37,93
277,172,36,93
290,172,39,89
311,172,35,93
319,174,38,86
334,172,33,90
349,167,35,91
362,169,37,91
362,169,37,91
393,166,38,94
406,164,34,93
420,163,38,92
436,163,34,92
455,168,36,87
470,161,41,93
465,158,34,93
464,162,31,88
463,161,30,88
456,159,37,89
458,160,36,87
453,158,34,90
450,158,34,88
450,156,32,89
450,156,32,89
446,155,33,91
446,154,33,92
442,151,36,93
442,151,33,93
441,151,30,88
436,150,32,90
430,153,36,87
428,153,33,87
428,147,33,93
426,147,31,93
424,150,30,89
425,148,27,87
418,149,33,87
419,146,30,90
416,150,30,87
414,150,32,82
411,145,32,90
409,151,34,83
409,145,33,87
406,144,34,90
402,150,38,82
405,146,34,83
403,149,33,80
401,148,34,82
400,139,32,91
397,148,31,82
398,144,29,86
396,146,28,80
394,145,33,82
394,145,30,80
393,145,32,78
392,147,35,79
391,146,33,77
392,145,30,80
388,142,33,81
388,142,33,82
386,141,30,82
386,137,30,84
385,140,30,81
384,138,32,82
382,138,32,82
384,135,29,82
381,139,31,80
379,139,30,81
378,139,28,77
377,139,29,77
377,137,27,78
373,135,29,82
375,136,27,79
370,136,31,77
368,135,31,78
369,134,30,77
368,133,28,80
367,135,27,76
364,136,31,77
364,134,27,75
360,131,29,78
361,132,28,78
359,132,28,77
359,111,46,103
352,131,28,74
352,130,29,77
350,132,30,73
350,134,28,71
348,130,30,75
344,131,30,74
344,128,33,79
342,126,34,80
339,128,34,75
337,126,30,75
336,126,31,77
336,126,28,78
334,129,29,74
332,126,27,74
330,126,27,71
330,122,27,78
331,125,27,77
327,125,30,74
326,124,29,75
326,124,29,73
326,124,26,75
325,124,29,73
323,124,28,71
322,122,28,73
321,122,27,74
320,120,28,76
320,120,28,76
319,122,27,72
320,121,26,72
320,119,23,74
320,119,23,74
317,120,23,72
316,119,27,74
316,119,27,74
315,118,23,73
314,117,24,74
312,119,28,70
311,117,27,72
309,118,27,68
310,118,26,71
309,116,24,66
308,119,26,64
305,117,26,66
306,117,23,64
304,114,27,69
300,115,27,67
299,116,30,68
301,117,23,66
301,117,23,66
298,114,28,71
299,114,22,70
296,114,30,67
296,114,30,70
294,112,31,70
292,111,34,70
293,112,28,68
293,111,28,69
290,109,29,69
293,109,28,69
292,110,24,66
292,109,24,66
288,109,27,67
288,109,27,67
288,109,27,67
287,107,23,68
287,105,23,71
286,106,24,64
284,103,27,68
283,103,29,69
285,103,26,69
285,103,24,68
282,103,27,67
282,101,27,68
281,102,29,65
284,102,28,66
285,100,24,67
285,99,26,67
284,100,28,65
283,98,30,70
282,99,30,66
284,98,29,68
285,98,27,68
288,97,24,66
288,99,26,67
289,98,26,66
290,98,23,67
290,98,24,67
294,98,21,63
293,96,21,66
290,97,26,66
294,97,22,66
290,98,26,65
289,97,28,67
294,97,22,66
293,96,23,66
292,98,22,65
292,95,23,67
293,98,23,66
292,98,22,64
293,98,23,65
293,97,21,66
293,98,22,63
294,97,21,68
294,96,20,65
293,96,21,66
293,97,22,66
293,96,23,66
293,97,26,66
293,97,24,64
294,96,23,66
294,97,22,66
294,96,23,66
294,98,22,65
294,97,22,65
295,97,21,64
295,97,21,65
292,98,22,64
294,95,21,66
289,97,24,66
287,95,29,66
283,96,29,64
284,97,28,65
285,97,24,63
284,97,28,63
281,97,28,61
282,94,29,65
281,94,29,61
282,93,27,66
280,96,27,63
279,92,28,66
276,94,28,61
277,94,24,65
277,94,24,65
270,95,31,62
272,93,31,61
269,92,30,64
271,91,29,65
270,93,28,63
269,92,27,64
267,93,32,60
266,92,30,63
266,92,30,63
269,93,30,59
270,91,29,63
266,92,31,61
265,92,31,58
267,93,28,58
265,92,33,59
266,88,30,61
264,89,30,61
264,89,30,62
266,88,26,62
266,90,30,61
270,88,22,61
268,89,27,58
270,87,24,61
269,87,27,61
270,87,24,62
269,87,27,60
268,87,23,60
269,87,22,61
267,87,24,61
267,87,27,61
269,86,22,61
267,87,26,59
265,86,30,61
266,87,27,60
270,86,22,58
270,84,23,61
269,85,24,60
269,87,21,57
267,85,21,58
265,85,28,60
266,86,22,59
264,83,32,61
265,85,26,59
266,84,26,60
264,84,23,59
266,85,23,58
267,83,19,61
264,84,21,58
263,85,23,58
263,83,27,59
263,83,27,59
266,84,26,60
265,84,24,58
267,84,24,60
267,85,24,59
269,86,23,56
269,80,26,61
269,84,28,56
271,85,27,58
270,84,26,58
269,84,29,57
271,84,24,57
270,84,27,57
270,86,23,53
271,84,23,57
271,86,24,55
270,85,23,54
269,83,24,56
267,84,26,54
268,83,23,55
266,83,27,56
267,83,24,54
265,82,27,57
263,82,24,56
263,82,29,56
261,84,26,54
261,82,26,56
260,80,26,56
259,80,24,60
258,81,26,56
255,81,27,57
254,79,26,58
254,77,26,59
253,79,26,54
251,80,24,56
250,80,24,56
248,77,23,59
248,78,22,58
248,78,22,58
244,78,23,56
244,78,22,59
245,77,20,59
242,77,23,59
243,78,24,56
243,78,24,55
240,77,26,56
240,77,26,55
242,75,22,59
240,77,21,56
239,77,22,56
239,77,22,56
237,77,22,56
235,76,27,56
235,73,26,58
235,74,28,58
236,75,26,54
237,75,24,54
237,75,24,56
239,76,20,55
237,74,23,56
237,74,23,56
239,75,23,54
238,72,22,55
238,75,23,55
236,74,26,51
237,73,22,54
236,75,23,48
235,74,23,54
235,74,23,54
235,75,19,50
235,72,20,51
231,74,21,53
231,73,26,53
230,73,24,54
231,72,23,55
228,72,24,52
227,72,21,55
226,71,23,53
226,70,22,54
227,71,21,52
225,71,21,54
223,71,22,52
226,71,23,51
223,68,22,53
225,71,20,51
222,69,22,53
222,69,22,53
229,70,21,50
226,71,21,50
222,71,21,45
218,71,22,49
220,69,21,47
219,70,22,52
218,69,21,47
218,69,21,49
217,69,21,47
216,69,22,48
218,70,19,48
218,70,19,48
216,70,28,50
218,71,24,46
218,71,24,46
221,71,21,47
223,71,21,48
222,68,21,50
222,70,22,46
222,70,20,45
222,67,21,45
225,68,18,46
223,68,22,50
222,68,22,48
222,66,26,48
223,66,20,49
221,65,23,49
225,64,20,50
223,66,23,47
221,66,26,50
222,65,22,48
221,66,28,50
226,62,23,53
223,62,24,52
226,61,21,61
226,64,23,49
227,62,22,56
227,61,20,53
226,63,23,50
225,66,23,47
223,65,19,45
222,61,21,49
220,62,23,48
220,61,26,50
221,61,23,46
221,63,23,45
222,61,22,47
222,61,22,46
222,60,21,45
220,61,24,43
220,59,21,48
221,61,17,43
221,62,19,47
221,61,20,51
220,60,23,42
222,59,19,48
222,60,19,44
221,59,22,43
222,58,20,46
222,58,19,45
222,60,22,40
226,61,18,41
226,61,18,41
226,56,20,49
226,57,20,49
228,56,19,52
228,56,19,49
230,56,20,50
231,57,19,47
229,57,20,50
231,56,19,48
230,56,20,50
229,56,22,53
231,57,19,50
232,56,20,45
233,55,17,46
233,55,18,51
235,47,29,67
233,57,21,47
232,55,20,50
229,55,22,45
231,55,20,47
231,55,20,47
231,54,21,52
232,56,20,45
230,54,21,48
231,54,22,46
231,54,22,45
231,53,20,45
232,54,19,43
231,56,22,45
231,55,20,49
231,55,22,46
232,53,19,49
232,53,22,45
233,53,21,45
235,52,19,41
236,52,20,47
235,52,22,45
234,53,22,50
236,53,21,44
235,51,22,42
237,51,22,45
236,52,21,45
238,51,20,50
237,50,22,51
237,52,22,48
238,52,22,47
239,52,20,46
237,51,20,50
238,50,19,50
239,50,22,55
239,50,21,50
240,52,21,48
242,50,20,48
242,51,21,57
242,50,19,50
243,50,20,48
240,50,21,45
243,51,20,44
243,47,18,51
242,49,22,48
242,49,22,48
245,48,19,47
244,50,21,45
244,48,21,45
245,47,20,52
245,49,19,54
245,48,20,48
245,49,21,49
246,49,20,46
247,47,19,51
246,50,20,50
249,49,18,47
248,47,19,50
250,45,18,45
251,46,18,43
248,48,21,45
250,46,18,45
249,45,19,45
250,47,18,46
250,45,17,45
250,45,19,43
250,45,19,45
250,47,19,44
250,47,18,50
249,45,19,40
250,46,18,38
250,46,18,40
248,45,21,40
249,45,19,46
249,45,19,41
249,45,20,41
251,45,17,43
252,45,17,44
251,44,20,47
252,43,20,44
251,45,21,39
251,45,20,40
249,44,21,40
250,45,19,40
249,43,23,41
250,45,21,43
251,43,20,45
253,43,17,45
253,43,18,42
251,50,20,46
250,61,21,46
250,73,21,43
251,81,22,48
250,95,21,40
252,108,16,45
253,118,17,43
252,131,18,45
253,139,19,50
252,151,20,45
253,156,18,45
253,168,19,41
253,177,18,44
252,190,21,44
255,201,15,42
255,210,16,43
266,223,17,41
267,222,14,43
265,220,18,47
267,221,16,42
268,221,16,47
268,220,18,50
266,222,19,48
268,221,17,42
267,221,18,45
266,220,17,45
267,222,19,44
270,220,15,47
270,222,16,43
270,219,18,48
272,219,16,48
270,220,19,45
272,219,17,46
270,217,19,48
273,219,17,47
272,218,21,48
275,218,16,46
273,219,19,45
275,219,18,45
277,220,18,44
277,220,18,44
276,219,18,45
278,219,18,45
277,219,21,46
278,219,19,43
279,219,19,44
279,220,19,43
281,218,17,44
282,219,18,44
281,217,18,45
281,218,18,45
280,217,19,45
280,217,20,45
283,216,18,47
283,219,20,44
284,218,20,45
283,219,21,42
283,219,21,42
284,214,17,47
283,217,20,45
283,217,20,45
285,216,18,46
284,216,19,43
284,216,19,43
286,216,18,43
287,216,18,42
287,214,19,45
286,216,19,44
286,218,21,41
286,215,22,43
287,217,22,42
286,214,20,42
287,216,38,92
288,214,23,45
289,215,21,43
290,213,17,43
288,214,21,47
288,214,20,42
289,215,17,41
289,215,23,58
287,213,22,45
289,214,18,42
288,214,22,43
289,215,17,41
289,214,19,42
289,215,19,44
289,214,19,43
293,213,15,46
293,213,17,40
293,213,18,42
293,213,17,42
290,211,19,47
293,211,20,47
295,211,17,40
294,214,19,38
297,214,17,40
296,211,18,44
297,209,19,45
299,210,14,43
297,209,16,45
296,209,20,46
297,209,15,45
298,208,18,48
301,206,20,45
304,204,22,49
304,198,21,51
302,205,21,48
303,206,19,42
305,209,22,44
308,208,17,40
308,208,17,40
311,206,20,42
309,209,21,41
308,209,22,35
306,209,23,37
306,209,19,40
308,209,20,41
306,208,20,40
310,209,17,41
306,206,17,44
309,209,19,42
309,209,19,42
305,206,20,36
309,209,20,37
305,208,19,39
308,209,23,41
306,209,22,38
309,210,17,36
308,209,19,40
306,212,19,34
308,214,18,31
312,210,18,31
305,208,21,36
313,205,19,33
313,205,19,33
304,207,21,35
305,208,21,36
306,210,19,34
305,208,19,33
305,208,19,33
304,197,20,36
308,198,21,39
308,198,21,39
309,198,18,34
311,195,19,38
312,198,20,35
309,196,21,35
311,200,19,38
316,198,18,34
314,196,17,38
317,197,16,38
309,195,24,36
311,193,20,34
309,204,19,29
311,204,19,29
311,201,21,32
313,204,20,31
315,203,17,31
312,208,20,29
312,204,22,34
311,207,19,27
312,198,21,34
315,200,21,32
316,198,22,40
276,197,48,107
275,199,47,108
276,198,47,109
276,200,47,106
314,194,24,48
310,208,24,45
315,205,23,50
315,205,27,50
372,202,28,37
375,203,26,33
373,205,23,34
371,208,28,33
375,204,22,34
373,209,21,29
373,209,20,30
