213,151,28,35
217,151,27,36
218,151,27,35
222,151,24,35
225,151,23,38
226,151,23,38
227,151,22,36
229,151,21,36
228,152,22,36
230,151,21,36
230,151,22,36
231,154,22,34
231,153,21,37
232,153,21,36
233,155,21,36
233,155,22,37
234,156,21,37
235,155,19,37
236,156,20,34
234,156,23,37
236,156,20,35
235,156,24,36
237,156,22,38
237,156,23,37
239,157,21,38
238,158,23,37
239,158,23,36
243,159,22,38
243,159,23,37
245,157,21,40
246,160,23,40
248,160,22,40
249,161,22,44
252,160,22,43
251,159,24,41
253,161,23,40
256,161,26,41
259,162,24,40
259,160,28,41
264,162,26,38
265,163,27,38
268,163,26,39
271,162,24,38
275,164,22,37
273,164,26,37
279,166,23,37
281,165,24,39
283,165,26,40
286,167,27,41
289,165,24,42
293,166,26,40
296,169,27,41
298,167,27,45
301,168,26,45
303,168,27,44
304,169,28,43
308,170,27,44
312,171,27,43
314,172,28,45
316,172,27,45
320,173,26,48
322,172,28,49
323,174,28,47
327,175,27,48
330,176,26,48
329,177,29,46
333,176,27,49
333,177,30,49
334,177,31,49
335,177,31,50
341,179,28,50
342,180,27,49
343,181,28,50
343,181,28,51
342,182,30,51
343,182,30,52
344,185,29,50
345,185,29,52
346,187,28,51
346,188,28,51
345,188,30,52
344,190,32,54
344,192,31,54
346,193,28,55
345,194,30,55
344,194,30,56
344,194,30,57
342,197,32,56
342,198,30,57
343,198,29,57
341,199,32,60
339,201,31,59
338,203,31,59
336,203,32,61
334,206,34,59
333,207,34,62
331,210,36,62
330,210,34,64
330,213,32,64
328,214,32,64
323,215,36,66
322,218,34,66
323,219,35,66
319,220,37,70
318,225,37,68
316,225,37,71
316,228,35,71
312,230,39,72
310,229,37,77
306,233,39,75
303,235,39,76
302,239,39,76
299,239,39,81
294,246,40,81
289,247,41,84
288,251,43,84
281,255,46,86
277,257,45,89
275,262,44,90
267,267,48,90
263,270,45,93
255,274,48,94
248,276,50,98
239,281,52,99
229,286,55,103
217,292,57,108
210,298,55,106
197,300,62,110
186,305,62,111
173,310,64,116
164,312,65,117
152,320,67,118
134,325,71,121
119,330,72,125