531,254,93,130
492,243,90,130
463,232,86,130
435,221,82,130
406,209,78,130
383,206,75,124
359,202,73,118
335,198,71,112
312,194,69,107
288,191,67,101
274,185,63,99
261,180,60,98
247,175,57,96
234,169,53,95
220,164,50,93
211,160,48,90
202,157,46,87
192,153,45,84
183,150,43,82
174,146,41,79
163,143,40,76
157,141,40,74
149,183,39,72
142,235,38,70
131,246,38,68
126,243,37,68
120,240,36,69
114,237,36,69
108,234,35,69
103,231,34,70
99,228,34,70
96,226,33,69
92,224,32,69
88,222,32,69
85,219,31,69
86,217,30,67
87,215,28,66
88,213,27,65
88,211,26,63
89,208,24,62
91,205,24,60
93,202,24,59
95,199,24,57
97,196,24,55
99,193,23,53
102,192,24,53
106,191,25,53
109,190,26,53
112,188,27,53
115,187,28,53
118,186,26,53
122,184,25,52
125,182,23,52
128,180,22,51
131,178,20,51
135,177,20,50
138,175,19,49
141,174,19,48
145,172,18,47
148,171,18,45
150,170,18,45
153,168,19,45
155,167,20,45
157,166,20,45
159,165,21,44
161,164,22,44
163,162,22,43
165,161,23,42
167,160,24,42
169,158,24,41
173,157,23,41
177,155,22,41
181,153,21,42
185,151,20,42
189,150,19,42
193,149,18,42
197,148,18,41
201,147,18,41
205,146,17,40
209,145,17,40
213,145,17,38
217,144,17,36
222,144,17,34
226,143,17,32
229,142,16,33
233,141,16,33
237,140,16,34
240,140,16,34
242,138,18,35
245,136,20,35
249,135,19,35
253,134,18,35
257,133,17,35
261,132,16,35
265,131,16,35
269,130,16,35
272,129,16,34
276,129,16,33
280,128,16,33
284,127,16,32
288,127,16,32
291,127,16,31
294,127,17,31
298,127,17,30
301,127,18,30
304,126,18,30
307,125,18,31
310,124,18,31
314,123,19,32
317,122,19,32
320,122,18,31
