290,128,29,50
290,128,29,52
286,128,35,55
285,130,36,54
284,130,36,56
284,130,36,56
283,131,37,58
282,132,39,57
281,135,39,56
280,135,39,57
280,135,39,60
280,138,37,58
280,138,41,59
279,139,40,59
279,140,38,59
279,140,40,62
279,142,39,61
279,143,38,61
279,144,39,62
281,145,37,62
280,147,40,62
281,148,39,63
281,148,40,66
282,151,41,65
282,151,41,65
284,152,39,66
284,154,41,66
285,155,39,66
286,156,39,67
287,158,41,67
288,159,40,67
288,160,43,69
289,162,41,70
290,163,44,71
292,165,45,69
293,167,45,69
295,168,44,71
296,169,45,70
298,171,44,73
300,173,47,73
301,174,47,75
303,176,48,75
308,178,45,75
305,181,50,75
309,182,50,77
309,184,51,76
312,186,51,78
314,188,52,79
316,189,51,79
316,192,53,79
319,193,54,81
321,195,54,82
325,198,53,83
326,199,55,83
329,202,55,85
330,204,59,85
332,208,59,86
335,210,59,87
338,213,57,89
342,214,56,90
341,216,60,91
343,219,61,93
345,222,62,93
353,225,55,94
353,229,56,94
355,231,61,98
359,234,60,99
362,239,61,98
365,241,62,101
368,245,62,103
372,247,63,104
375,251,64,106
380,255,64,108
383,258,65,109
385,262,65,108
389,266,65,111
394,269,66,114
399,273,69,117
402,278,68,116
405,283,71,120
411,288,74,121
414,292,83,123
419,297,81,124
424,303,83,127
429,307,82,132
435,313,84,134
442,319,85,135
448,325,85,139
454,332,89,138
