284,343,67,123
310,332,61,114
338,314,55,115
353,301,57,115
369,289,53,108
383,279,50,104
389,272,53,100
400,265,51,97
410,257,48,96
418,252,47,91
424,243,46,93
430,240,43,87
431,233,52,87
439,228,44,83
443,221,41,82
447,215,45,81
449,213,40,76
449,206,46,76
452,203,40,74
452,201,46,73
452,198,41,70
450,193,45,66
451,189,39,63
450,187,36,63
445,182,37,61
442,177,39,60
444,175,31,60
436,169,34,61
431,169,35,56
433,164,28,62
429,161,28,60
425,162,28,54
421,165,26,51
413,161,33,50
412,160,29,49
408,155,30,51
399,159,33,44
398,156,34,47
395,151,31,48
394,149,27,47
388,149,28,46
383,146,30,45
382,145,28,45
377,142,32,49
378,143,24,43
371,148,22,38
361,140,31,46
356,145,30,37
353,145,29,36
347,140,28,40
341,136,27,41
334,138,29,43
328,138,28,40
318,137,26,42
309,138,30,38
303,133,21,42
290,140,32,36
282,135,27,39
273,135,27,39
265,135,26,37
258,136,24,35
254,135,20,37
248,137,20,35
238,135,20,36
233,135,20,30
227,135,19,35
214,136,27,33
215,133,20,34
212,132,21,35
206,132,19,34
203,135,19,31
195,133,20,31
196,130,20,37
193,133,18,34
190,128,19,34
188,123,23,40
188,131,23,32
188,128,24,34
187,125,26,37
188,123,23,40
193,124,22,36
190,124,26,37
192,123,26,39
193,126,24,35
199,126,22,35
206,126,22,32
212,123,22,34
216,122,19,34
217,119,20,36
222,119,21,34
225,122,22,31
229,122,20,29
231,119,19,34
233,122,21,26
239,120,16,29
239,119,21,31
238,119,24,31
244,116,19,33
245,115,19,32
246,115,20,32
245,110,21,32
244,114,22,32
245,115,19,29
246,108,18,34
245,114,20,29
243,112,21,31
244,110,21,30
244,114,18,27
242,112,19,27
239,111,16,28
238,111,16,28
238,112,16,24
234,105,18,32
235,106,15,31
233,106,20,29
232,108,17,32
233,108,16,29
231,106,15,29
228,106,18,26
228,107,16,29
228,106,16,29
227,104,16,28
222,108,20,24
223,105,16,30
222,107,15,24
220,105,17,26
217,104,18,27
