463,205,54,55
440,205,57,56
422,206,57,56
402,206,57,58
382,208,58,55
359,207,60,57
336,208,58,54
314,208,59,57
292,210,61,56
274,213,64,56
253,213,63,56
231,217,64,55
220,216,63,57
238,213,62,58
261,216,62,56
277,216,60,52
293,213,61,56
305,213,62,57
319,212,61,56
326,210,65,57
344,210,65,56
357,210,63,57
373,210,63,58
387,211,66,56
400,209,67,55
407,210,72,59
416,210,72,61
398,211,62,53
370,206,72,58
350,208,76,56
325,208,76,58
307,207,72,66
286,208,72,58
267,210,73,62
252,209,70,61
225,211,63,61
208,212,63,57
182,212,66,60
160,210,66,56
134,213,69,59
114,213,75,63
106,213,76,60
107,215,78,63
112,209,65,62
124,212,65,61
141,214,70,58
152,208,62,61
155,211,68,61
173,213,65,58
170,208,66,63
164,210,51,52
165,212,78,55
164,211,83,58
163,214,88,56
164,209,91,63
163,207,105,67
224,203,126,71
225,209,112,69
245,209,122,66
241,208,124,66
258,208,119,73
274,208,116,71
266,206,119,76
299,211,115,70
329,209,119,76
298,211,114,71
313,211,107,72
288,204,124,73
338,202,101,70
280,203,116,72
253,206,109,67
202,206,125,71
199,210,101,62
178,195,91,72
168,190,104,75
143,194,97,75
80,199,115,76
72,196,109,79
153,192,114,75
140,193,113,78
208,193,86,70
215,190,91,71
240,189,93,76
248,191,85,69
254,190,88,73
283,189,88,68
298,187,80,69
316,183,72,68
329,190,76,66
346,196,81,63
355,195,92,69
359,191,91,69
386,188,104,69
386,192,96,69
385,183,107,80
366,187,95,69
356,187,90,67
334,182,88,66
316,182,91,65
286,184,88,63
270,184,81,66
245,184,83,66
218,180,84,74
202,193,97,74
140,186,95,79
190,193,93,74
193,200,105,68
210,205,100,69
246,206,100,71
287,202,108,71
291,205,111,72
295,202,130,77
316,211,109,71
327,216,108,62
341,213,104,67
344,209,101,67
356,206,100,65
372,205,97,68
385,207,105,67
406,200,102,70
400,208,104,63
388,205,100,69
390,200,114,74
398,204,112,70
401,208,111,67
389,201,121,68
481,205,111,68
