117,242,78,87
115,243,81,84
107,243,81,85
79,243,89,85
40,240,89,83
21,240,91,91
21,240,87,89
31,243,86,91
36,243,86,91
42,239,94,95
52,238,92,97
60,241,92,99
66,242,96,100
78,243,91,98
81,243,97,102
83,245,94,100
76,245,97,100
66,244,97,102
55,243,100,106
39,242,104,109
29,245,104,108
29,245,102,106
32,244,104,109
40,244,105,111
52,241,105,113
50,243,108,114
26,244,112,112
0,243,100,113
0,243,70,117
0,248,52,115
0,251,32,115
0,262,16,111
0,262,19,105
0,245,31,120
0,247,52,121
0,244,66,124
0,240,81,128
2,238,92,127
0,240,102,128
0,240,113,128
2,238,120,132
0,231,131,137
0,230,131,139
0,232,123,139
0,231,110,144
0,232,105,144
0,236,113,147
0,237,113,149
0,233,125,152
2,237,142,145
2,238,164,146
10,242,164,145
6,241,170,149
3,239,172,151
2,240,172,151
5,240,175,149
5,237,181,156
6,237,186,153
11,240,186,151
26,241,186,156
50,240,186,155
70,241,188,152
84,241,199,156
92,239,219,155
107,243,219,153
115,251,210,147
125,268,189,134
157,271,165,130
162,257,170,149
172,252,172,153
181,251,167,155
159,250,198,160
164,247,194,163
167,250,196,160
167,247,199,162
175,249,198,165
180,249,201,160
199,253,199,161
207,253,198,160
220,256,196,161
232,257,191,157
238,254,194,162
248,258,196,161
261,261,193,156
278,260,183,157
288,261,186,157
308,262,180,155
308,262,180,155
333,265,180,154
340,266,180,155
342,265,183,159
350,265,175,158
348,278,181,145
348,278,181,145
364,272,178,149
369,271,178,150
377,275,175,152
377,268,167,156
356,267,164,153
319,280,167,135
293,273,167,144
293,270,164,145
309,274,160,145
333,279,157,140
348,279,157,141
359,282,154,140
364,276,154,143
358,274,149,142
345,276,149,139
340,281,144,134
345,280,149,134
359,282,144,132
382,282,133,133
384,280,141,138
389,284,136,130
389,281,128,131
389,288,130,125
398,287,128,130
414,290,128,126
427,293,126,122
439,296,125,115
452,294,123,116
460,294,112,116
461,292,112,116
465,293,104,115
476,290,108,117
482,292,105,115
482,292,107,114
471,294,120,113
457,295,130,109
474,299,105,108
474,300,115,108
484,298,112,106
479,296,126,105
508,296,104,106
518,293,100,109
523,294,110,106
529,296,102,105
539,295,100,104
552,295,94,104
559,295,96,103
563,297,97,97
576,296,87,98
583,297,89,97
589,296,87,97
594,296,87,95
599,296,86,98
605,294,86,98
612,294,84,96
617,291,81,101
618,290,83,102
622,296,86,96
627,297,84,93
636,298,76,92
638,301,78,90
639,302,78,89
644,302,76,89
643,301,83,89
656,303,73,88
659,303,66,86
659,304,73,87
662,304,73,86
662,304,74,87
667,304,73,86
667,305,73,85
672,307,70,83
673,307,66,82
673,307,70,83
675,308,70,81
675,308,68,80
675,307,73,80
678,309,68,78
677,307,70,79
680,308,66,78
683,313,63,73
688,310,60,75
686,310,63,75
685,310,62,73
682,308,65,74
682,310,66,73
682,308,66,75
688,310,57,71
685,309,60,71
686,308,53,74
686,309,55,70
683,309,55,73
686,310,57,70
685,309,58,69
685,310,57,69
683,309,58,71
685,312,53,66
683,311,55,67
683,311,53,66
682,315,52,64
680,315,53,61
680,315,52,63
670,314,73,77
677,314,53,63
677,311,52,65
673,311,52,63
673,315,53,60
673,315,52,62
673,314,50,63
670,315,50,60
669,313,49,61
665,315,52,60
667,314,49,61
665,312,49,63
662,313,52,62
662,313,49,59
662,312,50,60
659,313,50,61
661,314,50,59
657,313,58,60
654,314,57,61
654,312,58,62
652,312,58,58
651,311,53,59
649,320,60,52
646,318,63,55
648,321,60,51
643,318,63,56
643,322,47,54
644,324,42,53
639,323,45,54
638,323,47,53
636,320,50,55
636,322,47,55
635,322,50,53
633,320,52,57
630,324,55,52
630,325,49,49
627,323,50,52
623,323,47,53
622,324,47,52
617,322,49,51
617,323,45,50
617,324,47,48
615,322,49,51
614,320,45,50
609,320,52,51
609,318,50,52
605,321,50,50
605,322,42,46
601,323,44,47
596,320,47,49
596,319,45,51
594,318,42,50
591,318,45,50
588,318,47,50
584,316,50,52
581,318,49,48
584,317,42,47
581,318,44,46
