497,200,132,287
512,200,124,286
528,201,116,286
543,202,108,285
558,203,100,284
573,203,93,283
576,203,98,283
578,203,102,283
581,203,107,283
582,207,120,279
584,211,132,275
586,214,144,270
598,216,136,271
611,217,127,272
623,218,119,272
624,216,121,274
626,214,123,276
627,213,126,278
627,215,130,275
627,218,133,273
627,220,137,270
630,219,135,270
633,219,133,269
636,218,132,269
639,219,128,268
641,219,124,267
643,220,120,267
648,220,115,267
652,220,111,267
656,220,106,267
656,225,105,262
656,230,104,257
656,235,104,252
656,235,101,252
656,235,98,252
656,235,94,252
653,235,94,252
650,235,94,252
647,235,94,252
648,235,94,252
650,235,94,252
651,235,94,252
651,242,95,245
651,248,96,238
651,255,96,232
645,256,97,228
639,256,98,224
632,257,98,220
632,256,96,222
632,255,93,223
632,253,91,224
632,252,91,226
632,250,91,227
632,249,91,229
632,247,91,230
632,246,91,232
631,246,91,232
629,246,91,232
627,246,91,232
625,246,91,232
623,246,91,232
623,246,91,232
624,246,91,232
624,246,91,232
625,246,91,232
625,246,91,232
625,246,91,232
626,246,91,232
626,246,91,232
626,246,91,232
627,246,91,232
627,246,91,232
628,246,91,232
628,246,91,232
628,246,91,232
629,246,91,232
631,246,91,232
632,246,91,232
634,246,92,232
636,246,92,232
638,246,93,232
640,246,93,232
642,246,93,232
645,246,93,232
647,246,93,232
649,246,93,232
651,246,94,232
652,246,96,232
653,246,98,232
655,246,100,232
656,246,102,232
659,249,100,228
662,252,98,225
665,255,96,222
668,251,97,227
671,246,98,232
671,253,99,224
671,261,100,217
678,261,94,217
684,261,87,217
688,261,83,217
693,261,80,217
697,261,76,217
701,261,72,217
703,261,72,217
705,261,72,217
706,261,72,217
708,261,72,217
710,261,72,217
710,263,72,215
710,264,72,213
710,266,72,211
710,268,72,209
710,270,72,207
712,270,72,207
714,269,72,207
716,269,72,207
718,269,72,207
719,268,72,207
721,268,73,207
722,268,74,207
723,268,76,207
724,268,77,207
725,268,78,207
726,268,78,207
727,268,78,207
728,268,78,207
729,268,78,207
731,268,78,207
731,270,79,206
731,271,81,204
731,273,82,203
731,274,84,202
731,276,85,200
729,276,87,200
728,276,88,200
726,276,90,200
725,276,91,200
723,276,93,200
719,276,94,200
715,276,96,200
711,276,98,200
707,276,100,200
703,276,102,200
701,277,99,198
699,279,96,196
697,281,93,194
695,283,90,193
693,285,87,191
688,284,85,191
682,284,83,191
677,284,81,191
671,283,80,191
666,283,78,191
660,282,75,192
655,282,73,193
649,281,70,194
639,281,70,194
630,281,69,194
620,281,69,194
610,281,69,194
600,282,69,194
590,282,69,194
580,282,69,194
569,283,69,194
562,283,69,194
554,283,69,194
546,283,69,194
538,283,69,194
528,282,69,191
518,282,69,187
509,282,69,183
499,281,69,180
495,281,69,180
491,281,69,180
487,281,69,180
482,281,69,180
476,280,71,181
469,279,74,182
463,278,77,182
456,277,80,183
450,278,81,182
443,278,82,182
437,279,84,181
430,279,85,180
428,278,86,182
425,276,86,183
422,275,87,185
419,274,87,187
421,274,85,187
422,274,83,187
424,274,81,187
425,274,80,187
425,274,80,187
426,275,80,187
426,275,80,187
426,276,80,187
427,276,80,187
427,277,80,187
428,278,80,187
428,278,80,187
428,279,80,187
429,279,80,187
429,284,83,182
430,289,87,176
430,295,91,170
430,300,94,165
434,298,95,166
437,297,96,168
440,295,97,169
443,294,98,170
442,296,107,171
440,299,117,171
439,301,126,172
438,303,135,172
436,305,144,172
444,302,144,179
452,299,143,186
460,296,143,193
481,277,132,209
501,259,121,226
521,240,111,243
542,222,100,259
546,220,100,255
551,217,100,250
556,215,100,245
560,213,100,241
568,227,105,228
575,242,109,216
582,257,114,203
590,272,119,191
593,275,115,190
597,278,111,189
601,282,107,188
605,285,104,187
608,285,100,188
612,286,97,188
616,286,94,188
619,287,91,189
620,285,90,191
620,283,90,193
621,281,89,194
621,279,89,196
620,280,89,196
618,281,89,196
617,281,89,196
615,282,89,196
614,283,89,196
612,284,89,196
610,284,89,196
608,285,89,196
606,286,89,196
605,287,89,196
603,284,82,199
601,281,75,201
599,279,68,203
597,276,61,205
595,274,54,207
587,273,58,208
580,273,62,209
572,272,66,210
564,272,70,211
560,271,70,210
556,270,70,209
552,270,70,208
548,269,70,207
543,268,70,206
536,268,74,206
529,268,78,206
521,268,81,207
514,268,85,207
506,268,89,207
502,269,89,207
497,269,89,207
492,269,89,206
487,270,89,206
482,270,89,206
480,269,89,206
478,268,89,206
476,267,89,206
473,266,89,206
471,264,89,206
469,265,90,206
466,265,91,206
463,266,92,206
461,266,93,206
458,266,94,206
447,266,95,204
436,266,95,203
425,265,96,202
414,265,96,201
403,264,96,200
400,267,91,200
398,270,86,200
396,273,81,200
393,276,76,200
387,274,76,200
381,273,76,200
375,271,76,200
369,270,76,200
360,272,75,198
351,274,74,196
342,276,73,194
332,277,72,193
328,276,76,194
323,275,80,195
318,273,83,197
314,272,87,198
300,272,92,197
287,273,96,196
274,273,101,195
260,274,106,194
257,274,106,194
255,275,106,194
252,275,106,194
249,276,106,194
249,271,98,194
249,267,91,194
249,263,83,194
249,259,76,194
244,259,81,195
240,259,85,196
235,259,90,197
230,259,94,198
223,257,96,199
216,256,98,200
208,255,100,201
201,253,102,202
196,254,105,201
192,255,107,200
187,256,110,199
182,257,113,198
187,257,110,198
192,258,107,197
196,258,103,197
201,259,100,196
199,262,99,193
198,265,97,190
197,269,96,187
195,272,94,183
192,273,95,183
188,274,96,183
184,275,97,183
180,276,98,183
180,276,100,183
180,276,103,183
180,276,105,183
180,276,107,183
181,273,112,186
182,271,117,188
183,269,121,190
184,266,126,193
205,264,111,195
225,262,95,197
245,259,80,200
266,257,65,202
268,258,70,200
271,259,76,198
274,260,81,196
277,261,87,194
284,264,84,191
291,267,81,188
298,270,77,185
305,274,74,182
312,272,70,183
319,271,65,184
327,270,61,185
321,272,66,183
315,274,71,182
309,276,76,180
303,277,81,178
296,280,87,178
289,282,93,178
282,284,98,178
275,287,104,178
273,283,100,181
270,280,97,184
268,277,94,188
266,274,91,191
255,274,96,191
244,274,101,191
234,274,106,191
223,274,111,191
214,275,114,191
205,276,118,191
197,276,121,191
188,277,124,191
188,278,119,190
188,278,114,190
188,279,109,189
188,279,104,189
185,277,102,191
182,276,101,193
180,274,100,194
177,272,98,196
174,272,98,196
172,272,98,196
170,272,98,196
168,272,98,196
162,276,102,191
156,279,106,186
151,283,109,181
145,287,113,176
139,287,119,176
132,287,126,176
126,287,132,176
119,287,139,176
111,283,138,178
102,280,137,181
93,277,136,183
84,274,135,185
79,261,129,197
73,249,122,209
67,236,116,221
62,224,109,233
58,224,112,233
54,225,114,232
50,226,116,231
46,227,118,230
42,227,120,230
36,232,118,226
31,237,116,222
26,241,113,219
21,246,111,215
21,251,108,210
21,256,105,205
21,260,102,200
21,265,99,196
21,270,96,191
26,270,91,191
31,270,86,191
36,270,81,191
40,270,76,191
45,270,70,191
45,271,71,190
45,271,71,189
45,272,71,189
45,273,71,188
45,274,71,187
45,274,71,186
45,275,72,186
45,276,72,185
45,277,72,184
45,277,72,183
49,277,70,181
52,277,68,178
55,277,66,176
59,277,63,173
62,277,61,170
65,276,61,170
67,274,61,170
70,272,61,170
72,270,61,170
75,268,61,170
74,271,61,169
73,273,61,168
73,275,61,166
72,278,61,165
71,280,61,164
70,282,61,162
69,285,61,161
70,286,61,159
70,287,62,156
70,288,62,153
71,289,63,151
71,290,63,148
74,290,66,148
77,290,68,148
80,290,71,148
83,290,73,148
86,290,76,148
91,290,74,148
96,290,73,148
102,290,71,148
107,290,70,148
112,290,69,148
112,291,68,146
113,291,68,144
113,291,67,143
113,292,67,141
114,292,67,139
116,295,67,137
117,297,68,135
119,300,69,133
121,303,70,132
123,305,70,130
130,305,70,131
136,304,70,133
143,304,70,134
150,304,70,136
156,303,70,137
158,303,70,137
159,303,70,137
160,303,70,137
161,303,70,137
162,303,70,137
163,303,70,137
165,303,70,137
166,303,70,137
168,303,70,137
169,303,70,137
169,305,70,136
169,306,70,134
169,308,69,133
169,309,69,131
169,311,69,130
169,312,69,128
169,313,69,127
169,314,69,126
169,315,69,125
169,317,69,124
169,318,69,123
169,319,69,121
169,320,70,120
169,321,70,119
169,323,70,118
169,324,70,117
169,325,70,115
169,326,70,114
169,327,70,113
169,327,72,114
169,327,74,115
169,327,76,116
169,327,78,117
169,327,80,119
169,327,79,119
169,327,77,119
169,327,76,119
169,327,75,119
169,327,74,119
169,326,73,119
169,326,71,120
169,325,70,121
169,324,69,122
169,323,68,123
169,322,66,124
169,321,65,125
169,320,64,126
169,319,62,127
169,318,61,128
172,318,61,128
174,317,61,128
176,317,61,128
178,317,61,128
180,316,61,128
180,316,61,128
179,316,61,128
178,316,61,128
178,316,61,128
177,316,61,128
177,316,61,128
177,316,61,128
177,315,61,128
177,315,61,128
177,315,61,128
177,315,61,128
177,314,61,128
177,314,61,128
177,314,61,128
177,313,61,128
177,313,61,128
177,313,61,128
177,313,61,128
176,311,61,130
174,309,62,133
173,307,62,136
164,307,59,137
155,307,56,139
147,303,69,142
150,303,67,145
151,300,66,149
153,296,65,152
151,292,65,156
156,294,67,154
160,296,69,152
150,296,67,150
157,296,70,152
164,296,72,154
159,296,69,157
161,296,65,161
173,296,63,161
169,293,65,161
164,291,67,161
168,287,63,148
164,290,64,150
161,294,65,152
158,298,67,154
163,298,67,155
168,298,67,156
169,296,67,157
161,295,63,154
158,297,65,156
155,296,67,157
158,294,67,157
161,293,67,157
171,292,61,156
166,295,55,157
161,297,67,159
158,294,67,157
155,295,68,158
151,296,69,159
156,290,57,163
148,292,67,158
139,294,76,154
147,290,67,159
143,288,69,162
140,285,72,165
149,287,69,152
147,289,69,157
146,290,70,161
149,283,63,163
148,285,70,162
147,287,78,161
145,287,78,165
149,287,75,165
153,287,72,165
153,283,78,165
155,284,73,164
158,285,69,163
158,287,72,159
160,288,72,162
161,290,72,165
162,290,70,156
162,288,70,167
164,288,70,169
158,285,70,165
161,288,71,166
164,289,72,167
159,286,73,168
155,283,74,169
156,284,73,167
157,286,71,165
151,283,78,163
156,285,78,167
159,278,70,170
155,277,76,174
157,278,71,175
160,278,66,176
159,275,67,178
158,272,69,180
160,279,67,177
157,278,70,177
153,279,70,178
159,281,68,178
165,282,66,178
158,280,71,178
151,277,75,178
150,279,75,178
150,281,75,178
143,277,78,174
139,276,89,178
142,282,89,178
142,278,85,178
142,274,81,178
144,277,80,177
146,281,78,177
137,278,88,178
129,276,98,180
130,275,93,181
132,274,88,183
129,274,94,185
138,275,87,177
137,274,87,179
135,273,88,182
140,277,80,180
140,272,90,188
139,274,90,182
137,277,89,176
140,277,87,187
138,273,94,188
146,275,87,185
154,277,79,182
148,277,85,182
149,277,91,182
151,274,88,188
153,271,85,194
156,276,93,189
160,281,100,183
160,276,85,184
159,272,93,185
161,274,94,186
162,276,96,187
168,274,93,191
173,273,90,194
182,273,89,191
192,274,89,187
193,273,84,192
195,272,80,196
193,274,90,194
190,276,100,191
190,277,95,188
191,278,91,184
190,280,101,187
190,281,111,189
192,281,98,190
193,281,85,191
193,283,94,187
192,285,102,183
192,285,92,183
193,285,93,183
195,285,93,183
196,285,95,183
196,285,98,183
197,285,101,183
197,285,104,183
199,285,111,183
202,286,118,182
204,286,125,182
206,287,132,182
219,287,123,181
232,288,115,181
245,288,107,180
258,289,98,180
258,292,104,176
258,295,109,173
258,298,115,170
258,301,120,167
269,303,117,165
280,305,114,163
290,307,112,161
301,309,109,159
312,311,106,157
332,308,98,165
353,305,91,172
369,308,87,167
385,311,83,162
401,314,80,157
401,315,78,157
401,316,76,156
402,316,74,156
402,317,72,155
402,318,70,154
403,318,69,154
405,318,76,154
408,318,83,155
410,318,91,156
410,322,91,152
410,326,91,148
410,329,91,144
408,329,95,144
406,329,99,144
405,329,103,144
403,329,107,143
401,329,111,143
399,329,115,143
396,326,114,148
393,322,112,154
390,318,111,159
389,318,112,157
387,318,114,154
386,318,115,152
389,318,112,152
392,318,109,153
395,318,106,154
396,313,106,159
397,307,106,165
398,301,107,170
398,296,107,176
399,290,107,182
401,290,107,182
403,290,107,182
406,290,107,182
408,290,107,182
410,290,107,182
412,290,112,182
414,290,116,182
416,290,120,182
418,290,124,182
424,292,119,180
431,294,113,178
438,296,107,176
445,298,102,174
450,298,95,175
455,298,89,176
459,298,82,177
464,298,76,178
463,299,76,178
463,300,76,178
462,301,76,178
462,301,76,178
462,301,76,178
463,301,76,178
463,301,76,178
464,301,76,178
466,304,78,175
468,307,80,172
469,310,83,169
471,313,85,166
473,316,87,163
479,317,89,162
486,319,90,160
492,320,91,159
498,321,93,157
505,322,94,156
505,324,89,153
505,326,84,151
505,329,79,149
505,331,74,147
505,333,69,144
505,335,74,143
505,337,79,141
505,339,84,139
505,340,89,137
504,340,88,138
504,340,87,139
503,340,86,140
503,340,85,141
502,340,87,140
502,340,88,140
501,340,89,139
501,340,91,139
501,340,90,139
501,340,89,139
501,340,89,139
501,340,88,139
501,340,87,139
501,339,86,140
501,337,85,142
501,336,84,143
501,334,83,145
501,333,81,146
500,334,81,145
499,336,81,143
499,337,81,142
498,339,81,140
497,340,81,139
493,341,80,139
488,341,79,139
483,342,77,139
479,342,76,139
475,342,73,140
471,341,70,141
468,341,68,142
464,340,65,143
446,338,74,142
428,336,83,141
410,333,93,140
392,331,102,139
392,331,97,139
392,331,93,139
392,331,89,139
392,331,84,139
392,331,80,139
389,331,79,138
386,330,79,137
383,330,79,137
380,330,78,136
377,329,78,135
373,330,79,136
370,330,80,137
367,330,81,139
363,331,82,140
360,331,83,141
370,330,81,141
381,328,80,142
391,327,78,142
392,333,76,143
393,335,76,141
394,337,76,139
395,339,76,137
395,338,78,138
395,338,81,140
394,338,83,141
394,337,86,142
394,337,88,143
393,337,91,144
392,337,88,144
390,338,85,143
389,339,82,142
388,340,79,142
386,340,76,141
380,339,74,143
374,337,73,145
368,336,71,147
362,334,70,150
356,333,69,152
348,312,70,173
339,310,74,176
340,307,76,180
325,306,73,180
325,302,73,179
314,300,78,187
308,293,81,194
303,296,87,191
297,298,92,189
292,303,78,183
288,303,80,183
284,303,79,183
280,303,78,183
277,303,78,183
264,299,85,183
252,302,92,182
239,306,99,182
227,309,106,182
227,309,104,182
227,309,102,182
227,309,100,182
227,309,98,182
224,305,96,186
220,301,94,190
217,296,93,194
214,292,91,198
213,289,90,200
212,287,90,202
211,284,89,204
210,281,89,206
210,282,91,204
210,283,94,203
210,285,96,202
210,286,98,201
210,287,100,200
210,288,103,199
210,289,105,197
210,290,107,196
210,285,108,199
210,280,108,202
210,275,109,205
210,270,109,207
210,263,106,214
210,256,103,221
210,250,100,228
213,250,101,228
216,250,102,228
219,250,104,228
216,250,106,227
213,250,108,227
210,250,111,226
206,250,113,226
205,253,114,222
205,257,115,218
204,261,116,213
203,264,117,209
201,265,119,209
200,266,120,209
199,267,122,209
197,268,124,209
201,270,124,207
205,272,124,206
208,274,124,204
212,276,124,202
219,276,118,200
227,276,111,199
234,277,105,198
242,277,98,196
244,277,96,196
246,277,93,196
248,277,90,196
250,277,88,196
253,277,85,196
250,278,85,196
248,278,84,196
245,279,84,196
242,279,84,196
240,279,83,196
240,279,83,197
240,279,83,197
240,279,83,197
240,278,82,197
240,278,82,197
240,278,82,198
240,278,82,198
240,277,81,198
236,277,81,198
233,277,81,198
230,277,81,198
227,277,81,198
224,278,81,198
222,279,81,198
220,280,81,198
218,281,81,198
218,281,81,199
218,280,80,199
218,280,79,200
218,279,78,200
217,281,78,198
217,282,79,196
216,283,79,194
216,285,80,193
211,284,82,193
206,283,85,194
201,283,87,195
196,282,90,196
192,281,93,196
195,281,87,196
198,280,82,196
202,280,77,196
205,280,72,196
208,279,67,196
203,280,70,196
198,280,74,196
193,280,78,196
188,281,81,196
182,281,85,196
184,281,85,196
186,281,85,196
188,281,85,196
190,281,85,196
192,281,85,196
192,281,83,196
192,281,81,196
192,281,78,196
192,281,76,196
192,281,77,196
192,281,78,195
192,281,79,194
192,281,80,193
193,281,81,193
193,281,81,192
193,281,82,191
193,281,83,190
193,281,84,190
193,281,85,189
198,281,85,189
202,280,85,189
206,280,85,189
210,279,85,189
207,279,85,189
205,279,85,189
202,279,85,189
199,279,85,189
199,280,85,188
199,281,85,187
199,282,85,186
199,283,85,185
199,284,85,184
199,285,85,183
200,286,85,183
202,287,85,183
203,288,85,183
205,289,85,183
206,290,85,183
206,291,86,183
206,291,86,182
206,292,87,182
206,292,87,182
206,292,91,182
206,291,94,183
206,291,98,184
206,291,102,184
206,290,106,185
211,289,101,187
215,289,96,188
219,288,92,189
223,287,87,191
223,287,85,191
223,287,83,191
223,287,81,191
223,287,80,191
223,287,78,191
223,287,79,191
223,287,81,190
223,287,82,190
223,287,84,190
223,288,85,190
223,288,87,190
223,288,88,189
223,288,90,189
223,288,91,189
223,289,93,189
229,289,89,189
234,289,86,189
240,289,83,189
245,289,80,189
248,289,80,189
251,289,80,189
254,289,80,189
257,289,80,189
260,289,80,189
262,291,81,187
265,293,81,184
267,295,82,182
269,298,83,180
274,298,82,180
279,299,81,180
283,299,79,180
288,300,78,180
291,300,78,180
294,300,78,180
297,300,78,180
300,300,78,180
303,300,78,180
303,300,79,180
304,300,79,180
305,300,80,180
306,300,81,180
306,300,81,180
310,300,81,180
315,300,81,180
319,301,81,180
323,301,81,180
327,301,81,180
329,301,81,180
332,301,81,180
335,300,81,180
337,300,81,180
340,300,81,180
346,300,81,180
352,301,81,180
358,301,81,180
364,301,81,180
371,302,81,180
378,303,81,180
385,304,81,180
392,305,81,180
400,305,81,180
409,305,81,180
418,305,81,180
423,306,81,180
429,308,81,180
434,309,81,180
441,308,81,180
448,308,81,180
455,307,81,180
458,309,81,180
462,311,81,180
466,313,81,180
468,311,81,180
469,310,81,180
471,309,81,180
465,309,81,180
459,310,81,180
453,311,81,180
451,314,85,177
449,316,89,174
447,319,93,171
445,322,96,169
435,322,106,168
426,322,116,167
416,322,126,167
413,322,120,164
410,322,114,162
406,322,107,159
402,319,102,162
398,316,96,165
393,313,91,169
379,314,99,167
365,315,107,166
351,316,115,165
346,320,115,167
342,324,115,169
342,324,93,169
342,324,70,169
336,324,50,169
321,309,50,169
