848,283,26,46
848,283,26,46
847,282,26,46
847,282,26,46
847,281,26,46
846,281,26,46
845,282,26,46
844,283,26,46
843,284,26,46
841,284,26,46
840,285,26,46
839,286,26,46
838,287,26,46
836,288,26,46
835,289,26,46
834,289,26,46
834,290,26,46
833,291,26,46
832,292,26,46
832,293,26,46
831,294,26,46
830,295,26,46
830,296,26,46
828,295,26,46
827,294,26,46
826,292,26,46
825,291,26,46
824,290,26,46
823,289,26,46
822,288,26,46
820,287,26,46
820,288,26,46
819,289,26,46
819,290,26,46
818,292,26,46
817,293,26,46
817,294,26,46
816,293,26,46
815,292,26,46
814,291,26,46
813,290,26,46
812,289,26,46
811,289,26,46
810,289,26,46
809,289,26,46
809,289,26,46
808,289,26,46
807,290,26,46
806,290,26,46
805,290,26,46
805,290,26,46
804,290,26,46
803,291,26,46
802,292,26,46
801,292,26,46
800,293,26,46
800,293,26,46
799,294,26,46
798,295,26,46
797,295,26,46
796,296,26,46
796,295,26,46
795,294,26,46
794,294,26,46
793,293,26,46
793,292,26,46
791,291,26,46
790,291,26,46
788,290,26,46
787,289,26,46
785,289,26,46
784,289,26,46
783,289,26,46
782,289,26,46
781,289,26,46
780,289,26,46
779,289,26,46
778,289,26,46
777,289,26,46
776,289,26,46
775,289,26,46
774,289,26,46
774,288,26,46
774,288,25,46
774,288,25,46
773,288,25,46
773,288,24,46
773,288,24,46
772,288,24,46
772,288,24,46
771,287,25,46
771,287,25,46
770,287,25,46
769,287,25,46
769,287,25,46
768,287,26,46
767,287,26,46
767,287,26,46
765,286,26,46
763,286,26,46
762,285,26,46
760,285,26,46
759,284,26,46
757,283,26,46
756,283,26,46
755,283,26,46
754,283,26,46
753,284,26,46
752,284,26,46
752,284,26,46
751,284,26,46
750,284,26,46
749,285,26,46
749,285,26,46
748,285,26,46
747,285,26,46
746,285,26,46
745,285,26,46
745,286,26,46
744,286,26,46
743,286,26,46
742,286,26,46
742,286,26,46
741,287,26,46
740,287,26,47
739,287,26,47
738,287,27,48
738,287,27,48
737,287,27,49
736,287,28,49
735,288,28,50
734,288,28,51
734,288,28,51
733,288,29,52
732,288,29,52
731,288,29,53
730,288,29,53
730,289,30,54
729,288,30,53
729,288,30,53
728,288,30,52
728,288,30,52
728,288,30,52
727,287,30,51
727,287,30,51
726,287,30,50
726,287,30,50
725,287,30,50
725,287,30,49
725,286,30,49
724,286,30,48
724,286,30,48
723,286,30,48
723,286,30,47
722,286,30,47
722,285,30,46
722,285,30,48
721,285,30,50
721,285,30,52
720,285,30,54
719,285,30,54
718,286,30,54
717,286,30,54
716,287,30,54
715,287,30,54
714,288,30,54
713,289,30,54
712,289,30,54
711,289,30,54
710,289,30,54
709,289,30,54
709,290,30,54
708,290,30,54
707,290,30,54
706,290,30,54
705,291,30,54
704,291,30,54
703,291,30,54
703,291,30,54
702,292,30,54
701,292,30,54
700,292,30,54
699,292,30,54
699,292,30,54
698,292,30,54
698,292,30,54
697,292,30,54
696,292,30,54
696,292,30,54
695,292,30,54
694,292,30,54
694,292,30,54
693,292,30,54
693,292,30,54
691,293,30,54
689,294,30,54
688,295,30,54
686,295,30,54
685,296,30,54
683,297,30,54
681,298,30,54
679,299,30,54
676,299,30,54
673,300,30,54
670,301,30,54
667,302,30,54
664,303,30,54
661,303,30,54
660,303,30,54
660,304,30,54
659,304,30,54
658,304,30,54
657,304,30,54
657,304,30,54
656,304,30,54
655,304,30,54
654,305,30,54
654,305,30,54
653,305,30,54
652,305,30,54
651,305,30,54
651,305,30,54
650,305,30,54
649,306,30,54
648,306,30,54
648,306,30,54
647,306,30,54
646,306,30,54
645,306,30,54
644,306,30,54
644,306,30,54
643,307,30,54
642,307,30,54
641,307,30,54
641,307,30,54
640,307,30,54
639,307,30,54
638,307,30,54
638,308,30,54
637,308,30,54
636,308,30,54
635,308,30,54
635,308,30,54
634,308,30,54
633,308,30,54
632,309,30,54
632,309,30,54
631,309,30,54
630,309,30,54
629,309,30,54
629,309,30,54
628,309,30,54
627,309,30,54
626,310,30,54
626,310,30,54
625,310,30,54
624,310,30,54
623,310,30,54
623,310,30,54
622,310,30,54
621,311,30,54
620,311,30,54
620,311,30,54
619,311,30,54
618,311,30,54
617,311,30,54
617,311,30,54
616,312,30,54
615,312,30,54
614,312,30,54
614,312,30,54
613,312,30,54
612,312,30,54
611,312,30,54
611,313,30,54
610,313,30,54
609,313,30,54
608,313,30,54
608,313,30,54
607,313,30,54
606,313,30,54
605,313,30,54
604,314,30,54
604,314,30,54
603,314,30,54
602,314,30,54
601,314,30,54
601,314,30,54
600,314,30,54
599,314,30,53
598,314,30,53
598,314,30,53
597,314,30,52
596,314,30,52
595,314,30,52
595,314,30,51
594,314,30,51
593,313,30,51
592,313,30,50
592,313,30,50
591,313,30,50
590,313,30,49
589,313,30,49
589,313,30,49
588,313,30,48
587,313,30,48
586,312,30,48
585,312,30,48
583,312,30,48
582,312,30,48
581,312,30,48
580,312,30,48
578,312,30,48
577,311,30,48
576,311,30,48
575,311,30,48
573,311,30,48
572,311,30,48
571,310,30,50
571,309,30,51
570,308,30,52
569,307,30,54
569,306,30,55
568,305,30,56
567,304,30,58
567,303,30,59
566,304,30,59
566,305,30,59
566,305,30,59
565,306,30,59
565,306,30,59
565,307,30,59
563,307,30,59
562,307,30,59
560,307,30,59
558,307,30,59
557,307,30,59
555,307,30,59
553,307,30,59
552,307,30,59
551,308,30,58
549,309,30,56
548,310,30,55
547,312,30,54
546,310,30,55
545,308,30,56
544,307,30,58
543,305,30,59
541,310,30,54
540,311,30,54
539,311,30,53
538,312,30,52
537,313,30,52
