826,302,24,39
822,301,29,44
819,301,26,44
816,301,26,44
813,300,26,43
811,301,29,43
811,299,29,45
808,299,28,45
805,300,31,44
801,300,37,46
801,299,29,48
800,299,28,47
796,299,29,45
795,300,29,45
793,299,29,45
793,301,29,46
792,298,28,42
787,301,31,41
787,301,28,41
785,299,29,44
784,299,28,42
784,297,26,47
779,300,29,40
779,299,26,41
777,300,29,42
779,299,28,42
775,299,29,43
774,299,28,42
772,299,28,41
769,301,29,41
767,300,31,45
767,300,31,43
766,299,31,44
764,299,34,41
762,299,34,43
762,300,31,41
761,299,29,42
759,297,34,45
758,297,31,47
756,298,31,43
754,297,34,49
756,299,23,37
754,296,24,42
750,295,34,40
750,295,31,39
746,296,29,38
746,298,29,33
740,296,32,35
741,295,29,39
738,296,31,36
740,297,24,39
740,297,24,39
735,297,24,39
733,297,24,38
730,296,24,39
730,296,24,38
727,296,28,41
725,294,24,43
724,295,24,38
720,293,24,38
719,296,24,38
714,294,28,37
712,293,24,38
711,293,26,36
707,295,29,35
704,294,31,37
703,295,28,37
699,294,28,37
698,292,29,39
696,294,29,38
696,293,23,36
693,293,26,36
688,294,23,36
685,293,26,35
686,292,23,35
683,294,23,35
680,293,23,35
677,294,23,35
673,292,23,35
672,292,23,34
669,293,23,34
669,292,23,33
665,291,23,35
662,292,23,35
661,291,23,35
659,292,23,35
656,291,23,35
649,291,23,35
648,292,23,35
646,292,23,35
644,293,23,35
641,293,23,35
636,292,23,35
636,292,23,35
635,292,23,35
633,293,23,35
630,292,23,35
625,291,23,35
627,293,23,35
623,291,23,35
618,292,28,39
615,290,29,36
614,292,36,40
610,292,40,39
610,293,42,40
605,292,44,39
605,290,23,35
604,291,23,35
601,290,23,35
599,292,23,35
599,291,23,35
594,291,23,35
591,291,23,35
586,292,23,35
584,292,23,35
584,292,23,34
583,291,23,35
578,292,23,36
575,293,23,36
575,291,23,35
570,291,23,36
570,291,23,36
568,290,23,36
565,292,23,36
565,292,23,36
562,292,23,34
560,294,24,34
555,292,24,34
555,292,23,35
552,292,23,35
550,292,24,32
549,292,23,34
550,293,24,32
546,293,24,32
544,291,23,35
542,292,23,35
541,291,23,35
537,292,23,34
536,292,21,34
536,293,21,34
534,293,21,33
536,294,21,33
533,299,26,40
536,300,21,46
533,299,26,47
526,295,21,40
528,292,21,34
525,287,23,34
525,287,21,34
520,291,26,29
521,290,24,30
515,292,31,29
518,291,26,29
515,290,26,30
518,292,23,27
515,293,26,26
516,291,26,29
516,291,24,29
515,290,23,33
515,290,23,33
512,290,24,33
513,290,23,30
510,290,24,33
512,289,19,38
507,290,26,40
508,290,23,36
507,292,23,35
510,291,21,37
508,290,21,32
510,290,21,33
508,290,21,33
508,289,23,34
507,290,23,34
505,290,23,34
507,291,23,35
505,290,23,35
502,292,26,35
500,291,26,35
503,291,31,35
507,290,23,35
503,289,23,35
505,291,23,35
503,291,23,35
502,292,29,35
