559,166,66,185
558,170,68,190
544,170,79,182
547,171,77,184
539,174,83,182
538,174,82,182
527,174,88,181
516,179,69,176
504,177,74,182
498,180,77,173
495,185,83,171
485,188,91,168
471,185,97,171
471,185,86,170
464,185,76,170
444,185,79,171
436,183,82,176
427,179,85,179
419,180,91,177
419,179,91,177
399,185,108,168
385,179,116,177
382,182,105,174
382,182,83,173
382,182,80,170
374,182,76,173
374,182,73,173
365,179,80,173
370,179,77,179
371,180,67,177
373,180,65,177
371,179,65,176
372,180,68,175
366,180,65,176
366,180,58,176
366,180,69,176
366,181,66,176
365,182,63,176
363,181,64,172
362,181,64,169
360,180,65,165
356,183,66,167
353,185,68,168
346,188,65,164
343,190,66,159
340,193,66,154
340,193,69,157
340,193,71,159
340,191,62,162
337,190,63,163
334,190,63,164
332,190,63,164
331,191,63,164
329,193,66,161
328,196,68,157
328,196,69,158
328,196,71,159
328,196,73,161
328,194,75,161
328,193,77,161
328,193,78,160
328,193,79,159
329,196,83,161
330,196,81,158
331,196,79,156
336,196,76,155
342,196,74,154
348,194,68,157
356,194,57,157
357,190,57,164
359,190,54,163
362,190,51,162
365,193,57,159
371,193,54,157
371,194,54,157
368,194,59,161
371,194,59,157
371,193,59,157
371,191,59,157
371,191,62,159
371,191,59,159
371,191,57,159
373,191,57,160
374,191,57,161
371,188,62,161
366,188,66,162
362,188,71,164
351,190,80,161
360,185,71,162
365,188,65,161
363,188,67,161
361,187,70,162
359,186,73,162
362,188,71,164
363,189,69,161
363,190,66,159
363,191,62,161
360,188,60,164
359,188,61,163
358,188,62,163
357,188,63,162
356,188,64,162
355,188,65,161
354,188,66,161
354,188,66,162
354,188,66,164
353,190,66,161
351,191,66,159
348,197,69,154
348,198,69,154
348,199,69,154
348,199,69,154
347,199,69,153
347,200,68,152
346,200,68,151
343,199,71,154
343,199,70,155
343,199,69,156
343,199,69,153
343,197,69,153
343,197,67,153
343,197,65,153
345,197,65,153
346,197,65,153
348,197,65,153
348,196,65,154
348,194,65,156
352,190,61,159
356,186,57,162
355,186,57,164
354,185,57,165
356,185,56,164
359,185,56,164
362,183,56,164
363,183,51,164
370,185,43,165
370,185,43,165
370,185,43,165
370,185,43,165
370,185,43,165
370,185,43,165
370,184,43,165
371,184,43,165
371,184,43,165
371,184,43,165
371,184,43,165
371,184,43,165
371,184,43,165
372,184,43,165
372,184,43,165
372,184,43,165
372,184,43,165
372,184,43,165
372,184,43,165
372,183,43,165
373,183,43,165
372,184,44,165
372,184,45,164
372,185,45,164
372,185,46,163
371,186,47,163
371,186,47,162
371,187,48,162
371,187,49,161
370,188,50,161
370,188,50,160
370,189,51,160
370,189,52,159
370,190,52,159
368,191,52,159
368,191,54,159
368,191,56,159
368,191,57,159
369,193,57,157
370,194,57,156
368,194,60,155
366,194,63,154
365,194,66,153
366,194,66,153
366,194,68,153
366,194,69,153
367,194,69,154
367,194,69,156
368,194,69,157
371,193,69,157
371,194,69,157
376,196,66,154
374,196,66,154
382,196,62,154
382,196,62,154
382,196,62,154
382,196,62,154
382,194,62,156
382,193,62,157
384,190,64,159
387,188,66,161
387,186,66,165
387,185,66,170
387,184,69,168
388,183,73,167
388,183,69,167
391,183,69,167
394,183,66,167
394,183,63,168
394,183,60,170
396,179,60,170
394,180,62,170
396,180,60,169
397,180,59,169
399,180,57,169
400,180,56,168
400,180,55,169
400,180,55,169
400,180,55,170
400,180,54,170
400,180,54,171
400,180,54,171
400,180,53,172
400,180,53,172
400,180,52,173
400,180,53,173
400,180,53,173
400,180,54,173
400,180,54,173
400,180,55,173
400,180,55,173
400,180,56,173
398,180,59,174
396,179,62,174
399,177,62,174
399,177,65,176
399,178,65,176
400,178,65,176
400,179,65,176
400,179,62,174
401,178,60,176
401,178,59,177
402,177,57,179
403,177,56,178
404,177,54,177
405,177,52,176
406,177,52,176
406,177,52,176
407,177,52,176
410,176,52,177
413,176,52,179
413,176,50,178
413,176,48,177
413,176,48,177
413,176,49,177
413,176,49,176
413,176,49,176
414,175,50,177
414,174,51,177
417,174,45,181
419,171,45,181
420,171,46,180
422,171,46,179
424,170,45,181
427,168,43,182
427,168,44,182
427,168,45,182
427,168,46,182
427,168,46,182
427,168,47,182
427,168,48,182
428,168,48,182
430,168,48,182
431,168,48,182
433,168,54,181
434,168,50,182
436,168,46,184
436,168,47,185
436,168,48,187
436,168,51,185
436,167,52,185
436,167,53,185
436,166,54,185
437,166,54,185
439,166,54,185
441,166,54,185
442,166,54,185
443,166,56,185
444,165,59,185
447,166,56,188
448,165,56,190
448,165,59,190
447,162,62,191
450,162,60,194
448,162,65,198
446,162,69,194
444,162,73,191
438,162,79,191
433,162,85,191
430,156,91,201
427,156,97,199
427,157,97,199
427,160,99,194
427,160,100,199
428,157,99,202
431,159,97,201
436,159,93,198
448,154,86,202
453,151,83,210
465,154,77,199
467,149,74,204
468,146,69,208
471,146,69,210
473,146,68,205
473,149,69,207
476,146,66,208
476,146,71,211
477,146,71,211
478,146,71,211
485,143,66,218
486,142,66,218
487,142,66,218
496,142,66,218
499,145,69,211
504,140,66,218
504,140,68,222
504,140,73,221
508,140,71,221
510,140,71,221
519,140,65,218
519,140,63,219
519,140,59,219
521,139,59,221
522,137,59,224
528,136,68,225
528,136,66,225
528,136,79,224
530,134,76,224
530,136,83,221
530,136,99,216
532,136,97,219
536,136,93,225
538,136,91,223
539,136,90,221
562,136,66,218
565,136,64,219
567,136,62,221
569,136,59,222
572,136,57,224
578,136,51,227
583,136,46,222
592,136,37,222
596,136,32,218
601,136,28,218
603,136,26,216
604,136,25,215
607,136,22,218
607,136,22,218
