283,164,36,60
282,167,31,53
280,169,36,53
282,167,32,55
275,166,37,53
274,163,37,55
269,162,39,59
265,162,45,57
264,160,45,59
261,161,52,56
259,163,44,57
254,165,49,56
253,166,47,55
251,165,45,55
251,165,45,55
256,169,37,55
259,169,40,57
265,174,39,58
267,174,37,59
265,176,32,56
265,171,39,57
265,170,36,59
265,170,36,59
277,172,37,59
282,170,39,61
283,171,36,59
288,175,37,57
288,175,39,58
283,170,47,62
287,169,47,61
288,174,39,57
290,173,39,58
291,174,39,60
291,173,44,61
291,171,42,63
293,174,40,61
293,173,42,62
293,171,45,64
295,175,45,62
295,175,40,61
295,178,42,60
296,180,40,62
295,181,44,63
296,180,44,65
296,175,47,73
296,173,50,70
296,172,44,70
296,171,44,71
293,178,45,62
295,178,44,65
296,180,45,61
296,182,45,60
298,179,47,62
298,178,47,61
298,182,40,58
296,184,40,54
296,184,40,56
295,184,42,55
298,184,37,55
296,185,36,52
295,181,37,58
295,181,37,58
291,183,36,57
290,184,40,54
287,185,39,54
283,183,40,54
282,186,39,53
278,184,40,58
277,186,40,55
275,187,40,55
274,187,39,57
272,187,40,59
269,189,39,58
267,189,40,58
265,188,37,59
261,189,40,57
261,190,39,59
257,193,39,55
254,193,42,58
254,192,39,60
253,191,39,60
253,192,39,59
251,193,39,58
249,191,37,61
248,193,37,60
248,192,37,60
246,195,34,57
244,194,36,59
240,194,40,58
240,194,39,58
238,193,37,57
236,195,34,58
236,200,31,58
232,203,34,59
232,202,32,62
228,202,36,61
227,200,36,62
220,193,44,60
223,192,40,58
228,193,39,60
230,196,39,61
233,200,40,60
238,204,36,59
240,204,37,61
248,203,32,59
248,204,36,60
249,202,37,64
249,207,39,60
253,209,36,59
257,210,36,59
254,211,40,60
256,209,36,59
259,210,36,60
257,210,36,60
261,209,36,59
261,210,34,57
259,209,39,60
262,209,32,61
259,212,40,59
264,213,34,57
262,213,42,59
265,215,39,59
267,220,44,59
274,219,42,60
280,220,37,62
283,218,42,63
290,220,36,61
301,221,37,62
304,220,37,62
308,218,37,62
306,220,36,61
306,220,36,61
303,221,36,60
303,221,36,60
304,219,39,63
311,221,36,62
316,223,37,63
321,225,37,62
324,225,37,63
324,227,36,56
325,230,29,54
319,227,31,55
322,226,31,53
324,224,32,60
335,228,29,53
325,228,29,52
330,227,31,57
330,229,29,53
335,228,34,53
329,229,32,55
338,234,32,53
340,232,26,53
332,233,23,50
316,231,31,49
314,223,28,57
290,231,29,54
280,226,36,60
299,229,28,56
299,235,31,53
290,233,28,56
287,236,32,52
280,235,32,52
283,233,36,60
282,237,36,60
275,237,36,60
270,237,36,60
267,241,36,60
264,239,36,60
272,241,36,60
269,242,36,60
267,240,36,60
277,244,36,60
274,248,36,60
285,253,36,60
288,256,36,60
277,258,36,60
278,259,36,60
290,268,36,60
299,245,36,60
299,250,36,60
298,259,36,60
301,257,36,60
309,253,36,60
304,256,36,60
306,260,36,60
306,261,36,60
314,240,36,60
324,240,36,60
311,259,36,60
308,260,36,60
306,263,36,60
298,269,36,60
296,272,36,60
303,277,36,60
311,273,36,60
301,271,36,60
306,273,36,60
312,262,36,60
306,270,36,60
319,265,36,60
322,264,36,60
325,259,36,60
322,269,36,60
319,276,36,60
317,288,36,60
330,300,36,60
321,292,36,60
329,236,36,60
330,235,36,60
333,238,36,60
332,234,36,60
304,246,36,60
295,246,36,60
290,247,36,60
288,246,36,60
282,246,36,60
287,246,36,60
282,242,37,64
280,245,44,64
277,242,39,65
278,240,34,66
274,244,39,66
270,242,37,66
262,243,40,64
262,244,37,63
257,242,39,62
257,242,39,67
256,243,42,62
253,246,37,60
251,241,42,67
246,242,39,65
246,242,39,66
243,243,40,64
244,242,36,67
241,243,34,68
236,242,36,67
232,248,40,62
228,245,42,66
220,249,50,65
223,250,45,63
222,248,47,63
223,249,45,64
228,245,39,61
223,242,40,67
230,241,36,60
223,240,36,60
232,242,36,60
236,241,36,60
240,237,36,60
240,242,36,60
240,239,36,60
240,236,36,60
243,237,36,60
236,237,36,60
244,242,36,60
248,238,36,60
256,243,36,60
253,239,36,60
249,237,36,60
254,233,36,60
248,237,36,60
251,240,36,60
256,241,36,60
261,239,36,60
254,236,36,60
264,239,36,60
261,240,36,60
259,241,36,60
259,243,36,60
262,242,36,60
254,241,36,60
251,248,36,60
243,249,36,60
246,257,36,60
243,262,36,60
246,270,36,60
246,266,36,60
254,270,36,60
254,270,36,60
251,276,36,60
246,273,36,60
244,282,36,60
240,276,36,60
243,278,36,60
249,280,36,60
246,277,36,60
243,275,36,60
248,278,36,60
254,277,36,60
256,280,36,60
254,277,36,60
256,274,37,65
256,272,37,66
254,277,37,63
259,279,49,64
264,281,42,62
265,284,49,62
267,279,45,70
269,284,44,69
269,284,44,69
283,287,40,71
285,289,34,67
287,287,36,68
288,288,37,69
288,289,39,65
282,288,39,66
282,289,45,64
280,288,52,65
275,288,58,63
283,286,47,67
285,285,47,69
285,286,42,67
285,285,40,68
282,284,40,69
275,283,39,70
267,283,47,67
259,284,49,69
261,281,47,71
257,283,50,68
256,284,47,68
253,286,49,66
256,285,42,70
256,284,42,69
251,284,50,73
254,285,40,73
248,285,47,69
248,287,47,68
240,290,50,66
243,287,50,70
243,290,49,69
246,290,47,70
244,290,55,71
254,291,47,74
256,294,44,68
257,294,42,70
257,296,40,68
265,296,28,73
265,298,40,68
267,297,40,68
267,300,45,68
269,300,50,68
272,299,49,67
269,302,57,65
277,301,50,65
287,299,50,69
290,299,42,66
287,301,44,65
293,299,39,69
296,301,39,67
298,301,44,66
298,302,49,67
295,301,57,68
293,303,58,66
298,300,52,68
298,300,50,67
299,302,45,66
299,300,45,69
301,302,44,69
303,304,47,70
301,309,45,73
301,313,44,70
299,316,52,68
304,316,57,69
309,319,53,67
348,309,45,67
309,314,50,69
306,307,49,69
301,305,49,69
303,300,49,66
298,291,37,69
296,282,42,74
298,285,42,66
299,285,40,68
299,286,40,67
298,291,40,70
304,294,47,71
306,294,40,70
304,295,40,69
303,298,42,69
304,298,42,67
308,297,42,67
311,297,40,67
308,298,45,68
301,294,47,67
303,295,40,68
291,294,52,69
296,294,39,69
290,297,49,69
285,297,52,69
283,297,49,64
282,299,40,65
283,295,42,68
280,297,40,67
275,300,40,66
272,299,36,71
269,301,40,67
265,303,40,65
257,302,52,70
261,303,52,71
256,306,53,70
257,306,50,69
256,307,52,67
254,307,45,66
249,305,45,69
249,305,45,69
249,305,37,69
248,306,40,70
248,307,42,73
244,309,49,69
240,307,53,73
236,307,55,67
236,308,53,68
236,308,50,67
243,306,47,69
248,306,39,69
244,304,39,70
244,304,34,71
246,302,29,75
244,305,34,69
240,305,45,71
240,309,52,68
238,308,55,65
240,308,52,67
238,309,53,68
248,308,47,73
246,308,49,69
246,307,47,73
254,308,37,71
256,308,34,70
257,310,34,71
257,311,40,71
254,310,44,70
251,312,49,69
253,310,50,69
256,313,53,69
256,315,53,70
256,317,52,73
259,321,47,69
262,322,37,73
264,325,39,73
264,327,39,70
264,327,37,71
262,326,37,75
257,327,42,74
253,332,49,73
249,334,53,71
248,336,57,75
251,341,57,70
257,341,45,73
261,342,40,69
259,340,37,71
256,340,36,71
259,338,34,74
257,338,36,74
256,344,42,70
256,347,44,67
249,349,53,68
254,350,52,67
256,351,52,66
262,352,49,68
262,349,49,71
267,350,44,70
267,350,40,69
267,350,40,69
269,346,37,74
269,347,40,73
265,348,42,70
267,349,42,70
267,348,47,70
267,348,53,70
272,348,49,68
274,349,50,66
269,347,52,69
275,347,45,70
275,348,40,69
275,348,40,69
272,346,42,73
272,347,39,71
270,348,39,71
265,349,45,69
257,355,52,69
261,357,52,70
262,359,50,73
262,365,47,67
264,367,45,67
267,368,36,68
264,367,34,70
264,367,29,70
261,367,34,71
259,367,31,71
254,373,40,67
254,375,50,66
251,376,52,67
256,376,49,69
256,378,53,67
265,380,40,67
269,378,39,70
270,380,36,69
272,380,34,71
272,381,31,71
274,385,40,69
274,387,42,68
272,386,45,68
272,390,55,65
278,389,52,68
287,391,42,67
285,391,45,67
287,393,44,66
290,389,40,68
290,389,44,69
290,383,36,70
291,382,36,71
295,382,36,69
291,384,42,67
293,383,42,67
295,386,44,68
296,386,49,67
303,386,49,70
304,385,44,69
309,386,42,69
311,387,36,71
309,389,37,70
312,392,31,67
309,392,36,70
312,394,36,71
303,398,52,67
303,399,53,68
304,401,55,67
314,401,52,70
324,402,47,68
332,403,44,69
333,406,40,68
333,404,37,73
333,403,37,71
333,403,36,75
340,403,36,70
337,404,37,70
337,401,37,69
333,400,42,73
335,401,42,73
335,403,42,68
337,403,42,69
337,402,40,70
338,402,36,70
335,404,37,69
337,403,36,71
335,403,37,70
335,401,39,74
330,403,42,69
330,406,47,68
332,407,49,67
333,407,45,69
332,406,47,70
333,406,45,74
335,408,42,67
337,408,34,71
337,408,34,71
338,409,36,73
337,410,36,69
335,411,36,75
338,413,36,70
335,416,44,70
340,418,39,67
343,418,37,67
345,418,37,67
351,416,36,73
350,415,37,73
351,417,32,67
348,416,37,68
350,419,32,68
340,420,42,73
332,428,49,68
332,431,47,68
333,435,44,71
332,438,45,68
327,445,44,69
330,446,39,70
325,451,42,66
327,453,29,71
322,453,37,69
322,454,34,71
319,458,34,66
317,455,36,70
311,453,40,66
309,450,49,69
317,443,47,69
321,443,49,71
324,443,49,81
325,439,47,66
327,439,50,70
