116,233,29,83
117,233,29,83
118,234,29,83
118,234,29,83
121,235,29,83
123,235,29,83
124,235,29,83
125,235,29,83
128,235,29,83
131,234,29,83
132,233,29,83
132,232,29,83
132,232,29,83
132,232,29,83
132,231,29,83
132,231,29,83
133,231,29,84
133,232,29,86
134,232,29,86
135,232,29,86
137,232,29,86
138,233,29,86
139,232,29,86
139,231,29,86
141,231,29,86
143,232,29,86
142,231,29,86
141,231,29,86
143,231,29,86
145,231,29,86
146,231,29,86
147,231,29,86
149,231,29,87
151,231,29,89
153,231,29,89
154,231,29,89
156,230,29,91
157,228,29,93
157,228,29,93
158,227,29,93
158,228,29,93
159,228,29,93
159,228,29,93
160,228,29,93
161,228,29,93
163,228,29,93
163,228,29,93
164,228,29,93
165,228,29,93
166,227,29,93
168,226,29,93
169,224,29,93
170,224,30,95
170,224,32,97
171,224,32,97
171,224,32,97
173,224,32,97
174,225,32,97
175,225,32,97
177,225,32,97
178,226,32,97
180,227,32,97
182,226,32,97
184,225,32,97
184,224,32,97
184,224,32,97
186,224,32,97
187,224,32,97
190,223,32,97
192,223,32,97
191,223,32,97
191,223,32,97
193,223,32,97
195,224,32,97
195,223,32,97
195,223,32,97
196,222,32,97
197,222,32,97
198,222,32,97
200,223,32,97
203,222,32,97
206,222,32,97
213,224,32,97
204,223,32,97
207,222,32,97
210,222,32,97
212,222,32,97
213,222,32,97
214,222,32,97
216,221,32,97
217,221,32,97
218,220,32,97
219,220,32,97
220,222,32,97
221,224,32,97
222,223,32,97
223,223,32,97
223,223,32,97
224,224,32,97
226,224,32,97
229,224,32,97
232,223,32,97
236,223,32,97
237,223,32,97
239,222,32,97
239,223,32,97
240,225,32,97
241,225,32,97
241,225,32,97
244,225,32,97
247,225,32,97
249,225,32,97
251,224,32,97
253,224,32,97
255,224,32,97
257,224,32,97
259,224,32,97
262,224,32,97
264,224,32,97
264,223,32,97
264,221,32,97
267,222,33,100
270,222,35,102
271,221,35,102
271,220,35,102
272,220,35,102
272,220,35,102
275,220,35,102
278,221,35,102
279,219,36,104
281,217,37,106
282,218,37,106
282,218,37,106
284,218,37,106
285,218,37,106
286,218,37,106
287,218,37,106
289,218,37,106
291,219,37,106
295,219,37,106
298,218,37,106
299,218,37,106
300,218,37,106
303,218,37,106
307,217,37,106
310,217,37,106
313,217,37,106
315,217,37,106
317,217,37,106
316,217,40,109
315,217,43,112
315,217,43,112
315,218,43,112
320,216,43,112
325,215,43,112
329,215,43,112
332,215,43,112
333,214,43,112
334,214,43,112
336,213,44,112
337,213,45,112
337,214,45,112
337,215,45,112
338,214,45,112
340,214,45,112
345,213,45,112
351,213,45,112
356,213,45,112
361,213,45,112
362,213,45,112
364,213,45,112
363,210,45,112
363,208,45,112
363,210,51,118
372,211,45,112
374,209,45,121
376,206,45,129
380,207,45,129
384,207,45,129
379,200,49,134
374,193,52,139
383,196,52,138
392,199,53,138
393,199,53,138
395,199,53,138
396,196,53,138
393,191,53,138
400,196,59,143
406,198,53,138
398,196,53,138
400,193,56,147
395,186,54,150
399,190,59,144
407,192,53,142
407,186,59,146
407,190,62,150
414,193,53,138
415,185,55,152
418,186,55,150
421,187,55,149
426,192,53,138
423,193,53,145
423,191,58,146
430,190,51,148
429,190,52,150
429,189,52,152
432,187,53,155
434,185,53,158
436,184,53,158
438,183,53,158
439,182,56,160
440,182,58,162
445,183,59,162
449,184,61,162
452,184,61,165
454,184,62,169
457,181,63,172
460,178,63,175
465,175,65,176
469,172,66,177
471,171,66,177
473,170,66,177
477,170,66,177
482,170,66,177
483,169,66,177
484,169,66,177
488,170,66,177
492,172,66,177
495,172,66,177
498,172,66,177
502,172,66,177
506,171,66,177
510,171,66,177
514,170,66,177
515,169,66,177
516,169,66,177
516,170,66,177
502,170,66,177
477,166,72,177
451,167,77,177
382,164,77,177
308,166,84,182
272,168,84,182
236,170,84,182
230,168,84,182
225,165,84,182
223,165,84,182
221,165,84,182
218,164,84,182
216,163,84,182
211,163,84,182
206,163,84,182
194,166,84,182
182,169,84,182
176,166,86,185
170,163,88,188
163,161,88,188
156,160,88,188
149,159,90,191
142,157,93,194
131,156,93,194
120,154,93,194
113,154,106,198
101,155,106,198
89,155,106,198
65,157,106,198
41,158,106,198
40,157,106,198
40,155,106,198
33,156,106,198
25,157,106,198
18,156,103,201
12,154,100,204
5,153,97,206
4,152,90,206
4,152,82,206
4,150,82,206
3,149,82,206
3,149,71,206
3,149,59,206
3,149,59,206
3,148,59,206
3,148,59,206
3,148,59,206
3,148,60,206
3,148,61,206
3,148,66,206
3,148,71,206
3,141,83,227
2,133,95,225
2,126,107,231
2,125,107,229
2,124,107,230
2,125,107,237
2,126,107,241
7,125,107,253
12,124,107,251
19,124,107,256
24,117,107,266
28,120,107,269
31,123,107,257
33,125,107,258
34,137,107,239
38,128,107,253
41,129,107,259
41,132,107,252
41,134,107,247
49,134,107,249
57,134,107,252
68,135,107,253
68,134,107,252
74,133,107,262
79,132,107,259
84,133,107,252
89,134,107,264
94,133,107,260
98,133,107,261
104,133,113,254
111,133,118,247
115,133,118,251
118,134,118,254
125,134,118,258
132,134,118,262
135,133,118,264
137,132,118,266
138,128,118,275
140,124,118,285
142,123,118,283
144,123,118,282
148,124,118,275
152,124,118,267
150,124,118,269
148,124,118,270
146,124,118,273
144,124,118,275
141,124,118,282
137,124,118,289
134,120,118,284
131,117,118,279
133,117,118,275
134,116,118,281
143,117,118,277
151,118,118,273
154,117,118,277
158,116,118,280
163,117,118,282
168,118,118,284
175,118,118,291
182,118,118,299
191,117,118,295
199,116,118,291
207,115,118,297
215,114,118,303
224,113,118,229
226,113,119,304
228,113,142,302
230,113,164,300
232,113,176,294
234,113,188,288
236,113,124,235
242,111,127,286
248,109,130,304
254,107,132,322
260,105,135,320
267,103,137,317
273,101,140,321
279,99,142,325
285,97,145,324
291,95,148,323
299,95,174,295
312,96,168,314
317,97,183,311
323,97,198,309
329,98,148,260
341,100,196,323
341,100,196,326
341,100,197,329
341,100,198,332
359,94,181,335
378,88,164,339
394,88,164,339
411,87,164,339
416,88,164,339
422,90,164,339
427,88,164,339
432,87,164,339
435,87,164,339
439,86,164,339
442,86,164,339
450,87,164,339
458,87,164,339
466,88,164,339
504,90,164,339
