437,262,269,217
434,260,272,219
431,259,275,220
428,258,279,222
425,256,282,224
422,255,286,225
422,255,283,225
422,255,281,224
422,255,278,223
422,255,276,223
422,255,274,222
420,258,271,219
417,262,268,215
415,265,266,212
413,268,263,209
410,272,260,205
408,272,258,205
406,272,256,205
404,272,254,205
402,272,252,205
400,272,250,205
400,271,249,203
399,270,247,201
398,270,245,199
398,269,244,197
397,268,242,195
398,274,239,190
400,280,236,184
401,285,233,178
402,291,230,173
404,297,227,167
409,297,222,167
414,296,218,168
419,296,213,168
424,296,208,168
429,295,204,169
429,295,201,166
430,295,198,163
431,295,195,160
431,295,192,157
432,295,189,154
433,293,185,153
434,291,181,152
435,289,178,151
437,286,174,150
438,284,171,149
439,282,167,149
439,281,166,146
439,280,166,144
439,279,165,142
439,278,165,140
439,278,164,137
439,277,164,135
439,276,163,134
439,276,162,132
439,275,161,130
439,275,160,129
439,274,159,127
439,273,159,125
435,274,159,125
432,275,159,125
428,275,159,125
424,276,159,125
421,276,159,125
417,277,159,125
411,277,163,125
404,277,167,125
398,278,171,125
391,278,175,125
385,278,179,125
379,278,184,125
379,276,181,125
379,273,178,125
379,271,175,125
379,268,173,125
379,266,170,125
379,263,167,125
378,262,167,125
377,260,167,125
376,258,167,125
375,256,167,125
374,254,167,125
374,252,167,125
376,253,167,124
379,255,167,122
381,256,167,121
384,257,167,120
386,259,167,118
389,260,167,117
397,263,166,117
405,266,165,117
413,268,164,117
421,271,163,117
429,274,161,117
437,277,160,117
443,278,158,116
449,279,156,115
455,280,154,114
460,281,151,112
466,282,149,111
472,283,147,110
469,285,148,106
465,286,149,101
462,287,149,97
459,288,150,92
455,289,151,88
452,290,152,83
449,291,151,81
446,292,150,79
443,294,149,77
440,295,147,75
437,296,146,72
434,297,145,70
434,295,142,70
435,292,139,70
435,290,136,70
436,288,133,70
437,286,130,70
437,283,127,70
447,279,115,72
457,275,103,75
466,271,91,77
476,267,79,79
486,263,67,81
496,258,55,83
496,259,56,85
497,260,57,87
498,261,59,89
498,262,60,91
499,263,61,93
500,264,62,95
501,265,63,97
501,268,62,97
501,272,61,97
501,275,60,97
502,278,59,97
502,282,58,97
502,285,57,97
489,284,68,99
476,283,78,100
463,283,89,102
450,282,100,104
437,281,111,105
424,280,122,107
428,281,122,104
432,282,123,102
436,283,124,99
440,283,124,97
445,284,125,94
449,285,125,92
463,278,124,92
477,271,124,92
491,263,123,92
504,256,122,92
518,249,121,92
532,242,120,92
531,248,119,91
530,254,117,90
529,260,116,89
528,266,115,88
527,272,113,88
526,278,112,87
513,279,118,90
501,280,124,93
489,280,130,96
477,281,136,99
464,281,142,102
452,282,149,105
463,281,137,104
474,280,125,102
486,279,114,100
497,278,102,99
508,278,90,97
519,277,78,95
526,278,89,98
533,278,100,100
540,279,111,103
547,280,122,105
560,282,127,106
573,283,131,106
586,284,136,107
598,286,141,107
611,287,146,108
624,289,150,109
633,289,139,107
642,290,129,106
651,290,118,104
660,291,107,103
669,291,96,102
678,292,85,100
652,294,115,104
639,294,118,105
626,294,121,106
613,295,124,107
600,295,127,108
587,295,130,109
568,294,137,110
550,292,144,111
531,291,151,113
512,290,158,114
493,288,165,115
474,287,172,117
463,285,170,104
452,283,168,91
441,281,166,78
430,278,164,65
429,277,166,66
428,276,169,67
426,275,172,68
425,274,175,68
423,273,178,69
422,272,180,70
433,278,169,82
443,284,158,93
454,290,147,105
449,293,152,105
444,295,156,105
440,298,161,104
435,300,166,104
430,303,171,104
425,305,175,104
427,306,174,100
429,307,172,97
430,308,170,94
432,309,169,91
434,309,167,88
435,310,165,85
438,309,166,91
440,309,166,97
443,308,167,103
445,307,168,109
448,306,168,114
450,305,169,120
454,305,167,118
458,305,165,116
461,305,163,114
465,305,161,111
469,305,159,109
472,305,157,107
471,306,156,105
470,307,154,104
470,308,153,102
469,309,151,100
468,309,150,99
467,310,149,97
463,311,152,92
458,311,156,87
454,311,160,82
450,312,163,77
445,312,167,72
445,312,167,72
445,311,167,72
445,311,167,72
444,311,167,72
444,310,167,72
444,310,167,72
445,310,167,72
446,310,167,72
447,310,167,72
448,310,167,72
449,310,167,72
450,310,167,72
449,301,169,81
447,291,170,91
445,282,172,100
444,279,173,102
442,276,174,104
440,273,175,105
440,277,173,102
439,280,170,99
439,283,167,96
438,286,164,93
438,289,161,90
437,292,159,87
439,291,160,87
442,291,161,87
444,290,162,87
444,290,162,87
445,290,162,87
445,290,162,87
446,290,162,87
447,290,162,87
447,290,162,87
447,289,160,86
447,289,158,84
447,288,156,83
447,287,154,82
447,285,158,83
447,283,161,85
447,282,165,87
444,277,166,92
442,272,166,97
439,267,167,102
444,266,163,101
450,265,158,100
455,264,154,99
461,263,149,97
467,263,145,96
472,262,140,95
476,260,138,94
480,257,135,93
484,255,133,93
488,253,130,92
492,251,128,91
496,248,125,90
498,251,121,93
500,253,118,96
502,256,114,99
504,258,110,102
484,264,131,101
465,270,152,100
445,275,174,99
446,273,164,100
447,270,154,102
448,268,144,104
449,265,134,105
450,263,124,107
450,260,114,109
451,263,111,109
451,267,109,109
451,270,107,109
452,273,104,109
452,277,102,109
441,279,114,109
429,281,127,109
418,283,139,110
407,285,151,110
395,287,164,110
401,282,160,109
406,277,156,107
411,273,152,105
417,268,148,104
422,263,144,102
425,260,137,101
429,257,131,100
432,254,125,99
435,251,119,97
439,248,113,96
442,245,107,95
444,251,110,88
445,257,113,82
447,263,116,75
449,268,119,68
450,274,122,62
452,280,125,55
456,280,120,63
459,280,116,71
463,280,111,78
467,280,106,86
470,280,102,94
474,280,97,102
472,283,101,98
471,286,105,95
470,289,109,91
468,291,114,87
467,294,118,84
465,297,122,80
473,295,122,76
481,294,122,71
488,292,123,67
496,290,123,62
503,289,123,58
511,287,124,53
511,287,124,57
511,287,125,60
511,287,126,63
512,287,127,67
512,287,128,70
512,287,129,73
506,289,129,74
499,291,130,75
493,294,130,76
487,296,131,77
480,298,131,78
474,300,132,78
471,297,133,78
469,294,134,77
466,290,135,76
464,287,136,75
461,283,137,74
459,280,139,73
465,283,127,72
471,287,116,71
477,290,105,70
472,291,109,73
467,292,114,77
462,294,118,80
457,295,122,83
452,296,126,87
447,297,130,90
447,297,128,90
447,297,126,90
447,298,124,89
447,298,121,89
447,298,119,89
447,299,117,88
443,299,117,88
439,300,117,88
435,300,117,88
432,301,117,88
428,301,117,88
424,302,117,88
418,301,119,89
413,301,120,90
408,300,122,91
403,300,124,92
397,299,125,93
392,299,127,93
382,300,128,94
372,302,130,95
362,304,131,95
352,305,132,96
342,307,134,96
332,309,135,97
329,306,126,102
325,303,117,107
322,300,109,112
319,297,100,117
315,295,91,122
312,292,82,127
313,293,78,127
315,295,75,128
316,296,71,129
317,297,67,129
319,299,64,130
320,300,60,130
327,303,59,130
334,306,57,129
341,309,56,129
348,312,55,128
355,315,53,127
362,319,52,127
357,320,68,125
351,321,84,124
346,323,100,122
341,324,116,120
336,326,132,119
330,327,149,117
341,325,147,114
351,324,145,111
361,322,143,109
371,320,141,106
382,319,139,103
392,317,137,100
410,304,140,104
428,291,144,107
445,278,147,110
463,265,150,114
481,251,154,117
499,238,157,120
485,242,160,123
472,246,163,125
458,250,165,128
444,254,168,130
431,258,171,133
417,262,174,135
374,274,174,136
331,287,174,136
289,299,174,137
246,312,175,137
203,324,175,138
160,337,175,139
139,336,174,137
118,335,173,136
97,334,171,135
76,334,170,134
56,333,168,133
35,332,167,132
54,335,171,133
73,338,174,134
91,341,178,135
110,344,181,136
129,347,185,137
148,350,189,139
202,340,183,139
256,330,176,140
310,320,170,140
364,310,164,141
418,300,158,141
472,290,152,142
486,277,163,145
499,265,174,148
512,252,185,151
526,239,196,154
539,226,208,157
552,213,219,160
537,231,211,152
521,249,203,144
506,267,195,135
491,285,187,127
445,294,188,129
400,304,189,131
355,313,190,133
310,322,191,135
265,331,193,137
220,340,194,139
199,334,193,140
177,329,193,142
156,323,192,144
134,317,191,145
113,311,191,147
91,305,190,149
99,308,196,150
107,310,201,151
115,313,207,152
123,315,213,153
130,318,218,154
138,320,224,155
173,324,218,152
208,327,212,149
243,330,206,145
278,334,200,142
314,337,195,139
349,340,189,135
380,329,180,134
412,317,171,133
444,305,163,132
475,294,154,131
507,282,146,130
539,270,137,129
532,272,134,127
525,273,131,126
518,275,129,124
511,277,126,123
504,278,123,122
497,280,120,120
483,283,126,120
468,286,131,120
454,289,136,120
439,291,141,120
425,294,147,120
410,297,152,120
408,299,150,113
406,301,149,106
404,304,147,99
404,299,153,107
404,295,159,115
404,290,165,124
415,295,155,122
427,300,144,120
439,305,134,118
450,310,123,116
462,315,112,114
474,320,102,112
470,319,109,113
466,319,116,114
463,318,123,114
459,317,130,115
460,314,127,113
461,311,124,111
462,308,120,109
463,305,117,107
464,302,114,105
465,299,110,104
462,293,116,106
458,288,122,109
454,282,128,111
450,277,134,114
446,271,140,117
443,266,146,119
439,260,152,122
433,266,143,122
426,272,134,122
420,278,124,122
414,283,115,122
405,292,109,118
396,301,104,114
387,310,98,109
379,319,92,105
377,317,92,105
375,315,92,105
373,313,92,105
371,311,92,105
369,309,92,105
367,307,92,105
401,304,94,105
436,301,96,105
470,299,99,105
498,294,104,92
525,289,109,78
552,283,114,65
560,277,127,75
567,271,141,84
574,265,155,93
574,272,144,94
574,278,132,95
574,285,120,95
550,292,126,98
527,299,131,101
503,305,137,104
479,312,142,107
456,319,148,110
432,325,154,114
418,325,148,115
404,325,143,116
390,325,138,118
376,325,132,119
362,325,127,120
340,321,133,121
317,316,138,122
295,311,144,123
272,307,150,124
250,302,155,125
253,304,152,122
256,307,149,119
258,309,145,115
261,312,142,112
264,314,139,109
267,317,135,105
299,315,136,107
331,313,137,109
364,311,139,111
396,309,140,113
428,307,141,115
460,305,142,117
476,296,141,117
491,288,139,118
507,279,138,118
522,270,137,119
529,272,119,117
536,273,100,115
525,277,104,115
515,280,109,115
505,283,113,114
494,287,117,114
484,290,121,114
474,294,125,114
452,298,127,114
430,302,129,114
409,306,130,114
387,310,132,114
365,314,134,114
344,319,135,114
324,319,136,113
304,319,137,112
284,319,138,112
265,320,139,111
245,320,139,111
225,320,140,110
241,320,135,110
256,319,130,109
272,319,124,109
287,318,119,108
303,317,114,107
319,317,109,107
348,316,104,104
377,316,100,100
406,315,96,97
435,315,92,93
465,314,88,90
494,314,83,87
498,312,83,86
502,310,82,85
506,308,81,83
509,306,80,82
513,304,79,81
517,302,78,80
507,295,73,86
498,289,67,91
488,283,62,97
478,276,56,102
469,270,51,108
459,263,45,114
451,254,45,111
443,245,45,109
435,235,52,102
435,235,40,95
430,237,45,93
424,238,50,92
419,240,55,90
417,240,51,91
416,240,48,92
415,240,44,93
414,240,40,93
412,240,40,93
410,239,40,93
409,238,40,93
411,236,40,93
414,233,41,93
417,230,41,93
419,228,41,93
422,225,42,93
420,226,48,92
418,228,54,91
416,229,61,90
414,230,67,89
412,232,73,88
409,231,86,84
405,231,100,79
402,231,113,74
399,230,126,70
395,230,139,65
395,230,134,67
395,230,129,69
395,230,125,71
395,230,120,73
395,230,115,75
393,229,115,75
391,229,115,75
388,228,115,75
386,227,115,75
384,227,115,75
384,227,115,75
384,227,115,75
385,227,115,75
385,227,115,75
385,227,115,75
383,229,122,80
380,231,128,86
377,233,134,91
375,235,141,97
372,237,147,102
374,238,147,102
376,240,147,102
379,241,147,102
381,242,147,102
383,244,147,102
385,245,147,102
383,249,146,102
380,252,144,102
377,256,143,102
374,260,141,102
371,263,140,102
369,267,139,102
358,271,132,104
347,275,125,105
336,279,119,107
325,283,112,109
307,283,112,109
294,279,105,110
282,275,99,112
269,277,99,112
256,278,99,112
243,280,99,112
236,280,104,114
228,279,109,115
221,279,115,117
213,278,120,119
215,280,126,112
216,281,133,106
217,282,139,100
218,283,145,93
231,278,145,91
244,272,145,89
257,266,145,87
270,260,145,85
282,258,143,85
294,255,141,85
305,253,139,85
317,250,137,85
321,255,136,85
325,259,136,85
329,263,135,85
334,268,135,85
338,272,134,85
342,277,134,85
337,279,131,88
333,282,128,90
329,284,125,93
324,287,122,95
320,289,120,98
315,292,117,100
310,289,119,103
305,286,120,105
299,283,122,108
294,280,124,110
289,277,125,113
283,273,127,115
288,271,127,115
293,268,127,115
298,266,127,115
302,263,127,115
307,261,127,115
312,258,127,115
319,260,133,111
327,262,139,107
334,264,144,104
342,266,150,100
349,268,156,96
357,270,162,92
361,268,164,92
365,266,165,92
369,263,167,92
373,261,169,92
376,259,170,92
380,257,172,92
393,257,168,93
405,257,163,94
418,257,159,95
430,257,154,96
443,257,150,97
455,257,145,99
461,256,147,94
467,256,148,90
472,255,149,85
478,255,151,81
483,254,152,76
489,253,154,72
489,253,156,75
489,253,159,78
490,253,161,81
490,252,164,84
490,252,166,87
491,252,169,90
496,251,166,90
501,250,163,90
506,249,160,90
511,248,157,90
511,248,158,85
512,248,159,79
513,247,161,74
514,247,162,68
513,246,161,73
512,246,161,77
511,246,160,81
510,245,159,86
509,245,159,90
508,243,160,90
507,242,162,91
506,240,164,91
505,238,165,91
504,237,167,91
503,235,169,92
502,233,170,92
502,236,169,92
502,239,168,93
502,241,166,94
502,244,165,94
502,247,164,95
499,246,164,94
496,245,165,92
492,244,166,91
489,243,166,90
486,242,167,88
485,242,168,88
485,242,168,88
485,243,169,88
484,243,170,88
484,243,170,88
484,244,170,87
485,245,170,85
485,246,170,83
486,247,170,82
486,248,170,80
487,249,170,78
487,250,170,77
485,251,171,80
483,253,171,83
481,254,172,87
479,255,172,90
481,253,174,91
482,251,177,93
484,249,179,94
486,247,182,95
489,245,182,95
492,243,182,95
496,242,181,95
499,240,181,95
502,238,181,95
506,237,181,95
509,235,180,95
510,235,181,95
511,234,182,96
512,234,183,96
513,234,184,96
514,233,185,96
516,233,186,96
517,232,187,96
518,232,188,97
519,232,189,97
516,228,189,97
514,225,189,97
518,225,186,98
521,225,183,99
525,225,180,101
529,225,177,102
529,225,177,103
529,225,177,103
529,225,177,104
529,225,177,105
529,225,177,105
527,225,180,101
525,226,184,97
523,226,187,93
521,226,190,90
519,226,194,86
517,227,197,82
520,227,195,85
523,228,193,88
526,228,191,91
529,228,189,93
526,226,191,94
522,223,194,94
519,220,197,95
516,218,200,95
512,215,202,96
509,212,205,96
506,209,208,96
502,207,210,97
501,204,212,103
499,202,215,109
497,199,217,114
496,197,219,120
499,200,218,114
502,203,218,108
506,206,218,102
509,209,217,96
512,212,217,90
513,212,219,88
514,213,220,86
514,214,222,84
515,214,224,82
516,215,225,80
513,215,225,80
510,214,225,80
507,214,225,80
504,214,225,80
502,214,225,80
499,213,225,80
500,215,227,80
501,217,228,80
502,218,230,79
503,220,231,79
504,222,232,79
506,223,234,78
505,225,234,78
503,226,235,77
502,227,236,77
501,228,236,76
500,230,237,75
499,231,238,75
498,232,238,74
497,233,239,73
499,235,238,73
501,236,237,72
503,237,236,72
505,238,235,71
507,239,235,71
509,240,234,70
515,236,238,79
521,231,242,88
527,227,246,97
533,222,250,106
539,218,255,115
546,213,259,124
559,230,253,124
572,246,247,125
586,262,240,125
588,261,235,133
591,260,229,141
594,259,224,149
597,258,218,156
600,258,213,164
602,257,207,172
600,252,211,175
597,247,216,179
594,243,220,182
592,238,224,185
589,233,229,189
591,230,227,188
593,226,225,186
596,222,224,185
598,218,222,184
600,214,220,183
602,210,219,182
601,207,221,182
600,204,223,182
598,202,225,182
597,199,227,182
595,196,228,182
594,193,230,182
593,198,230,178
591,202,229,175
590,206,229,171
588,210,228,168
587,214,228,164
586,218,227,160
585,219,222,160
585,219,216,159
585,219,211,159
585,219,206,158
584,220,201,158
584,220,195,157
578,222,196,155
572,225,197,153
566,227,198,151
560,229,199,149
553,231,200,147
547,233,200,145
545,238,196,142
542,242,193,139
540,246,189,136
537,250,185,133
535,254,181,130
532,258,177,127
533,260,172,127
533,262,168,127
533,264,163,127
533,266,158,127
534,268,153,127
534,270,149,127
533,269,149,127
531,267,149,127
530,266,149,127
528,265,149,127
527,263,149,127
526,262,149,127
529,262,148,125
532,263,147,124
536,263,146,122
539,264,145,120
542,265,144,119
546,265,144,117
551,262,143,116
556,259,142,116
561,256,141,115
566,253,140,115
571,250,139,114
576,247,139,114
578,245,139,114
580,243,139,114
582,241,139,114
585,239,139,114
587,237,139,114
589,235,139,114
588,237,141,111
588,240,142,109
587,242,144,107
587,244,146,105
586,246,148,102
586,248,150,100
585,251,148,97
583,253,145,95
582,256,143,92
581,258,140,89
580,261,138,86
579,263,135,83
582,264,133,85
585,264,131,86
587,264,129,87
590,265,127,88
593,265,126,89
596,265,124,90
598,266,126,93
600,267,128,95
602,268,130,98
604,268,132,100
609,274,130,99
615,279,129,97
620,285,127,95
626,290,125,93
630,293,125,97
634,295,125,100
639,297,124,104
643,300,124,107
647,302,124,110
651,303,117,110
655,303,110,109
659,304,103,108
663,305,95,108
667,305,88,107
667,305,85,107
666,306,81,107
665,306,78,108
664,306,74,108
663,307,70,108
662,307,67,109
660,307,66,109
657,307,65,109
654,307,64,109
652,307,63,109
649,307,62,109
640,300,78,112
630,292,94,115
621,285,110,119
619,284,113,115
616,283,116,111
614,282,119,108
612,281,122,104
610,280,126,100
607,278,129,97
605,278,130,98
603,277,132,100
602,277,134,101
600,276,135,102
598,276,137,104
596,275,139,105
592,269,145,109
589,264,151,113
586,258,157,117
582,252,163,121
579,247,169,125
586,254,161,118
592,261,152,111
599,268,144,104
606,275,136,97
612,282,128,90
619,289,120,83
619,284,127,88
619,279,134,93
619,275,140,97
619,270,147,102
619,266,145,101
619,262,144,101
619,258,142,100
618,256,142,100
617,253,141,100
617,251,141,100
616,248,141,100
615,246,141,100
614,243,140,100
610,246,141,98
606,249,141,95
602,252,141,93
598,255,142,91
594,258,142,88
586,258,145,92
578,257,147,96
571,257,150,100
571,258,149,96
571,259,148,92
571,260,147,88
572,261,146,83
572,262,145,79
572,263,144,75
572,264,142,75
572,264,141,74
572,265,140,74
572,265,139,73
572,267,136,76
572,269,134,78
572,271,132,80
572,273,130,82
572,275,127,85
572,277,125,87
571,275,126,89
571,273,127,91
570,272,129,93
569,270,130,96
568,268,131,98
567,267,132,100
569,266,128,102
570,266,125,103
571,265,121,104
573,265,117,106
574,264,114,107
576,263,110,109
582,266,101,109
588,268,92,109
594,270,83,109
600,273,73,109
606,275,110,109
613,275,103,109
620,275,95,109
627,275,88,109
634,275,80,109
634,273,91,111
634,272,101,113
634,270,112,115
634,268,122,117
634,267,133,120
634,265,144,122
637,265,141,124
640,265,137,125
643,265,134,127
646,265,131,129
649,265,128,130
652,265,125,132
657,269,110,127
662,274,94,122
666,278,79,117
671,282,64,112
676,287,48,107
659,285,66,109
642,283,84,112
625,282,102,114
608,280,120,117
591,278,137,119
574,277,155,122
563,278,155,120
553,280,154,117
542,281,154,115
532,282,153,113
521,284,152,111
511,285,152,109
501,287,155,108
491,289,157,107
481,290,160,106
470,292,163,105
460,294,165,104
462,293,164,104
463,292,163,105
464,291,161,106
466,290,160,106
467,289,159,107
481,280,152,107
494,272,146,106
507,263,140,106
521,255,133,106
534,247,127,105
542,239,130,106
550,232,132,107
558,225,135,107
566,217,138,108
574,210,140,109
572,210,141,109
570,210,141,110
567,210,142,110
565,210,142,111
563,210,143,111
561,210,144,112
545,224,144,108
529,238,144,104
513,252,145,100
497,266,145,96
481,280,145,92
454,279,147,95
428,278,149,99
402,278,150,103
376,277,152,106
350,276,154,110
324,275,155,114
323,278,153,113
322,280,150,113
321,283,148,113
320,285,145,112
319,288,143,112
319,290,140,112
338,290,141,110
357,291,143,108
376,291,144,105
395,291,145,103
414,291,146,101
433,292,147,99
452,292,149,97
466,289,146,97
479,285,144,97
493,282,142,97
507,278,140,97
520,275,137,97
534,272,135,97
523,273,138,101
512,274,141,104
502,274,143,108
491,275,146,112
480,276,149,115
469,275,142,109
453,273,146,111
438,270,150,114
423,268,154,117
407,266,158,119
392,263,162,122
392,263,165,121
391,262,169,121
391,261,172,120
391,260,175,120
391,259,179,119
390,258,182,119
393,258,181,118
396,258,179,118
400,258,178,118
403,258,176,117
406,258,175,117
409,258,174,117
409,259,173,116
409,260,171,116
409,260,170,115
409,261,169,115
409,261,168,114
409,262,167,114
411,262,166,112
414,262,166,111
417,263,165,110
420,263,165,109
423,263,164,108
425,263,164,107
425,267,163,106
424,270,161,105
424,273,160,104
423,276,159,104
423,279,158,103
422,282,157,102
422,282,156,102
422,282,155,102
422,282,154,102
422,282,154,102
422,282,153,102
422,282,152,102
423,281,152,101
424,279,153,100
425,278,153,99
425,277,154,99
426,276,152,98
426,275,150,97
426,274,149,97
427,273,147,96
427,273,145,96
427,272,144,95
426,273,145,96
425,273,146,96
425,274,147,97
424,275,148,97
423,276,149,98
422,277,150,99
423,276,150,99
424,275,150,99
426,274,150,99
427,273,150,99
428,272,150,99
429,271,150,99
430,270,150,99
431,271,150,99
431,272,150,99
432,272,150,99
432,273,150,99
433,274,150,99
433,274,150,99
434,275,150,99
444,278,151,95
454,281,151,92
465,283,151,88
475,286,151,85
485,289,152,82
496,292,152,78
500,290,152,78
505,289,152,78
510,288,152,78
514,286,152,78
519,285,152,78
524,283,152,78
526,282,151,79
527,281,151,80
529,280,150,80
531,279,150,81
532,278,149,81
534,277,149,82
534,277,149,82
534,276,149,82
534,276,149,82
534,276,149,82
534,275,149,82
534,275,149,82
533,274,149,82
532,272,149,82
531,271,149,82
531,270,149,82
530,268,149,82
529,267,149,82
529,266,149,82
529,266,150,82
529,265,150,82
529,265,151,82
529,264,151,82
529,263,152,82
530,263,152,83
531,262,152,85
531,262,152,87
532,261,152,88
533,261,152,90
534,260,152,92
534,259,151,92
534,257,150,92
534,256,149,92
534,255,149,92
534,253,148,92
534,252,147,92
534,252,147,92
534,252,147,92
535,252,147,92
535,252,147,92
535,252,147,92
536,252,147,92
536,252,147,92
536,251,147,92
537,251,147,92
537,251,147,92
537,251,147,92
538,251,147,92
538,250,147,92
539,250,147,92
539,250,147,92
537,252,147,90
535,254,146,88
533,257,146,87
530,259,146,85
528,261,146,83
526,263,145,82
524,265,145,80
524,265,145,80
525,265,145,80
526,265,145,80
526,265,145,80
527,265,145,80
527,265,145,80
526,265,145,80
525,265,145,80
524,264,145,80
523,264,145,80
522,264,145,80
521,263,145,80
521,262,145,80
521,260,145,80
521,258,145,80
521,256,145,80
521,254,145,80
521,252,145,80
519,251,145,80
518,251,145,80
517,250,145,80
516,250,145,80
515,249,145,80
514,248,145,80
513,248,145,80
511,247,145,80
510,246,145,80
508,245,145,80
507,244,145,80
506,243,145,80
504,243,145,80
503,243,145,80
502,243,145,80
501,243,145,80
500,243,145,80
499,243,145,80
496,244,145,80
493,245,145,80
490,245,145,80
487,246,145,80
484,246,145,80
481,247,145,80
481,249,145,79
481,251,145,78
481,253,144,78
482,256,144,77
482,258,144,76
482,260,144,75
482,260,144,75
483,260,144,75
483,259,144,75
483,259,144,75
484,259,144,75
484,258,144,75
505,265,136,77
526,271,129,79
548,277,122,81
569,283,115,83
569,283,117,85
569,283,119,86
569,283,120,87
569,283,122,89
569,283,124,90
567,282,127,90
566,280,131,89
564,278,135,89
562,277,138,89
561,275,142,88
560,275,143,84
560,274,145,80
560,274,146,75
559,274,147,71
559,273,149,67
555,271,149,69
551,269,149,71
546,267,149,73
542,265,149,76
538,262,149,78
534,260,149,80
528,260,149,80
522,259,150,80
516,259,151,80
510,259,151,80
504,258,152,80
502,258,151,79
500,258,150,78
498,258,149,78
496,257,149,77
494,257,148,76
492,257,147,75
490,257,147,75
487,256,147,75
485,256,147,75
482,256,147,75
480,255,147,75
477,255,147,75
476,255,147,75
475,255,147,75
474,254,147,75
473,254,147,75
472,254,147,75
471,254,147,75
470,253,147,75
470,254,146,75
470,254,146,75
470,254,145,74
470,255,145,74
470,255,144,74
470,255,144,73
470,255,144,73
469,255,144,73
469,255,144,73
468,255,144,73
468,255,144,73
467,255,144,73
466,255,144,73
465,255,144,73
465,254,144,73
464,254,144,73
463,254,144,73
462,253,144,73
461,253,144,73
460,253,144,73
459,253,144,73
458,252,144,73
457,252,144,73
456,252,144,73
455,252,144,73
457,252,142,73
458,252,141,73
459,252,140,73
460,252,139,73
461,252,138,73
462,252,137,73
461,251,137,73
460,251,137,73
460,251,137,73
459,251,137,73
458,250,137,73
457,250,137,73
456,250,137,73
455,251,137,73
455,251,137,73
454,251,137,73
453,251,137,73
452,252,137,73
451,252,137,73
450,252,137,73
449,252,137,73
448,252,137,73
447,252,137,73
446,252,137,73
445,252,137,73
445,251,137,73
444,251,137,72
443,251,137,72
442,251,137,71
441,250,137,71
440,250,137,70
440,249,137,70
440,248,137,70
440,247,137,70
440,246,137,70
440,245,137,70
440,243,137,70
440,243,137,70
439,242,137,70
439,242,137,70
438,241,137,70
438,241,137,70
437,240,137,70
438,239,137,70
438,237,137,70
439,236,137,70
439,234,137,70
439,233,137,70
440,232,137,70
440,230,137,70
440,230,137,70
439,230,137,70
439,229,137,70
438,229,137,70
438,229,137,70
437,228,137,70
431,225,140,73
425,221,144,77
419,218,147,80
413,214,150,83
407,210,154,87
407,214,154,82
407,218,149,83
391,214,146,80
376,211,144,77
360,207,142,73
353,207,147,71
345,207,152,68
347,202,145,88
360,198,125,93
365,193,119,108
370,187,114,122
389,191,99,118
407,195,83,114
408,212,84,110
409,228,85,107
440,235,69,105
471,242,53,102
502,248,37,100
516,248,37,100
529,247,37,100
530,267,37,100
531,287,37,100
532,292,37,100
534,292,37,100
536,292,37,100
528,277,39,102
521,262,42,104
