855,341,91,125
847,341,102,128
840,346,108,125
837,346,104,124
826,346,94,125
834,342,87,127
829,342,84,126
816,343,83,126
816,340,78,130
809,341,73,132
800,342,79,131
784,344,96,131
779,346,99,127
775,346,100,128
774,346,100,130
771,345,100,130
769,343,96,131
761,346,92,129
753,345,91,129
751,343,83,132
748,348,68,127
738,343,74,128
730,345,84,127
722,347,94,128
717,348,96,126
712,350,99,124
709,349,91,123
704,349,91,123
698,345,78,125
698,344,68,125
690,344,66,126
682,347,65,127
675,345,76,128
670,346,76,129
657,346,91,126
652,350,92,119
641,350,104,120
631,351,107,123
638,348,94,126
630,346,92,125
630,346,86,124
627,345,74,127
622,343,66,127
615,345,71,126
609,342,74,124
602,345,83,123
597,341,99,125
602,343,100,123
599,343,104,123
601,339,97,126
597,341,92,121
599,339,68,123
599,339,68,123
589,344,60,120
580,341,68,126
575,342,71,122
559,342,87,122
546,341,99,124
536,343,107,124
529,344,107,122
526,343,102,125
526,343,102,125
531,341,79,127
526,338,66,129
516,339,68,125
515,338,58,129
505,342,71,124
497,345,71,124
486,350,83,116
491,343,76,125
479,342,84,124
463,342,96,126
457,361,97,110
444,362,97,118
455,340,78,136
450,343,78,136
450,341,78,136
439,345,78,136
442,344,78,136
411,335,74,136
406,332,73,137
403,331,78,136
406,345,55,122
398,347,65,123
397,346,65,121
389,348,74,119
385,347,62,119
374,347,71,120
366,344,70,126
358,345,71,122
350,346,78,119
342,349,89,119
335,350,91,119
332,349,87,120
327,352,87,116
327,349,74,119
322,350,70,117
317,345,66,122
312,344,68,121
306,345,66,122
293,343,81,121
275,345,94,118
269,338,97,121
262,333,97,122
267,327,92,119
267,322,91,120
278,315,81,120
285,306,78,125
298,299,71,120
309,294,68,123
312,297,70,117
317,294,74,121
322,297,68,118
309,299,78,117
304,298,79,119
299,294,81,116
298,290,71,117
298,290,65,111
290,283,70,119
283,283,71,121
277,282,71,119
272,281,71,118
267,284,74,118
249,276,92,121
251,285,84,116
246,285,89,115
238,287,91,115
232,286,94,117
232,290,89,114
230,289,96,113
227,287,92,112
217,286,97,116
223,288,65,114
217,287,68,117
212,289,66,114
204,288,79,117
199,287,78,117
194,291,83,116
189,293,79,116
180,290,89,116
175,289,70,117
175,290,66,115
173,290,68,113
180,290,53,115
185,293,62,113
189,288,81,119
204,280,74,118
217,284,66,113
228,293,78,101
238,290,96,113
248,292,92,110
265,286,76,115
262,287,86,114
265,287,83,116
287,288,74,115
306,286,53,112
309,285,65,113
308,289,71,110
304,288,68,111
311,287,73,112
317,286,83,117
317,281,89,122
317,280,84,123
317,286,91,117
319,299,91,105
317,297,89,106
304,296,96,105
321,292,97,111
317,298,84,105
343,291,83,113
337,286,87,122
329,292,94,115
330,296,84,111
338,300,74,109
338,304,71,105
351,299,58,109
361,298,53,109
361,301,57,111
364,300,58,109
371,300,53,114
371,305,58,110
366,307,68,109
363,307,71,108
364,310,71,106
366,308,71,109
372,305,68,109
384,304,65,108
390,308,57,104
395,308,55,106
393,300,65,111
392,304,65,111
387,304,74,111
379,309,76,106
377,308,83,107
376,312,81,105
380,310,78,106
382,310,74,105
390,307,66,108
387,307,70,105
395,306,58,106
389,308,73,103
397,309,70,105
397,309,70,108
395,312,62,91
384,307,74,95
393,304,96,114
398,307,86,111
414,306,84,118
414,320,42,108
414,316,39,97
416,315,39,97
411,316,49,103
405,320,52,101
398,321,57,100
398,319,58,103
389,320,63,103
376,324,71,99
376,324,74,100
374,326,71,98
371,326,63,100
367,326,73,101
364,324,63,102
363,324,65,103
361,324,63,103
356,325,65,100
355,326,53,98
348,324,63,104
335,317,71,113
325,312,76,114
322,317,78,109
332,309,76,122
332,309,73,122
332,309,73,105
337,308,68,114
337,301,71,114
358,322,57,106
351,318,66,110
350,315,66,112
337,312,84,113
343,318,70,115
342,318,78,113
350,326,78,110
348,322,79,115
348,319,76,120
353,322,78,119
355,310,74,122
348,310,89,123
346,308,89,125
345,308,87,122
337,301,99,125
358,295,87,125
340,295,84,121
333,293,99,125
330,292,76,122
337,306,74,106
366,293,78,120
419,273,76,126
416,293,70,96
405,272,99,126
427,290,60,100
423,290,71,99
411,274,96,122
419,292,65,95
411,296,71,99
416,303,62,95
416,303,68,93
411,302,63,99
411,295,68,118
413,297,66,111
426,290,36,104
414,292,42,102
398,291,63,103
395,303,60,92
393,304,60,94
392,299,62,101
395,302,52,99
392,304,57,98
390,307,55,100
382,304,57,102
380,300,63,109
382,307,52,103
379,303,50,106
372,306,55,99
369,303,58,100
371,306,60,96
371,301,55,98
371,306,52,93
366,305,57,92
359,301,53,96
356,298,60,97
356,299,49,96
348,297,57,94
340,299,62,95
338,300,63,95
342,303,57,85
335,301,62,86
329,295,63,90
332,287,68,102
330,294,66,95
319,292,58,90
308,289,63,94
308,291,53,94
311,291,55,102
309,289,63,97
311,291,53,98
312,292,53,99
311,286,47,100
311,295,39,95
311,293,62,87
306,293,49,92
293,289,52,99
304,294,47,94
306,296,42,94
299,295,39,93
298,293,49,94
298,288,44,106
282,290,42,105
298,297,60,89
306,305,50,80
293,302,62,86
290,309,68,102
288,308,60,97
288,311,73,93
290,311,65,84
291,310,57,81
290,311,60,86
295,301,60,102
298,296,49,98
301,292,53,109
304,293,50,102
309,299,52,85
308,298,47,85
303,302,53,78
304,303,52,77
304,299,47,83
303,299,47,83
301,300,52,82
293,298,62,83
290,295,58,88
282,296,62,85
282,295,57,87
282,298,62,83
278,294,57,83
282,293,50,82
280,291,45,80
278,289,45,80
277,286,42,81
274,280,52,84
274,277,44,83
272,276,49,86
272,276,50,84
269,275,50,82
269,279,50,80
264,281,53,82
261,281,58,88
257,285,57,89
259,290,52,86
251,296,57,77
251,292,55,81
254,294,53,79
251,292,58,80
251,293,57,79
249,295,60,77
251,295,52,77
251,293,52,80
246,293,52,77
238,290,63,81
246,291,55,80
244,289,52,82
244,290,49,82
243,292,44,80
240,293,53,79
240,292,50,81
233,292,55,88
233,295,53,85
233,295,53,85
230,301,52,84
227,303,52,85
225,306,47,84
227,306,47,86
225,308,47,83
227,311,45,81
228,311,39,83
232,313,37,79
233,318,52,76
248,318,47,81
257,320,49,78
267,319,40,79
270,321,44,75
272,324,44,78
270,324,44,79
270,327,44,79
270,330,42,81
272,333,42,80
269,338,42,79
267,338,42,83
267,346,40,77
265,349,44,77
265,351,40,80
262,355,40,78
259,357,45,78
262,358,40,77
254,359,45,79
256,359,40,80
249,361,47,78
249,362,45,77
253,357,40,81
248,364,47,74
246,366,45,73
244,362,47,74
243,364,49,69
243,365,45,69
241,366,47,68
241,367,42,69
240,367,39,66
241,361,37,70
236,359,40,73
238,358,34,71
236,354,39,70
236,355,45,68
236,355,45,68
335,351,32,61
345,348,37,58
380,345,47,66
413,345,44,58
444,340,44,66
497,338,40,78
510,339,50,64
521,332,47,76
525,331,47,66
533,335,45,61
559,332,47,64
580,333,42,61
609,331,49,60
635,331,53,63
665,337,52,61
688,335,52,70
699,334,60,76
709,330,42,64
717,331,44,63
717,324,39,63
717,324,45,66
722,324,42,69
728,324,44,65
743,325,37,65
748,329,32,65
772,331,49,61
796,330,39,62
824,331,40,61
840,331,36,55
840,329,39,62
840,326,40,61
843,322,45,66
842,322,42,64
847,322,44,61
853,322,40,64
861,322,42,63
871,323,40,64
879,325,37,65
882,325,36,68
881,326,44,62
884,321,40,69
879,318,42,67
884,316,37,70
879,318,42,66
877,320,40,67
874,321,50,68
874,321,49,74
869,325,55,68
871,326,49,68
864,325,50,68
864,326,44,66
866,329,39,65
866,328,37,66
866,329,36,67
863,329,36,68
864,329,37,68
861,333,39,67
860,336,42,67
860,338,39,64
858,340,37,64
856,342,37,61
853,342,37,63
850,339,39,66