899,171,40,70
898,171,40,70
897,171,40,71
896,172,40,71
895,172,40,71
893,172,40,72
889,173,40,72
884,174,40,72
879,175,40,72
874,175,40,72
870,175,40,72
866,176,40,72
862,176,40,72
860,176,40,72
858,176,40,72
856,176,40,72
854,176,40,72
852,176,40,72
850,175,40,72
848,175,40,72
847,174,40,72
845,174,40,72
843,173,40,72
842,173,40,72
839,170,40,72
837,168,40,72
834,165,40,72
832,163,40,72
829,161,40,72
827,158,40,72
829,158,38,73
831,158,37,74
833,158,36,75
834,158,34,76
836,157,33,76
836,159,33,76
837,161,33,76
837,163,33,76
837,164,33,76
837,166,33,76
838,168,33,76
838,170,33,76
838,171,33,76
836,172,33,76
834,172,33,76
832,172,33,76
830,173,33,76
828,173,33,76
826,172,33,76
825,172,33,76
823,172,33,76
822,171,33,76
820,172,33,76
818,172,33,76
817,172,33,76
815,173,33,76
813,173,33,76
812,173,33,76
811,174,33,76
810,174,33,76
809,174,33,76
808,174,33,76
807,174,33,76
806,175,33,76
805,175,33,76
804,175,33,76
803,175,33,76
803,175,33,76
802,175,33,76
801,175,33,76
800,175,33,76
798,174,33,76
796,173,33,76
793,173,33,76
791,172,33,76
790,172,33,76
790,172,33,76
789,172,33,76
788,172,33,76
788,172,33,76
787,172,33,76
786,172,33,76
786,172,33,76
785,172,33,76
784,172,33,76
784,172,33,76
783,172,33,76
782,172,33,76
782,172,33,76
781,172,33,76
781,171,33,76
780,169,33,76
780,167,33,76
780,166,33,76
779,164,33,76
779,163,33,76
777,163,32,78
774,163,32,79
772,162,32,81
769,162,32,82
767,162,32,84
764,163,32,83
760,165,32,83
756,166,32,83
753,168,32,82
749,169,32,82
746,170,32,81
744,170,33,81
743,169,33,80
737,171,32,79
730,172,32,78
730,173,32,76
730,173,32,75
730,173,31,74
730,174,31,72
729,174,31,71
729,175,31,70
728,175,31,70
726,175,31,70
724,174,31,70
723,174,31,70
721,174,31,70
720,174,31,70
717,174,31,70
714,174,31,70
710,174,31,70
712,174,31,70
713,174,31,70
715,174,31,70
716,174,31,70
718,173,31,70
719,173,31,70
720,173,31,70
722,173,31,70
721,176,31,70
719,179,31,70
706,176,31,70
703,174,31,70
700,171,31,70
697,168,31,70
693,166,31,70
690,163,31,70
687,161,31,70
684,158,31,70
681,155,31,70
678,151,31,70
674,146,31,70
670,142,31,70
667,137,31,70
663,135,31,70
659,133,31,70
655,131,31,70
651,129,31,70
647,136,31,70
643,142,31,70
639,149,31,70
638,155,29,69
637,161,28,68
636,167,27,67
628,167,27,67
620,166,27,67
612,166,28,67
604,166,28,67
599,167,29,68
594,167,30,68
589,167,31,69
587,168,31,69
586,168,31,69
584,169,31,69
582,169,31,69
581,170,31,69
579,170,31,69
578,170,31,69
576,171,31,69
577,171,31,68
577,171,31,68
577,171,31,68
578,172,31,67
578,172,31,67
578,172,31,67
583,172,31,67
587,171,31,67
591,171,31,67
596,171,31,67
600,170,31,67
605,170,31,67
608,169,31,67
611,169,31,67
613,168,31,67
606,168,31,67
598,167,31,67
590,167,31,67
590,168,31,67
590,168,31,67
590,169,31,67
589,170,31,67
594,169,31,67
598,168,31,67
602,168,31,67
606,167,31,67
603,167,31,67
600,166,31,67
597,166,31,67
594,166,31,67
592,166,31,67
589,165,31,67
586,165,31,67
583,165,31,67
587,166,31,67
591,168,31,67
596,170,31,67
600,171,31,67
604,173,31,67
618,173,31,67
632,173,31,67
645,173,31,67
643,172,31,67
641,172,31,67
639,172,31,67
636,171,31,67
634,171,31,67
637,171,30,66
641,171,29,66
644,170,28,66
648,170,27,65
651,170,27,65
647,169,27,66
642,169,28,67
637,168,28,67
632,167,29,68
627,166,29,69
608,163,29,68
589,161,29,68
577,160,29,68
570,160,29,68
565,161,29,68
560,161,29,68
555,162,29,68
550,163,29,68
553,163,29,68
557,164,29,68
560,164,29,68
564,164,29,68
568,165,29,68
577,165,29,68
587,165,29,68
597,165,29,68
603,163,29,68
609,161,29,68
615,159,29,68
615,156,29,68
615,154,29,68
615,152,29,68
614,149,29,68
614,147,29,68
612,149,29,68
610,151,29,68
607,154,29,68
605,156,29,68
603,158,29,68
598,162,29,68
593,167,29,68
588,171,29,68
587,170,29,68
585,169,29,68
584,169,29,68
583,168,29,68
585,173,29,68
587,177,29,68
589,182,29,68
591,181,29,68
594,180,29,68
596,179,29,68
595,179,29,68
595,179,29,68
594,179,29,68
593,179,29,68
593,178,29,68
592,178,29,68
592,179,29,68
591,180,29,68
591,180,29,68
590,181,29,68
590,182,29,68
589,183,29,68
589,183,29,68
589,183,29,68
589,183,29,68
589,183,29,68
589,182,29,68
588,182,29,68
588,182,29,68
588,182,29,68
588,182,29,68
588,182,29,68
587,182,29,68
587,182,29,68
587,182,29,68
587,182,29,68
587,182,29,68
587,182,29,68
586,182,29,68
586,182,29,68
586,182,29,68
586,182,29,68
586,182,29,68
586,182,29,68
585,182,29,68
585,182,29,68
585,182,29,68
585,182,29,68
585,182,29,68
585,182,29,68
584,182,29,68
584,182,29,68
584,182,29,68
584,182,29,68
584,182,29,68
584,182,29,68
584,182,29,68
584,182,29,68
584,182,29,68
583,182,29,68
583,182,29,68
583,182,29,68
583,182,29,68
583,182,29,68
583,182,29,68
583,181,29,68
583,181,29,68
583,181,29,68
582,182,29,68
582,182,29,68
582,182,29,68
582,182,29,68
582,182,29,68
582,182,29,68
581,182,29,68
581,182,29,68
581,182,29,68
581,182,29,68
581,182,29,68
581,182,29,68
580,182,29,68
580,182,29,68
580,182,29,68
580,182,29,68
580,182,29,68
580,182,29,68
580,182,29,68
580,182,29,68
580,182,29,68
580,182,29,68
581,182,29,68
581,182,29,68
581,182,28,68
581,182,28,67
581,182,28,67
581,182,28,67
581,183,28,67
581,183,28,67
581,183,28,67
581,183,28,67
581,183,28,67
581,183,28,67
581,183,28,67
581,183,28,67
581,183,28,67
581,183,28,67
581,183,28,67
581,183,28,67
581,183,28,67
581,183,28,67
581,183,28,67
581,183,28,67
581,183,28,67
581,183,28,67
581,183,28,67
581,183,28,67
582,183,28,67
582,183,28,67
582,183,28,67
582,183,28,67
582,183,28,67
582,183,28,67
582,183,28,67
582,183,28,67
582,183,28,67
582,183,28,67
582,183,28,67
582,183,28,66
582,183,28,66
582,183,28,66
582,184,28,66
582,184,28,66
582,184,28,66
582,184,28,66
582,184,28,66
582,184,28,66
582,184,28,66
582,184,28,66
582,184,28,66
582,184,28,66
582,184,28,66
583,184,28,66
583,184,28,66
583,184,28,66
583,184,28,66
583,184,28,66
583,184,28,66
583,184,28,66
583,184,28,66
583,184,28,66
583,184,28,66
582,184,28,66
582,184,28,66
582,183,28,66
581,183,28,66
581,183,28,66
581,183,28,66
580,183,28,66
580,183,28,66
580,183,28,66
579,182,28,66
579,182,28,66
579,182,28,66
579,182,28,66
579,182,28,66
578,182,28,66
578,182,28,66
578,182,28,66
578,182,28,66
578,183,28,66
578,183,28,66
578,183,28,66
578,183,28,66
577,183,28,66
577,183,28,66
577,183,28,66
577,183,28,66
577,183,28,66
577,183,28,66
577,183,28,66
576,183,28,66
576,183,28,66
576,183,28,66
576,183,28,66
576,183,28,66
576,183,28,66
576,183,28,65
575,183,28,65
575,182,28,65
575,182,28,65
575,182,27,65
575,182,27,65
575,182,27,65
575,181,27,65
574,181,27,65
574,181,27,65
574,181,27,65
574,181,27,64
574,181,27,64
574,180,27,64
573,180,27,64
573,180,27,64
573,180,27,64
573,180,27,64
573,179,27,64
573,179,27,64
573,180,27,64
574,180,28,64
574,180,28,64
574,180,28,64
575,180,28,64
575,180,29,64
575,180,29,64
576,180,29,64
576,180,30,63
576,180,30,63
577,180,30,63
577,180,31,63
577,180,31,63
578,180,31,63
578,180,32,63
578,180,32,63
578,180,32,63
578,180,32,63
577,180,32,63
577,180,32,63
577,179,32,63
576,179,32,63
576,179,32,63
576,179,32,63
576,179,32,63
575,179,32,63
575,179,32,63
575,178,32,63
575,178,32,63
574,178,32,63
574,178,32,63
574,178,32,63
573,178,32,63
573,178,32,63
573,177,32,63
573,177,32,63
573,178,32,63
573,178,32,63
573,178,32,63
574,178,32,63
574,178,32,63
574,178,32,63
574,178,32,63
574,178,32,63
574,178,32,63
575,178,32,63
575,178,32,63
575,178,32,63
575,178,32,63
575,178,32,63
575,178,32,63
576,178,32,63
576,178,32,63
576,178,32,63
576,178,32,63
576,179,32,63
576,179,32,63
576,179,32,63
577,179,32,63
577,179,32,63
577,179,32,63
577,179,32,63
577,179,32,63
577,179,32,63
578,179,32,63
578,179,32,63
578,179,32,63
578,179,32,63
578,179,32,63
578,179,32,63
579,179,32,63
579,179,32,63
579,179,32,63
579,179,32,63
579,179,32,63
579,179,32,63
578,179,32,63
578,179,32,63
578,179,32,63
578,179,32,63
578,179,32,63
578,178,32,63
578,178,32,63
578,178,32,63
578,178,32,63
577,178,32,63
577,178,32,63
577,178,32,63
577,178,32,63
577,178,32,63
577,177,32,63
577,177,32,63
577,177,32,63
577,177,32,63
576,177,32,63
576,177,32,63
576,177,32,63
576,177,32,63
576,177,32,63
576,177,32,63
576,176,32,63
576,176,32,63
576,176,32,63
576,176,32,63
575,176,32,63
574,176,32,63
574,176,32,63
573,176,32,63
572,176,32,63
572,177,32,63
571,177,32,63
570,177,32,63
570,177,32,63
569,177,32,63
568,177,31,63
568,177,31,63
567,177,31,63
566,177,30,63
566,177,30,63
565,177,30,63
564,177,30,63
564,177,29,63
564,178,29,63
564,178,29,63
564,179,29,63
564,180,29,63
564,181,29,63
564,181,29,63
564,181,29,63
563,181,29,63
563,181,29,63
563,181,29,63
563,180,29,63
563,180,29,63
563,180,29,63
563,180,29,63
563,180,29,63
563,179,29,63
563,179,29,63
563,179,29,63
563,179,29,63
563,179,29,63
563,178,29,63
563,178,29,63
563,178,29,63
563,178,29,63
563,178,29,63
563,177,29,63
562,177,29,63
562,177,29,63
561,177,29,63
561,177,29,63
560,177,29,63
560,177,29,63
560,177,29,63
559,177,29,63
559,177,29,63
559,177,29,63
559,177,29,63
559,177,29,63
559,177,29,63
558,177,29,63
558,177,29,63
558,177,29,63
558,176,29,63
558,176,29,63
558,176,29,63
558,176,29,63
558,176,29,63
558,176,29,63
558,177,29,63
559,177,29,63
559,177,29,63
559,177,29,63
560,177,29,63
560,177,29,63
560,177,29,63
560,178,29,63
561,178,29,63
561,178,29,63
561,178,29,63
562,178,29,63
562,178,29,63
562,178,29,63
563,178,29,63
563,179,29,63
563,179,29,63
564,179,29,63
564,179,29,63
565,179,29,63
565,179,29,63
565,179,29,63
566,179,29,63
566,180,29,63
567,180,29,63
567,180,29,63
567,180,29,63
568,180,29,63
568,180,29,63
