655,267,27,35
655,267,28,35
656,266,28,35
656,266,28,36
657,266,28,36
657,266,29,36
658,266,29,36
659,266,29,36
659,266,29,36
660,266,28,36
660,266,28,36
661,266,28,35
662,266,29,35
662,266,29,35
663,266,29,35
664,267,30,35
664,267,30,35
665,267,30,35
666,267,30,34
667,267,29,34
668,268,28,34
669,268,27,34
670,268,26,34
672,268,25,34
674,267,24,33
677,267,23,33
679,267,22,33
681,267,22,33
681,267,22,34
681,267,23,34
681,266,24,35
681,266,25,35
682,266,25,36
682,266,26,36
682,266,27,36
682,266,27,36
682,266,28,36
682,266,28,35
682,266,29,35
682,266,29,35
684,266,28,35
685,266,28,35
687,266,27,34
688,267,26,34
690,267,25,34
690,267,26,34
690,267,26,34
689,267,26,35
689,267,26,35
689,266,27,35
690,266,27,35
691,266,26,35
692,266,26,35
693,266,26,35
693,266,26,35
694,267,26,35
695,267,25,35
696,267,25,35
697,267,25,35
697,268,24,35
698,268,24,35
700,268,24,35
701,268,24,34
702,268,23,34
703,269,23,33
704,269,23,33
705,269,22,33
707,269,22,33
708,269,22,33
709,270,21,33
710,270,21,33
711,269,20,31
711,269,20,28
712,268,20,26
713,267,20,24
714,267,19,21
714,267,20,22
714,267,20,23
714,268,21,23
715,268,21,24
715,268,22,25
715,268,22,26
715,268,23,27
715,267,24,29
715,267,25,30
715,266,26,32
715,266,27,33
715,266,27,35
714,266,28,34
714,266,28,34
714,266,28,34
714,266,29,34
714,266,29,34
714,266,29,34
714,266,29,34
715,266,29,34
716,266,29,34
716,266,29,34
717,265,28,34
718,265,28,34
718,265,29,34
719,265,30,34
719,265,31,35
720,265,31,35
720,265,32,36
721,265,33,36
721,265,33,36
722,265,32,35
723,265,32,35
724,265,32,34
725,265,31,34
726,265,31,34
727,265,31,35
728,264,32,35
729,263,32,36
730,262,33,37
731,262,33,38
731,263,33,38
731,264,33,38
731,265,33,38
731,265,33,38
731,266,33,38
731,267,33,38
731,267,33,37
731,267,33,37
731,266,32,37
732,266,32,37
732,266,31,37
732,265,31,36
733,266,31,36
733,266,31,36
734,267,31,36
734,267,31,36
735,268,31,36
735,268,31,36
736,269,31,36
736,268,31,36
736,268,31,36
736,268,31,36
736,268,31,36
736,267,31,36
736,267,31,36
736,267,31,36
737,266,31,36
738,266,31,36
738,265,31,36
739,264,31,36
740,264,31,36
740,263,31,36
741,263,31,36
743,263,31,36
745,262,31,36
747,262,31,36
748,262,31,36
750,262,31,36
750,262,32,36
749,262,33,36
749,262,34,35
749,262,35,35
748,262,36,35
748,261,37,35
748,262,37,35
748,262,37,35
748,262,37,35
748,263,37,36
748,263,37,36
748,263,38,36
748,263,38,37
748,263,38,37
748,263,38,37
748,263,38,38
748,263,38,38
748,263,38,38
748,263,38,38
748,263,38,38
749,263,38,38
749,263,38,38
749,263,38,38
750,263,38,38
751,263,37,37
752,264,36,36
753,264,35,35
754,264,35,34
755,265,34,33
756,265,33,33
757,265,33,32
758,265,33,32
759,265,32,31
760,265,32,31
761,265,32,30
762,265,31,30
763,265,31,30
763,265,31,30
764,264,31,30
764,264,31,29
764,264,31,29
765,264,31,29
766,264,30,29
768,264,28,28
769,264,27,28
770,264,26,27
772,264,25,27
773,264,23,27
772,265,25,27
771,265,26,27
770,265,27,28
770,265,28,28
769,265,30,28
768,266,31,29
768,265,31,29
769,265,32,29
770,264,32,30
770,264,32,30
771,264,33,30
772,263,33,30
772,263,33,31
773,262,33,31
774,262,33,31
775,261,32,32
776,261,32,32
777,260,32,32
777,260,32,32
777,261,32,32
777,261,32,32
778,261,31,32
778,262,31,32
779,262,31,32
779,262,31,32
780,262,31,32
780,263,31,32
781,263,31,33
782,263,30,35
782,263,30,36
783,263,29,37
783,263,29,39
783,263,29,38
783,263,30,37
783,263,30,37
782,263,31,36
782,263,32,35
782,264,32,35
783,264,32,35
784,264,31,35
785,264,31,35
786,264,30,35
787,264,30,35
788,264,29,34
789,264,29,34
789,265,29,33
790,265,29,32
791,265,29,31
791,266,28,30
793,265,26,32
795,264,25,33
797,264,23,35
799,263,21,37
800,262,19,39
800,262,20,39
801,262,20,40
801,262,21,40
801,263,21,40
801,263,22,40
801,262,22,40
800,262,23,40
800,261,24,41
800,261,25,41
800,261,26,41
800,260,26,40
800,260,26,39
799,260,26,38
799,260,27,38
799,260,27,37
799,259,27,36
799,259,27,35
799,260,28,35
798,260,28,35
798,260,28,34
798,260,28,34
798,260,29,34
798,261,29,34
798,261,29,33
797,261,30,33
797,261,30,34
796,262,31,34
795,262,31,34
795,262,32,34
794,262,32,34
794,262,33,34
793,262,33,35
793,262,33,36
793,261,33,37
792,261,34,38
792,261,34,39
792,262,33,38
792,263,33,38
793,264,33,37
793,264,32,36
793,264,32,36
793,264,32,36
793,264,33,37
793,264,33,37
793,264,33,37
793,264,33,37
793,264,32,37
794,264,32,36
794,264,31,36
795,264,31,36
795,264,31,36
795,264,30,36
795,263,30,36
795,263,30,36
795,263,30,37
795,263,30,37
795,263,30,37
795,263,30,37
795,263,30,38
795,263,30,38
796,263,30,38
796,263,30,38
796,263,30,38
796,263,29,38
796,263,29,38
797,263,29,38
799,263,27,36
801,262,25,34
804,262,23,32
806,261,21,30
808,261,19,28
810,261,17,26
810,261,18,27
810,261,18,28
809,261,19,29
809,261,19,30
808,261,19,31
808,261,20,32
808,261,20,33
806,261,21,33
805,261,22,32
804,261,23,32
802,261,24,32
801,262,25,32
800,262,25,31
799,262,26,31
799,262,26,31
799,262,26,30
799,262,26,30
798,262,26,30
798,262,27,30
798,261,27,30
797,261,28,30
796,261,28,30
796,260,29,30
795,260,30,30
795,260,30,30
794,259,31,30
794,259,31,30
794,259,31,30
793,259,31,30
793,259,31,30
793,259,31,30
793,259,31,30
793,258,31,30
778,259,31,30
777,260,33,29
775,261,34,28
775,261,34,28
774,261,34,28
774,261,34,28
773,261,34,28
773,261,34,28
772,261,34,28
772,261,34,28
772,260,34,28
772,260,34,28
772,260,33,29
772,260,33,29
772,259,33,29
772,259,33,29
772,259,33,30
772,259,33,31
772,259,33,32
772,259,33,33
772,259,33,34
772,259,33,35
772,259,33,36
772,259,33,37
771,259,33,38
770,258,33,38
770,258,33,39
769,257,33,40
769,257,33,41
768,257,33,42
767,256,33,43
767,258,33,42
767,259,33,40
766,260,33,39
766,261,33,38
765,263,33,37
765,264,33,36
765,264,32,36
766,263,32,36
766,263,32,36
767,262,32,36
767,262,32,37
767,262,31,37
768,261,31,37
768,261,30,38
769,261,30,38
770,261,29,39
770,260,28,40
771,260,27,41
771,260,27,42
771,260,27,42
771,260,27,43
771,260,27,43
771,260,28,44
771,260,28,44
771,260,28,45
771,260,28,45
771,260,28,45
770,260,28,45
770,260,28,45
769,260,28,45
768,260,28,45
768,260,28,45
767,260,28,45
767,260,29,45
767,260,29,45
766,260,29,45
766,260,30,45
766,260,30,44
765,260,30,44
765,260,31,44
764,260,31,44
764,260,32,44
764,260,32,44
763,260,32,43
763,260,33,43
763,260,33,43
762,260,33,43
762,260,34,43
762,260,34,42
761,260,34,42
761,260,33,42
761,261,33,42
760,261,33,42
760,261,33,41
760,261,33,41
759,261,33,41
759,261,33,41
759,261,32,41
758,261,32,40
758,261,32,40
758,262,32,40
757,262,32,40
757,262,32,39
757,262,32,39
757,262,31,39
757,262,31,39
757,262,31,39
757,262,31,39
757,262,31,39
757,262,30,39
757,262,30,38
757,262,30,38
757,262,30,38
757,262,30,38
757,262,30,38
758,262,29,38
758,262,29,38
758,262,29,38
758,262,29,38
757,262,29,38
756,262,30,38
755,262,31,38
754,262,31,39
753,262,32,39
752,262,32,39
751,262,33,40
750,262,34,40
749,262,34,40
749,263,35,40
748,263,35,41
747,263,36,41
745,262,37,41
743,262,37,41
742,262,38,41
740,262,39,40
738,262,39,40
737,261,40,40
736,261,41,41
735,261,41,42
735,261,41,42
734,261,42,43
734,261,42,44
733,261,43,44
732,261,43,45
733,260,43,45
733,259,42,45
734,259,42,45
735,258,41,45
735,258,41,45
736,257,41,45
736,257,40,45
734,257,39,44
733,258,37,44
731,258,36,43
729,259,35,42
725,258,37,43
722,258,40,43
722,258,40,43
722,258,39,43
722,258,39,43
718,258,39,43
714,258,38,44
710,258,38,44
706,258,38,44
703,258,38,44
701,259,38,44
699,259,38,44
698,258,38,44
697,258,38,44
696,257,39,44
695,256,39,44
692,257,39,44
689,258,39,44
686,258,39,44
683,259,39,44
681,257,39,44
679,256,39,45
677,255,39,45
676,255,40,45
675,255,41,45
674,255,42,45
672,255,44,45
672,255,43,44
672,255,43,44
671,255,43,43
671,255,42,42
670,255,41,42
670,255,40,41
670,256,39,41
670,256,38,41
667,256,42,44
664,256,45,47
661,255,49,49
660,255,48,49
660,255,47,48
659,255,46,48
659,255,45,47
658,255,44,47
657,255,44,47
656,256,44,46
655,256,45,46
654,256,45,46
653,256,45,45
652,257,45,45
652,257,45,45
651,257,45,45
651,258,45,45
650,258,45,45
650,258,45,45
650,258,45,45
651,258,44,45
651,258,44,46
652,257,43,46
652,257,43,46
653,257,42,46
654,256,40,47
655,255,39,49
656,255,37,50
658,254,35,51
658,255,34,51
658,255,32,51
658,255,30,51
658,256,29,50
658,256,27,50
658,256,27,51
658,256,26,51
659,256,26,51
659,256,25,52
658,256,27,51
657,257,29,50
657,257,31,50
656,257,33,49
655,257,32,49
655,258,32,48
654,258,31,48
654,258,30,48
653,259,30,48
653,259,29,47
653,260,28,46
652,260,28,45
652,261,27,44
651,261,26,42
651,262,25,41
650,262,25,40
650,262,25,40
649,262,26,40
648,261,26,40
648,261,27,40
647,261,27,40
646,260,28,40
645,260,28,40
644,260,29,40
642,260,30,41
640,260,31,42
638,260,31,43
637,260,32,43
635,260,33,44
633,261,34,45
632,260,34,45
631,260,34,45
630,260,34,45
629,260,34,45
629,260,34,45
628,260,34,45
627,260,34,45
627,260,34,45
626,259,34,45
626,259,34,45
626,259,34,45
626,258,34,46
625,258,35,46
625,258,35,46
625,257,35,46
625,257,35,46
625,257,35,47
624,256,35,47
624,256,35,47
624,255,35,47
624,255,35,47
624,255,36,48
624,255,36,49
624,255,36,50
624,255,37,51
623,255,37,51
623,255,37,51
622,255,38,50
622,255,38,50
623,256,36,50
624,256,33,51
625,256,31,51
627,256,28,51
629,256,26,51
631,256,24,51
633,256,22,50
633,256,22,51
632,256,22,52
632,256,22,52
631,256,22,53
631,255,22,54
630,255,23,54
629,255,24,54
628,255,25,54
627,256,25,53
625,256,26,53
624,256,26,53
622,256,27,53
621,256,28,53
620,256,29,53
620,256,30,53
619,256,31,54
618,257,32,53
616,257,32,52
615,258,33,51
614,259,34,50
613,259,34,49
613,259,34,49
613,260,34,49
612,260,35,49
612,260,35,49
612,261,34,49
612,261,34,48
612,261,34,48
612,262,33,47
611,261,33,48
611,261,33,48
611,261,33,49
611,260,33,49
611,260,33,49
610,260,33,50
610,259,33,50
610,259,33,50
610,259,33,50
610,259,32,49
610,259,32,48
610,260,31,46
610,260,30,45
610,261,30,44
610,261,29,44
611,262,29,44
611,262,28,43
611,263,27,43
612,264,27,42
610,264,27,39
608,264,28,37
607,264,29,34
605,264,30,31
603,264,30,28
602,264,31,25
602,263,31,27
601,262,31,28
601,262,31,29
601,261,31,30
601,261,31,31
601,261,30,32
601,261,29,32
601,261,29,33
601,261,28,34
601,261,27,34
601,261,28,35
601,262,28,36
601,262,28,37
601,262,28,38
601,262,28,38
601,261,28,39
601,261,28,39
601,261,28,39
601,260,28,39
600,260,28,40
600,259,28,40
599,259,28,41
599,258,28,41
598,258,28,42
598,258,28,40
598,258,27,38
598,258,27,36
597,258,27,34
597,258,26,33
597,258,26,33
597,258,26,33
597,258,26,33
597,258,26,33
597,259,26,33
597,259,26,33
596,259,27,34
595,259,27,34
594,258,28,35
593,258,28,36
592,258,29,37
591,258,30,38
591,258,30,38
590,258,31,37
589,258,31,36
588,259,31,35
588,259,32,34
587,259,32,33
586,259,32,33
586,258,32,33
586,258,32,33
585,258,32,33
585,258,32,33
585,258,32,33
584,258,33,33
584,258,33,33
584,258,33,33
584,258,33,32
584,258,33,32
584,258,33,32
584,257,33,32
584,257,32,32
584,256,32,32
585,256,31,32
585,255,31,32
585,255,31,32
585,255,31,32
585,255,32,32
585,255,33,32
585,255,34,32
585,255,35,32
585,255,35,32
585,255,35,32
585,255,35,32
585,255,35,33
585,255,35,33
585,255,35,33
585,255,35,33
585,255,35,33
585,255,34,34
585,255,34,34
585,255,34,34
585,255,34,34
585,255,34,35
585,255,34,35
585,255,34,35
585,255,34,35
585,255,34,36
585,255,34,36
585,255,34,36
585,255,34,36
585,255,34,37
585,255,34,37
585,255,33,37
585,255,33,37
585,255,33,38
584,255,35,38
582,256,36,38
581,256,37,38
579,256,39,38
578,257,40,38
576,257,41,38
575,258,42,38
573,258,44,38
572,259,45,38
570,259,46,38
569,259,48,38
567,260,49,38
565,260,51,40
566,261,49,39
566,261,48,38
567,261,46,37
567,262,45,37
569,262,43,43
571,262,40,49
570,262,41,50
568,262,42,51
567,262,43,52
567,261,42,54
567,259,41,56
567,258,39,58
567,256,38,60
566,255,39,61
565,253,39,63
570,254,40,61
575,255,41,59
577,254,40,59
587,254,40,59
596,254,39,58
606,254,39,58
618,254,40,58
631,254,41,58
645,255,38,59
660,256,34,60
656,256,39,60
652,255,45,59
650,255,45,59
648,255,45,59
651,254,43,60
653,252,40,60
655,251,38,60
658,250,36,60
657,251,36,60
656,253,36,60
655,254,36,60
654,256,36,60
653,257,36,60
653,257,36,62
652,256,36,64
652,255,36,66
652,255,36,68
652,254,36,71
653,254,35,71
653,254,34,71
654,254,33,72
655,254,31,72
655,254,30,72
656,254,29,73
655,254,29,73
655,254,29,73
654,255,29,73
653,255,29,73
653,256,29,73
651,256,30,72
650,256,30,72
649,257,31,71
648,257,32,71
647,257,33,70
645,257,33,70
645,258,34,68
644,258,35,67
643,258,36,65
642,258,37,64
641,259,38,62
641,258,38,62
640,257,38,62
640,256,38,61
640,255,38,61
640,255,38,61
639,254,39,61
639,254,39,61
639,254,39,61
639,253,39,62
639,252,39,63
639,252,39,64
639,251,39,64
640,251,38,65
641,252,37,65
642,252,36,65
643,253,35,65
644,253,33,66
645,253,33,66
646,253,32,66
647,253,31,67
648,253,30,67
648,253,29,67
649,253,28,68
650,253,27,68
650,253,25,68
650,253,23,67
651,253,22,67
651,253,20,67
650,253,21,68
648,253,23,68
647,253,24,69
645,253,26,69
644,253,27,70
643,254,28,69
642,254,29,68
641,255,30,68
641,256,30,67
640,256,31,66
640,256,31,66
640,256,30,67
640,255,30,67
640,255,29,67
640,255,29,67
640,254,28,67
640,254,28,68
640,254,27,68
641,253,27,68
641,253,27,68
641,253,27,68
641,252,27,68
641,252,27,68
641,252,27,68
641,251,27,68
640,251,27,69
640,251,27,69
640,251,27,69
639,251,28,70
639,251,29,70
638,251,29,70
637,251,30,71
637,251,30,71
636,251,31,71
635,251,32,72
636,250,31,72
636,250,31,73
636,249,30,73
636,249,30,74
637,248,29,74
637,248,29,75
637,248,29,74
637,248,29,73
637,248,29,72
637,248,29,71
637,248,29,70
636,248,29,69
635,249,30,69
634,250,31,69
633,252,32,69
632,253,33,69
630,254,34,69
631,254,34,69
631,254,34,69
631,254,33,69
632,254,33,68
632,254,33,68
632,254,32,68
633,254,32,67
633,254,32,67
633,254,31,67
634,254,31,66
634,254,31,66
634,254,30,66
635,254,30,66
635,254,30,65
635,254,29,65
634,254,30,65
633,253,31,66
631,252,32,66
630,252,33,66
628,251,34,67
627,251,34,67
626,252,34,67
625,253,34,66
625,254,34,66
624,256,34,65
623,257,34,64
623,256,35,66
623,255,35,67
623,253,35,68
622,252,35,69
622,251,35,70
622,250,35,72
621,250,36,71
620,250,37,71
619,251,39,70
618,251,40,69
617,251,41,69
616,251,42,68
615,251,44,69
614,251,45,69
613,251,47,70
611,251,49,71
610,251,50,71
609,251,52,72
608,251,51,72
608,250,51,73
608,250,50,73
608,249,50,74
608,249,49,74
608,248,49,75
607,248,48,75
607,248,49,75
607,248,49,74
607,248,50,74
607,248,50,74
607,248,51,73
607,248,51,73
607,248,52,73
609,248,50,74
611,248,49,74
612,248,47,75
614,248,45,76
615,248,44,77
617,248,42,78
618,248,42,77
618,248,41,76
619,248,40,76
620,248,40,75
620,248,39,74
621,248,38,73
621,248,37,73
622,249,36,73
622,249,35,73
622,249,34,73
623,250,33,73
623,250,32,73
624,250,31,73
624,251,30,72
623,251,30,71
623,252,30,71
623,252,29,70
623,253,29,70
623,253,29,69
622,253,30,68
620,253,32,67
619,253,33,67
617,253,35,66
616,253,36,65
614,253,38,64
613,253,39,63
612,253,40,63
611,253,41,62
610,253,42,61
609,253,43,60
607,253,45,59
606,253,46,60
604,253,48,61
603,253,49,62
601,253,51,63
600,253,52,64
598,253,54,65
596,252,55,67
593,252,56,69
591,251,56,71
588,250,57,72
586,250,58,74
584,249,59,76
582,249,61,76
580,249,62,76
579,249,64,76
577,249,65,75
576,249,67,75
574,249,68,75
574,249,68,76
575,248,67,77
575,248,67,78
576,247,66,78
576,247,66,79
576,246,65,80
577,246,64,80
578,246,63,80
579,246,62,80
580,246,61,80
581,246,60,80
582,246,60,79
583,247,57,78
584,248,55,77
586,249,53,75
587,250,51,74
588,251,49,73
590,251,47,71
588,251,49,71
586,251,50,70
584,251,52,70
582,251,54,69
580,251,56,69
579,251,58,68
578,251,59,69
577,251,60,71
576,251,60,72
575,251,61,73
574,251,62,74
573,251,63,75
573,252,62,74
573,253,62,74
572,254,62,73
572,254,61,72
571,255,61,72
571,256,60,71
565,256,61,71
559,255,62,71
553,255,63,72
547,256,63,72
541,256,63,72
544,256,60,73
543,254,60,72
541,253,60,71
540,252,60,71
532,247,60,70
521,254,56,64
502,251,56,64
482,247,57,64
471,247,52,62
461,247,50,61
451,246,47,61
443,246,49,61
435,246,51,62
429,250,53,64
422,254,55,66
418,248,55,68
414,242,55,70
412,235,57,71
410,228,58,72
405,223,61,73
400,217,63,73
397,213,61,76
393,210,59,79
390,211,60,79
387,213,62,78
385,214,62,77
383,215,61,77
379,219,63,77
376,223,64,77
376,222,64,78
376,222,64,79
377,221,64,79
377,221,62,79
378,220,60,79
378,220,58,79
378,221,58,79
378,223,58,79
378,224,58,79
378,226,58,79
378,227,58,79
383,229,56,79
387,231,53,79
391,233,50,80
396,235,47,80
396,235,49,78
396,236,51,75
396,237,53,73
396,237,56,71
393,238,57,71
391,238,59,72
389,238,60,73
387,238,62,73
385,238,64,74
382,239,65,74
382,238,64,75
382,238,63,76
382,237,63,77
382,237,62,78
382,236,61,78
382,236,60,79
382,235,59,80
381,236,60,80
380,236,61,80
379,237,63,79
377,237,64,79
376,238,65,79
375,238,66,79
374,238,66,79
374,238,66,80
373,238,66,81
373,238,66,81
372,238,66,82
372,239,66,82
373,238,65,82
374,238,63,82
374,238,62,81
375,238,60,81
376,238,58,80
377,238,57,80
379,238,56,79
380,238,54,78
381,238,53,77
382,238,52,76
383,239,51,76
385,239,49,77
387,239,47,79
389,239,45,81
391,239,43,83
390,239,44,82
388,239,46,82
387,239,47,81
385,239,49,81
384,239,50,80
382,239,52,80
381,239,53,80
379,239,55,81
377,239,57,81
376,239,58,82
374,239,60,82
372,239,62,83
372,238,62,84
371,237,61,84
370,236,61,85
370,235,61,86
369,235,61,87
370,235,61,86
372,236,62,86
373,236,62,85
374,237,63,85
382,237,60,85
389,237,57,85
397,237,53,86
405,237,50,85
412,238,47,85
420,238,43,84
427,238,41,87
435,237,39,89
442,237,37,92
449,237,35,92
457,237,33,93
464,237,31,93
466,237,31,91
468,238,31,89
470,238,31,86
471,238,31,86
471,238,31,86
471,237,32,86
472,237,32,86
472,237,32,86
473,237,33,86
472,238,32,83
472,238,31,80
471,239,31,77
471,240,30,74
469,240,32,74
467,240,34,74
465,240,36,74
463,241,38,74
460,240,40,76
457,240,42,78
455,239,43,80
452,239,45,82
450,238,47,83
447,239,49,82
444,240,52,81
442,241,54,79
439,242,57,78
437,242,59,76
434,242,62,75
432,242,64,74
429,242,67,72
429,242,68,72
428,242,70,71
428,242,72,71
427,242,74,70
428,239,76,71
429,236,78,72
429,234,81,73
437,234,81,73
444,235,81,74
451,236,81,74
453,236,81,75
454,236,81,75
455,236,81,75
456,236,81,76
458,237,79,76
459,237,77,76
461,238,75,77
463,239,73,77
466,236,71,80
469,233,68,82
472,231,66,85
475,228,64,87
491,227,60,87
507,226,55,87
523,226,51,87
525,229,50,84
528,232,50,82
530,236,49,79
531,234,47,82
532,232,46,85
533,230,44,88
533,228,43,91
533,230,43,89
533,232,43,87
533,235,42,84
533,237,42,82
528,237,44,79
522,237,45,77
517,237,46,74
512,237,48,71
508,238,49,72
504,239,51,74
501,239,52,75
497,240,54,76
493,239,56,79
489,238,58,81
484,236,59,84
480,235,61,86
476,234,63,89
471,232,65,90
465,231,67,92
460,230,70,93
455,229,72,95
448,228,76,94
442,228,81,94
436,227,85,94
435,227,85,95
434,227,86,95
432,227,86,96
431,226,86,97
433,226,85,96
434,226,84,96
436,226,83,95
437,226,81,95
442,226,75,96
447,226,68,96
452,227,61,97
457,227,55,97
458,227,51,97
460,227,48,98
461,227,45,98
460,228,45,94
458,230,45,89
456,232,45,85
454,234,46,81
452,231,48,84
450,229,51,87
448,227,54,91
446,225,56,94
443,224,58,96
440,223,61,98
437,223,63,100
434,222,65,102
432,222,66,101
430,223,67,101
428,223,68,100
426,224,68,100
421,224,73,99
415,225,77,98
410,225,81,97
405,225,85,96
403,224,87,97
400,223,88,98
398,221,90,98
398,221,89,97
399,221,87,96
399,221,86,95
400,221,84,94
402,222,81,93
405,222,79,92
407,223,76,91
410,223,74,91
414,223,70,89
417,223,66,88
421,223,62,87
423,223,60,87
424,223,59,87
426,223,57,87
425,223,57,87
424,223,58,87
422,223,58,87
421,223,58,87
421,222,58,89
421,221,58,91
421,220,58,93
421,219,58,96
421,218,58,98
420,219,62,99
418,220,67,99
416,220,71,100
414,221,76,101
412,221,80,101
412,221,83,101
411,221,85,101
411,221,88,101
410,221,90,101
410,221,93,101
414,219,89,102
418,217,86,103
422,215,82,105
427,213,78,106
431,211,75,107
429,211,78,106
426,211,81,105
424,211,84,103
422,211,87,102
419,211,91,101
415,211,94,100
412,211,97,99
408,211,101,98
409,210,103,98
409,209,105,98
410,208,107,98
410,207,109,98
411,206,112,98
411,205,114,98
414,205,111,99
417,205,108,99
420,205,104,99
424,205,101,99
424,205,96,99
424,205,91,99
424,205,86,99
424,205,81,100
419,205,85,102
415,205,88,104
411,205,92,106
408,205,95,108
406,205,99,110
403,205,102,113
401,205,106,115
401,205,101,115
401,205,95,116
401,205,90,117
401,205,85,117
397,205,86,117
393,206,87,116
389,206,88,115
385,207,89,114
384,208,87,110
382,209,85,105
381,210,82,101
379,211,77,96
378,211,71,91
376,212,66,86
374,211,66,87
373,211,67,88
371,211,68,90
370,211,72,91
370,211,76,93
369,212,80,95
369,212,81,95
369,212,82,96
369,212,84,96
369,212,85,97
369,212,86,97
371,211,87,99
372,211,87,101
374,211,87,103
376,210,87,105
376,211,92,103
376,211,97,102
376,211,101,100
376,212,106,99
376,212,110,97
376,213,115,96
375,213,116,94
374,213,117,93
373,213,118,92
372,212,119,91
371,212,120,90
367,212,125,94
362,212,131,99
358,212,136,104
354,211,141,109
349,211,146,113
346,211,147,113
343,211,148,112
340,210,149,111
337,210,150,111
335,211,152,109
333,212,153,106
331,213,154,104
329,214,156,102
328,215,157,100
324,216,162,99
320,218,167,97
316,219,172,96
312,220,177,95
308,220,181,95
304,220,185,95
301,220,189,95
297,220,193,95
295,221,196,95
292,222,199,95
289,223,202,95
287,223,204,95
284,224,204,94
282,224,204,94
279,224,204,93
277,224,203,92
276,223,204,93
275,222,204,94
274,221,204,95
273,220,204,96
273,219,200,95
273,218,196,95
273,218,193,94
273,217,189,93
273,217,188,95
273,217,187,96
273,217,186,98
273,217,185,100
270,216,187,100
267,215,189,101
264,214,192,102
261,213,194,103
260,213,197,104
259,213,200,106
258,213,203,107
256,213,206,109
255,213,210,110
251,212,210,110
248,211,211,110
244,210,211,111
240,209,212,111
238,209,215,111
235,209,218,112
233,209,220,113
231,209,223,113
228,210,226,114
227,211,224,115
225,212,222,116
223,213,221,117
221,214,219,118
219,215,217,119
215,215,219,120
212,214,222,121
208,213,225,121
205,213,227,122
201,212,230,123
199,213,232,121
197,213,234,120
195,214,236,118
194,215,238,116
192,215,240,115
189,216,246,114
186,217,251,113
183,218,257,112
180,220,263,111
177,221,269,110
175,223,269,110
174,225,268,110
172,227,268,110
170,229,267,111
168,231,267,111
166,231,257,109
164,232,248,107
162,233,238,104
160,234,228,102
154,235,236,103
149,236,244,103
143,237,252,104
137,238,260,105
131,239,267,105
130,240,262,105
128,242,257,105
126,244,252,106
129,244,247,106
133,244,241,106
137,244,236,106
140,244,230,106
144,244,225,106
147,247,222,103
151,250,219,100
154,253,216,97
152,253,220,98
149,253,224,99
146,253,229,99
143,254,233,100
143,254,239,101
142,255,244,103
141,255,250,104
141,256,256,105
140,256,262,107
140,257,267,108
136,257,275,108
131,258,282,108
127,258,289,108
123,259,296,108
119,259,303,108
119,260,304,108
119,261,305,109
119,262,306,109
119,264,307,110
119,265,308,110
119,266,304,112
119,267,301,114
119,267,298,116
120,268,294,118
120,269,291,120
120,269,286,122
120,269,280,124
120,269,275,126
120,269,269,127
120,269,264,129
113,271,273,130
107,273,282,130
101,274,291,131
94,276,300,131
90,274,303,134
86,273,305,136
82,272,308,139
78,270,311,141
75,273,308,142
72,275,305,143
69,277,302,143
66,279,298,144
63,281,295,145
58,282,297,148
53,283,298,151
48,284,300,154
43,285,301,157
42,286,300,159
41,288,298,161
39,289,297,162
38,291,296,164
37,293,294,166
34,293,294,167
31,294,293,167
28,295,292,168
25,295,292,169
22,296,291,169
20,297,289,168
18,297,287,167
16,298,285,165
14,299,283,164
12,299,281,163
12,299,278,163
12,299,274,164
12,299,271,164
12,299,267,165
10,299,266,165
8,299,264,165
7,299,263,165
5,298,261,165
4,298,260,165
4,297,260,167
4,296,260,169
4,295,261,171
4,294,261,174
4,293,262,176
4,291,262,178
4,290,262,180
4,289,263,183
4,288,263,185
4,287,263,187
4,286,264,189
4,285,264,192
4,284,265,194
4,283,265,196
4,281,265,198
4,281,267,202
4,281,269,206
4,281,270,210
4,281,272,215
4,281,274,219
4,281,275,223
4,281,274,224
4,281,272,225
4,281,271,227
4,281,269,228
4,281,267,229
4,281,271,228
4,281,275,227
4,281,279,226
4,281,283,225
4,281,286,224
4,305,291,197
4,307,301,192
4,309,310,187
4,312,319,181
4,306,315,184
4,309,318,178
4,312,320,171
4,311,322,169
4,310,324,166
4,313,320,163
4,315,315,160
4,317,310,157
4,319,305,154
4,320,295,158
4,320,285,161
4,330,282,156
4,334,269,156
4,338,256,157
4,341,243,158
4,345,230,158
4,345,225,164
4,345,221,171
4,345,216,177
4,350,205,172
4,356,194,168
4,361,184,163
4,366,198,184
4,366,185,186
4,366,186,195
4,366,176,200
4,366,168,195
4,366,159,198
4,360,159,204
4,354,159,210
4,350,159,214
4,347,159,218
4,343,159,221
4,339,159,225
4,339,158,225
4,339,157,225
4,339,155,225
4,339,154,225
4,345,154,220
4,350,154,214
4,355,154,209
4,361,154,204
4,366,154,198
4,369,150,198
4,371,147,198
4,374,144,198
4,374,146,199
4,374,148,199
4,374,150,199
4,378,160,196
4,381,170,193
4,385,179,189
4,382,179,190
4,381,169,192
4,379,158,194
4,377,183,193
4,377,137,194
4,377,145,194
4,377,153,194
4,368,201,204
4,359,250,215
4,359,302,216
8,349,318,224
12,338,333,233
12,338,337,232
12,338,341,231
10,333,352,236
9,329,363,242
7,324,373,247
7,324,365,248
7,324,357,249
7,324,349,249
7,333,335,240
7,342,321,231
7,352,307,222
7,358,289,214
7,365,271,207
7,374,242,198
7,383,213,188
