628,290,158,149
628,289,163,148
633,294,168,147
641,295,173,146
651,294,178,145
668,293,183,144
685,279,183,144
699,265,186,142
713,250,189,141
715,233,192,144
716,221,192,123
716,209,192,103
716,196,192,97
717,185,192,91
714,183,195,83
707,187,197,81
700,191,200,79
694,196,203,77
687,200,205,75
689,202,204,77
691,204,203,78
693,207,201,79
696,209,196,79
699,211,191,79
702,214,187,79
706,216,186,79
709,218,191,79
712,220,196,79
715,223,201,79
720,227,199,79
724,231,196,79
729,235,193,79
733,239,191,79
734,241,192,79
734,242,193,79
735,240,194,79
736,237,195,79
733,231,195,79
730,224,195,79
728,217,195,79
725,210,195,79
722,203,195,79
723,207,195,79
724,211,195,79
724,216,195,79
725,220,195,79
723,221,195,79
721,223,195,79
718,224,195,79
716,225,195,79
714,227,195,79
714,226,195,81
714,226,195,84
714,225,195,86
714,225,195,88
714,224,195,90
714,221,199,103
714,219,203,117
714,216,207,130
714,213,211,144
714,211,215,157
715,220,212,157
716,229,209,158
717,238,206,158
718,247,203,158
719,256,200,158
717,258,197,159
715,260,194,159
712,261,191,159
710,263,188,160
707,264,185,160
705,264,186,160
702,264,187,160
699,264,187,160
697,264,188,160
694,264,189,160
691,264,189,160
691,264,189,159
691,264,189,159
690,264,189,159
690,264,189,158
690,264,189,158
690,264,189,157
685,261,189,157
682,259,189,157
679,258,189,156
677,258,189,156
675,269,184,148
667,276,185,150
658,284,187,152
650,292,188,154
642,299,189,156
623,304,189,153
604,308,189,151
585,313,189,149
566,318,188,146
548,322,188,144
529,324,194,144
511,326,201,144
501,329,199,144
494,331,193,144
487,333,188,144
488,338,185,139
489,343,183,135
490,348,180,131
491,353,177,126
496,352,177,129
500,350,176,132
505,349,176,134
510,348,175,137
514,346,175,140
515,344,175,140
515,342,175,140
516,340,175,140
517,338,175,140
517,336,175,140
518,334,175,140
518,333,175,141
517,332,175,142
516,331,175,143
516,330,175,144
515,329,176,145
515,328,176,147
514,327,176,148
521,323,179,147
527,319,183,147
533,315,186,147
540,310,190,147
546,306,193,146
572,298,189,146
597,290,184,145
623,282,187,145
656,272,185,144
690,263,183,144
726,249,178,155
733,241,178,156
739,234,179,157
745,226,179,159
752,219,180,160
752,212,175,160
752,205,170,160
752,198,165,161
752,190,160,161
749,188,160,161
745,186,160,161
742,184,160,161
739,182,160,161
736,179,160,161
733,177,160,161
734,176,160,161
736,175,160,161
737,174,160,161
738,173,160,161
740,171,160,161
741,170,160,161
739,169,160,161
736,167,160,161
734,165,160,161
732,163,160,161
729,162,160,161
727,160,160,161
725,158,160,161
726,158,160,161
726,158,160,161
727,158,160,161
728,157,160,161
728,157,160,161
729,157,160,161
738,169,160,156
746,181,160,151
755,193,160,146
763,205,160,141
772,217,160,136
781,229,160,131
789,242,160,126
793,249,154,129
796,257,148,132
799,265,142,134
802,273,136,137
805,280,130,140
781,296,138,125
756,312,145,111
731,328,153,97
707,344,160,83
682,360,168,68
667,362,152,64
652,364,136,59
634,352,124,69
615,340,111,79
592,322,107,84
570,305,103,88
548,287,99,92
526,270,94,96
503,252,90,101
486,246,90,98
469,239,91,94
464,232,91,91
456,231,90,101
457,232,88,104
457,233,86,107
458,234,84,110
458,235,82,113
459,236,81,115
459,237,81,116
459,238,82,116
459,239,83,116
459,239,84,117
459,240,85,117
461,243,84,117
462,245,84,116
464,247,84,116
465,250,84,116
467,252,83,115
481,262,82,114
495,271,82,113
509,280,81,112
523,290,80,111
537,299,79,110
546,343,103,74
587,370,150,68
631,369,124,70
673,366,115,69
670,372,124,66
671,377,119,62
671,384,121,57
674,381,115,55
664,381,107,58
662,381,100,60
665,387,93,55
665,389,92,57
670,391,94,63
660,391,111,61
667,384,118,66
673,380,133,70
684,382,125,77
693,373,133,97
681,360,151,104
715,346,139,124
733,337,126,128
751,328,114,128
767,334,111,118
774,325,118,120
779,325,125,122
775,319,134,129
772,314,143,136
757,302,152,143
737,288,161,126
713,262,171,128
694,242,175,128
675,222,180,129
656,202,184,130
637,182,189,131
617,162,193,132
615,162,197,132
612,162,201,132
609,161,204,132
607,161,208,132
609,164,208,132
610,168,208,132
612,171,208,132
614,175,208,132
616,178,208,132
616,178,205,134
617,178,203,136
617,178,200,138
617,178,197,140
618,178,199,140
618,177,200,140
618,177,201,140
619,176,203,140
619,176,204,140
615,176,207,139
614,176,205,138
619,176,199,137
626,176,191,136
625,175,191,136
623,174,191,136
622,173,191,136
621,172,191,136
620,170,191,135
618,168,192,135
617,167,192,135
615,165,193,135
613,164,193,134
612,167,193,133
611,171,193,132
610,175,193,130
609,178,193,129
605,180,193,129
601,182,193,129
597,184,193,129
593,186,193,129
586,189,193,128
579,191,192,127
572,193,192,126
565,195,191,125
558,197,191,124
556,200,186,123
553,204,180,123
550,207,175,123
548,210,170,122
545,213,165,122
544,214,163,123
544,214,160,124
543,215,158,124
542,215,155,125
542,216,153,126
541,216,150,126
539,216,150,126
536,215,150,126
534,215,150,126
531,215,150,126
529,215,150,126
526,213,145,127
522,212,140,128
519,211,135,129
516,209,130,129
513,208,125,130
512,207,124,132
511,206,124,134
510,205,123,136
510,204,123,138
509,203,122,140
510,204,121,139
511,206,120,138
513,208,118,137
514,210,117,136
515,212,115,135
517,213,114,134
519,214,113,133
522,216,111,131
524,217,109,130
527,218,108,128
529,219,106,126
532,220,105,125
535,220,105,125
538,219,105,125
542,219,105,125
545,218,105,125
548,218,105,125
552,217,105,125
553,220,104,124
554,222,104,124
555,225,103,123
556,227,103,123
557,229,102,122
558,231,102,121
560,233,101,121
561,235,100,120
562,237,100,119
564,239,99,118
566,238,99,117
569,238,99,115
571,237,99,114
574,237,99,113
576,237,99,111
579,236,99,110
576,224,107,126
574,212,115,142
572,200,122,158
570,188,130,175
567,176,137,191
565,164,145,207
555,153,155,226
546,143,164,245
536,132,174,264
526,122,184,283
526,122,189,284
525,122,193,284
525,122,198,284
524,122,202,284
523,122,207,285
523,125,209,283
523,127,212,281
523,130,214,280
522,133,216,278
522,135,219,277
522,137,220,277
522,138,222,277
522,139,223,277
522,141,224,277
523,139,224,278
523,138,225,280
524,136,225,281
524,134,225,283
525,133,226,285
525,130,234,287
524,127,242,288
524,124,250,290
524,121,258,292
523,118,266,294
524,116,279,296
524,114,292,298
524,112,305,300
525,110,318,302
525,109,332,303
525,109,335,304
525,109,339,305
525,109,342,306
525,109,346,307
525,109,349,307
525,105,356,303
524,101,364,299
524,97,371,295
524,92,378,291
523,88,385,287
525,90,390,277
527,91,395,266
529,92,400,255
534,99,405,244
539,105,410,234
537,117,415,223
547,130,406,216
558,135,397,217
568,141,388,218
579,146,379,219
589,152,371,220
590,156,372,228
591,160,373,235
591,159,375,236
591,159,376,237
591,158,377,238
600,163,371,252
609,168,364,237
615,164,357,236
620,160,350,236
626,156,344,235
631,152,337,235
636,150,332,230
642,149,326,225
647,148,321,219
652,147,316,214
658,146,310,209
663,145,305,204
668,143,299,199
674,140,294,202
679,137,289,206
685,134,283,210
690,131,278,213
692,129,271,222
695,127,265,231
697,124,258,240
699,122,251,248
699,122,250,256
699,122,249,263
699,122,248,270
702,124,243,269
705,125,237,267
707,127,231,266
710,129,226,265
714,132,218,265
719,136,211,265
723,140,204,265
727,144,197,265
732,148,189,265
734,147,181,265
737,147,173,265
740,147,165,265
742,146,157,265
745,146,149,265
744,145,148,264
744,144,147,264
743,143,146,264
742,143,145,264
742,142,143,263
741,141,142,263
744,139,138,263
747,138,134,263
750,137,130,263
753,135,126,263
755,135,126,263
758,135,125,262
760,135,124,262
762,135,124,262
763,136,122,260
763,136,121,258
763,136,120,256
763,136,119,254
764,136,117,251
764,136,116,249
764,136,115,247
764,136,114,245
765,137,113,243
765,137,111,241
765,137,110,239
761,137,114,246
759,137,117,249
758,138,120,253
756,138,123,256
755,138,126,259
758,139,120,253
760,139,114,248
756,139,114,246
753,139,116,248
753,139,116,247
752,139,116,245
752,139,116,244
744,139,123,254
743,139,122,252
742,140,120,250
741,141,119,248
742,141,117,252
744,140,116,252
745,140,114,253
746,140,113,254
747,139,124,254
748,139,121,254
749,139,119,255
743,138,124,252
741,138,125,258
740,138,124,258
740,138,123,257
741,137,120,256
741,137,119,255
741,137,118,253
741,136,117,251
740,136,117,255
743,136,113,252
733,135,122,255
734,135,122,254
731,134,125,255
728,134,129,257
726,133,131,260
727,132,131,262
721,132,138,261
717,131,143,261
723,131,137,259
728,130,133,258
726,129,136,262
728,129,134,258
733,130,131,258
738,132,128,258
744,133,125,258
749,135,122,258
754,136,118,258
760,138,115,258
765,139,112,258
771,141,109,258
779,141,101,260
787,145,106,262
795,149,112,263
804,153,118,265
812,157,123,266
820,161,129,267
821,161,132,268
821,161,134,269
821,161,137,270
822,161,140,271
809,157,153,269
797,153,166,267
785,149,179,265
773,145,192,263
761,145,203,260
749,144,214,256
737,144,225,253
725,143,236,250
728,142,237,254
732,141,238,258
735,140,239,262
738,139,240,266
742,139,240,271
746,139,240,275
749,139,240,280
753,139,240,285
750,138,240,285
747,136,240,285
744,135,240,285
741,133,240,285
738,131,240,285
733,130,242,281
728,129,244,278
722,128,246,275
717,127,248,272
711,126,250,269
710,128,252,272
709,130,255,276
708,132,257,279
707,135,259,283
706,137,262,286
703,138,265,282
699,139,268,278
696,141,271,274
692,142,275,270
689,143,278,266
684,145,282,267
679,147,287,268
674,149,291,269
669,151,295,270
664,153,299,271
655,154,308,273
646,155,317,274
637,156,326,275
637,156,326,277
635,157,327,278
638,158,325,279
633,160,329,278
634,162,329,277
633,164,330,276
632,165,331,275
631,167,332,274
630,169,333,273
631,172,333,269
633,175,333,265
634,178,334,260
636,182,334,256
637,185,334,252
639,188,334,248
650,179,334,255
660,171,334,262
671,162,334,269
680,157,316,265
689,152,298,262
699,147,280,258
708,142,262,255
717,137,244,251
716,126,242,248
715,115,240,244
714,105,238,241
714,94,236,237
713,83,234,234
692,73,247,223
671,63,260,213
651,53,274,202
630,43,287,192
609,33,301,181
591,34,307,178
573,35,313,174
555,36,319,170
537,37,325,166
523,40,325,168
510,42,324,169
496,45,324,170
482,47,324,171
468,50,324,172
466,52,314,175
463,54,305,177
460,56,295,180
458,58,286,183
455,60,277,185
461,61,266,191
466,62,256,196
472,62,245,201
478,63,235,207
478,65,234,205
478,67,232,203
481,67,222,208
485,66,212,214
488,66,202,220
491,66,192,226
491,68,191,225
491,70,191,224
491,73,190,223
491,75,189,222
493,73,190,222
494,70,190,222
495,68,191,218
497,65,191,214
498,63,192,209
499,62,204,208
500,60,216,206
500,59,227,204
501,58,239,202
502,56,251,200
514,52,261,195
527,48,271,190
539,44,281,186
551,40,291,181
564,36,301,176
576,35,315,177
588,34,314,178
600,33,304,179
612,32,305,185
624,31,306,192
635,34,298,198
646,38,289,203
657,42,281,209
668,45,262,216
674,57,254,216
679,69,247,216
684,80,239,215
689,92,232,215
694,103,224,215
689,111,222,215
684,119,220,215
679,127,219,215
674,134,217,215
668,142,215,215
660,150,215,213
652,158,215,211
644,166,215,209
635,173,215,207
627,181,215,205
619,189,215,203
604,189,220,203
590,189,225,203
575,189,230,204
561,189,235,204
546,189,240,204
532,190,247,203
518,190,253,202
504,191,260,201
490,191,266,200
476,192,273,199
472,186,273,198
467,180,273,198
462,174,273,198
457,168,273,198
452,162,273,197
459,165,272,196
466,168,272,195
473,171,272,193
480,174,271,192
487,177,271,191
495,182,271,184
502,188,271,178
510,193,271,172
527,202,270,166
565,208,242,160
585,207,224,164
604,206,207,168
624,205,190,172
645,204,170,174
667,203,150,176
682,193,137,185
697,182,123,195
711,172,109,204
726,162,95,213
731,160,96,213
736,157,96,213
740,154,96,213
745,152,97,213
740,146,106,212
734,141,115,210
729,136,124,208
715,135,140,203
702,133,157,197
691,134,174,185
681,136,191,172
670,138,208,160
659,139,225,147
648,141,242,134
645,141,253,122
641,141,265,109
637,142,276,97
634,142,287,85
635,138,289,79
636,134,291,73
638,130,293,66
639,126,295,60
639,116,295,72
639,106,295,84
639,96,295,96
639,86,295,107
639,83,295,117
638,80,294,127
638,77,293,137
638,74,293,146
638,76,292,145
638,79,292,144
638,81,291,143
638,83,291,142
638,86,290,141
638,81,279,151
638,77,267,161
638,73,256,171
638,69,245,181
638,64,234,191
634,60,220,198
630,56,207,205
627,52,193,213
623,48,180,220
619,50,180,221
616,51,180,222
612,52,180,223
609,54,180,223
605,55,180,224
603,60,184,222
600,65,188,221
597,70,192,219
595,75,196,217
592,79,200,215
589,84,204,213
588,85,205,216
587,86,205,218
585,87,206,220
584,88,206,222
583,88,207,224
581,89,207,224
579,90,207,224
578,90,207,224
576,91,207,224
575,92,207,224
573,92,207,224
572,96,207,224
570,99,207,224
568,102,207,224
567,105,207,224
565,109,207,224
564,107,209,226
563,106,212,228
562,105,215,230
562,103,218,231
561,102,220,233
560,101,223,235
556,101,228,237
552,101,234,239
548,101,239,241
545,101,244,242
541,101,250,244
536,98,252,247
531,95,254,249
526,92,256,251
521,90,258,253
515,87,260,255
513,87,265,255
510,87,269,254
507,87,273,254
505,87,277,254
504,86,279,254
504,85,281,255
503,85,284,255
503,84,286,256
502,83,289,256
502,85,289,255
502,87,289,254
502,88,289,253
502,90,289,252
502,92,289,251
502,94,289,250
501,96,288,250
501,98,287,250
500,101,286,250
499,103,285,250
499,105,284,250
498,107,283,250
498,114,283,247
497,120,283,245
497,126,283,242
496,132,283,240
496,139,283,237
495,145,283,235
495,146,284,236
495,147,284,238
495,148,285,239
498,152,286,239
500,156,287,239
503,160,288,239
505,164,289,239
508,168,290,239
510,172,291,239
510,171,293,241
510,171,295,243
511,171,297,244
511,171,299,246
511,171,301,248
511,170,303,250
516,179,301,248
521,188,299,246
525,196,296,244
530,205,294,242
534,213,291,240
545,219,287,240
557,224,282,240
568,229,278,240
579,235,273,239
591,240,269,239
594,241,272,240
598,241,276,242
602,242,280,243
606,242,284,244
609,243,287,246
612,240,287,247
615,237,287,248
618,234,287,250
621,231,287,251
624,228,287,252
624,225,289,254
624,221,290,256
624,218,291,257
624,214,293,259
624,211,294,260
619,207,296,262
614,203,298,264
609,199,300,265
604,195,302,267
600,190,304,268
595,186,306,270
590,186,308,270
586,186,310,270
581,186,312,270
577,186,314,270
572,185,316,270
568,185,318,270
566,187,320,270
563,188,321,270
561,190,322,270
559,192,324,270
557,193,325,270
557,193,325,271
557,193,325,272
557,193,325,273
557,193,325,273
557,193,325,274
557,193,325,275
558,194,326,276
559,194,326,278
560,194,327,279
562,195,328,280
563,195,329,281
564,195,330,282
565,196,330,283
567,194,332,284
569,192,333,285
571,190,334,285
572,189,336,286
574,187,337,286
576,185,338,287
578,183,340,288
580,181,341,288
582,179,342,289
583,178,344,289
585,176,345,290
585,172,345,290
585,168,346,290
585,164,346,290
585,160,346,290
585,156,346,290
585,152,346,290
586,150,345,289
587,148,344,288
587,146,342,287
588,144,341,286
589,143,340,286
589,141,338,285
590,141,337,286
590,140,335,286
591,140,333,287
591,140,331,288
591,139,329,289
592,139,328,290
592,139,326,291
593,138,324,292
593,138,322,293
594,137,322,291
595,136,322,290
595,135,322,288
596,134,322,287
597,133,322,285
597,132,322,284
598,131,322,282
599,130,322,281
603,133,324,279
607,137,326,278
612,140,328,277
616,143,330,275
621,146,332,274
625,150,334,273
630,153,336,271
631,153,336,271
633,152,336,271
634,152,336,271
636,152,336,271
637,152,336,271
639,152,336,271
640,152,336,271
640,152,336,271
641,152,336,271
642,152,336,271
642,152,336,271
643,152,336,271
644,152,336,271
644,152,336,271
643,153,334,272
641,155,333,272
640,157,331,273
638,158,330,273
637,160,328,274
635,162,327,274
634,163,325,275
632,165,324,275
622,166,319,275
612,168,315,275
602,169,311,275
592,170,307,275
582,172,302,275
572,173,298,275
560,173,298,274
549,172,298,274
537,172,298,273
526,172,298,272
514,172,298,271
502,172,303,271
490,172,309,270
478,172,314,269
466,172,320,269
454,172,325,268
442,172,330,267
436,172,328,266
431,172,325,265
425,172,322,263
420,173,320,262
415,173,317,260
409,173,314,259
416,173,312,259
422,172,310,258
428,172,309,258
434,172,307,257
440,172,305,256
453,170,304,257
466,167,303,257
479,165,302,258
493,163,301,258
506,161,300,259
519,159,299,259
532,156,298,260
545,154,297,260
560,155,296,262
576,156,295,264
591,158,295,266
607,159,294,268
622,160,293,269
638,161,293,271
643,158,303,274
647,155,313,276
652,152,308,279
657,148,303,281
662,145,298,284
667,142,293,286
666,145,294,284
664,147,295,282
663,149,297,280
662,152,298,277
660,154,299,275
655,157,305,274
651,161,309,272
648,164,313,270
644,167,317,269
640,170,321,267
635,171,325,267
633,172,325,267
632,173,325,267
630,174,326,267
628,175,326,267
627,176,326,267
626,177,323,267
625,179,320,267
623,180,316,267
622,182,313,266
621,184,310,266
624,185,302,266
620,185,303,266
620,185,300,266
623,185,294,266
625,185,288,267
627,185,283,267
629,185,278,267
631,185,273,267
630,186,272,265
630,187,271,263
629,188,270,260
628,190,269,258
628,191,268,256
627,192,267,254
628,192,267,252
630,192,266,251
632,193,265,249
633,193,265,248
635,193,264,246
636,193,263,244
638,192,262,245
640,190,261,245
642,188,260,246
643,187,260,246
645,185,259,247
647,184,258,247
647,186,258,245
647,187,257,244
647,189,257,242
647,191,257,240
647,192,257,238
647,194,257,237
647,196,256,235
647,196,255,235
647,196,255,235
647,196,254,236
647,196,253,236
647,196,252,236
647,196,251,236
647,196,250,236
648,196,248,236
648,195,247,235
649,195,245,235
650,195,244,234
650,194,242,234
645,194,247,233
641,194,250,233
637,194,253,232
634,193,256,232
633,193,256,231
638,193,251,231
643,192,245,230
648,192,239,230
653,192,233,229
658,192,227,229
663,191,221,228
668,191,216,228
673,191,210,227
678,190,204,227
681,191,201,227
684,191,199,228
687,192,196,228
690,192,193,229
692,193,191,229
695,193,188,230
696,193,187,230
697,193,186,230
698,193,185,230
699,193,184,230
699,193,183,230
700,194,182,230
701,195,181,230
701,195,180,230
702,196,179,230
703,197,178,230
703,197,177,231
704,198,176,231
705,199,175,231
704,200,173,232
704,201,171,233
704,202,169,233
704,203,167,234
703,204,165,235
704,203,164,235
704,203,164,235
705,202,163,235
706,202,162,235
706,201,161,235
706,201,160,236
706,201,158,236
706,201,157,237
706,201,156,237
706,201,154,238
704,200,153,237
701,200,151,236
699,199,150,234
696,198,148,233
694,197,146,232
691,197,146,233
688,197,145,233
685,196,144,233
682,196,144,234
681,195,146,235
679,194,148,236
678,193,150,238
677,192,152,239
675,190,154,240
673,189,160,242
671,188,165,244
670,187,171,245
668,186,176,247
666,185,181,248
665,184,187,251
664,182,192,253
664,181,197,255
663,180,203,258
661,180,209,257
659,180,216,257
656,180,223,256
654,181,230,256
652,181,236,256
650,181,243,255
646,180,251,255
643,179,258,255
639,179,266,254
636,178,273,254
632,177,281,254
628,177,286,255
625,176,291,256
621,175,296,258
617,175,301,259
613,174,306,260
606,175,308,261
600,175,310,261
593,176,312,262
586,176,313,262
579,177,315,263
572,177,317,263
566,178,315,262
560,178,312,261
554,179,310,260
549,180,308,260
543,180,306,259
537,181,303,258
532,182,303,258
528,183,302,258
523,184,301,258
519,184,300,258
514,185,299,258
508,186,302,257
502,187,305,256
496,188,308,255
490,189,311,253
485,190,314,252
482,190,314,252
480,190,313,252
478,190,312,252
476,190,312,252
473,189,311,252
471,189,310,252
472,189,309,253
473,189,307,254
474,189,306,255
476,189,305,256
477,189,303,257
478,189,302,258
483,188,293,259
489,187,284,260
495,186,275,262
500,185,266,263
506,184,256,265
517,184,238,264
527,183,219,264
538,183,201,264
549,183,182,263
560,182,164,263
569,184,145,255
569,184,140,254
569,184,134,254
556,184,148,254
534,184,169,254
513,184,191,254
490,176,212,254
467,176,235,254
456,176,244,244
282,130,337,259
282,130,329,255
282,121,325,262
278,120,324,260
275,120,322,258
272,120,321,257
268,119,320,255
270,128,317,253
272,137,315,252
273,145,312,250
275,154,310,249
276,162,307,247
278,173,309,242
280,184,310,237
282,195,312,232
284,205,313,227
286,216,314,222
285,212,314,225
284,207,314,229
284,203,313,233
283,199,313,236
282,194,313,240
282,190,312,244
281,185,312,247
280,181,312,251
283,177,309,252
286,172,307,254
289,167,304,255
291,163,302,256
294,158,299,258
295,165,298,253
297,172,297,248
298,178,295,244
299,185,294,239
300,185,297,242
301,186,299,244
302,186,302,247
303,186,305,250
302,181,312,252
302,175,319,255
301,169,326,258
300,163,333,260
299,157,340,263
300,148,343,269
301,139,346,275
302,131,350,280
303,122,353,286
304,123,355,286
305,124,357,287
305,125,359,287
306,126,361,287
306,126,362,286
306,125,363,285
306,125,365,283
309,125,363,282
312,124,362,280
314,124,360,279
321,123,355,278
326,121,351,279
332,118,346,280
345,117,334,279
357,118,324,272
370,119,314,264
382,121,303,256
395,122,293,248
416,126,272,248
438,129,252,248
460,132,231,248
482,136,211,248
503,139,191,248
521,143,167,247
537,147,137,245
543,151,130,243
549,154,124,242
552,159,120,239
554,163,115,235
557,168,111,232
554,168,111,232
551,169,111,232
548,170,111,232
545,170,111,232
541,169,111,232
538,168,111,232
534,166,111,232
530,165,111,232
529,165,111,232
529,164,111,232
528,164,111,232
527,164,111,232
526,164,111,232
522,166,116,224
522,169,116,217
523,164,114,217
547,170,90,205
558,177,79,193
558,202,79,151
557,225,78,114
556,236,77,99
556,239,77,98
555,239,78,98
554,238,80,98
554,238,81,98
553,238,83,98
553,237,85,98
556,239,83,98
559,241,82,98
563,242,81,98
566,244,79,98
572,241,78,98
579,239,77,98
583,237,84,99
588,235,91,99
590,237,94,99
591,239,96,99
593,241,98,99
577,239,101,99
570,239,107,99
540,244,133,94
502,244,145,94
466,248,153,97
434,246,161,99
421,240,161,113
421,240,146,113
416,239,144,111
411,238,142,109
406,237,139,108
401,236,137,106
397,228,134,106
393,220,132,107
389,212,129,107
385,204,126,107
381,196,124,107
376,184,121,106
366,174,125,103
357,164,130,100
347,155,134,97
350,156,138,94
350,163,139,93
349,171,139,92
348,179,139,91
348,186,140,90
347,194,139,85
346,201,138,79
346,208,137,74
345,215,136,68
345,225,130,68
345,226,125,77
345,228,120,85
345,229,114,94
345,231,109,102
348,234,111,99
350,238,112,97
353,242,114,94
356,245,116,92
358,246,106,93
361,245,110,92
364,244,115,92
367,244,119,91
370,243,118,90
373,243,117,90
378,246,118,91
383,250,120,93
388,253,121,94
394,257,122,95
399,260,124,97
399,263,124,95
400,265,124,94
401,267,125,93
402,269,125,91
403,265,126,96
404,262,126,101
407,260,126,98
409,259,127,96
412,258,127,93
415,256,127,91
417,255,128,89
417,255,126,87
417,255,125,86
417,255,124,85
417,255,123,83
417,255,122,82
412,254,122,82
408,254,122,82
403,253,122,83
398,252,122,83
393,252,122,83
388,251,122,83
388,251,123,85
388,251,124,87
388,251,124,88
388,251,125,90
387,263,130,91
381,275,136,94
380,286,140,95
377,295,137,91
372,300,137,87
366,305,137,83
361,309,137,79
356,314,137,75
354,315,138,76
352,316,140,77
351,316,141,78
349,317,142,79
348,318,144,81
347,313,148,83
346,307,148,85
345,302,141,86
344,297,134,87
340,284,111,89
340,272,93,89
335,231,81,117
331,204,93,124
330,188,97,124
344,165,98,126
357,142,118,109
369,135,133,105
396,123,133,105
421,122,133,105
475,121,144,83
510,122,136,85
548,127,120,86
561,134,122,113
572,137,122,124
591,141,121,130
595,146,121,129
596,143,117,129
598,141,113,129
600,138,109,129
601,135,105,129
588,123,110,126
574,110,115,124
562,92,120,122
546,80,114,110
454,64,162,98
400,63,175,89
364,64,157,89
337,72,148,89
305,87,142,98
272,107,136,107
260,126,130,117
252,143,124,126
252,168,125,136
259,190,125,136
272,212,133,142
299,243,121,132
340,260,103,120
362,267,117,115
384,274,131,111
407,273,145,115
420,264,158,114
436,251,162,125
443,240,166,124
443,221,166,124
440,208,166,124
429,190,183,132
421,192,196,128
397,163,243,171
372,134,289,214
347,105,336,257
322,76,383,301
322,82,379,295
323,86,381,294
323,90,383,293
324,94,385,292
325,98,387,291
325,101,385,289
325,104,383,287
325,107,382,285
325,110,380,283
323,110,380,283
321,110,380,283
319,110,380,283
317,110,380,283
314,110,379,283
311,110,378,282
308,110,377,281
305,110,376,280
302,110,375,279
295,113,374,277
289,116,372,275
283,120,371,273
276,123,370,271
270,126,369,269
261,126,365,268
252,126,360,268
244,126,355,268
235,126,350,267
225,119,352,269
216,111,353,270
207,104,354,271
197,97,356,273
202,94,355,270
207,91,354,268
212,88,353,265
217,85,353,263
221,82,352,260
234,93,352,259
246,105,353,257
258,116,353,255
271,128,354,253
283,139,354,251
301,160,360,231
306,185,358,211
312,202,356,198
318,217,354,189
324,233,352,178
330,239,350,177
330,239,343,183
329,239,336,189
329,233,337,195
329,225,333,197
323,206,333,211
317,184,333,228
311,161,333,246
307,140,336,250
302,119,339,255
298,98,342,259
299,87,345,258
299,76,347,257
300,65,349,256
301,54,352,255
306,50,349,252
311,45,347,250
315,53,345,247
319,60,342,244
323,67,340,242
329,82,340,239
334,97,340,236
340,111,340,234
342,122,341,231
345,133,342,228
348,143,344,226
347,145,343,222
347,147,342,218
347,149,341,215
347,146,339,217
346,138,338,223
347,132,333,224
348,127,328,224
348,121,323,225
349,115,318,226
351,110,314,224
354,104,310,223
356,98,306,222
358,92,302,220
360,88,301,213
362,84,301,207
372,88,301,202
382,92,301,197
393,95,301,192
403,99,301,201
420,106,294,205
438,114,287,209
442,121,294,213
449,131,292,218
454,132,291,218
459,133,291,217
464,134,290,216
468,130,288,206
471,125,286,195
474,121,284,185
478,117,282,175
478,111,283,160
478,105,284,145
479,100,284,130
479,94,285,115
479,88,286,101
479,85,281,91
479,82,275,82
481,78,277,77
483,74,278,72
485,70,275,76
487,66,273,81
488,66,269,85
488,67,265,89
495,68,259,100
502,68,252,111
511,70,247,117
519,73,242,123
528,75,237,129
537,77,232,132
537,79,235,137
543,80,229,134
538,81,232,131
530,82,240,128
522,83,247,125
517,84,252,114
512,86,256,102
507,87,260,91
504,86,261,82
500,85,262,72
496,84,262,62
493,83,263,52
489,83,259,52
485,83,256,52
482,83,252,52
478,83,248,52
475,83,248,54
471,82,247,55
468,81,246,56
465,81,245,58
462,80,244,59
462,76,246,67
463,71,247,76
464,66,248,84
464,62,250,93
469,63,248,97
475,65,246,102
480,67,244,107
485,69,242,112
490,71,240,117
497,74,233,129
504,77,225,141
512,81,218,153
519,84,210,164
526,87,202,176
522,92,206,187
519,105,208,183
513,112,211,189
506,119,215,195
492,123,227,200
478,127,240,205
464,130,252,211
450,134,265,216
427,135,280,218
404,135,295,219
397,137,292,213
391,138,289,208
384,139,286,203
375,132,287,203
366,125,287,203
358,118,288,203
349,111,289,203
345,112,286,191
341,112,283,180
337,112,280,169
333,113,277,157
329,113,274,153
325,113,272,150
321,114,270,146
317,114,267,142
303,115,277,142
290,117,286,142
276,118,295,142
276,116,295,140
276,114,295,139
276,112,295,137
275,110,294,135
275,109,294,133
277,109,293,132
280,110,291,131
282,111,290,130
284,111,289,129
287,113,288,134
291,115,288,138
294,116,288,143
297,118,287,148
293,118,287,164
289,119,287,181
285,119,287,198
282,119,287,215
283,122,277,214
285,125,267,213
277,127,266,212
270,130,265,211
266,130,266,204
262,130,267,198
258,130,269,192
254,130,270,185
256,132,269,186
259,133,268,187
262,135,267,187
264,137,266,188
264,139,267,193
263,141,267,199
262,143,268,204
262,145,269,209
258,152,269,211
254,160,269,213
250,167,269,214
246,174,269,216
267,184,217,191
288,193,165,166
297,202,140,143
294,212,131,128
290,216,129,115
283,210,133,117
277,205,138,118
271,199,142,120
264,193,146,121
260,181,144,122
256,169,142,122
256,164,146,118
255,158,150,114
254,153,153,110
254,148,157,106
255,149,157,106
256,150,157,106
262,162,155,101
268,174,152,97
273,186,150,92
279,199,148,87
277,215,147,84
276,221,146,90
274,227,146,97
272,233,145,103
272,235,145,101
272,237,145,99
268,233,139,100
264,229,132,101
260,224,126,102
256,220,120,103
254,215,124,106
252,210,129,109
250,205,134,111
253,207,141,112
256,209,147,113
259,211,153,114
262,213,160,115
268,218,161,117
275,223,162,118
282,227,164,120
289,232,165,121
293,235,165,121
297,239,165,121
301,242,165,121
305,246,165,121
313,244,162,122
321,242,160,122
330,239,157,123
338,237,154,124
336,236,153,125
334,234,151,127
332,232,150,128
330,230,148,130
328,229,147,131
326,227,145,133
305,220,153,125
283,214,162,117
272,207,160,110
254,203,171,118
252,207,171,120
250,211,171,121
248,215,171,122
246,219,171,124
244,223,171,125
249,229,167,126
253,234,163,128
258,240,160,129
259,239,163,129
260,239,166,129
262,238,169,129
263,237,172,129
272,238,170,128
280,238,168,127
289,238,166,126
298,239,164,125
301,240,163,124
304,242,163,123
308,243,162,122
311,244,162,122
314,246,161,121
314,248,161,121
314,251,161,121
314,254,161,121
314,256,161,121
315,258,161,121
315,261,161,121
316,263,161,121
316,265,161,121
317,267,161,121
318,269,161,121
319,271,161,121
321,273,161,121
322,275,161,121
323,275,161,121
324,275,161,121
325,274,161,121
326,274,161,121
327,274,161,121
331,272,161,121
335,271,162,121
339,270,162,121
342,268,162,121
346,267,162,121
349,266,161,121
352,265,160,120
354,264,158,120
357,263,157,120
360,262,156,120
362,262,156,120
364,262,156,120
366,262,156,120
368,262,156,120
370,262,156,120
369,261,154,120
367,261,152,120
365,260,150,120
363,260,148,120
361,259,146,120
360,259,146,120
358,259,146,120
357,259,146,120
355,259,146,120
354,258,146,120
352,258,146,120
351,258,146,120
349,258,146,120
348,258,146,120
347,258,146,120
345,258,146,120
344,258,146,120
342,258,146,120
342,258,146,120
342,258,146,120
342,258,146,120
341,258,146,120
341,258,146,120
341,258,146,120
341,260,146,120
341,262,146,120
340,264,146,120
340,266,146,120
340,268,146,120
340,270,146,120
340,272,146,120
340,274,146,120
338,274,145,118
336,274,144,117
334,274,142,115
332,274,141,114
331,274,140,113
329,274,138,111
317,277,141,112
305,280,143,113
293,283,146,114
280,286,148,115
268,289,150,115
262,293,155,113
257,298,159,110
251,302,163,107
245,307,168,104
239,311,172,101
234,317,172,100
229,323,172,99
224,328,172,98
219,334,172,97
