522,39,257,382
512,39,273,382
501,39,288,382
503,39,292,382
501,39,296,382
505,41,286,379
510,43,276,376
513,44,259,375
516,45,228,373
519,46,215,371
522,47,200,364
522,47,197,365
522,47,194,366
522,47,186,366
522,47,178,366
522,47,167,366
522,47,156,367
522,47,145,367
513,47,116,370
505,47,125,367
499,47,130,368
493,47,135,368
488,47,141,369
482,47,146,370
478,47,149,369
475,47,153,369
471,47,156,369
468,47,160,369
464,47,163,368
464,46,163,368
463,46,162,368
463,46,161,368
462,46,160,368
462,45,159,368
445,48,173,369
428,50,186,371
411,53,199,372
404,55,202,373
397,58,206,374
389,60,209,375
387,60,211,375
385,60,214,375
382,60,216,375
380,60,218,375
377,60,221,375
375,60,224,375
369,61,224,374
364,61,225,373
359,61,226,371
354,62,227,370
348,62,227,369
343,63,228,368
338,63,229,366
333,64,229,365
327,64,230,364
322,65,231,363
317,65,232,361
311,65,232,360
306,66,233,359
301,66,234,358
296,67,234,356
297,67,234,355
299,68,234,353
300,69,234,352
302,69,234,350
303,70,233,349
305,71,233,347
329,70,210,349
352,69,186,352
376,68,163,354
389,67,150,357
403,65,137,359
409,64,143,358
425,63,140,356
441,62,137,355
458,61,133,354
474,60,130,352
474,60,140,354
474,60,150,355
476,60,156,357
479,59,163,359
482,59,169,360
483,59,176,360
484,59,184,359
485,59,191,358
486,59,198,358
496,57,189,360
502,56,183,361
508,55,177,361
514,53,171,362
539,53,152,362
550,52,146,362
561,51,141,362
572,50,136,362
574,49,139,364
579,47,151,361
584,45,163,358
591,46,172,358
598,47,181,358
605,48,190,358
612,49,198,358
617,48,193,359
622,46,188,360
628,45,182,361
633,43,177,362
639,42,171,363
644,40,166,364
645,40,173,364
647,40,180,364
648,40,187,363
649,40,194,363
653,40,198,365
657,39,201,366
661,39,204,368
665,39,208,370
669,38,207,370
673,38,202,371
677,37,197,371
681,37,191,372
685,36,186,372
686,34,184,377
687,32,182,381
688,30,180,385
689,28,178,390
691,27,176,391
693,26,175,392
694,25,173,393
696,24,171,394
696,22,174,395
696,21,177,397
696,19,180,399
696,18,183,400
696,16,186,402
694,15,190,403
692,15,193,404
690,14,196,405
688,13,200,406
691,12,191,408
694,11,182,410
697,9,181,415
700,8,181,420
703,7,185,415
706,6,180,421
709,5,181,424
712,4,182,426
715,3,183,429
718,3,182,431
718,3,182,433
718,3,182,435
718,3,182,435
718,3,181,435
718,3,180,435
718,3,180,435
712,3,183,435
707,4,186,435
702,5,189,435
696,5,192,435
689,4,193,438
682,3,194,441
675,2,195,443
668,1,196,446
662,1,199,447
657,1,203,447
651,1,207,448
645,1,210,449
642,1,206,450
638,2,202,450
634,2,197,451
630,2,193,452
627,3,189,453
626,3,188,451
625,3,188,449
625,3,187,448
624,3,186,446
625,2,184,447
625,2,181,449
626,2,178,450
627,1,175,451
620,1,177,450
613,1,178,449
606,1,179,447
600,1,180,446
593,1,181,445
587,1,180,446
582,2,179,446
576,2,178,447
571,2,178,448
565,3,177,449
549,3,193,450
495,3,246,451
483,3,259,449
471,3,271,447
468,3,273,451
466,3,276,454
463,3,279,457
460,3,281,461
460,3,277,461
460,3,273,461
460,3,269,461
453,3,258,460
445,3,247,460
438,3,236,459
429,3,222,461
420,3,208,462
395,2,174,458
387,2,178,460
380,1,182,462
363,1,199,465
346,1,216,468
329,1,233,470
322,1,242,470
314,1,250,470
306,1,259,470
305,1,259,472
304,1,259,475
302,1,259,477
302,1,257,478
302,1,255,479
302,1,253,480
301,2,249,478
294,2,251,477
278,2,262,476
262,3,272,474
241,3,283,476
209,3,305,478
195,3,301,477
187,3,296,476
182,3,301,476
188,3,290,476
193,3,278,477
199,3,267,478
202,3,257,479
204,3,246,480
206,3,236,481
209,3,226,482
210,3,223,483
211,3,220,483
213,3,217,484
217,3,212,479
222,3,208,474
227,3,203,470
231,3,198,465
232,3,198,464
232,3,198,463
232,3,197,462
233,3,197,461
233,3,195,461
233,3,193,461
233,3,192,461
233,3,190,462
233,3,188,462
233,3,186,462
232,3,182,461
232,3,177,459
232,3,173,458
231,3,169,457
230,3,167,457
229,3,165,457
227,3,163,457
226,3,161,457
226,3,162,457
226,3,162,457
226,3,163,457
226,3,164,457
226,3,165,457
226,3,166,457
226,3,167,457
226,3,167,457
225,3,168,456
225,4,168,456
224,4,168,455
224,5,168,455
223,6,168,454
222,6,168,454
222,7,168,453
221,7,168,453
221,8,169,452
220,9,169,452
219,9,169,451
218,9,171,451
217,10,173,451
215,10,175,450
214,10,177,450
213,10,179,449
211,11,181,449
210,11,183,449
208,11,184,449
207,12,186,449
205,12,188,449
203,13,190,449
202,13,192,449
200,15,193,447
199,17,195,444
197,19,196,442
195,21,198,440
194,23,200,438
194,23,200,438
194,23,200,438
194,23,200,439
194,23,200,439
194,23,201,439
194,23,201,439
194,23,201,439
194,24,196,438
195,26,192,436
195,27,187,434
195,29,183,432
196,30,178,431
196,32,173,429
197,33,169,427
199,33,169,427
201,33,169,427
203,33,169,427
204,34,169,424
205,35,170,420
205,36,171,417
206,37,171,413
207,38,172,409
207,39,173,406
209,39,172,405
210,40,171,404
211,40,170,403
213,41,169,402
214,41,167,401
214,44,167,398
213,46,167,396
213,48,167,393
213,50,167,391
213,53,167,388
213,55,167,386
211,55,166,386
209,55,164,386
208,56,162,387
206,56,160,387
205,56,158,387
205,56,156,386
205,56,153,384
205,56,156,377
205,56,162,381
205,56,166,380
205,56,171,378
205,56,175,377
205,56,180,375
209,58,179,374
213,60,178,372
217,61,177,371
219,63,177,370
221,65,177,369
224,66,177,368
226,68,177,367
230,68,172,366
235,68,167,365
239,68,162,364
243,68,157,363
248,69,155,361
253,70,152,359
257,71,150,357
262,71,148,356
266,72,146,354
271,72,146,352
275,72,146,351
279,72,146,350
284,72,146,348
288,72,142,349
292,71,139,350
297,71,135,351
301,71,131,352
305,71,134,352
310,71,137,351
314,71,139,350
318,71,142,350
321,71,138,350
324,71,135,350
327,71,131,350
330,71,127,350
331,71,127,350
332,71,127,350
332,71,127,350
333,71,127,350
336,71,127,350
339,71,126,350
342,71,125,350
345,71,125,350
353,71,122,350
361,71,120,350
368,71,118,351
376,71,115,351
380,72,126,348
383,73,136,345
387,74,146,342
391,75,157,339
395,75,158,338
399,76,159,338
403,76,161,337
407,76,162,336
407,76,162,336
407,76,163,336
407,75,163,336
407,75,163,336
414,72,159,337
420,69,154,338
427,67,149,339
446,60,137,346
461,62,130,343
466,64,133,342
471,66,135,340
476,68,138,339
481,70,140,337
486,72,143,335
492,74,145,334
497,76,148,332
502,78,150,331
502,78,157,329
502,78,163,327
502,78,170,326
503,76,170,325
505,75,170,324
506,74,170,324
507,73,170,323
509,72,170,323
519,72,160,324
529,71,149,324
540,71,139,325
550,71,129,326
552,71,132,326
554,71,134,326
556,71,137,326
558,71,140,326
560,71,143,326
562,71,146,326
564,71,146,326
567,71,146,326
569,71,146,326
571,71,146,326
573,71,146,326
576,69,145,329
580,68,143,332
583,67,142,336
586,65,141,339
590,65,139,339
593,65,137,339
596,65,136,340
599,64,134,340
602,64,133,340
603,64,137,340
603,64,141,339
604,64,145,339
605,63,152,340
606,61,160,342
607,60,168,343
608,59,176,344
609,57,184,346
610,57,182,346
612,56,181,346
613,55,180,347
614,55,178,347
617,55,176,347
619,55,173,347
621,55,171,347
624,55,169,347
626,53,165,350
628,52,161,353
630,50,157,356
632,48,153,359
635,47,149,362
636,46,148,362
637,45,147,362
639,44,145,362
640,43,144,363
641,43,143,363
642,43,143,363
644,43,143,363
645,44,143,363
646,44,143,363
647,45,143,363
648,45,143,363
649,45,143,363
649,44,144,365
648,43,144,366
648,41,145,368
648,40,145,369
647,39,146,371
647,37,146,372
644,36,147,374
642,35,147,376
640,34,148,378
638,33,148,380
636,32,149,382
633,31,154,383
631,30,159,385
629,30,164,387
626,29,169,388
624,28,174,390
623,27,180,391
622,26,186,392
621,26,192,394
621,25,198,395
620,24,204,397
620,23,204,397
620,22,204,398
620,22,204,398
620,21,204,399
620,20,204,399
621,20,201,399
622,20,198,399
624,20,196,399
625,20,193,399
627,20,190,399
628,20,188,399
631,19,184,402
635,17,181,404
638,16,178,407
641,15,175,409
645,13,172,411
648,12,169,414
650,11,169,414
652,11,169,414
654,10,170,414
656,9,170,414
659,9,169,414
662,9,168,414
665,8,167,414
668,8,166,414
671,8,165,414
672,8,166,414
673,8,166,414
674,9,167,414
675,9,168,414
676,9,169,414
675,8,171,415
673,7,173,417
672,7,175,418
671,6,178,419
669,5,180,421
668,4,182,422
672,4,181,423
677,4,181,424
681,4,180,425
685,4,179,426
689,4,178,427
691,4,180,428
693,4,182,428
694,4,184,428
696,4,185,428
697,4,187,428
699,4,189,429
699,4,197,430
699,4,204,431
700,4,212,432
700,4,220,433
700,4,220,434
700,4,221,435
701,4,217,436
701,3,213,437
702,3,208,437
702,3,204,438
702,3,200,439
703,3,196,439
707,3,191,439
711,3,187,439
715,3,183,439
719,3,179,439
723,3,174,439
727,3,170,439
729,3,168,439
732,3,166,439
734,3,164,439
736,3,162,439
738,3,161,439
741,3,159,439
743,3,157,439
744,3,156,440
745,3,155,441
745,3,154,442
746,3,153,442
747,3,152,443
748,3,151,444
748,3,150,445
748,3,150,444
748,3,150,444
748,3,150,444
748,3,150,443
747,3,150,443
747,3,150,442
747,3,150,442
744,3,153,442
741,3,156,443
738,3,159,443
735,3,162,443
732,3,165,443
729,3,169,443
725,3,172,443
721,3,176,443
717,3,180,443
713,3,184,443
709,3,188,443
706,3,192,443
702,2,188,442
699,1,184,441
695,1,181,440
691,0,177,439
688,0,173,438
684,0,169,436
681,0,166,434
677,0,162,433
670,0,166,433
663,0,170,433
655,0,173,433
648,0,177,433
641,0,181,434
633,0,185,434
625,0,193,434
617,0,201,434
609,0,209,434
601,0,217,434
600,0,218,434
599,0,219,434
598,0,220,435
574,0,244,435
551,0,267,435
527,0,291,435
524,0,294,438
521,0,297,441
518,0,300,445
518,0,295,445
518,0,291,445
514,0,280,443
509,0,270,442
505,0,260,441
509,0,240,442
513,1,221,443
518,3,202,442
522,5,182,442
522,5,181,442
522,5,180,442
522,5,178,442
520,7,180,440
517,8,181,437
515,9,183,435
512,11,185,432
510,12,186,430
507,13,186,430
504,13,186,430
501,14,186,430
498,15,186,430
491,17,193,427
484,20,200,425
476,23,208,422
472,25,210,421
467,27,212,419
457,29,207,417
447,31,203,414
437,33,199,411
427,35,194,409
426,35,194,409
424,35,194,409
423,35,194,409
423,35,194,409
424,35,194,409
424,35,194,409
424,35,194,409
419,33,194,409
414,32,194,409
409,31,194,409
403,29,194,409
398,28,194,409
393,27,194,409
388,25,194,409
383,24,194,409
377,23,194,409
377,23,187,406
377,23,180,404
377,23,172,402
377,23,165,400
377,23,157,397
377,23,150,395
377,23,151,395
377,23,152,395
377,23,152,395
377,23,150,395
377,23,160,396
377,23,171,396
377,23,183,397
377,23,190,397
377,23,197,398
378,24,197,398
378,26,197,398
378,27,197,398
378,29,197,398
379,31,197,398
379,31,186,397
379,31,175,396
379,31,165,395
379,31,154,395
379,31,143,394
375,31,154,394
371,31,165,394
368,31,175,394
364,31,186,394
367,32,194,394
369,32,201,394
372,33,209,394
377,34,212,394
381,35,216,394
386,35,219,394
391,36,222,394
396,37,217,394
401,37,212,394
407,38,206,394
412,39,201,394
420,38,193,394
429,38,185,394
437,37,177,394
445,37,169,394
454,36,161,394
460,37,161,394
466,37,161,394
473,38,161,394
479,39,161,394
482,38,165,394
485,38,169,393
489,37,173,393
492,37,177,393
495,36,181,393
498,36,185,392
504,35,181,394
510,34,178,395
516,34,174,396
521,33,171,397
527,32,167,398
532,31,168,398
538,30,169,398
543,30,170,398
548,29,171,398
553,28,171,398
555,27,183,399
557,26,195,399
559,25,206,400
561,24,218,401
563,23,230,401
565,23,241,402
568,22,243,404
572,21,245,405
575,20,247,407
578,19,249,409
581,18,242,409
584,17,234,409
586,16,227,409
589,15,219,409
592,15,212,409
589,13,218,411
586,11,224,414
583,9,230,417
580,7,236,419
577,5,242,422
573,5,255,423
569,5,268,423
565,4,281,424
561,4,293,425
556,3,293,425
550,3,293,425
545,2,293,425
539,1,293,425
538,1,289,425
537,1,285,425
536,1,280,426
535,1,276,426
541,3,269,424
546,5,261,423
552,6,254,421
557,8,246,419
567,8,236,419
577,8,225,419
586,8,214,419
586,6,216,422
586,4,217,424
586,3,218,426
592,3,213,425
598,3,207,425
603,3,201,424
609,3,196,423
601,3,204,424
593,3,212,425
585,3,220,426
576,3,229,426
566,3,238,426
557,3,247,426
562,3,242,426
571,3,254,427
579,3,265,427
587,4,276,428
596,4,287,429
624,3,272,429
622,3,272,429
620,3,273,430
618,4,273,431
616,4,273,431
616,4,260,429
616,4,247,427
616,4,224,425
620,4,204,425
625,4,184,426
629,4,165,426
627,4,170,427
625,3,176,427
623,3,182,428
621,3,187,428
618,3,193,429
615,3,209,430
612,3,226,431
609,4,242,432
606,4,259,433
610,3,261,433
614,3,263,433
618,3,265,433
622,2,257,434
626,2,248,434
629,1,240,435
631,1,230,435
632,1,220,435
633,1,211,435
635,1,201,435
632,1,198,435
629,2,196,435
626,2,193,435
623,2,190,434
620,3,188,434
618,3,188,434
617,3,188,434
616,3,188,434
614,3,188,434
607,4,189,434
600,5,190,434
593,7,192,434
585,7,200,434
577,7,208,434
569,7,216,434
561,7,224,434
548,7,224,434
536,7,224,434
524,8,224,434
511,8,224,434
507,7,222,434
502,6,220,434
498,5,219,434
493,5,217,434
489,4,216,434
484,3,212,440
479,3,208,445
474,2,204,451
470,1,200,457
467,1,200,457
464,1,200,457
462,1,200,457
459,1,200,457
456,1,200,457
456,1,190,458
456,1,181,459
456,1,171,460
456,1,162,461
453,1,164,461
450,1,165,461
446,1,167,462
443,1,169,462
440,2,170,463
436,2,171,464
433,2,172,465
430,3,173,466
424,3,173,470
418,3,173,473
412,4,173,477
400,4,185,477
389,3,196,477
377,3,208,477
365,3,220,477
356,3,235,477
347,3,250,478
338,3,265,478
329,3,280,478
331,3,285,478
334,3,291,478
336,4,296,477
339,4,301,477
349,3,288,481
359,3,274,486
369,3,260,490
376,3,254,491
382,3,247,491
388,4,241,492
396,4,236,493
404,4,230,494
412,4,225,496
420,4,220,497
412,4,232,495
403,4,244,494
394,4,256,492
385,4,268,490
364,4,283,490
343,3,298,490
321,3,313,490
300,3,328,490
304,2,324,491
308,2,319,492
313,2,314,493
317,1,309,494
317,2,306,494
318,3,302,493
306,3,310,492
294,4,319,492
289,4,314,491
284,4,298,487
278,4,270,489
273,4,242,491
268,4,214,493
257,4,214,493
247,4,214,493
240,2,207,493
233,0,200,494
226,0,193,493
212,0,206,494
197,0,220,495
183,0,233,497
178,1,241,496
173,3,248,495
168,4,256,494
161,3,259,494
154,1,262,494
147,0,265,494
140,0,268,493
130,0,268,493
120,0,268,493
109,0,268,493
99,0,268,493
88,0,268,493
77,0,268,493
75,0,262,493
72,0,255,493
69,0,249,493
67,0,242,493
76,0,234,493
86,0,226,493
96,0,218,493
100,0,215,493
105,0,211,493
109,0,207,493
113,0,204,493
117,0,200,494
121,0,196,495
124,0,192,495
126,0,192,494
127,0,192,492
128,0,193,490
130,0,193,489
130,0,193,489
130,0,193,489
131,0,193,489
131,0,191,488
131,0,190,487
131,0,188,487
131,0,186,486
129,0,186,486
126,0,186,486
124,0,186,486
122,0,186,486
120,0,186,485
117,0,186,485
118,0,186,485
119,0,186,485
120,0,186,485
120,0,188,486
120,0,189,487
120,0,190,487
120,0,190,487
120,0,190,487
120,0,190,487
120,0,190,486
120,0,190,486
119,0,196,485
118,0,201,484
117,0,207,483
116,0,213,482
115,0,218,481
113,0,224,479
111,0,226,479
109,0,228,479
107,0,231,478
105,0,233,478
103,0,236,478
101,0,238,477
99,0,241,477
97,0,244,477
97,0,240,478
97,0,237,478
96,0,233,479
95,0,231,480
94,0,229,480
93,0,227,480
92,0,225,480
91,0,222,481
88,0,224,481
86,0,225,481
84,0,226,481
84,0,226,481
84,0,226,481
85,0,226,481
85,0,226,481
85,0,226,481
85,0,226,481
85,0,226,481
86,0,226,481
86,0,226,481
86,0,226,481
86,0,226,481
86,0,226,481
86,0,226,481
87,0,226,481
87,0,226,481
88,0,226,481
89,0,226,482
90,0,226,482
90,0,226,482
91,0,226,483
92,0,226,483
92,0,226,483
93,0,226,484
94,0,226,484
95,1,226,484
95,1,226,484
96,1,226,484
96,1,227,483
97,1,228,483
97,1,229,483
97,2,230,483
98,2,231,482
98,2,231,482
98,2,232,482
99,2,233,482
99,2,234,481
99,2,235,481
100,2,236,481
100,2,236,481
100,2,237,480
101,2,238,480
101,2,239,480
101,3,240,480
102,3,239,479
103,3,238,479
104,3,237,479
104,3,236,479
105,3,235,479
106,3,234,479
107,3,232,479
107,3,231,478
108,3,230,478
108,3,230,478
107,3,230,478
107,3,230,478
106,3,230,478
106,3,230,478
105,3,230,478
105,3,230,478
104,3,230,478
104,3,231,478
104,3,231,478
104,3,231,478
104,3,232,478
104,3,232,478
104,3,232,478
104,3,232,478
104,3,233,478
104,3,233,478
108,4,230,477
113,6,227,475
117,7,223,473
121,9,220,472
126,11,217,470
126,12,217,469
126,14,217,467
126,15,216,465
126,17,216,464
126,18,216,462
126,20,216,461
127,20,214,461
128,20,213,460
129,21,212,460
131,21,211,460
132,21,210,460
133,21,208,459
134,22,207,459
136,22,206,459
137,22,205,459
138,22,204,458
140,23,202,458
141,23,201,458
142,23,200,457
143,23,199,457
145,24,197,457
146,24,196,457
147,24,195,456
148,25,194,456
150,25,193,456
151,25,191,456
152,25,190,455
151,25,190,455
151,25,191,455
150,25,191,454
149,25,191,454
148,25,191,453
147,25,191,453
146,25,191,452
145,25,191,452
144,25,192,451
142,26,194,451
140,26,197,451
138,27,200,451
136,27,202,451
134,28,205,451
132,28,208,451
132,31,210,447
132,34,213,443
132,37,216,439
131,39,218,435
131,42,221,430
131,45,224,426
131,48,226,422
134,53,227,417
137,59,227,411
141,64,228,406
144,69,229,401
147,75,229,395
151,79,229,391
156,82,228,387
160,86,227,382
164,90,227,378
168,94,226,374
168,97,238,368
167,100,249,362
166,103,261,356
166,106,272,350
166,110,270,345
166,115,269,340
166,120,267,336
166,124,265,331
166,127,261,328
166,130,257,325
166,133,252,322
166,136,248,319
166,138,249,317
166,140,250,315
166,142,252,313
166,145,253,311
165,141,256,313
164,138,259,316
163,134,261,319
162,131,264,321
163,131,262,322
164,131,261,322
166,131,259,322
167,131,258,322
168,131,257,322
170,131,255,322
171,131,254,322
172,131,252,323
174,131,251,323
175,131,249,323
173,133,249,321
171,136,249,319
169,138,249,318
167,140,249,316
164,143,248,314
162,146,247,311
159,149,246,309
156,151,245,306
154,154,244,304
151,155,245,302
148,157,245,300
145,158,246,298
142,159,247,297
139,161,248,295
139,157,246,298
139,154,245,301
139,151,244,304
139,148,242,308
139,145,241,311
139,144,241,311
139,143,241,312
139,142,241,313
139,142,241,313
140,142,243,314
142,142,244,314
143,142,246,314
144,142,248,315
145,145,248,312
146,148,249,309
146,151,250,306
147,154,250,303
147,155,253,302
147,156,255,301
148,157,258,300
148,158,260,298
148,159,263,297
152,162,261,293
155,165,260,289
159,168,259,285
162,171,257,281
166,174,256,277
168,174,255,277
170,173,253,277
172,173,252,277
174,173,250,277
176,173,249,277
178,173,253,277
179,173,257,277
180,173,260,276
181,173,264,276
182,173,268,276
182,173,266,276
182,173,263,275
182,174,261,275
182,174,259,275
182,173,259,276
182,173,260,277
183,172,261,279
183,171,261,280
183,169,262,282
184,166,263,285
184,163,264,287
184,161,265,289
185,159,265,291
186,157,265,293
187,155,265,295
188,153,265,297
188,154,265,296
188,156,265,294
188,158,265,292
189,160,265,290
190,163,265,287
190,165,264,285
191,167,264,283
193,170,261,280
195,173,258,277
196,175,255,275
198,178,252,272
198,177,251,273
198,177,250,274
198,176,250,275
198,175,249,276
199,174,249,277
200,173,249,278
201,171,249,279
202,170,249,280
203,169,249,281
203,169,248,281
203,169,248,280
203,169,247,279
203,169,246,278
203,169,245,277
203,169,243,277
203,169,241,276
203,169,239,276
203,170,237,275
203,170,234,275
203,169,234,276
202,169,234,277
201,168,234,278
201,167,234,279
200,167,234,280
199,166,234,281
199,165,234,282
199,165,234,283
199,164,234,284
199,164,234,285
199,163,234,285
198,164,236,284
197,165,238,282
195,166,239,281
194,168,241,279
193,169,242,277
194,169,243,276
196,170,244,276
198,170,244,275
200,170,245,274
201,171,246,273
203,171,246,272
206,170,245,272
210,169,244,272
213,167,243,273
216,166,242,273
219,165,241,273
221,163,241,273
224,162,241,273
226,161,241,273
228,159,241,273
230,158,241,273
231,160,241,273
231,161,241,273
232,163,241,273
232,164,241,273
233,166,241,273
236,167,241,273
238,169,241,273
241,170,241,273
244,171,241,273
247,173,241,273
250,174,241,273
250,172,241,273
251,169,241,273
251,167,241,273
251,165,241,273
253,163,241,275
254,161,241,277
255,159,241,279
257,157,241,281
258,155,241,283
259,153,241,285
259,153,241,285
259,154,241,285
259,155,241,285
259,156,241,285
259,157,241,285
261,159,240,283
264,161,240,281
266,163,239,279
268,165,238,277
268,165,240,277
268,165,242,276
268,166,244,275
268,166,246,275
270,161,246,279
272,157,246,284
275,152,245,289
277,147,245,293
279,147,245,293
281,147,245,293
283,147,245,293
284,147,245,293
286,147,245,293
288,148,245,292
290,149,245,291
292,149,245,290
294,150,245,289
298,150,243,291
302,149,240,292
305,149,238,293
309,149,236,295
311,147,236,295
313,146,236,295
315,145,236,295
317,144,236,295
318,143,236,295
319,142,236,295
321,142,236,295
322,141,236,295
323,140,236,295
324,139,236,295
327,138,233,296
330,136,231,297
334,135,229,299
337,134,226,300
338,134,225,300
339,135,225,300
340,135,224,300
341,136,223,300
342,136,222,300
343,136,221,300
343,137,220,300
344,137,219,300
345,138,218,300
345,136,218,302
345,134,217,304
345,132,217,306
345,130,216,308
345,128,215,310
345,126,215,312
345,124,214,313
345,124,211,314
345,124,208,314
345,124,205,314
345,124,203,315
345,124,200,315
344,123,202,316
344,122,204,316
343,121,207,317
342,120,209,318
341,119,212,319
339,120,212,319
337,120,212,319
335,121,212,319
333,121,212,319
330,122,212,319
330,121,212,319
330,120,212,319
329,119,212,319
329,118,212,319
330,115,212,321
331,112,212,324
332,110,212,326
333,107,212,328
334,104,212,331
335,106,212,331
336,108,212,331
337,110,212,331
338,112,212,331
339,114,212,331
340,117,212,327
341,120,212,324
343,123,212,320
344,127,213,317
345,130,213,313
349,129,212,313
353,129,211,313
356,128,211,313
360,128,210,313
364,127,209,313
367,125,206,314
369,122,204,315
372,120,201,316
375,118,198,317
375,117,200,317
375,117,202,317
375,117,204,317
375,117,206,317
375,116,208,317
375,115,207,321
375,113,206,326
375,112,205,330
375,110,204,334
375,108,204,338
375,107,204,338
375,106,204,338
375,105,204,338
375,104,204,338
374,103,204,338
374,102,204,338
374,100,204,338
373,99,204,338
368,99,208,338
363,100,213,338
357,100,217,338
352,101,221,339
347,101,226,339
342,102,230,339
341,102,230,340
340,103,230,342
339,103,230,342
339,104,230,342
339,104,230,342
338,104,230,343
338,105,230,343
337,105,230,343
337,106,230,344
336,106,230,344
336,106,230,344
335,107,230,345
335,107,230,345
334,107,230,345
334,108,229,345
334,108,229,346
333,109,229,346
333,109,229,346
332,109,229,347
332,110,229,347
333,113,229,343
334,117,229,340
335,120,228,337
336,119,228,338
337,127,228,329
338,136,228,321
339,142,228,315
344,153,222,302
349,163,217,289
355,174,212,276
360,185,206,263
364,190,200,260
368,195,194,257
372,201,206,252
376,206,206,246
380,211,206,240
384,217,192,234
384,219,218,232
384,222,224,230
384,224,231,227
384,226,237,225
382,226,238,225
380,226,238,225
379,226,239,225
377,226,239,225
375,226,240,225
373,226,241,225
372,226,241,225
370,226,242,225
368,226,242,225
366,226,244,225
365,226,245,225
363,226,247,225
362,226,248,225
360,226,250,225
359,226,252,225
357,226,253,225
356,226,255,225
354,224,255,226
353,222,255,228
351,220,255,229
350,218,255,230
348,216,255,232
347,214,255,233
350,214,251,234
353,214,248,235
357,214,244,236
360,214,241,237
363,214,238,238
367,214,234,238
366,214,236,239
366,214,237,239
365,214,238,239
365,214,239,239
364,214,240,239
364,213,241,239
363,213,242,239
363,213,243,239
362,213,244,240
362,213,245,240
361,213,246,240
362,212,246,240
362,211,246,240
363,210,246,240
363,210,246,240
364,209,246,240
363,209,246,241
363,208,246,242
362,208,246,243
362,208,246,244
361,207,246,245
361,207,246,245
360,207,246,245
359,207,246,245
358,207,246,245
357,207,246,245
357,207,246,245
356,207,246,245
354,208,246,245
351,209,246,245
349,210,246,245
346,211,246,245
344,211,246,245
344,211,250,244
344,211,254,244
344,211,257,243
344,211,261,242
344,211,265,241
344,211,268,241
344,211,272,240
344,213,272,238
343,215,272,236
343,216,273,234
343,218,273,232
343,220,273,230
344,222,258,230
344,222,256,230
343,221,254,230
343,221,252,230
343,221,250,230
343,220,248,230
343,220,246,230
343,220,244,230
343,220,245,230
343,220,245,230
343,220,246,230
343,220,247,229
343,220,248,229
343,220,249,229
343,220,249,229
343,220,250,228
343,220,251,228
343,220,252,228
343,220,253,227
343,220,253,227
343,220,254,227
343,220,255,227
343,220,256,226
343,220,257,226
343,220,259,226
343,220,261,226
343,220,262,226
343,220,264,226
343,220,265,226
343,220,264,226
343,220,263,226
343,220,262,226
343,220,261,226
343,220,260,226
343,220,259,226
343,220,258,226
343,220,257,226
343,220,256,226
343,220,255,226
343,220,254,226
343,220,253,226
343,220,252,226
343,220,251,226
343,220,250,226
343,220,249,226
343,220,248,226
343,220,247,226
343,220,246,226
344,220,242,226
346,220,238,226
348,220,234,226
350,220,229,225
352,220,225,225
352,220,223,225
352,220,222,225
352,220,220,226
352,220,219,226
352,220,217,226
352,220,216,226
352,200,213,245
352,181,211,264
352,162,208,283
352,143,206,302
352,124,204,321
353,125,204,321
355,127,204,321
356,128,204,321
357,129,204,321
359,130,204,321
349,130,212,321
340,130,220,320
330,131,228,320
321,131,236,319
312,131,244,319
314,131,241,320
316,131,238,321
318,131,236,322
321,131,233,323
323,131,230,324
325,131,228,326
331,131,228,326
338,132,228,326
344,132,228,326
351,132,228,326
353,129,229,328
356,125,230,330
359,122,231,332
361,119,232,334
364,115,233,336
368,113,229,337
372,112,226,337
376,110,222,338
380,109,218,338
384,107,214,339
384,108,214,339
385,109,214,339
385,110,214,339
386,111,214,339
386,112,214,339
386,113,214,339
387,114,214,339
387,114,214,339
388,115,214,339
388,116,214,339
385,116,218,343
381,115,221,347
378,114,224,351
375,113,228,354
388,104,214,355
384,104,218,356
380,104,222,357
376,104,226,357
372,104,230,358
368,104,234,359
368,106,236,358
368,107,238,356
368,108,240,355
368,110,242,354
368,111,244,352
367,111,245,352
365,111,247,352
364,111,249,351
363,111,250,351
363,110,250,352
363,108,250,354
363,107,250,355
363,106,249,356
363,104,249,358
363,101,248,361
363,98,247,364
363,95,246,367
363,92,245,370
353,92,255,370
353,91,255,372
353,89,255,375
353,87,255,377
353,86,255,379
353,84,255,382
360,86,249,379
366,87,243,376
373,88,237,374
379,90,231,371
385,91,225,368
389,90,221,369
392,90,218,369
396,89,214,370
399,89,210,371
403,88,206,371
405,87,205,372
408,87,204,373
411,86,203,373
414,85,202,374
416,84,201,375
418,82,204,378
419,79,206,380
420,76,209,383
422,74,212,386
423,75,212,384
424,76,212,383
425,78,212,382
426,79,212,380
427,80,212,379
426,83,212,376
425,86,212,373
425,89,212,370
424,92,212,367
423,95,212,364
420,98,212,363
416,101,212,361
413,105,212,360
410,108,212,358
407,111,212,356
402,112,215,355
397,114,218,354
393,115,221,353
388,116,224,352
385,115,226,354
381,113,228,356
378,111,230,357
375,110,232,359
372,109,235,359
369,109,239,359
367,109,243,359
364,108,246,359
364,113,245,355
364,117,243,350
364,122,241,346
362,122,241,346
361,122,241,346
359,122,241,346
358,122,241,346
356,122,241,346
356,116,242,351
356,111,244,356
356,106,245,362
356,100,246,367
353,100,247,369
350,99,248,370
347,98,249,372
344,98,250,374
341,96,256,373
337,94,261,372
332,94,266,372
328,95,271,372
323,96,276,372
318,96,281,372
318,100,279,368
317,104,276,364
316,108,273,360
313,112,275,357
310,116,277,353
308,120,279,349
305,124,281,346
305,123,281,347
305,122,281,348
305,122,281,348
305,121,281,349
305,120,280,350
305,119,280,351
305,118,280,352
305,115,279,355
305,112,278,358
305,110,277,360
305,107,276,363
305,107,280,363
305,107,284,363
305,107,288,363
305,107,292,363
305,110,298,360
305,113,305,357
305,116,311,354
305,120,311,350
305,123,311,347
305,126,311,344
305,130,311,340
305,128,305,346
305,126,300,352
305,125,295,346
305,123,289,340
301,119,288,357
296,114,287,364
292,110,286,370
288,106,285,359
288,101,285,385
288,97,284,388
288,93,283,391
288,88,283,376
288,85,280,400
288,82,278,404
288,78,276,408
288,75,273,410
288,72,270,416
289,69,267,417
290,67,264,419
291,64,261,427
292,61,259,423
294,61,257,424
296,60,255,425
299,59,254,426
301,57,253,423
301,58,253,424
301,58,253,425
301,58,252,426
301,59,252,427
301,58,253,428
301,58,253,428
301,57,254,429
301,57,255,429
301,57,255,430
301,56,256,430
303,56,256,430
305,56,256,429
306,56,256,429
306,57,256,424
306,59,256,420
306,60,256,415
307,62,256,415
308,64,256,415
309,66,256,415
310,68,256,415
309,69,256,415
309,69,256,415
308,69,256,415
313,69,250,415
319,69,245,414
324,69,239,414
330,69,234,414
335,69,228,413
341,69,223,413
347,69,217,413
353,66,212,417
359,63,207,422
365,60,202,426
365,59,204,421
364,58,206,417
363,57,207,412
363,56,209,407
361,57,211,405
359,58,213,403
357,59,215,401
355,61,217,399
353,62,219,397
351,63,221,395
351,67,221,392
351,71,221,390
351,75,221,387
352,81,219,382
353,87,217,376
355,94,214,371
356,96,210,368
358,98,206,364
360,100,202,361
361,102,198,358
360,101,198,358
358,100,198,358
356,99,198,358
355,98,198,358
351,96,198,361
347,94,198,364
344,92,197,368
340,90,197,371
336,88,200,371
332,86,202,372
328,84,205,372
324,82,208,372
321,81,209,373
319,81,211,374
317,81,213,374
314,80,214,375
314,81,214,375
314,82,214,375
314,83,214,375
314,84,214,375
314,86,211,374
314,88,207,373
313,90,203,372
313,92,200,371
314,97,203,367
316,102,206,362
317,106,209,358
318,111,212,354
318,112,213,352
318,113,214,351
318,114,215,349
317,116,216,348
317,115,217,348
317,114,217,349
317,113,217,350
317,112,217,351
317,111,217,352
317,109,217,355
317,106,217,357
317,104,217,360
317,101,217,362
317,99,217,364
317,97,217,366
317,96,217,368
317,94,217,369
317,92,217,371
316,91,219,371
314,91,220,371
313,90,222,371
312,89,223,371
310,88,225,371
306,88,225,371
302,88,225,371
298,88,225,371
294,88,225,371
290,88,225,371
290,88,226,371
290,88,227,371
290,88,228,371
290,88,229,371
290,88,231,371
290,88,232,371
290,88,233,371
290,88,234,371
290,88,235,371
290,88,236,371
290,88,237,371
290,88,239,371
290,88,241,371
290,88,244,371
290,88,246,371
290,88,248,371
292,88,248,371
293,88,248,371
294,88,248,371
296,88,248,371
297,88,248,371
298,88,248,371
300,88,248,371
301,88,248,371
302,88,248,371
304,88,248,371
305,88,248,371
306,88,248,371
306,88,248,373
306,88,248,374
306,88,248,376
306,88,248,378
310,89,248,378
314,89,248,378
318,90,248,378
322,90,248,378
326,90,248,378
330,91,248,378
332,90,246,379
333,89,244,380
334,88,241,381
336,87,239,382
337,86,237,383
339,90,240,380
341,94,243,376
343,98,246,373
345,102,249,369
347,106,252,366
347,86,253,385
347,83,254,388
347,80,255,392
347,76,256,395
348,80,255,392
349,83,255,389
350,86,254,386
351,90,253,383
351,89,251,384
351,88,249,384
351,88,247,385
351,87,245,386
351,84,245,387
351,81,244,388
351,78,244,390
351,75,244,391
351,73,242,392
351,70,240,394
351,68,239,395
351,65,237,397
350,67,233,396
349,69,229,396
349,70,225,396
348,72,221,395
345,72,217,395
341,71,214,395
338,71,210,395
334,71,206,395
333,70,203,397
331,69,200,398
329,69,196,399
328,68,193,401
328,68,191,401
328,68,188,401
328,68,186,401
327,69,186,401
326,69,186,401
325,70,186,401
324,70,186,401
322,71,186,401
319,70,189,401
316,70,191,401
312,70,193,401
309,69,196,401
305,69,196,399
300,68,196,397
296,68,196,396
292,67,196,394
288,67,196,392
290,67,196,390
292,67,196,388
294,67,196,386
296,67,196,384
298,67,196,382
298,67,199,382
298,67,202,382
298,67,205,382
298,67,208,382
298,67,212,382
301,71,211,378
304,76,211,374
306,80,211,370
309,84,210,366
309,87,212,363
309,90,213,360
309,92,214,358
309,95,216,355
309,98,217,352
309,98,216,352
309,98,215,352
309,98,214,352
309,98,213,352
318,96,206,354
328,95,199,357
337,94,192,359
347,92,185,361
356,91,178,363
356,90,179,364
356,89,180,365
356,88,181,366
356,87,182,367
356,86,184,368
356,86,185,368
356,86,186,368
356,87,188,367
356,87,189,367
356,90,188,364
356,92,187,362
356,95,186,359
356,98,185,356
356,100,185,354
356,102,185,352
356,104,185,350
356,106,185,348
356,109,179,345
356,112,172,341
356,116,166,338
356,115,172,339
356,114,178,340
357,111,175,343
357,108,172,346
358,105,169,349
359,106,177,348
356,105,177,346
353,104,177,344
350,103,177,341
347,102,177,339
345,102,187,339
343,102,196,339
341,102,206,339
339,102,216,339
337,102,221,337
335,102,226,336
333,103,232,334
332,103,237,332
336,108,233,336
338,108,232,334
341,107,232,332
343,107,231,329
345,107,230,327
347,115,226,323
346,118,228,319
346,121,231,316
345,124,233,312
352,124,226,313
359,124,219,313
358,123,223,314
357,122,226,315
360,120,224,316
363,119,223,318
365,118,221,320
368,116,222,327
371,114,220,329
374,112,218,330
377,109,216,332
380,107,214,334
380,105,214,335
380,103,214,337
380,101,214,339
380,99,214,341
380,98,214,343
377,98,217,343
375,98,220,343
372,98,222,343
369,98,225,343
370,99,224,341
371,100,222,340
371,101,221,338
372,102,220,336
379,103,211,336
386,104,203,337
393,105,195,337
400,106,186,337
407,107,178,338
406,106,178,340
405,105,178,342
404,104,178,344
404,103,178,346
403,102,178,348
403,99,177,352
403,97,175,356
403,94,173,360
403,92,172,364
403,90,170,368
407,86,167,370
412,83,165,372
416,80,162,374
420,76,159,376
423,76,161,377
425,75,163,377
427,75,164,377
430,74,166,377
432,74,167,378
434,75,170,378
436,76,173,378
437,77,175,378
439,78,178,378
439,78,180,378
439,78,182,378
439,78,184,378
439,78,186,378
439,77,187,378
440,76,188,378
440,75,188,378
440,74,189,378
440,73,194,379
440,72,200,379
440,71,205,380
440,70,210,381
440,69,216,382
443,69,216,382
445,69,216,382
447,69,216,382
450,69,216,382
450,70,216,381
450,70,216,381
450,70,216,381
450,71,216,381
450,71,216,380
450,71,216,380
450,72,216,380
450,72,216,379
450,72,216,379
448,73,215,378
447,74,215,377
446,75,215,376
444,76,214,375
442,80,213,372
440,83,212,368
438,86,210,365
436,90,209,362
436,95,210,357
436,100,212,352
435,106,213,347
435,111,214,342
435,116,214,337
435,120,214,332
435,125,213,328
435,130,213,323
435,130,211,323
435,129,209,323
435,129,207,324
435,129,204,324
435,128,202,324
432,127,202,324
429,126,202,324
426,124,202,324
423,123,202,324
420,122,202,324
418,125,202,324
415,128,202,324
412,130,202,324
410,133,202,324
407,136,202,324
404,139,202,324
402,139,202,323
400,139,201,323
398,139,201,322
396,139,200,321
393,139,200,320
386,136,206,324
378,133,212,327
370,130,218,330
362,128,225,334
354,125,231,337
347,122,237,340
341,120,243,342
334,118,248,343
328,117,254,344
322,115,260,346
324,115,257,346
325,116,255,347
326,116,252,348
327,116,249,349
328,116,246,350
338,119,235,348
347,121,224,346
357,123,213,344
367,126,202,342
367,125,202,342
367,124,202,342
367,123,202,342
367,122,202,342
367,121,202,342
367,120,202,342
367,119,202,342
367,118,202,342
357,114,213,343
348,111,224,344
339,108,234,345
329,104,245,346
325,101,249,353
322,98,254,360
318,94,258,367
314,91,263,374
316,91,262,374
317,90,261,374
318,90,260,374
320,90,259,374
325,90,250,374
331,90,242,374
337,90,233,374
343,90,225,374
345,91,222,372
347,92,219,370
349,94,216,368
351,95,213,366
349,95,213,366
347,95,213,365
346,96,213,365
344,96,212,365
343,96,212,365
341,97,212,365
339,97,212,365
338,97,212,365
336,97,212,364
334,98,212,364
330,96,214,365
325,95,217,366
320,94,220,366
316,92,222,367
310,94,231,365
305,96,240,364
300,98,248,362
294,100,257,360
289,103,263,359
283,105,269,357
277,107,275,355
275,107,275,354
272,107,275,352
270,107,275,351
270,107,273,351
270,108,272,351
270,108,271,351
271,110,270,351
271,112,269,350
272,114,268,350
275,107,267,354
275,107,266,353
275,108,266,353
276,108,266,352
276,109,266,352
276,109,265,351
277,110,265,351
277,110,265,351
277,111,264,350
277,111,264,350
278,112,264,349
278,112,264,349
278,113,263,348
279,113,263,348
279,113,263,347
279,114,263,347
279,114,262,346
280,115,262,346
280,115,262,345
280,116,261,345
280,116,261,344
281,116,261,345
282,116,260,345
283,116,260,345
284,116,259,345
284,116,259,345
285,116,259,345
286,116,258,345
287,115,258,345
287,115,257,345
288,115,257,345
289,115,256,345
290,115,256,345
291,115,256,345
291,115,255,345
292,115,255,345
293,115,254,345
294,114,254,345
294,114,253,345
295,114,253,346
296,114,253,346
297,114,252,346
298,114,252,346
298,114,251,346
299,114,251,346
300,114,250,346
301,113,250,346
301,113,250,346
302,113,249,346
303,113,249,346
304,113,248,346
305,113,248,346
305,113,247,346
306,113,247,346
307,113,247,346
308,113,246,346
309,112,246,346
309,112,245,346
310,112,245,347
311,112,244,347
312,112,244,347
312,112,244,347
313,112,243,347
314,112,243,347
315,112,242,347
316,111,242,347
316,111,241,347
317,111,241,347
318,111,241,347
319,111,240,347
319,111,240,347
320,111,239,347
321,111,239,347
322,111,238,347
323,110,238,347
323,110,238,347
324,110,237,348
325,110,237,348
326,110,236,348
326,110,236,348
327,110,235,348
328,110,235,348
329,110,235,348
330,109,234,348
330,109,234,348
331,109,233,348
332,109,233,348
333,109,232,348
333,109,232,348
334,109,232,348
332,109,234,349
329,109,237,349
326,109,239,349
324,109,242,350
321,109,244,350
319,109,247,350
316,109,249,351
305,109,260,351
295,109,271,352
284,109,282,352
273,109,293,352
249,109,317,353
235,109,331,353
228,109,338,353
220,109,345,354
219,109,347,354
217,109,349,354
215,109,350,355
214,109,352,355
212,109,354,356
210,109,354,355
208,109,355,355
206,110,356,354
204,110,356,353
202,110,357,353
200,110,358,352
198,111,358,352
196,111,359,351
194,113,360,349
192,115,360,347
191,117,361,344
189,119,361,342
199,116,349,345
210,113,337,348
216,114,329,347
222,115,321,345
228,116,313,344
234,117,306,343
240,117,298,341
248,118,287,340
257,119,277,339
272,120,260,337
279,122,250,335
287,124,241,333
294,126,231,330
302,128,222,328
304,128,218,328
306,128,213,328
308,127,209,328
309,126,211,330
309,124,213,332
309,122,215,335
310,120,218,337
310,118,220,339
310,116,222,342
311,114,224,344
311,113,226,346
312,111,228,348
314,108,226,352
317,105,225,357
320,101,223,361
340,103,209,357
341,103,210,358
343,103,210,359
344,103,211,360
347,104,209,359
349,106,208,358
352,107,206,357
354,109,204,356
356,111,203,355
359,112,201,354
361,111,199,356
363,109,197,358
366,107,196,361
368,105,194,363
370,103,192,366
373,101,191,368
375,100,189,370
375,100,194,369
376,101,199,367
376,102,204,365
377,103,208,364
377,103,213,362
378,104,218,360
378,105,223,359
379,106,228,357
379,107,233,356
380,107,238,354
381,108,238,352
382,109,239,351
382,110,241,349
383,111,242,347
383,111,244,346
384,112,245,344
384,113,247,342
383,114,249,341
382,114,252,339
383,106,251,348
384,97,251,358
384,88,250,367
385,81,250,375
385,74,249,383
386,67,249,390
387,64,248,395
387,60,248,399
388,57,247,403
389,53,247,407
389,50,246,411
390,50,246,412
390,49,245,413
391,49,245,414
392,49,244,415
392,48,244,417
393,48,243,418
393,48,243,419
393,48,242,419
393,48,241,419
393,48,241,419
393,48,240,419
393,48,239,419
393,48,239,419
393,48,238,419
393,48,237,419
393,48,237,419
393,48,236,419
393,48,235,419
393,48,235,418
393,48,234,418
392,49,234,417
392,49,233,417
392,50,233,417
391,50,232,416
391,50,232,416
390,51,231,416
390,51,231,415
390,51,230,415
389,52,230,415
389,52,229,414
389,53,229,414
388,53,228,413
388,53,228,413
389,54,227,412
389,55,226,411
390,56,226,411
391,57,225,410
391,57,224,409
392,58,224,408
393,59,223,407
393,60,222,407
394,61,222,406
395,61,221,405
396,62,220,404
396,63,219,403
397,64,219,402
398,65,218,402
398,65,217,401
399,66,217,400
399,66,216,400
399,66,215,400
399,66,214,400
399,66,214,400
399,66,213,401
399,66,212,401
399,66,212,400
399,67,211,399
399,68,211,398
399,69,211,397
399,70,210,396
399,71,210,395
399,76,219,390
399,81,228,385
399,86,237,380
399,91,246,375
399,96,256,370
406,96,252,370
414,95,249,369
421,95,246,368
428,95,242,367
435,95,239,367
443,94,235,366
450,94,232,365
457,94,229,364
465,93,225,363
472,93,222,363
479,93,219,362
487,93,215,361
494,89,212,363
501,86,209,366
508,83,205,368
516,79,202,370
519,79,202,369
521,79,201,368
524,79,201,367
527,79,200,366
530,79,200,365
533,79,200,364
536,79,202,362
538,79,203,361
541,79,205,360
544,79,207,359
547,79,209,358
550,79,211,357
553,79,213,356
552,80,214,355
551,81,216,355
550,82,217,355
550,82,218,355
549,83,220,355
548,84,221,355
547,85,222,355
547,86,223,355
546,86,225,354
545,87,226,354
544,88,227,354
544,89,229,354
543,90,230,354
542,90,231,354
541,91,233,354
541,92,234,354
540,93,235,353
539,94,236,353
538,94,238,353
538,90,237,357
537,85,237,362
536,81,237,366
535,77,236,370
535,72,236,374
534,68,235,379
533,63,235,383
532,59,235,387
531,54,234,391
531,53,234,392
530,53,233,392
529,52,233,393
528,51,233,393
528,50,232,394
527,50,232,394
526,49,231,394
525,48,231,395
525,47,230,395
524,47,230,396
523,46,230,396
526,46,226,398
530,46,223,399
533,46,219,401
537,46,216,403
540,46,213,404
543,46,209,406
538,46,215,409
532,46,220,412
527,46,226,415
527,46,221,415
527,46,216,415
527,46,212,415
527,46,207,415
527,46,202,415
527,46,197,415
527,46,193,415
524,46,195,415
522,46,198,415
519,46,200,415
496,46,224,415
472,46,247,415
449,46,271,415
425,46,294,415
418,46,305,413
410,46,315,411
403,46,325,409
395,46,335,407
395,46,331,407
395,46,327,407
395,46,323,407
395,46,319,407
395,46,315,407
395,46,311,407
405,46,282,407
414,46,252,407
410,46,236,407
406,46,220,407
403,46,203,407
399,46,187,407
395,46,170,407
402,53,190,400
408,61,182,393
415,68,174,385
421,76,167,378
418,77,170,377
415,79,173,376
412,81,176,374
409,83,179,373
406,85,182,372
403,87,185,371
400,88,188,370
397,90,191,369
392,92,196,367
387,93,201,366
381,94,207,365
376,96,212,363
371,97,217,362
365,98,223,361
360,100,228,359
361,98,231,361
362,97,234,362
363,95,237,364
363,94,241,365
364,92,244,367
365,90,247,368
366,89,250,370
367,87,253,371
368,86,257,373
369,84,260,374
369,83,263,376
373,86,265,372
376,90,267,369
380,94,269,365
383,97,270,361
387,101,272,358
390,104,274,354
393,108,276,350
397,111,278,347
400,115,280,343
404,118,282,339
407,122,283,336
411,125,285,332
414,124,287,333
418,124,289,333
421,120,286,336
425,117,284,340
429,114,281,343
433,111,279,346
437,107,276,349
441,104,274,352
445,101,271,355
449,98,269,358
446,98,273,358
444,98,277,358
441,98,281,358
439,98,285,358
436,98,289,357
443,100,284,355
449,102,280,352
456,104,275,350
470,108,263,346
484,111,251,342
498,115,239,338
509,117,231,335
520,120,222,332
531,122,213,329
541,125,205,327
543,124,205,327
544,122,206,328
546,121,207,329
547,120,207,330
539,119,216,330
532,117,225,331
529,114,230,333
527,111,236,336
525,108,241,338
538,105,231,341
551,102,221,343
552,101,220,344
552,100,220,344
553,99,219,345
554,98,218,346
554,97,217,346
555,97,217,347
556,96,216,347
556,96,215,346
557,97,214,344
558,97,214,342
558,98,213,341
558,98,212,341
559,98,211,341
559,98,211,341
559,99,210,342
559,99,209,342
560,99,208,342
560,97,209,344
560,96,209,346
560,94,210,348
560,92,210,350
561,91,211,352
561,89,211,354
561,87,212,356
561,86,213,358
561,84,213,361
562,83,214,363
562,81,214,365
562,79,215,367
564,77,216,368
566,76,217,370
568,74,219,371
569,72,220,373
571,71,221,374
570,67,219,378
569,63,218,381
568,59,216,385
568,55,215,389
567,51,213,392
566,47,212,396
565,49,210,394
564,50,209,392
563,52,207,391
562,53,206,389
562,55,205,387
562,57,204,385
562,60,203,383
557,63,206,380
552,66,210,377
548,69,214,374
543,72,217,371
538,75,221,369
534,78,225,366
529,79,228,365
524,80,232,363
520,81,236,362
515,83,239,361
510,84,243,360
506,85,246,359
501,87,250,357
500,87,251,357
499,88,253,357
497,88,254,356
496,89,255,356
495,90,256,356
494,90,258,355
493,91,259,355
492,91,260,354
490,92,261,354
489,92,263,354
488,93,264,353
487,94,265,353
486,94,267,352
485,95,268,352
483,95,269,352
482,96,270,351
481,97,272,351
480,97,273,350
479,98,274,350
478,98,275,349
478,99,275,348
477,100,276,348
477,100,276,347
476,101,277,346
475,102,277,345
475,102,278,344
474,103,278,344
474,104,279,343
473,104,279,342
473,105,280,341
472,106,280,341
472,106,281,340
471,107,282,339
470,107,283,339
469,107,284,340
468,107,285,340
467,107,287,341
466,107,288,341
465,107,289,342
460,107,294,342
455,107,300,342
450,107,305,343
445,107,310,343
440,107,315,344
435,107,321,344
430,107,326,344
434,108,322,341
438,110,319,338
441,111,315,335
445,112,312,332
448,114,308,328
448,113,308,329
448,113,309,330
447,113,309,330
447,113,309,331
447,112,310,332
447,112,310,333
446,112,310,333
446,111,311,334
446,111,311,335
445,111,311,335
442,110,314,336
439,109,317,337
436,109,320,338
433,108,323,339
432,108,324,339
431,108,325,339
430,108,326,340
429,108,327,340
428,108,328,340
427,108,329,340
428,108,327,341
430,107,325,341
432,107,324,341
433,107,322,342
435,107,320,342
436,107,318,342
438,107,317,342
440,107,315,343
442,105,309,343
445,103,302,344
447,102,296,345
450,100,290,346
452,98,284,347
455,96,278,347
457,94,272,348
460,92,265,349
462,91,259,350
465,89,253,351
469,88,251,354
473,87,250,357
476,87,248,360
480,86,246,363
484,86,245,366
494,85,236,365
504,84,228,363
512,84,221,362
519,83,215,361
519,80,221,364
524,79,216,364
529,79,211,365
534,78,206,366
540,77,201,366
538,75,203,368
536,73,205,370
535,71,206,372
533,69,208,374
531,67,210,376
530,65,211,378
525,67,217,376
519,68,222,374
514,70,228,372
510,71,231,371
506,73,233,370
502,74,236,368
498,75,239,367
495,76,242,366
491,78,245,364
483,79,251,364
475,80,258,363
468,80,265,362
460,81,271,361
458,81,272,361
456,81,273,362
454,80,274,362
452,80,275,362
450,79,276,363
448,79,277,363
448,79,276,364
448,78,275,364
449,78,274,364
449,77,272,365
448,78,273,365
448,78,273,364
447,78,274,364
446,79,275,364
445,79,275,364
445,79,276,364
444,80,277,363
443,80,277,363
443,80,278,363
442,80,278,363
441,81,279,363
440,81,280,362
440,80,280,363
439,80,281,364
438,79,282,365
437,79,282,365
437,78,283,366
436,77,283,367
436,77,284,367
435,77,285,367
435,77,286,368
435,77,287,368
434,77,287,368
434,77,288,369
433,77,289,369
433,77,290,369
433,77,291,370
432,77,292,370
432,77,292,370
432,77,293,371
431,77,294,371
428,77,298,371
424,77,302,372
421,77,305,372
418,77,309,372
411,78,315,372
405,78,322,371
399,79,328,371
396,84,331,366
393,89,334,361
390,94,337,356
387,99,340,351
386,97,339,352
385,96,339,353
384,95,339,355
383,94,339,356
383,92,339,357
387,93,335,357
391,94,332,356
396,94,328,355
400,95,325,355
409,90,317,360
418,85,309,365
425,91,302,358
432,97,295,350
439,103,287,343
447,110,280,336
456,108,271,336
465,107,262,337
474,105,253,337
483,103,244,338
492,102,235,338
501,100,226,339
510,99,217,339
519,97,208,340
527,96,199,340
532,94,194,341
537,88,194,347
541,81,193,354
546,75,192,360
547,67,198,366
547,59,205,371
548,52,212,376
549,44,218,382
547,37,226,389
545,31,234,397
544,24,242,404
542,18,249,412
538,17,255,414
535,15,261,417
532,14,266,419
528,12,263,422
525,11,259,424
529,10,242,425
533,10,224,425
536,9,207,426
540,9,206,426
544,8,206,427
548,8,205,427
552,7,204,428
556,6,204,428
559,6,203,429
563,5,199,429
567,5,194,430
571,4,189,430
575,4,184,431
579,3,180,432
592,3,166,432
606,3,152,432
605,3,157,432
605,3,162,432
605,3,167,432
604,3,172,432
604,3,177,432
603,3,174,432
603,3,171,432
603,3,168,432
602,3,166,432
602,3,163,432
601,3,160,432
601,3,157,432
597,4,162,430
593,5,167,429
589,6,171,428
584,6,176,427
580,7,181,426
575,8,185,425
569,9,190,425
563,9,195,424
558,10,200,423
552,11,196,423
546,12,192,422
540,12,188,422
535,13,183,421
529,14,179,420
523,15,175,420
518,15,171,419
512,16,167,419
506,17,171,417
500,17,176,416
493,17,181,415
487,17,186,414
481,18,191,413
475,18,195,412
469,18,200,411
463,19,205,410
456,19,210,409
450,19,215,408
444,20,219,407
438,20,224,406
430,20,218,407
422,21,212,409
415,21,206,410
407,21,200,412
399,22,194,413
391,22,182,415
384,22,171,416
376,23,179,418
368,23,186,419
360,23,194,421
353,24,202,422
347,24,200,421
341,25,197,419
335,26,195,418
329,26,192,416
324,26,189,416
318,27,186,415
313,27,183,414
308,27,180,413
302,27,177,412
297,27,174,411
291,27,171,410
271,29,183,407
251,31,195,405
230,33,207,402
219,31,216,405
207,30,224,408
195,28,232,411
190,28,233,412
185,28,233,414
180,28,234,415
174,28,235,416
175,28,231,418
176,28,228,419
176,28,224,420
177,28,220,422
177,27,217,423
178,27,213,425
179,27,209,426
177,26,202,427
175,25,194,429
174,24,187,430
172,22,180,432
170,21,172,433
168,20,165,434
167,19,165,436
165,17,165,437
163,16,165,438
162,15,165,440
160,14,165,441
158,13,165,443
149,12,173,444
140,11,182,446
131,10,190,447
122,10,199,449
113,9,207,450
104,8,212,452
94,8,217,454
85,7,222,455
76,6,227,457
67,5,232,458
58,5,237,460
49,4,241,461
40,3,246,463
37,3,249,464
34,3,251,465
31,3,254,466
29,3,256,466
33,3,252,467
36,3,248,468
40,3,244,469
44,3,240,470
48,3,235,471
52,3,231,472
56,3,227,472
60,3,223,473
64,3,219,474
64,3,220,474
65,3,222,475
65,3,223,475
66,3,226,475
66,3,228,476
67,3,231,476
67,3,233,476
68,3,236,477
68,3,238,477
69,3,238,477
70,3,237,478
72,3,236,478
73,3,236,478
74,3,235,478
75,3,234,479
76,3,234,479
74,3,235,479
73,3,237,480
71,3,242,480
70,4,248,481
68,4,253,482
66,4,259,483
64,4,264,484
63,4,260,484
61,4,255,485
59,4,251,486
58,4,246,487
56,5,242,488
54,5,237,488
52,5,233,489
51,5,229,490
49,5,224,491
46,5,229,493
43,5,235,495
39,5,240,497
27,5,244,497
15,5,248,496
2,5,252,496
2,9,226,495
3,14,201,494
3,18,175,492
3,13,172,501
4,7,170,509
4,7,171,513
4,6,171,517
5,5,161,520
5,5,148,521
5,4,136,521
5,4,123,522
5,3,110,522
5,3,97,523
5,31,95,495
5,59,93,467
5,88,87,438
5,116,81,409
5,135,81,390
5,443,81,96
5,446,81,80
5,447,81,79
5,447,81,78
5,444,81,82
5,447,81,78
5,452,81,73
5,240,81,286
5,175,81,350
5,148,81,378
5,117,81,409
5,85,81,440
5,54,81,472
5,40,81,486
5,26,81,500
5,20,81,506
5,14,81,511
5,9,81,517
5,3,81,522
5,3,81,524
5,3,81,525
5,3,81,527
5,3,81,528
5,3,81,530
5,3,81,531
5,3,81,532
5,3,81,534
5,3,81,535
5,3,81,537
5,3,81,538
5,3,81,540
5,3,81,541
5,3,81,543
5,3,81,543
5,3,81,543
5,3,81,543
5,3,81,543
5,3,84,543
5,3,87,543
5,3,90,544
5,3,93,544
5,3,95,544
5,3,98,545
5,3,107,545
5,3,117,545
5,3,126,545
5,3,161,545
5,3,196,545
5,3,232,545
6,3,261,554
8,3,260,552
9,3,259,550
11,3,258,548
12,3,257,546
14,3,256,545
3,3,279,550
16,3,264,552
29,3,249,554
42,3,234,556
50,2,252,555
57,2,270,553
65,2,287,551
73,2,292,550
80,2,296,548
88,1,300,546
94,1,289,546
100,1,278,546
106,1,257,546
113,1,235,546
119,1,213,546
125,1,191,546
129,1,187,546
133,1,183,546
137,1,179,546
129,1,187,546
130,1,184,545
131,1,181,543
132,1,179,541
133,1,176,539
134,1,175,537
136,1,174,535
137,1,173,533
139,1,173,532
141,1,172,530
142,1,171,528
144,1,170,526
146,1,169,524
147,1,169,522
155,1,191,522
162,1,213,522
169,1,235,522
172,1,241,522
175,1,247,521
178,1,253,520
180,1,250,521
183,1,248,521
186,1,245,521
189,1,242,522
192,1,239,522
194,1,236,522
197,1,233,522
192,1,283,522
187,1,304,522
182,1,325,521
180,1,330,521
179,1,336,520
172,1,340,520
165,1,343,520
159,1,335,519
152,1,328,519
145,1,320,519
131,1,306,518
125,1,309,517
118,1,312,516
112,1,315,515
103,1,320,514
95,1,324,513
86,1,328,512
81,1,331,511
76,1,333,510
72,1,336,509
67,1,318,508
62,1,300,507
62,1,293,507
62,1,286,507
62,1,279,506
62,1,273,506
62,1,266,506
59,1,265,505
57,1,264,505
55,1,263,505
53,1,263,504
51,1,262,504
49,1,261,504
49,1,261,504
49,1,261,504
48,1,260,504
48,1,260,504
48,1,260,504
43,1,265,504
37,1,269,504
32,1,274,504
27,1,280,504
21,1,286,504
15,1,292,504
18,1,290,504
21,1,288,504
24,1,286,504
33,1,277,504
42,1,269,504
54,1,257,503
68,1,250,501
82,1,242,500
91,1,241,499
93,1,240,497
96,1,238,496
99,1,237,495
102,1,231,494
105,1,225,492
108,1,220,491
111,1,214,490
113,1,208,488
116,1,202,487
119,1,196,486
122,1,196,485
125,1,196,483
124,2,196,483
123,2,195,483
121,2,195,483
120,2,194,483
119,2,194,483
118,3,193,482
117,3,193,482
116,3,192,482
115,3,192,482
113,3,191,482
112,3,193,481
111,3,195,480
110,3,196,479
109,3,198,478
108,2,200,477
107,2,201,477
105,2,203,476
104,2,204,475
103,2,206,474
102,2,208,473
101,1,209,472
101,2,210,472
101,3,211,472
100,3,212,472
100,4,213,472
100,5,214,471
103,5,216,471
105,6,217,471
108,7,219,471
110,7,221,471
113,8,222,471
116,9,224,470
121,9,220,468
127,10,216,466
132,10,212,464
137,11,208,462
143,11,204,460
148,12,200,458
154,12,196,456
159,13,192,454
165,13,192,452
170,14,192,449
175,14,193,447
181,15,193,445
186,15,192,443
192,16,191,441
197,16,191,439
199,17,187,438
202,18,183,436
204,19,178,435
206,20,174,434
209,21,170,433
211,21,166,431
213,22,162,430
215,23,158,429
218,24,154,427
220,25,149,426
222,26,145,425
224,27,141,424
227,27,137,422
228,28,138,421
229,29,138,421
230,29,139,420
231,30,140,419
232,30,140,418
233,31,141,417
234,32,142,416
235,32,142,415
236,33,143,415
237,34,144,414
238,34,144,413
239,35,157,412
240,35,169,411
241,36,181,410
242,37,193,409
247,37,198,408
252,38,203,406
257,38,207,404
261,38,204,403
266,39,201,401
271,39,197,400
276,40,194,398
281,40,190,396
286,41,187,395
291,41,184,393
296,42,180,391
301,42,177,390
306,43,173,388
311,43,170,387
316,44,166,385
321,44,163,383
327,43,159,385
333,42,154,387
339,42,150,388
345,41,146,390
348,41,144,389
352,42,142,388
355,42,140,387
358,43,138,386
362,43,137,385
365,44,135,384
369,44,133,383
372,45,131,382
375,45,130,381
379,46,128,380
382,46,128,379
386,46,127,379
389,46,127,378
393,47,127,378
395,47,127,377
397,47,127,377
399,47,126,376
401,47,126,375
402,47,126,375
404,48,126,374
406,48,126,374
408,48,130,373
410,48,133,373
412,48,137,372
414,49,141,372
416,49,145,371
417,49,149,371
419,49,153,370
421,49,156,370
423,49,154,369
425,50,152,369
428,50,150,368
432,50,149,368
436,50,148,368
439,50,146,368
443,50,145,368
446,50,144,368
450,50,142,367
453,50,141,367
457,50,139,367
460,50,138,367
464,50,137,367
468,50,135,367
470,50,136,366
473,50,137,366
476,50,137,365
478,51,138,364
481,51,139,364
484,51,139,363
486,52,140,363
489,52,141,362
492,52,142,362
495,52,142,361
497,53,143,360
500,53,144,360
503,53,144,359
503,53,145,359
503,53,145,359
503,53,145,359
503,53,145,359
503,53,145,359
503,53,145,359
503,53,147,358
503,53,150,358
503,53,152,358
503,53,154,358
503,48,167,363
503,50,172,361
503,51,177,359
503,53,182,357
505,53,180,359
506,52,179,360
508,52,177,361
510,51,176,362
512,51,174,363
514,50,173,364
515,50,172,365
517,49,170,366
519,49,169,367
518,48,170,368
517,47,172,369
516,47,173,370
515,46,174,371
514,46,176,372
513,45,175,373
513,45,174,373
512,44,174,374
512,44,173,374
511,44,172,375
511,43,171,375
510,43,171,376
515,42,165,376
519,42,159,376
524,41,153,377
529,41,147,377
533,40,141,378
538,40,135,378
540,39,136,379
542,39,136,379
543,38,137,380
543,37,138,382
542,36,139,384
541,35,141,385
541,34,142,387
540,32,143,389
539,31,144,391
539,30,145,393
538,29,147,395
537,27,148,397
537,26,149,399
536,25,150,401
535,24,151,403
534,22,153,405
534,23,156,404
533,24,160,404
532,26,163,404
530,25,165,405
528,24,167,406
526,23,169,408
524,22,172,409
522,21,174,410
519,20,176,411
521,19,174,413
523,18,172,414
525,17,170,415
527,16,169,417
529,15,167,418
531,14,165,419
532,13,163,420
536,12,171,421
539,11,180,422
543,11,188,422
546,10,197,423
550,9,202,424
553,9,208,424
556,8,213,425
560,7,208,426
563,7,203,426
567,6,198,427
570,5,193,428
574,5,188,428
577,4,183,429
581,3,178,430
590,3,175,429
599,3,173,429
609,3,170,428
612,3,158,428
615,3,145,427
618,3,147,427
622,3,148,426
625,3,150,426
631,3,168,426
637,3,186,427
643,3,204,428
648,3,202,428
652,3,201,427
657,3,199,427
661,3,198,427
666,3,197,426
670,3,195,426
674,3,194,426
679,3,192,426
683,3,191,425
688,3,189,425
692,3,188,425
696,3,187,424
701,3,185,424
703,3,192,424
706,3,199,425
708,3,205,425
710,3,212,425
713,3,223,427
715,3,234,429
718,3,232,429
720,3,231,429
722,3,229,429
725,3,227,429
727,3,226,428
729,3,224,428
732,3,222,428
734,3,220,428
747,3,207,428
760,3,194,427
774,3,181,427
787,3,168,427
804,3,151,427
821,3,134,426
838,3,117,426
841,3,114,424
844,3,111,422
847,3,108,420
850,3,104,417
853,3,101,415
856,3,98,413
855,3,100,412
853,3,101,411
852,3,103,411
850,3,104,410
847,3,108,409
844,3,111,408
840,3,114,407
845,3,110,407
850,3,105,406
854,3,100,405
859,3,95,404
864,3,91,403
869,3,86,402
873,3,81,402
878,3,77,401
883,3,72,400
888,3,67,399
892,3,62,398
895,3,60,398
897,3,57,397
900,3,55,396
903,3,52,395
905,3,50,394
908,3,47,393
910,3,44,393
906,3,49,395
901,3,53,396
897,3,58,398
892,3,62,400
888,3,67,402
883,3,71,404
879,3,76,406
874,3,80,408
870,3,85,410
865,3,89,411
872,3,83,412
879,3,76,413
869,3,85,414
860,3,94,415
850,3,103,415
840,3,112,416
831,3,121,417
821,3,130,417
812,3,139,418
802,3,149,419
793,3,158,420
783,3,167,420
777,3,172,419
772,3,177,417
766,3,182,416
760,3,187,415
755,3,193,413
749,4,198,413
743,4,203,414
737,5,208,414
731,5,213,415
725,6,218,415
719,6,223,415
713,7,228,416
709,7,227,415
706,7,226,414
702,8,226,413
699,8,225,412
695,9,224,411
692,9,213,411
689,9,203,411
686,9,192,411
683,10,175,411
680,10,159,411
676,10,142,411
673,10,147,411
670,10,152,411
667,11,156,411
664,11,161,411
628,11,195,412
592,12,229,413
590,12,229,413
588,13,230,413
586,13,230,412
584,14,230,412
581,15,231,412
579,15,231,412
577,16,231,411
575,16,232,411
562,17,231,411
548,19,231,410
535,20,231,410
522,21,231,409
507,22,236,407
493,22,227,405
480,23,218,403
477,24,217,400
474,26,216,397
472,28,216,394
469,29,215,391
469,30,212,391
469,31,209,392
469,31,205,393
469,32,202,393
469,33,199,394
469,34,196,394
469,34,193,395
469,35,190,393
469,36,187,391
469,37,183,389
466,37,183,389
463,37,182,389
460,37,181,389
456,38,180,389
453,38,179,390
450,38,178,390
446,38,177,390
443,39,177,390
442,39,176,390
441,39,176,390
439,39,176,390
438,40,175,390
437,40,175,391
435,40,174,391
434,40,174,391
431,41,174,389
429,42,173,388
426,43,172,387
423,43,172,386
420,44,171,384
418,45,171,383
415,46,170,382
412,47,170,380
409,47,169,379
410,48,171,378
410,49,173,376
410,50,174,375
410,51,176,374
410,51,178,372
408,51,174,373
405,51,171,373
403,51,168,373
400,50,164,374
398,50,161,374
395,50,144,375
393,50,126,375
390,49,121,375
388,49,117,376
385,49,112,376
382,49,119,377
380,48,126,377
377,48,134,377
375,48,141,378
372,47,143,378
369,47,146,379
366,47,148,380
363,46,150,380
360,46,153,381
356,46,155,382
353,45,158,382
352,45,158,383
350,45,158,384
348,44,158,384
346,44,158,385
345,44,158,386
343,43,159,386
341,43,159,387
340,43,159,388
338,42,159,388
336,42,159,389
333,41,167,390
330,40,174,390
328,39,182,391
325,37,189,392
322,36,197,392
319,35,205,393
318,34,202,394
318,33,200,394
317,31,198,395
316,30,196,396
316,29,194,396
315,28,191,397
314,27,189,398
314,26,187,398
312,25,184,399
310,25,182,401
308,25,182,402
306,25,182,403
305,24,182,405
303,24,182,406
301,24,182,408
300,23,182,409
298,23,182,411
296,23,182,412
294,23,183,413
291,23,184,414
289,23,185,415
286,23,186,416
284,23,186,417
281,23,187,418
279,23,188,419
276,23,189,420
274,24,190,421
271,24,191,422
265,25,194,421
259,26,197,419
253,26,200,418
247,27,203,416
242,28,206,415
236,29,210,413
230,30,213,412
224,31,216,411
211,32,218,410
198,33,220,408
186,34,221,407
173,35,223,406
161,36,225,405
148,37,227,404
136,38,229,403
123,38,231,402
110,39,233,401
110,40,222,400
108,41,224,400
106,41,225,400
110,41,220,400
114,41,215,400
117,42,211,400
121,42,206,400
125,42,201,400
129,42,196,400
130,43,195,400
130,43,194,400
131,43,192,400
131,43,191,400
131,44,190,400
132,44,188,400
132,44,187,400
129,46,187,398
125,47,187,396
122,49,186,394
118,50,182,392
115,52,178,389
111,53,174,387
107,55,170,385
104,57,165,383
100,58,161,381
97,60,157,379
93,61,153,377
90,63,149,374
86,64,144,372
81,65,148,371
76,67,151,369
71,68,154,368
70,69,153,366
69,70,152,364
68,71,151,363
67,72,150,361
66,73,150,360
65,74,149,358
64,75,148,356
63,76,147,355
62,77,146,353
61,78,145,352
60,79,144,350
56,80,146,348
53,80,148,346
49,80,150,344
50,81,151,344
51,81,153,344
52,82,155,343
53,82,156,343
55,83,158,342
56,83,160,342
57,83,162,342
58,84,163,341
59,84,165,341
60,85,167,341
60,85,174,341
61,85,177,341
61,85,180,340
61,85,166,340
61,85,153,340
62,86,140,340
62,86,127,340
62,87,116,339
62,88,105,337
63,90,94,336
63,89,92,336
63,88,90,337
63,88,87,338
64,87,85,338
64,87,83,339
64,87,84,338
64,88,85,337
64,89,87,337
64,90,88,336
64,91,89,335
64,91,90,334
64,92,91,333
64,93,92,332
64,94,93,332
64,95,94,331
64,96,95,330
64,96,96,329
64,97,97,328
64,98,98,328
64,99,99,327
64,100,96,326
64,100,96,326
63,100,95,326
63,100,95,326
63,100,94,326
63,100,93,325
62,100,93,325
62,100,92,325
62,101,92,325
62,101,91,325
61,101,91,325
61,101,90,325
61,101,89,325
61,101,89,324
61,101,88,324
60,101,88,324
60,101,87,324
59,102,88,323
58,102,90,322
57,103,91,321
56,103,92,320
55,104,94,319
54,104,95,318
53,105,97,317
52,105,98,316
51,106,99,315
50,106,101,314
49,107,102,313
48,107,103,312
47,108,105,311
46,108,106,310
45,109,107,309
45,109,111,308
44,109,114,306
44,109,117,304
44,109,121,303
43,110,124,301
46,110,122,301
48,110,120,301
51,110,119,301
53,110,117,301
56,110,115,302
58,110,113,302
61,110,111,302
63,111,109,302
66,111,107,302
67,111,107,302
69,111,106,302
71,111,106,302
72,111,105,302
74,111,105,302
76,111,104,302
77,111,104,302
79,111,103,302
80,111,103,302
82,111,102,302
84,111,102,302
85,111,101,302
87,111,101,302
89,111,101,302
90,111,100,302
84,111,107,302
88,111,105,302
91,111,102,302
95,111,99,302
93,112,101,302
91,112,104,302
89,112,107,302
87,113,109,302
85,113,112,302
83,113,115,302
81,113,117,302
79,114,120,302
77,114,123,302
75,114,125,302
73,114,128,302
71,114,133,302
69,113,139,302
66,113,145,302
64,112,145,302
62,112,146,303
60,111,147,303
57,111,147,303
55,110,148,303
53,110,148,303
51,109,149,303
48,109,146,303
46,108,143,303
44,108,140,304
42,107,137,304
38,107,138,304
35,107,139,305
31,107,140,306
28,106,141,307
24,106,142,307
21,106,143,308
18,106,144,309
18,106,143,309
19,106,142,310
19,106,141,311
20,105,140,312
21,105,140,312
21,105,139,313
21,104,140,314
21,103,140,315
20,103,141,316
20,102,142,318
20,101,142,319
19,100,143,320
19,99,144,321
19,98,145,322
19,97,145,323
18,97,146,324
18,96,147,326
18,95,147,327
17,94,148,328
18,94,150,329
18,95,151,330
18,95,152,331
18,95,154,332
18,95,155,333
18,96,156,334
18,96,158,335
16,96,158,334
13,97,158,333
11,97,159,332
9,97,159,330
7,97,159,329
5,98,159,328
5,100,154,325
5,103,149,323
5,105,144,321
5,107,139,318
5,115,131,311
5,122,122,303
5,130,114,296
5,138,106,288
5,145,97,280
5,153,89,273
5,160,81,265
5,168,72,258
5,175,64,250
5,183,56,243
5,190,56,237
5,197,56,231
5,204,56,226
5,211,56,220
5,218,56,214
5,219,56,216
5,220,55,219
5,221,56,218
5,222,56,218
5,223,57,217
5,224,57,217
5,224,58,217
5,224,58,217
5,224,59,217
5,224,59,217
5,224,60,217
5,224,60,217
5,224,61,217
5,224,61,217
5,224,62,217
5,224,62,217
5,224,63,217
5,224,63,217
5,224,63,217
5,224,64,217
5,224,70,217
5,224,77,217
5,224,83,217
5,223,82,217
5,223,80,218
5,222,78,218
5,222,77,218
5,221,75,219
5,221,74,219
5,221,72,220
5,220,70,220
5,220,69,221
5,219,67,221
5,219,67,221
5,219,67,221
5,219,67,222
5,219,67,222
5,219,67,222
5,218,68,222
5,218,68,222
5,218,68,222
5,218,68,222
5,218,68,223
5,218,68,223
5,218,68,223
5,217,68,223
5,217,68,223
5,217,68,223
5,217,68,223
5,217,68,224
5,217,68,224
5,217,68,224
5,216,68,224
5,216,68,224
5,216,68,224
5,216,68,224
5,216,69,225
5,216,69,225
5,216,69,225
5,215,69,225
5,215,69,225
5,215,69,225
5,215,69,225
5,215,69,225
5,215,69,226
5,215,69,226
5,214,69,226
5,214,69,226
5,214,69,226
5,214,69,226
5,214,69,226
5,214,69,227
5,214,69,227
5,214,69,227
5,213,70,227
5,213,70,227
5,213,70,227
5,213,70,227
5,213,70,228
5,213,70,228
5,213,70,228
5,212,70,228
5,212,70,228
5,212,70,228
5,212,70,228
5,212,70,229
5,212,70,229
5,212,70,229
5,211,70,229
5,211,70,229
5,211,70,229
5,211,71,229
5,211,71,230
5,211,71,230
5,211,71,230
5,210,71,230
5,210,71,230
5,210,71,230
5,210,71,230
5,210,71,230
5,210,71,231
5,210,71,231
5,209,71,231
5,209,71,231
5,209,71,231
5,209,71,231
5,209,71,231
5,209,71,232
5,209,71,232
5,208,72,232
5,208,72,232
5,208,72,232
5,208,72,232
5,208,72,232
5,208,72,233
5,208,72,233
5,208,72,233
5,207,72,233
5,207,72,233
5,207,72,233
5,207,72,233
5,207,72,234
5,207,72,234
5,207,72,234
5,206,72,234
5,206,72,234
5,206,72,234
5,206,73,234
5,206,73,235
5,206,73,235
5,206,73,235
5,205,73,235
5,205,73,235
5,205,73,235
5,205,73,235
5,205,73,236
5,205,73,236
5,205,73,236
5,204,73,236
5,204,73,236
5,204,73,236
5,204,73,236
5,204,73,236
5,204,73,237
5,204,73,237
5,203,74,237
5,203,74,237
5,203,74,237
5,203,74,237
5,203,74,237
5,203,74,238
5,203,74,238
5,203,74,238
5,202,74,238
5,202,74,238
5,202,74,238
5,202,74,238
5,202,74,239
5,202,74,239
5,202,74,239
5,201,74,239
5,201,74,239
5,201,75,239
5,201,75,239
5,201,75,240
5,201,75,240
5,201,75,240
5,200,75,240
5,200,75,240
5,200,75,240
5,200,75,240
5,200,75,241
5,200,75,241
5,200,75,241
5,199,75,241
5,199,75,241
5,199,75,241
5,199,75,241
5,199,75,241
5,199,75,242
5,199,76,242
5,198,76,242
5,198,76,242
5,198,76,242
5,198,76,242
5,198,76,242
5,198,76,243
5,198,76,243
5,198,76,243
5,197,76,243
5,197,76,243
5,197,76,243
5,197,76,243
5,197,76,244
5,197,76,244
5,191,78,249
5,186,80,255
5,180,81,260
5,175,83,266
5,169,84,271
5,164,86,276
5,159,88,282
5,153,89,287
5,148,91,293
5,142,93,298
6,138,94,302
8,133,96,307
9,128,97,311
11,124,99,315
12,119,101,319
14,114,102,324
16,110,104,328
17,105,105,332
19,101,107,336
20,96,108,341
22,90,111,346
24,84,114,352
25,78,117,357
27,72,120,363
31,70,123,365
34,69,126,368
38,68,130,370
42,67,133,372
46,65,136,374
50,64,139,377
54,63,142,379
57,61,145,381
61,60,148,383
65,59,151,386
69,57,144,388
73,56,145,390
77,55,145,392
80,53,176,395
89,52,190,393
98,50,204,392
107,48,210,393
116,46,215,394
125,45,220,396
135,43,210,397
146,41,201,399
157,40,192,400
167,38,182,401
178,36,173,403
184,34,180,406
190,33,186,410
195,31,193,413
195,29,208,415
205,27,240,418
214,25,272,420
224,26,271,419
234,28,271,417
243,24,272,421
268,21,251,424
294,18,230,427
320,15,210,431
341,12,195,434
362,8,180,437
397,5,174,441
416,5,187,443
434,5,201,445
447,5,243,440
449,5,274,438
453,5,303,443
456,5,306,441
456,5,312,440
462,5,311,439
510,5,269,437
558,5,226,436
606,5,183,435
618,5,178,433
628,5,199,430
630,4,229,427
649,4,258,425
669,4,259,422
688,3,259,419
