746,315,52,69
755,317,51,69
764,318,49,69
773,319,51,69
781,321,52,69
790,322,53,69
798,324,54,69
806,326,55,69
815,327,55,69
823,329,56,69
829,327,57,71
835,324,58,73
842,322,59,75
848,320,61,76
854,317,62,78
863,314,62,78
873,311,62,78
878,313,62,78
884,314,62,78
889,315,62,78
891,314,62,78
892,312,62,78
894,310,62,78
895,308,62,78
897,307,62,78
899,307,60,78
902,307,57,79
904,307,55,79
906,307,53,79
908,307,50,79
908,307,50,80
908,307,50,82
908,307,50,83
908,307,50,84
908,307,50,85
907,307,52,85
906,307,53,84
905,307,54,84
904,307,55,84
902,307,57,83
899,307,58,83
896,307,59,83
893,307,60,83
890,307,61,83
887,307,62,83
884,307,63,83
881,307,64,83
878,307,65,83
875,307,66,83
872,307,67,83
869,307,68,83
866,307,69,83
858,307,69,83
850,306,69,83
842,305,69,83
849,306,69,84
856,306,69,84
863,306,69,84
870,306,69,85
877,307,69,85
886,309,68,86
890,311,67,87
893,313,66,88
893,318,66,88
894,324,66,88
893,324,66,90
892,325,66,92
892,325,67,94
892,320,67,94
892,316,67,94
890,316,68,92
888,315,70,90
886,314,71,88
885,314,73,90
883,313,75,92
882,312,76,92
881,310,76,93
880,309,77,93
880,307,78,94
879,305,79,94
878,303,80,94
877,301,80,94
876,299,81,94
876,297,82,94
875,295,83,94
878,298,78,92
881,301,76,93
884,304,73,94
887,306,71,95
890,309,69,96
890,310,68,96
891,311,67,96
892,312,66,96
893,313,65,96
894,313,65,96
894,315,64,96
895,316,63,96
896,317,62,96
896,318,61,96
897,319,61,96
897,320,61,95
896,320,61,95
896,320,61,95
896,321,62,94
896,321,62,94
890,320,66,95
884,318,70,96
878,317,75,97
872,313,79,98
868,313,81,97
865,313,83,96
861,313,85,95
856,311,84,93
852,309,82,91
851,307,82,91
849,303,83,90
847,300,83,90
845,297,84,90
843,294,84,89
841,290,85,89
840,289,85,89
840,288,85,89
840,286,85,89
840,285,85,89
837,279,85,91
835,272,86,93
833,266,87,95
830,260,87,98
828,255,86,96
826,250,84,94
824,245,82,92
820,253,84,92
817,261,86,92
814,270,88,91
812,264,89,92
810,258,90,93
808,253,91,94
803,254,91,92
798,256,92,91
793,258,92,89
781,266,92,89
769,274,92,89
764,282,92,89
757,285,93,89
751,288,93,88
730,290,94,87
709,292,94,87
699,298,94,87
690,305,93,87
680,312,91,86
671,319,91,88
661,326,91,90
651,325,92,91
634,319,93,91
617,313,95,92
599,302,96,93
588,298,99,96
578,295,94,92
573,294,94,92
568,293,94,92
562,293,92,91
555,293,90,89
548,293,88,88
541,293,87,86
530,293,86,87
520,294,85,88
509,294,84,89
504,296,84,89
500,297,84,89
495,299,84,88
487,300,84,88
480,301,84,88
473,302,84,88
466,303,84,88
481,303,84,88
496,302,84,88
487,302,84,88
478,302,84,88
469,302,84,88
469,302,84,87
469,302,83,86
469,303,82,85
459,306,82,85
448,309,82,85
438,313,82,85
432,313,82,85
426,313,82,85
420,313,82,85
414,313,82,85
412,313,83,85
410,314,84,85
409,315,85,85
406,316,84,85
404,317,83,85
401,318,82,85
398,317,82,85
396,317,82,84
393,316,81,83
393,315,80,83
393,313,78,83
393,312,76,83
400,312,76,81
406,313,76,79
412,313,77,77
416,315,75,75
420,316,73,74
424,318,71,72
425,318,71,72
427,318,71,72
428,318,71,72
430,318,71,72
434,318,71,72
439,318,71,72
441,319,71,72
444,319,71,72
444,319,73,72
444,318,74,72
445,317,75,72
445,316,76,72
445,315,78,72
445,314,79,72
445,313,80,72
445,313,82,72
446,312,83,72
449,312,85,74
454,312,84,74
459,311,83,74
465,311,81,74
471,311,79,73
478,310,76,73
485,310,74,72
483,310,73,72
481,310,73,71
479,309,72,71
478,310,72,71
476,310,72,71
475,310,72,71
472,313,72,71
470,315,72,71
468,317,72,71
466,317,71,71
464,318,71,71
462,318,70,71
461,318,70,71
460,319,70,71
459,319,70,71
457,319,70,71
456,319,70,71
455,319,70,71
455,320,70,70
455,321,69,70
455,321,69,70
455,322,69,70
453,322,69,70
452,322,69,70
451,323,69,70
449,323,71,71
448,323,73,72
446,323,74,73
446,323,74,73
446,323,73,74
446,323,73,74
443,324,74,74
439,324,75,75
438,324,75,75
436,324,74,76
435,324,74,77
436,324,74,76
438,324,75,76
439,323,75,75
443,324,74,76
446,325,73,76
449,326,72,76
449,325,73,76
449,324,73,76
449,323,74,76
449,322,73,76
448,320,72,75
448,319,71,75
446,318,73,75
443,317,75,76
441,316,77,77
441,317,77,77
440,317,77,77
440,317,77,77
440,317,78,77
441,317,79,77
441,317,79,78
443,317,77,76
445,317,76,75
447,317,74,73
450,317,74,74
454,317,74,75
457,317,74,75
457,318,73,74
457,319,73,73
457,320,72,72
458,322,71,73
458,323,69,74
459,324,68,75
460,324,66,75
461,324,65,75
462,324,64,75
465,326,63,73
469,328,62,72
472,329,61,71
475,329,63,71
479,329,65,72
482,329,68,73
483,328,67,73
485,328,67,73
487,327,67,73
488,328,66,74
490,329,66,74
491,330,66,75
500,332,63,74
509,333,60,73
519,335,57,72
525,336,55,71
532,338,54,71
539,339,53,70
542,339,55,70
544,339,56,70
546,339,58,71
550,338,59,70
554,337,59,70
558,336,60,69
570,337,61,68
583,338,62,67
596,339,64,66
598,338,66,65
600,337,69,65
602,336,71,64
604,334,70,64
606,332,69,65
608,330,68,65
610,331,66,66
611,333,64,66
612,334,62,66
612,333,61,66
612,333,60,66
611,332,58,65
611,333,57,65
611,334,56,65
611,336,54,65
609,335,53,65
607,334,51,66
605,333,49,66
600,333,49,66
595,333,49,66
590,333,49,66
587,333,49,66
584,333,49,66
581,333,49,66
581,333,50,66
581,333,50,67
581,333,51,67
581,334,51,67
581,335,51,67
582,336,51,67
581,341,51,67
581,339,51,67
581,336,51,67
574,346,53,61
574,345,53,61
573,344,53,61
573,343,53,61
573,341,53,61
573,339,53,61
573,338,53,61
573,336,53,61
573,336,53,61
573,336,53,61
573,336,53,61
572,336,53,61
570,337,53,61
569,337,53,61
566,338,53,61
563,339,53,61
560,339,53,61
559,340,53,61
558,340,53,61
558,341,53,61
558,340,53,61
558,338,53,61
558,337,53,61
558,337,53,61
558,338,53,61
558,338,53,61
557,338,53,61
556,338,53,61
555,338,53,61
555,338,53,61
556,337,53,61
557,337,53,61
558,337,47,56
559,337,47,54
560,337,46,52
561,337,45,50
562,338,47,52
563,338,48,53
564,338,50,55
565,338,51,56
565,338,53,57
569,338,51,57
570,338,50,60
567,338,58,55
571,338,50,59
572,342,50,58
572,340,48,55
572,339,46,51
578,340,47,53
577,341,48,54
576,343,49,55
576,344,50,56
575,346,51,58
