187,398,44,81
189,395,44,81
192,393,44,81
194,390,44,81
199,390,43,81
204,389,41,80
209,389,39,80
213,387,42,80
217,385,44,81
220,383,47,81
224,381,50,81
230,380,46,79
236,379,43,77
243,377,39,74
248,376,39,74
253,376,39,74
258,375,39,74
263,374,39,74
269,374,37,74
275,374,35,74
282,374,33,74
288,374,31,74
294,374,30,74
298,372,32,76
302,370,34,78
305,368,37,80
309,366,39,81
312,366,39,80
315,366,39,78
318,366,39,76
320,366,39,74
325,364,38,75
330,363,37,77
336,361,36,78
341,359,35,80
344,357,35,80
348,355,35,80
352,353,35,80
356,353,35,80
361,352,35,80
366,352,35,80
370,351,35,80
374,350,34,80
378,349,32,80
381,347,31,80
385,346,30,80
388,344,30,80
391,342,30,80
394,340,30,80
396,338,30,80
397,336,30,80
399,333,30,80
400,331,30,80
407,331,30,80
414,331,30,80
420,331,30,80
424,331,31,79
427,331,32,78
430,331,33,77
434,331,34,77
437,331,35,76
439,330,35,76
441,328,35,76
443,327,35,76
444,325,35,76
446,324,35,76
447,319,35,76
447,315,35,76
448,311,35,76
453,310,35,76
457,309,35,76
462,308,35,76
466,308,35,76
471,307,35,76
475,306,35,76
480,305,35,76
481,303,35,76
481,301,35,76
482,300,35,76
483,298,35,76
484,296,35,76
485,294,35,76
487,293,35,76
489,292,35,76
492,291,35,76
494,290,35,76
496,289,35,76
498,289,35,76
499,289,35,75
501,289,35,74
502,288,35,74
504,287,35,75
505,286,35,75
506,285,35,75
508,284,35,76
509,283,35,76
511,281,35,76
512,278,35,76
513,276,35,76
515,274,35,76
516,272,35,76
518,271,35,76
519,270,35,76
520,268,35,76
524,265,32,76
527,263,30,76
524,260,32,76
522,257,35,76
523,253,35,76
523,249,35,76
524,245,35,76
524,240,35,76
526,238,35,76
528,237,35,76
530,235,35,76
531,233,35,76
536,234,35,76
540,235,35,76
544,236,35,76
548,237,35,76
552,239,35,76
556,242,35,76
559,245,35,76
563,248,35,76
568,247,35,76
574,246,35,76
580,246,35,76
585,245,35,76
591,244,35,76
593,245,35,76
594,245,35,76
596,245,35,76
598,246,35,76
600,245,35,76
603,243,35,76
605,242,35,76
607,240,35,76
609,240,35,73
610,240,35,70
612,240,35,68
613,240,35,65
615,239,35,65
618,238,35,65
620,236,35,65
622,235,35,65
625,234,35,65
628,233,35,65
631,231,35,65
634,230,35,65
637,229,35,65
640,228,35,65
643,227,35,65
646,226,35,65
649,225,35,65
652,224,35,65
656,221,35,65
660,219,35,65
665,217,35,65
669,214,35,65
673,212,35,65
677,209,35,65
681,207,35,65
683,204,35,66
685,201,35,68
687,199,35,69
689,196,35,71
691,193,35,73
693,190,35,74
691,190,35,74
690,190,35,74
688,190,35,74
687,190,35,74
685,190,35,74
688,187,35,74
690,184,35,74
693,180,35,74
696,177,35,74
698,174,35,74
699,175,35,73
700,176,35,71
701,177,35,70
702,177,35,68
703,178,35,67
704,174,35,70
706,170,35,74
706,167,35,74
707,165,35,74
708,162,35,74
708,160,35,74
709,157,35,74
710,157,35,72
711,157,35,70
713,157,35,69
714,157,35,67
715,157,35,65
714,156,35,65
713,154,35,65
711,153,35,65
710,151,35,65
709,150,35,65
708,149,35,65
707,147,35,65
706,146,35,65
705,145,35,65
704,144,35,65
703,143,35,65
702,142,35,65
708,141,35,65
713,139,35,65
719,137,35,65
725,136,35,65
731,134,35,65
737,133,35,65
743,131,35,65
744,134,35,65
746,137,35,65
747,141,35,65
749,144,35,65
751,147,35,65
752,150,35,65
754,153,35,65
756,152,35,62
758,151,34,59
760,150,34,56
763,149,34,53
765,148,33,50
766,147,34,57
767,146,35,65
766,148,35,63
765,150,35,60
764,151,35,58
764,153,35,56
763,155,35,54
763,154,35,54
764,153,35,54
764,151,35,54
764,150,35,54
764,149,35,54
765,148,35,54
766,145,35,53
767,143,35,53
768,141,35,52
769,138,35,52
770,140,35,52
771,142,35,53
772,141,35,53
772,140,35,54
772,142,35,54
770,140,35,54
