574,133,330,322
571,138,333,317
568,142,337,311
570,141,325,306
571,140,314,302
572,140,303,297
572,140,294,291
572,140,285,285
572,140,277,276
572,140,269,267
572,140,261,257
572,140,253,247
572,140,245,237
575,143,235,224
578,147,224,211
580,150,214,198
580,150,212,193
580,150,210,188
583,150,198,184
586,150,186,180
588,150,174,177
588,153,174,175
588,155,174,173
592,159,165,173
595,163,156,173
599,166,146,173
599,166,149,178
599,166,153,184
599,166,156,189
602,164,145,194
606,163,134,200
610,161,124,205
610,162,122,205
611,163,120,205
612,165,118,205
614,162,117,213
615,159,116,221
616,157,114,230
618,154,113,238
621,154,113,238
624,154,113,238
627,154,113,238
625,155,119,240
623,156,125,242
621,157,131,245
619,158,136,247
618,159,142,249
617,160,147,245
617,160,151,242
617,160,155,239
616,161,160,235
616,161,164,231
616,161,168,226
616,161,172,221
616,161,176,217
619,159,172,217
622,156,169,217
626,154,165,217
628,154,164,217
630,154,162,217
632,154,161,217
634,154,160,217
636,154,158,217
638,155,161,217
641,156,165,217
643,157,168,217
645,158,171,217
647,159,174,217
649,159,177,217
650,159,178,217
651,159,180,217
652,159,181,217
652,159,183,217
653,159,185,217
654,159,186,217
655,159,188,217
657,159,195,217
660,159,202,217
662,159,209,217
664,158,216,217
667,158,223,217
668,157,228,217
669,156,232,217
671,155,237,217
673,156,237,217
676,156,237,217
679,156,237,217
681,157,237,217
681,157,235,215
681,157,234,214
681,157,233,212
681,157,231,211
681,157,230,209
681,157,229,208
681,157,227,206
683,157,227,206
685,157,227,206
686,157,227,206
688,157,227,206
689,157,227,206
690,158,227,201
691,158,226,196
692,159,226,191
692,160,225,186
693,161,225,181
694,161,224,176
695,162,223,171
695,163,223,166
696,163,222,161
697,164,221,161
698,165,220,161
699,166,219,161
699,166,214,161
699,166,209,161
699,166,204,161
699,166,198,161
699,166,196,161
699,166,193,161
699,166,190,161
699,166,188,161
694,168,181,153
689,170,174,145
685,172,167,137
680,174,160,129
677,175,148,129
675,177,136,129
672,178,124,129
670,178,120,129
669,178,116,129
667,178,113,129
665,178,109,129
667,179,109,129
669,179,109,129
671,179,109,129
668,179,114,132
665,179,118,135
663,178,122,138
663,177,122,138
663,175,122,138
663,174,122,138
659,174,133,138
655,173,145,138
651,173,156,138
650,175,156,139
649,176,156,140
648,178,156,141
649,175,162,141
649,173,168,141
649,170,174,141
649,169,174,141
649,167,174,141
648,166,174,141
648,165,174,141
641,166,174,141
633,167,174,141
626,169,174,141
620,167,168,141
615,164,162,141
610,162,156,141
609,163,145,138
609,163,135,136
608,163,125,133
608,165,116,133
608,167,106,133
608,169,97,133
608,171,88,133
609,173,87,130
610,175,86,128
611,177,85,125
612,179,84,122
612,179,87,122
612,179,91,122
612,179,95,122
612,179,98,122
612,179,103,122
612,179,108,122
612,179,113,122
612,179,112,122
612,179,111,122
612,179,110,122
612,179,109,122
615,182,107,122
618,184,105,122
620,186,102,122
621,186,103,122
623,186,104,122
624,187,105,122
625,187,106,122
626,187,107,122
627,187,108,122
628,187,109,122
629,187,110,122
629,187,110,122
629,187,109,122
629,187,108,122
629,187,107,122
629,187,107,122
629,187,106,122
629,187,105,122
629,187,103,122
629,187,101,122
629,187,99,122
629,187,97,122
631,187,95,122
633,187,94,122
635,186,92,122
637,186,90,122
640,186,93,122
642,186,95,122
644,186,97,122
646,186,99,122
648,186,101,122
648,186,99,122
648,186,98,122
648,186,96,122
648,186,95,122
648,186,93,122
648,186,91,122
648,186,90,122
648,186,88,122
648,186,86,122
648,186,88,120
649,187,90,117
649,187,92,115
649,187,94,112
650,188,96,110
650,188,97,107
650,188,99,105
651,189,101,102
651,190,101,101
651,191,101,100
651,192,101,99
651,193,101,98
651,194,100,97
651,195,100,96
651,196,99,95
652,197,98,94
652,197,97,93
652,198,97,92
652,199,96,90
652,199,94,90
652,199,92,90
652,199,90,90
652,199,88,90
653,199,88,90
653,199,88,90
654,199,88,90
655,199,88,90
655,199,88,90
656,199,88,90
657,199,88,90
657,199,88,90
658,199,88,90
659,199,88,90
659,199,88,90
660,199,88,90
660,199,86,90
660,199,85,90
660,199,84,90
661,197,87,90
662,195,91,90
663,193,94,90
663,193,93,90
663,193,92,90
663,193,91,90
663,193,90,90
663,193,89,90
663,193,85,90
663,193,80,90
663,193,76,90
663,193,71,90
663,193,67,90
663,193,63,90
663,193,63,90
663,194,63,89
663,194,63,88
663,195,63,87
664,195,63,86
664,196,63,85
664,196,63,85
664,197,63,84
663,197,63,84
662,198,63,84
661,198,63,84
660,199,63,84
659,199,63,85
658,200,63,85
657,200,63,85
656,201,63,85
656,201,60,84
656,201,58,82
656,201,56,81
656,202,56,80
656,203,56,79
657,204,56,78
657,205,56,76
656,205,55,76
655,205,55,76
654,205,54,76
653,204,53,76
652,204,53,76
654,204,50,76
656,205,48,76
658,205,45,76
659,205,43,76
660,205,43,76
660,205,44,76
661,205,44,76
662,205,45,76
662,205,45,76
660,206,45,75
658,207,45,74
656,208,45,73
655,209,45,72
653,209,45,71
653,209,46,71
654,209,46,71
655,209,46,71
655,209,47,71
657,209,46,71
659,209,45,71
660,208,45,71
662,208,44,71
663,209,44,71
664,210,44,70
666,211,44,69
667,211,44,69
667,212,43,68
667,213,43,67
668,214,42,67
668,215,41,66
668,216,41,66
668,216,39,66
668,216,37,66
668,216,35,66
668,216,33,66
668,216,31,66
659,216,31,66
651,217,31,66
642,217,31,66
634,221,34,63
626,225,37,59
620,224,38,59
614,223,40,59
609,223,41,59
607,223,41,59
604,223,41,59
602,223,41,59
598,222,41,59
593,222,41,59
589,222,41,59
593,222,39,59
597,223,37,59
601,223,35,59
605,224,33,59
605,224,33,59
605,223,32,59
605,223,32,59
605,222,32,59
606,222,31,59
606,222,32,61
607,222,33,62
608,223,34,63
608,223,34,65
609,223,35,66
610,223,36,67
610,223,37,69
611,223,37,69
612,223,37,69
613,223,37,69
613,223,37,69
614,223,37,69
614,223,37,68
614,223,37,68
614,222,37,67
614,222,37,67
614,221,36,66
614,221,36,65
614,220,36,65
614,220,35,64
614,219,35,63
614,219,35,63
613,219,37,63
612,219,40,63
612,219,42,63
611,219,44,63
610,219,47,63
609,219,49,63
608,219,52,63
609,219,52,63
610,218,52,63
610,218,52,63
611,218,52,63
612,218,52,63
613,218,51,63
614,218,49,63
615,218,48,63
616,218,47,63
617,218,45,63
617,218,45,63
618,218,45,63
618,218,45,63
618,218,45,63
619,218,45,63
619,218,45,63
619,218,42,63
619,218,39,63
619,218,36,63
619,218,33,63
619,218,33,62
619,218,34,62
619,218,35,62
619,218,36,61
619,218,36,61
619,218,37,61
619,218,38,60
619,218,39,60
619,218,39,60
619,218,40,59
619,218,41,59
619,218,42,59
619,218,42,58
619,218,43,58
619,218,44,58
619,218,43,58
620,218,42,58
620,218,41,58
621,218,40,58
621,218,39,58
621,218,38,58
622,218,37,58
622,218,36,58
623,218,35,58
623,218,34,58
624,218,33,58
625,218,33,58
626,218,33,58
628,218,33,58
629,218,33,58
631,218,33,58
632,218,33,58
633,218,33,58
634,218,33,58
635,218,33,58
635,218,34,58
636,218,35,58
636,219,36,58
637,219,37,58
637,219,37,58
638,219,37,58
638,219,37,58
639,219,37,58
639,219,37,58
640,218,37,58
640,217,37,58
640,216,37,58
641,215,37,58
642,216,37,57
643,217,37,56
644,218,37,55
645,219,37,55
646,219,37,55
647,220,37,55
648,220,37,55
649,220,37,55
646,221,37,55
642,222,37,55
638,222,37,55
634,223,37,55
632,221,34,55
631,219,32,55
629,217,30,55
629,217,29,55
629,217,28,55
629,217,27,55
629,218,27,54
629,218,27,53
629,219,27,52
629,219,26,52
629,219,26,52
629,219,26,52
629,219,26,52
629,219,25,52
629,219,25,52
628,219,26,52
628,219,26,52
628,219,27,52
627,219,27,52
627,219,28,52
626,219,28,52
626,218,29,52
626,218,29,52
625,218,29,52
625,218,30,52
625,217,29,52
625,216,27,52
626,216,26,52
626,215,25,52
626,214,23,52
626,213,24,52
625,213,25,52
624,212,26,52
624,211,27,52
623,210,26,52
622,209,26,52
621,207,25,52
620,206,25,52
620,206,25,52
620,206,25,51
620,205,26,51
619,205,26,51
619,205,27,51
619,205,27,51
618,206,27,51
616,208,27,51
615,210,26,51
614,211,26,51
614,212,26,51
614,213,26,51
614,215,26,51
614,216,26,51
614,217,26,51
613,217,27,51
612,217,28,51
611,217,29,51
610,217,30,51
610,216,30,51
611,216,30,51
612,215,30,51
613,215,30,51
613,215,31,51
614,215,33,51
614,215,35,51
614,214,35,51
614,214,35,51
614,213,35,51
614,213,35,51
619,214,32,51
624,214,30,51
629,215,28,51
630,215,29,51
631,215,29,51
632,215,30,51
633,215,31,51
634,215,31,50
635,215,31,49
635,214,31,48
636,214,31,47
637,214,30,47
637,214,30,47
638,214,29,47
638,214,28,47
639,214,28,47
639,213,28,47
639,212,28,47
639,211,28,47
639,210,28,47
639,210,28,47
639,210,27,47
639,210,27,47
639,210,27,47
638,209,26,47
638,209,25,47
637,208,24,47
637,208,26,47
637,208,27,47
637,208,29,47
637,208,31,47
637,208,32,47
637,208,34,47
637,208,35,47
636,208,35,47
636,208,36,47
635,208,37,47
635,208,37,47
635,208,39,47
635,208,40,47
635,208,41,47
635,208,43,47
635,207,41,47
634,207,39,47
634,206,37,47
634,206,36,47
633,205,34,47
633,205,33,47
632,205,32,47
631,205,30,47
631,205,29,47
630,205,29,47
630,206,29,47
629,207,29,47
629,208,29,47
628,209,29,47
627,210,30,47
627,211,32,47
626,212,33,47
625,213,34,47
623,213,35,46
622,213,35,45
620,213,36,45
618,213,37,44
618,213,36,44
618,213,35,44
618,214,34,44
618,214,33,44
618,215,33,44
617,215,33,44
617,215,33,44
616,216,33,44
615,216,33,44
614,217,33,44
613,217,31,44
613,217,30,44
612,217,29,44
611,217,28,44
609,217,28,44
608,216,28,44
606,216,28,44
605,216,28,44
603,215,30,44
602,214,32,44
600,212,35,44
599,211,37,44
598,210,39,44
598,209,40,46
598,208,42,48
598,207,43,50
598,206,44,53
599,205,43,53
601,205,42,53
602,204,41,53
604,203,41,53
604,203,38,53
605,203,36,53
606,203,34,53
607,203,32,53
607,204,32,51
607,204,31,50
607,204,31,49
608,205,31,48
608,207,31,47
608,209,31,46
608,211,31,45
608,213,31,45
608,215,31,44
608,218,30,42
607,222,29,41
607,225,28,39
606,226,28,38
606,226,28,37
605,227,28,36
604,227,28,34
604,228,28,33
603,226,26,35
603,224,24,36
602,221,22,38
602,219,20,39
602,219,20,39
602,218,20,39
602,217,20,39
602,217,20,39
602,216,20,39
602,216,20,39
601,216,20,39
601,216,20,39
601,216,21,39
601,215,21,39
601,215,21,39
601,215,21,39
601,215,21,39
601,215,21,39
601,215,21,39
601,215,22,39
601,215,22,39
601,215,22,39
600,213,23,40
600,212,24,42
599,211,25,43
599,210,26,44
598,209,27,45
598,207,29,47
597,206,30,49
596,205,31,51
596,203,33,53
596,204,33,52
596,205,34,52
596,206,34,51
596,207,35,50
596,207,35,49
596,208,35,47
596,209,35,46
596,209,35,45
595,211,34,44
594,212,33,44
593,213,33,43
592,215,32,43
592,215,31,43
592,215,30,43
592,215,29,43
592,215,29,43
591,217,29,42
590,219,29,41
589,221,29,40
588,223,29,39
588,222,29,39
587,221,29,39
586,220,29,39
586,219,29,39
585,220,29,39
585,222,29,39
584,224,29,39
584,226,29,39
584,227,29,39
583,227,25,39
583,227,22,39
583,227,19,39
582,227,15,39
581,227,16,39
579,227,18,39
577,227,19,39
576,227,20,39
576,227,20,39
576,227,21,39
576,227,22,39
576,227,22,39
576,227,23,39
575,227,23,39
574,227,23,39
574,227,23,39
574,228,23,39
574,229,23,39
575,230,23,39
575,231,23,39
574,231,23,39
574,231,23,39
573,231,23,39
573,231,23,39
572,231,23,39
571,231,23,39
571,231,23,39
570,231,23,39
570,231,23,39
569,231,23,39
569,232,23,39
569,232,23,39
568,232,23,39
568,232,23,39
568,232,23,39
567,232,23,39
567,232,23,39
566,232,23,39
566,232,23,39
566,231,23,39
566,231,23,39
565,231,23,39
565,231,23,39
565,230,23,39
565,230,23,39
565,230,23,39
564,229,23,39
564,229,23,39
564,229,23,39
564,229,23,39
564,228,23,39
563,228,23,39
563,228,23,39
563,227,23,39
563,227,23,39
563,227,23,39
562,227,23,39
563,226,23,39
564,226,23,39
564,225,23,39
565,225,23,39
565,224,23,39
566,224,23,39
567,223,23,39
567,223,23,39
568,222,23,39
568,222,23,39
569,221,23,39
574,218,23,39
580,214,23,39
585,210,23,39
590,206,23,39
589,202,23,39
589,198,23,39
588,193,23,39
587,189,23,39
586,185,23,39
586,181,23,39
585,177,23,39
585,172,23,39
585,167,23,39
585,161,23,39
586,161,23,39
587,161,23,39
588,161,23,39
588,163,24,41
588,164,26,43
588,165,28,44
587,167,29,46
587,168,31,48
587,169,33,49
586,170,32,49
585,170,31,49
584,170,31,49
582,170,30,49
581,171,29,49
580,171,29,49
578,170,29,49
576,169,29,49
574,169,29,49
572,171,29,48
571,173,29,47
569,175,29,45
567,177,29,44
565,180,30,43
563,182,31,42
561,184,32,41
559,186,33,40
559,187,33,39
558,189,33,38
558,190,33,37
557,192,33,37
556,194,33,37
555,196,33,37
554,198,33,37
553,200,33,37
551,202,33,37
550,204,33,37
549,206,33,37
550,206,33,37
551,207,33,37
552,207,33,37
553,207,33,37
552,207,33,38
551,207,33,39
551,207,33,39
550,206,33,40
549,206,33,40
548,206,33,40
546,206,33,40
545,206,33,40
544,206,32,40
542,206,31,40
541,205,31,40
539,205,30,40
539,205,29,40
539,205,28,40
539,204,28,40
539,204,27,40
539,203,26,40
539,205,26,40
539,206,26,40
538,208,26,40
538,209,26,40
538,210,26,40
537,210,27,41
537,210,27,41
537,209,27,41
537,209,28,42
537,209,28,42
536,208,29,42
536,208,29,43
537,208,29,43
537,208,29,43
537,208,29,43
538,207,29,43
538,207,29,43
538,207,29,43
538,207,28,43
538,207,28,43
538,207,28,43
538,207,27,43
538,207,27,43
538,207,26,43
538,207,26,43
537,207,25,43
537,208,25,42
536,209,25,41
535,210,25,40
534,211,25,39
533,212,25,39
533,212,25,38
533,212,25,38
532,212,25,38
532,212,25,38
532,211,24,38
532,211,24,38
532,211,24,38
530,211,25,38
529,212,27,38
528,212,29,38
526,212,30,38
525,213,32,38
524,213,33,38
523,213,34,38
522,213,34,38
521,212,34,38
520,212,35,38
519,212,35,38
517,212,35,38
516,212,35,38
514,212,35,38
513,212,35,38
513,212,34,38
514,212,33,38
515,212,32,38
515,212,31,38
514,212,30,38
514,212,28,38
513,212,27,38
512,212,26,38
512,212,26,38
512,211,27,38
511,210,27,39
511,209,28,39
510,209,29,39
509,209,30,39
508,209,31,39
507,209,32,39
505,209,33,40
504,209,34,40
504,209,34,40
503,209,34,40
503,208,34,40
503,208,34,40
502,207,34,40
503,207,33,40
503,207,32,40
503,206,32,40
