11,211,82,44
10,210,82,44
10,209,82,44
9,208,82,44
8,207,82,44
8,206,82,44
7,205,82,44
6,205,82,44
6,205,81,44
5,205,80,44
4,205,79,44
4,205,78,44
3,205,77,44
3,206,78,44
3,206,79,45
3,207,80,45
4,208,80,45
4,209,81,46
4,210,82,46
4,211,83,46
4,211,84,47
4,211,83,47
4,211,82,47
4,211,81,47
4,211,80,47
4,211,79,47
4,211,77,47
4,211,76,47
4,210,75,47
4,210,74,47
4,210,73,47
4,210,72,47
4,210,71,47
4,210,70,47
3,210,69,47
3,210,68,47
3,210,67,47
3,209,66,48
3,209,65,48
3,209,64,48
3,209,63,48
3,209,62,48
3,209,61,48
3,209,60,48
3,209,59,48
3,211,59,48
3,213,59,48
3,216,59,48
3,218,59,48
3,220,59,48
3,222,59,48
3,225,59,48
3,225,57,48
3,225,56,48
3,225,55,48
3,225,53,48
3,225,52,48
3,225,51,48
3,225,49,48
3,225,48,48
3,225,47,48
3,225,45,48
3,225,44,48
3,225,43,48
3,225,42,49
3,225,42,51
3,225,42,52
3,225,42,53
3,225,41,55
3,225,41,56
3,227,42,56
3,229,42,55
3,231,42,55
3,233,43,55
3,235,43,55
4,237,44,55
4,239,44,55
4,241,44,54
4,243,45,54
4,246,45,54
4,248,45,54
4,250,46,54
4,252,46,53
4,254,47,53
4,253,46,53
4,253,45,53
4,252,44,53
4,252,43,53
4,251,43,53
4,251,42,53
4,250,41,53
4,250,40,53
4,249,40,53
3,248,39,53
3,248,38,53
3,247,37,53
3,247,36,53
3,246,36,53
3,246,35,53
3,245,34,53
3,245,33,53
3,244,34,53
3,243,35,53
3,243,36,53
3,242,37,53
3,241,38,53
3,241,39,53
3,240,40,53
3,239,41,53
3,239,42,53
3,238,43,53
3,237,44,53
3,237,45,53
3,236,46,53
3,235,47,53
3,235,48,53
3,234,49,53
3,233,50,53
3,233,51,53
3,232,51,53
3,232,51,53
3,232,51,53
3,231,51,53
3,231,51,53
3,231,51,53
2,230,51,53
2,230,51,53
2,230,51,53
2,229,51,53
2,229,51,53
2,229,51,53
2,228,51,53
2,228,51,53
2,228,51,53
2,227,51,53
2,227,51,53
2,227,51,53
2,226,51,53
2,226,51,53
2,226,51,53
2,226,51,53
2,226,52,54
2,226,52,54
2,226,52,54
2,226,52,54
2,226,53,54
2,226,53,54
2,226,53,54
2,226,54,54
2,226,54,54
2,226,54,54
2,226,55,55
2,226,55,55
2,226,55,55
2,226,56,55
2,226,56,55
2,226,56,55
2,226,57,55
2,226,57,55
2,226,57,55
2,226,58,56
2,226,58,56
2,226,58,56
2,226,59,56
2,225,62,58
2,224,66,61
2,223,70,63
2,222,74,65
2,221,78,68
3,220,81,70
3,219,85,72
3,218,89,74
3,219,92,75
2,220,96,75
2,221,99,75
2,222,102,75
2,222,106,76
2,223,109,76
2,223,111,76
2,223,113,77
2,223,114,77
2,223,116,78
2,223,118,78
2,223,120,78
2,223,126,78
2,223,131,77
2,223,137,76
2,223,143,75
2,223,149,74
1,225,150,75
0,227,151,75
0,229,152,75
0,230,152,75
0,232,153,76
0,234,153,76
0,234,159,76
0,233,165,77
0,233,171,77
0,232,176,78
0,232,182,78
0,231,188,78
0,229,193,79
0,227,198,80
1,225,203,80
2,223,208,81
2,221,212,82
3,219,217,82
3,217,223,84
3,215,229,85
3,214,235,86
4,212,242,87
4,210,248,88
4,208,254,89
4,206,260,90
4,204,266,91
4,202,273,92
4,201,274,92
5,199,275,92
5,198,277,93
5,196,278,93
5,195,279,93
5,193,281,93
5,192,282,94
5,190,283,94
5,189,285,94
6,187,286,94
10,187,290,95
14,186,293,95
18,185,297,95
22,185,300,95
26,184,304,96
30,183,307,96
36,183,307,96
42,183,307,96
49,183,307,96
55,183,307,96
62,182,307,96
68,182,307,96
68,183,309,98
69,184,310,100
69,184,312,103
69,185,313,105
69,186,315,107
69,187,316,109
69,187,318,112
74,189,320,110
79,191,323,109
84,193,325,108
89,195,328,106
94,197,330,105
99,199,333,104
93,199,335,109
87,198,337,115
81,197,339,121
75,196,341,126
69,195,343,132
68,201,343,132
66,206,343,132
64,211,343,132
62,217,343,132
60,222,343,132
70,226,348,131
80,230,352,130
90,234,357,129
100,238,361,129
109,242,366,128
112,243,371,127
114,244,376,126
116,245,381,125
119,246,386,124
127,247,386,127
136,248,387,130
144,249,387,133
150,249,387,133
155,250,387,133
161,250,387,133
166,251,387,133
172,251,387,133
168,244,389,132
164,237,391,132
161,231,393,131
157,224,395,131
153,217,396,130
149,222,396,130
145,227,396,130
141,233,396,130
137,238,396,130
133,243,396,130
134,242,401,132
134,241,405,133
135,239,410,134
136,238,414,135
136,237,419,136
137,235,423,137
137,234,427,139
138,233,432,140
139,231,436,141
139,231,438,141
140,230,440,141
141,229,442,141
141,229,443,141
142,228,445,141
143,227,447,141
146,226,443,141
150,225,439,141
153,224,435,141
156,223,431,141
160,222,427,141
161,223,430,143
163,223,433,145
164,224,436,147
165,224,439,148
167,225,442,150
159,226,437,148
152,228,432,146
145,229,427,143
138,231,422,141
131,233,418,138
133,234,418,137
135,236,418,136
137,237,418,135
140,239,419,134
142,240,419,133
144,242,419,132
148,244,417,131
152,246,414,130
157,248,412,129
161,249,409,127
165,251,407,126
169,248,407,126
172,245,407,126
175,242,407,126
179,239,407,126
181,240,404,126
184,241,400,126
187,242,397,126
189,244,393,125
192,245,390,125
194,246,386,125
196,248,382,125
197,249,378,124
199,250,374,124
201,252,370,124
203,253,366,123
205,255,362,123
207,256,358,123
209,258,354,123
210,259,350,122
213,259,350,122
216,259,350,122
218,259,350,122
221,259,350,122
224,259,350,122
230,261,345,122
236,262,340,121
242,263,335,120
248,265,330,119
254,266,325,118
252,267,320,118
250,269,315,118
248,271,310,118
246,272,305,118
244,274,301,118
245,273,300,116
247,273,299,114
249,273,298,112
251,272,297,110
253,272,296,107
254,271,295,105
257,271,293,105
260,271,290,104
263,271,287,104
266,271,285,103
269,271,282,103
272,271,279,102
272,271,277,105
273,270,274,107
273,270,272,109
273,269,270,111
274,269,267,114
274,269,265,116
279,271,262,115
284,273,259,114
289,275,256,113
293,277,253,113
298,279,250,112
298,279,247,109
297,279,244,105
297,278,241,102
296,278,238,99
296,278,235,96
296,279,232,94
297,281,228,91
298,283,224,89
299,284,221,87
300,286,230,89
301,287,239,90
317,287,232,89
334,286,225,87
350,286,217,85
367,285,210,83
383,285,202,81
390,283,201,80
396,282,200,78
403,281,198,76
409,279,197,75
415,278,196,73
420,278,196,74
425,277,196,74
430,277,196,74
435,277,196,75
440,277,196,75
445,277,196,76
448,277,196,76
451,277,196,76
455,277,196,76
458,277,196,76
461,278,196,76
465,278,196,76
465,278,192,76
466,278,188,77
467,278,184,78
467,278,180,78
468,278,176,79
469,278,172,80
475,275,172,80
481,272,172,80
488,269,172,80
494,266,172,80
500,263,172,80
500,266,168,78
499,269,164,77
498,272,160,76
494,270,166,78
490,269,172,80
483,268,159,76
477,267,146,72
465,269,147,69
453,271,148,66
441,272,149,64
442,272,148,64
443,271,147,64
444,271,146,64
445,270,145,64
446,270,144,64
446,267,144,64
447,264,144,65
447,261,144,66
447,258,144,66
448,256,144,67
448,253,144,67
449,250,144,68
441,252,144,68
434,253,144,68
426,255,144,68
419,256,144,68
411,258,144,68
408,256,144,67
404,254,144,66
401,252,144,65
397,250,145,64
394,249,145,63
394,248,145,63
394,248,145,63
394,247,145,63
394,246,145,63
394,246,145,63
389,244,142,64
384,243,139,66
380,241,136,67
375,240,133,69
370,238,130,71
360,242,130,68
351,245,130,65
341,249,130,62
332,253,130,59
346,254,130,59
360,256,130,59
374,258,130,59
389,259,130,59
392,258,130,59
395,257,130,59
398,256,130,59
401,255,130,59
404,254,130,59
407,254,130,59
410,253,130,59
416,254,129,58
422,255,128,58
428,256,126,58
434,257,125,58
440,258,124,57
446,259,122,57
451,258,122,57
456,256,122,57
461,255,122,57
465,253,122,57
470,251,122,57
475,250,122,57
482,248,119,57
488,247,115,56
495,245,111,55
501,244,107,55
507,242,103,54
514,241,100,54
520,239,96,53
521,240,96,53
521,240,96,53
522,241,96,53
523,241,96,53
523,242,96,53
521,242,95,52
520,243,94,51
518,243,93,50
516,243,93,49
515,244,92,48
513,244,91,46
511,245,90,45
511,244,90,45
511,243,90,45
511,243,90,45
511,242,90,45
511,242,90,45
511,241,90,45
511,240,90,45
511,240,90,45
511,239,90,45
511,238,90,45
511,238,90,45
511,237,90,45
511,237,90,45
511,236,90,45
511,235,90,45
511,233,89,45
511,230,87,44
511,228,86,43
511,226,84,43
511,223,83,42
511,221,81,41
512,219,81,41
512,217,81,41
512,215,81,41
513,213,81,41
513,211,81,41
514,209,81,41
514,207,81,41
515,205,81,41
515,203,81,41
516,202,79,41
517,201,77,40
517,200,75,39
518,199,73,39
519,198,72,38
520,197,70,38
520,196,68,37
521,195,66,37
522,194,64,36
521,192,64,36
521,190,64,36
521,189,64,36
520,187,64,36
520,185,64,36
520,183,64,36
519,181,64,36
519,180,64,36
518,178,64,36
518,176,64,36
518,174,64,36
515,171,64,36
512,168,64,36
510,164,64,36
507,161,64,36
504,158,64,36
502,155,64,36
499,151,64,36
499,149,64,36
500,147,64,36
500,146,64,36
500,144,64,36
500,142,64,36
500,140,64,36
501,139,64,36
501,138,64,36
501,137,64,36
501,137,64,36
501,136,64,36
501,135,64,36
501,134,64,36
502,134,64,36
502,133,64,36
503,133,64,36
505,133,64,36
507,133,64,36
508,133,64,36
510,133,64,36
511,133,64,36
513,133,64,36
515,133,64,36
516,133,64,36
518,133,64,36
523,133,61,37
528,133,57,39
