484,330,21,42
489,326,21,42
490,323,21,42
491,319,21,42
492,316,21,43
494,313,21,43
496,310,21,44
497,307,21,44
499,303,21,45
502,303,22,44
506,303,23,43
510,303,24,43
512,304,25,43
514,305,27,43
517,305,28,43
519,307,26,43
522,308,25,43
524,309,23,43
524,310,23,43
525,311,23,43
525,312,23,43
530,311,23,42
535,311,23,41
540,310,22,40
549,307,23,41
557,304,24,41
566,301,25,41
572,298,25,42
578,295,25,42
585,292,25,43
600,288,25,43
615,283,25,43
630,279,25,43
642,279,26,43
654,279,27,43
666,279,28,43
711,282,26,42
737,283,23,41
758,286,21,41
764,283,22,41
770,281,23,41
767,281,23,43
749,292,23,46
740,292,25,46
729,289,23,46
714,285,27,45
690,282,26,48
682,281,26,48
677,281,28,48
675,280,28,48
672,278,28,48
665,278,27,45
665,277,25,47
660,278,27,47
654,278,28,46
650,280,28,46
645,281,28,46
640,283,27,46
641,282,28,48
641,281,28,50
644,283,28,49
651,285,28,48
658,286,28,46
662,285,30,46
666,284,31,45
669,283,32,46
673,281,34,46
676,279,35,46
679,279,35,47
682,278,35,48
685,277,35,48
691,278,34,48
698,278,34,48
698,277,35,50
698,276,35,51
698,275,33,49
695,272,36,50
701,270,37,50
709,268,37,51
722,271,36,48
733,269,35,49
747,265,35,51
769,244,35,51
772,236,34,52
775,227,33,53
775,227,31,51
776,227,28,49
776,236,33,53
788,244,28,49
796,255,28,49
804,265,28,49
802,273,28,49
799,281,29,49
796,289,30,49
784,290,31,49
771,290,32,49
759,291,33,49
751,294,33,48
743,297,33,48
749,295,35,49
754,293,36,49
760,289,35,49
766,285,34,48
772,281,33,48
775,269,33,49
779,258,33,50
782,247,33,52
786,240,33,51
789,233,34,51
792,226,35,51
799,226,36,51
811,221,36,52
838,216,36,52
850,216,36,51
861,217,36,50
872,218,36,49
890,216,36,49
907,215,36,49
918,215,36,49
919,214,36,49
920,213,36,49
914,209,36,49
908,205,36,49
898,205,36,48
889,205,35,47
879,206,34,46
866,210,34,46
849,207,34,46
837,207,34,46
830,206,35,47
822,204,36,47
814,203,36,47
807,206,36,46
804,209,36,46
801,211,36,45
803,214,36,45
804,216,36,45
806,218,36,45
809,226,36,45
812,233,36,45
816,231,39,48
819,230,42,50
823,228,45,53
824,228,45,53
825,228,45,53
826,227,45,53
829,225,46,56
833,222,46,59
836,219,47,63
844,217,48,62
852,216,49,62
859,214,51,61
880,215,49,61
893,215,47,61
906,216,45,61
915,216,38,61
924,217,32,62
932,217,25,63
935,217,23,62
937,217,22,61
939,217,20,61
940,219,19,60
941,221,19,60
942,222,18,60
935,222,25,60
928,222,32,60
921,222,39,59
914,223,40,59
907,223,42,58
901,223,43,57
895,226,45,58
890,229,46,59
885,231,48,59
882,232,46,59
880,234,44,59
877,235,43,59
867,235,44,59
857,235,46,59
847,236,48,59
841,235,49,59
834,235,50,59
827,235,51,59
823,236,51,60
818,236,52,60
813,237,52,61
809,237,51,60
806,237,50,59
805,239,50,59
805,240,50,59
804,241,50,59
800,242,50,59
795,244,50,59
790,246,50,59
789,245,50,59
787,245,50,59
785,245,50,59
783,241,53,64
780,238,55,69
778,234,58,73
778,234,58,73
778,234,58,73
778,234,58,73
782,235,59,73
786,235,60,73
790,236,61,73
795,237,62,70
800,239,63,67
805,241,64,64
813,239,61,67
820,236,59,69
828,234,56,72
833,234,58,72
839,234,59,72
844,234,60,73
844,236,60,72
844,238,59,71
844,239,59,70
840,240,61,71
835,240,63,71
831,241,65,72
826,241,64,72
822,242,63,72
817,242,61,72
814,244,63,74
810,246,65,77
806,247,67,79
801,248,67,80
797,248,67,80
792,249,68,81
787,250,68,81
782,251,68,81
777,252,68,81
770,252,69,82
764,253,71,84
758,253,72,85
754,254,72,85
750,256,72,85
745,257,72,85
741,259,71,84
737,261,70,84
733,264,69,83
722,264,72,85
710,264,74,87
699,264,76,89
694,266,77,88
688,268,77,87
682,271,78,86
675,271,79,86
667,272,80,87
660,273,81,87
654,274,80,87
649,275,79,86
643,276,78,86
638,277,76,86
635,278,76,86
631,279,76,86
628,279,76,86
624,282,78,85
619,284,79,85
615,287,80,85
613,290,80,85
612,293,80,85
610,296,80,85
608,297,80,85
605,298,80,85
602,299,79,85
601,300,81,84
599,301,82,84
597,302,84,83
597,301,84,83
596,301,84,83
596,300,84,83
602,300,83,83
609,299,81,83
615,299,80,83
616,298,82,83
617,296,84,84
619,295,86,84
623,290,86,84
627,285,86,84
631,281,86,84
631,279,88,85
632,277,89,87
638,273,89,87
644,269,88,87
648,267,86,88
652,266,84,89
654,267,86,88
656,268,87,86
659,269,88,84
662,269,89,85
665,269,90,86
668,269,91,86
668,268,93,86
668,267,95,86
668,266,98,86
675,263,96,88
682,260,93,90
689,257,91,93
694,257,92,91
698,257,93,90
702,257,93,89
705,259,93,89
708,260,93,89
710,261,93,89
711,261,93,89
711,262,93,89
711,263,93,89
711,263,94,90
710,263,94,91
710,263,94,93
715,263,94,92
720,263,93,92
725,263,93,92
729,262,93,93
734,261,93,94
738,261,93,94
742,261,93,94
745,262,93,94
749,262,93,94
747,264,93,94
746,265,93,94
745,266,93,94
740,267,93,94
735,269,93,94
730,270,93,94
719,269,93,94
707,269,94,94
696,268,94,94
690,269,94,94
685,269,94,94
679,269,94,94
670,271,94,94
662,272,94,94
653,273,94,94
643,276,94,94
633,278,94,94
624,281,94,94
619,282,94,94
614,284,94,94
607,285,94,94
601,286,94,94
595,288,94,94
586,288,95,94
577,288,96,94
568,288,97,93
562,288,98,93
555,289,100,93
548,289,100,93
541,290,100,93
533,290,100,93
531,291,100,93
528,293,100,93
526,294,100,93
523,295,100,93
521,296,100,93
516,292,100,98
512,288,100,102
510,291,100,101
508,294,100,100
506,296,101,99
506,297,101,99
506,298,101,99
506,299,101,99
503,300,101,99
501,301,101,99
498,303,101,99
498,303,100,96
498,303,100,93
494,304,100,93
490,305,100,93
487,306,100,93
482,307,100,93
477,308,100,93
472,309,100,93
469,308,102,95
466,308,105,97
463,307,107,99
461,304,105,99
459,304,106,98
457,304,106,97
455,304,107,96
454,304,109,96
452,304,110,96
451,303,112,96
448,303,112,96
446,304,112,96
443,304,112,96
441,304,111,96
438,303,111,96
435,303,110,96
433,303,109,97
432,303,108,98
432,303,108,98
433,303,108,98
434,303,108,98
435,304,108,98
435,305,108,98
436,305,108,98
437,305,108,98
438,305,108,98
439,305,108,98
441,305,108,98
442,305,108,98
448,305,108,97
454,305,108,97
460,305,108,96
467,305,107,98
473,306,105,99
475,304,105,99
477,303,105,99
475,303,105,99
473,303,105,99
472,303,105,99
471,305,106,98
470,307,107,97
469,309,108,96
472,307,108,98
475,306,108,99
477,304,108,101
476,304,107,101
474,304,106,101
472,304,106,101
471,305,106,100
469,306,106,99
468,307,106,98
470,308,105,98
471,309,105,98
473,309,104,98
476,310,104,98
478,310,104,98
481,310,104,98
480,310,104,97
478,310,104,97
477,309,104,96
474,308,105,96
470,306,106,96
467,304,106,96
465,304,106,96
464,304,106,96
462,304,106,96
465,304,106,95
467,303,105,95
469,303,104,94
468,304,103,95
467,304,103,96
465,305,102,97
463,304,103,96
460,302,105,95
458,301,106,94
459,298,106,94
461,296,106,94
462,293,106,94
479,292,105,94
496,291,103,94
500,291,102,94
504,291,100,94
508,291,98,95
504,290,98,94
501,290,98,93
498,290,97,92
494,290,97,91
496,290,96,91
496,284,95,91
496,278,94,91
496,274,94,91
497,272,93,90
498,270,92,90
499,267,90,89
512,267,91,92
528,267,91,92
542,269,89,90
557,271,87,89
571,273,88,89
585,276,89,90
598,278,89,91
600,280,89,91
601,282,89,90
603,283,89,89
611,281,91,91
619,279,93,92
630,278,91,91
640,277,89,90
651,275,87,89
655,278,90,89
660,281,94,89
656,276,95,91
653,271,95,92
650,266,96,94
640,267,96,94
630,267,95,94
621,268,95,94
622,275,94,91
623,282,93,88
638,289,92,85
640,290,90,85
642,291,88,85
630,295,88,89
614,299,92,88
574,304,88,85
568,306,86,85
563,308,84,84
558,310,82,84
564,306,84,84
570,302,85,84
568,299,87,84
556,287,92,89
556,279,83,85
558,270,82,89
596,264,76,88
614,257,78,89
627,260,82,81
627,259,82,83
627,259,82,84
592,281,76,86
579,289,76,86
570,300,79,83
572,307,79,83
575,315,79,83
592,305,87,89
603,301,84,83
612,298,79,81
618,295,79,81
625,292,79,81
665,285,79,81
690,277,79,81
707,267,79,73
714,257,78,87
697,255,76,88
681,252,74,89
663,258,75,89
645,264,77,89
628,272,80,80
620,276,79,76
619,267,77,76
610,263,75,76
600,259,72,76
575,264,72,76
551,268,72,76
528,284,73,79
524,289,73,82
523,291,75,83
522,293,77,83
528,299,68,81
532,306,77,82
537,304,81,82
551,305,73,78
559,302,72,77
567,299,71,77
577,295,73,78
588,291,74,80
591,292,74,80
593,294,74,80
596,297,75,81
599,300,75,82
598,300,75,82
596,300,75,82
595,301,75,82
593,302,75,82
592,302,75,82
592,303,76,83
591,303,78,84
592,304,78,84
593,304,78,84
593,305,78,84
595,304,78,84
597,304,78,84
599,304,78,84
610,303,71,78
620,301,64,72
624,301,67,71
629,301,70,71
634,301,70,71
639,301,70,71
644,301,70,71
650,300,71,71
657,299,73,72
661,298,72,73
666,297,71,73
669,297,68,73
672,297,65,72
675,298,63,72
677,298,63,72
680,299,64,73
682,299,65,74
693,299,65,74
697,299,64,73
701,299,63,71
706,299,62,69
711,299,62,69
716,299,62,69
721,299,63,69
723,298,61,69
726,298,60,69
728,298,59,69
730,298,58,69
731,298,58,69
732,298,57,69
729,299,58,67
726,299,58,65
723,300,58,64
719,301,57,64
716,302,55,65
713,302,54,65
707,300,53,65
702,299,53,64
696,297,53,64
690,296,53,62
684,296,53,61
678,295,54,59
669,296,55,59
661,296,57,59
652,297,58,59
643,296,57,59
635,296,56,59
627,295,56,58
621,295,55,58
616,295,54,58
610,295,53,58
604,295,53,58
597,296,54,57
591,296,55,57
587,296,56,57
583,296,56,57
580,296,57,57
576,296,55,58
573,295,53,58
569,295,51,58
561,294,50,59
552,293,50,59
543,292,49,59
541,292,48,59
538,292,48,59
535,292,47,58
527,294,48,59
518,295,50,60
509,297,51,60
507,297,51,60
506,297,51,60
504,297,51,60
500,297,50,60
496,297,49,60
492,297,48,60
485,296,49,59
478,296,50,58
471,295,50,57
470,294,51,58
468,293,52,59
467,292,53,60
465,292,53,60
463,292,53,60
461,292,54,60
459,293,54,60
457,294,54,60
455,294,54,60
454,295,53,60
452,295,53,59
451,296,52,58
448,296,52,58
445,296,52,58
442,296,52,58
439,296,52,58
436,297,52,58
433,298,52,58
429,298,52,58
426,298,52,58
423,298,52,58
422,298,52,58
422,298,52,58
421,298,52,58
420,297,52,58
421,297,52,58
421,298,52,58
422,298,51,58
423,299,51,57
423,299,51,57
423,299,51,57
422,299,51,57
422,300,51,56
419,300,50,56
416,300,50,56
413,300,50,56
414,301,50,55
414,301,50,55
414,301,50,55
424,301,49,55
421,302,49,54
418,302,49,54
420,302,49,54
423,302,49,54
426,303,49,53
429,303,48,53
432,303,48,52
435,303,47,51
438,303,46,50
441,303,45,49
443,302,44,51
445,302,43,52
447,301,42,53
447,301,42,54
447,301,42,55
447,301,42,56
446,302,42,55
444,302,42,55
443,303,42,55
442,303,42,55
441,303,42,55
440,303,42,55
440,303,43,54
440,303,43,53
440,303,43,52
439,305,42,51
439,307,41,50
439,308,40,49
425,308,40,49
412,308,40,49
398,308,40,49
385,309,40,49
371,311,40,49
357,312,40,49
353,315,39,48
349,319,38,48
355,320,37,48
361,322,35,48
366,319,40,48
381,300,40,48
380,300,40,48
381,298,40,48
382,295,41,48
386,291,41,48
390,287,41,48
395,284,41,48
402,282,41,48
410,281,41,48
418,280,41,48
424,285,41,48
430,290,41,48
432,291,41,48
434,292,41,48
436,293,41,48
438,294,41,48
440,294,41,48
442,294,41,48
444,294,41,48
446,295,41,48
448,297,41,48
449,298,41,48
454,300,42,48
458,302,43,48
462,304,44,48
463,306,43,46
465,307,42,45
466,309,41,43
467,311,40,43
468,313,38,43
469,314,37,43
466,314,36,43
463,313,35,43
460,313,34,43
458,313,34,43
455,313,34,43
453,313,34,43
451,309,34,43
449,305,34,43
447,301,34,43
443,300,34,43
440,299,34,43
436,298,34,43
433,298,35,43
431,298,36,42
428,298,37,42
427,298,37,43
426,298,37,44
425,298,37,45
428,299,37,45
431,299,37,45
433,300,37,45
433,301,37,45
432,301,37,45
432,301,37,45
432,303,37,45
432,304,37,45
432,306,37,45
435,306,37,45
438,306,37,45
441,307,37,45
441,307,37,45
441,307,37,45
441,307,37,45
438,307,37,45
435,307,37,45
432,307,37,45
431,306,37,45
431,305,37,45
430,304,37,45
427,307,37,45
428,305,37,45
428,304,37,45
429,302,37,45
435,301,37,45
440,300,37,45
446,299,37,45
443,299,37,45
440,298,37,45
437,297,37,45
434,297,37,45
431,296,37,45
427,296,37,45
426,296,35,43
426,296,33,41
425,296,32,39
427,297,32,40
429,298,33,42
432,299,32,39
431,299,32,39
430,299,32,39
429,299,32,39
428,299,33,40
427,299,34,40
426,299,35,41
426,299,35,41
425,299,35,41
425,299,35,41
424,299,35,41
423,299,35,41
423,299,35,41
422,299,35,41
422,299,35,41
421,299,35,41
420,297,36,42
419,296,37,42
418,295,39,43
