337,272,67,164
335,273,62,164
333,274,56,164
331,275,51,164
329,276,45,164
321,272,44,163
313,268,42,162
305,265,41,161
297,261,39,160
292,265,45,156
287,269,50,153
281,274,55,149
279,275,55,149
278,277,55,149
276,278,55,149
274,280,55,149
272,281,55,149
270,283,55,149
266,283,55,145
261,283,55,142
257,284,55,138
252,283,55,138
248,282,55,138
244,281,55,138
242,280,55,138
241,280,55,138
240,280,55,138
239,280,55,138
237,280,55,138
236,280,55,138
233,280,55,138
231,280,55,138
228,281,55,138
226,281,55,138
223,282,55,138
223,281,54,138
222,280,52,138
222,280,50,138
221,279,49,138
221,279,47,138
220,278,46,138
220,277,44,138
219,277,42,138
218,280,44,138
218,283,45,138
217,287,46,138
217,290,47,138
216,293,48,138
215,296,49,138
214,292,49,137
213,289,49,135
211,285,49,134
210,281,49,132
208,284,49,132
206,288,49,132
204,292,49,132
202,296,49,132
200,299,49,132
199,299,49,132
197,298,48,132
195,298,48,132
193,297,47,132
193,297,47,131
192,297,47,129
191,296,47,127
193,297,47,127
196,298,47,127
199,299,47,127
202,300,47,127
202,306,47,122
202,312,47,116
202,317,47,110
201,317,49,110
200,318,50,110
198,318,52,110
197,318,53,109
195,319,54,109
194,319,56,109
193,319,57,108
193,319,57,108
194,319,58,108
195,319,58,108
196,318,58,108
197,318,58,108
198,318,58,108
196,322,58,104
194,326,58,100
193,331,58,95
191,335,58,91
189,339,58,87
189,340,58,87
189,341,58,87
189,342,58,87
189,344,58,87
189,345,58,87
189,341,55,90
189,337,52,94
189,334,49,98
189,330,45,102
187,329,43,101
185,329,41,100
184,328,38,99
181,328,39,99
179,328,40,99
177,328,40,99
177,326,41,100
177,325,41,102
177,323,42,103
177,322,42,105
177,320,42,107
177,318,43,108
177,317,43,110
177,315,43,111
177,317,43,111
178,319,43,111
179,320,43,111
180,322,43,111
180,322,42,111
181,322,41,111
182,322,40,111
183,322,38,111
183,318,38,115
183,314,38,119
183,310,38,123
183,306,38,127
185,304,38,127
188,302,38,127
191,300,38,127
194,300,38,127
198,299,37,127
202,299,36,127
206,298,35,127
209,297,35,127
210,300,35,125
212,302,35,124
213,304,35,122
214,306,35,120
215,308,35,118
216,311,35,115
217,315,35,111
218,318,35,108
218,321,35,104
219,324,35,101
220,324,35,101
220,324,35,101
221,324,35,101
221,324,35,101
222,324,35,101
222,324,35,101
223,324,35,101
223,324,35,101
224,324,35,101
224,324,35,101
225,324,35,101
225,324,35,101
226,324,35,101
226,324,35,101
227,324,35,101
227,324,35,101
228,324,35,101
228,324,35,101
229,324,35,101
229,324,35,101
229,325,35,101
230,325,35,101
230,325,35,101
231,325,35,101
231,325,35,101
232,325,35,101
232,325,35,101
233,325,35,101
233,325,35,101
234,325,35,101
234,325,35,101
235,325,35,101
235,325,35,101
236,325,35,101
236,325,35,101
237,325,35,101
237,325,35,101
238,325,35,101
238,325,35,101
239,325,35,101
239,325,35,101
240,325,35,101
240,323,35,103
240,320,35,105
240,318,35,108
240,316,35,110
240,313,35,112
242,313,35,113
244,314,35,114
247,314,35,115
249,314,35,116
251,315,35,117
254,315,35,118
255,317,35,118
256,318,35,118
257,320,35,118
258,321,35,118
259,321,35,118
260,321,35,118
261,321,35,118
262,321,35,118
265,321,35,118
267,321,35,118
270,321,35,118
272,321,35,118
273,321,35,118
274,321,35,118
275,321,35,118
277,321,35,118
278,321,35,118
279,321,35,118
280,321,35,118
281,320,38,119
281,320,41,119
282,319,45,120
282,318,48,120
284,317,48,122
286,317,48,123
287,316,48,125
289,315,48,127
291,315,48,128
292,314,48,130
294,313,48,131
296,314,48,131
299,314,48,131
301,315,48,131
303,315,48,131
304,315,48,131
306,314,48,131
308,314,48,131
309,314,48,131
311,313,47,131
313,313,47,131
315,314,46,131
317,315,44,131
319,315,43,131
321,316,41,131
322,316,41,131
323,316,41,131
324,316,41,131
326,316,41,131
327,314,41,131
329,312,41,131
330,309,41,131
332,307,41,131
331,300,41,131
331,293,41,131
331,286,41,131
331,290,41,131
331,295,41,131
332,300,41,131
332,305,41,131
332,309,41,131
333,314,41,131
335,313,41,131
337,311,41,131
338,310,41,131
340,309,41,131
342,307,41,131
344,305,41,131
346,303,41,131
348,301,41,131
350,299,41,131
351,297,41,131
353,294,41,131
354,295,41,131
355,296,41,131
357,296,41,130
358,297,41,130
359,297,41,130
360,298,41,129
361,298,41,129
362,299,41,129
363,299,41,128
364,300,41,129
365,302,41,130
366,303,41,131
367,304,41,132
368,305,41,133
368,306,41,134
369,307,41,134
370,308,41,135
371,309,41,136
372,310,41,137
372,310,43,137
372,310,44,137
372,310,45,137
372,310,46,137
371,310,47,137
371,310,48,137
371,310,49,137
371,310,50,137
372,308,50,137
372,305,50,137
373,303,50,137
373,300,50,137
374,297,50,137
374,299,51,136
374,300,52,134
374,301,53,133
374,303,54,132
374,304,55,131
374,305,56,129
375,307,54,129
376,308,51,129
378,309,49,129
379,311,47,129
380,312,44,129
380,311,44,130
380,310,44,131
380,309,44,132
381,307,44,133
381,306,44,134
382,305,45,137
384,303,46,139
385,302,46,141
386,301,47,144
388,299,47,146
388,299,49,146
388,299,51,147
388,299,52,147
388,298,54,147
388,298,56,147
388,298,57,148
388,297,59,148
389,297,59,148
390,297,59,148
391,296,59,148
392,296,59,148
394,296,59,148
395,295,59,148
396,295,58,148
397,295,58,148
398,295,57,148
400,295,56,148
403,295,54,148
406,295,52,148
409,295,50,148
411,295,48,148
414,294,46,148
416,295,49,148
417,295,52,148
418,295,55,149
419,295,58,149
420,295,61,149
421,295,62,149
422,294,64,150
423,294,65,150
424,293,66,151
425,293,67,151
425,292,69,151
426,291,70,152
428,291,70,152
430,291,70,152
431,291,70,152
433,291,70,152
433,291,69,152
433,291,68,152
433,291,67,152
433,291,66,152
433,291,65,152
434,291,65,152
435,291,65,152
436,290,65,152
436,289,67,155
437,289,70,157
437,288,72,160
437,287,74,163
438,286,77,166
438,285,79,169
443,285,75,169
447,285,71,169
452,285,66,169
457,286,62,169
457,284,62,169
457,283,62,169
458,282,62,169
458,281,62,169
459,281,62,169
460,281,61,169
462,281,60,170
463,281,60,170
464,281,59,170
465,281,59,170
467,281,58,171
469,279,58,172
471,277,59,173
473,275,59,175
475,273,59,176
477,271,60,178
479,269,60,179
481,267,60,180
482,266,62,183
483,264,63,186
485,263,65,189
486,262,66,192
487,261,68,195
490,261,68,195
493,261,67,195
496,262,67,195
499,262,66,195
504,260,64,195
508,258,63,195
513,256,61,195
517,254,59,195
522,252,57,195
527,252,56,195
532,252,55,195
537,252,54,195
543,252,53,195
547,252,53,195
552,252,53,195
556,252,53,195
561,252,53,195
565,252,53,195
566,252,61,195
567,252,69,195
568,252,77,195
569,252,85,195
570,252,93,195
578,252,86,195
586,252,79,195
595,252,71,195
603,252,64,195
611,252,57,195
614,254,62,194
617,256,67,192
620,259,72,191
624,261,77,189
626,261,83,189
629,260,89,189
632,260,95,189
634,260,101,189
642,257,98,191
650,253,95,193
658,250,92,195
666,247,89,196
673,247,84,198
679,247,79,200
686,246,74,201
693,246,69,203
694,246,75,203
695,246,81,203
696,246,87,203
697,246,93,203
698,247,93,201
700,249,93,199
702,250,93,197
703,251,93,195
713,250,87,195
722,250,81,195
731,249,76,195
740,248,70,195
743,248,73,195
747,248,75,195
750,247,78,195
753,247,80,195
757,247,83,195
759,247,83,195
762,247,83,195
764,247,83,195
767,247,83,195
770,249,76,195
774,251,69,195
778,253,62,195
780,252,67,195
782,252,71,195
784,251,76,195
788,253,76,195
792,254,76,195
795,256,76,195
798,256,73,195
802,255,71,195
805,255,68,195
807,256,68,194
809,257,68,193
810,259,68,192
812,260,68,191
814,261,68,189
814,261,71,189
814,261,74,189
814,261,77,189
814,261,80,189
817,260,78,189
820,260,76,189
823,259,74,189
827,259,72,189
830,259,71,189
833,259,69,189
836,259,68,189
839,259,66,189
837,261,66,188
836,263,66,186
834,266,66,184
833,268,66,182
832,268,67,182
831,268,69,182
830,268,70,182
829,268,71,182
828,268,72,182
827,268,74,182
826,268,75,182
825,268,76,182
824,268,78,182
823,268,79,182
822,268,80,182
821,268,81,182
820,268,83,182
819,268,84,182
818,268,85,182
817,268,87,182
816,268,88,182
816,268,89,182
816,268,91,182
816,268,93,182
816,268,94,182
816,268,96,182
818,268,94,182
821,269,93,181
823,269,91,180
826,270,90,180
825,270,90,178
824,271,90,177
824,272,90,175
823,273,90,174
822,273,90,172
821,274,90,171
821,275,90,169
820,276,90,168
819,276,90,167
819,277,90,165
818,278,90,164
817,278,85,164
817,279,81,164
817,280,76,164
817,280,71,164
816,281,67,164
816,282,62,164
815,282,63,164
814,282,64,164
813,282,65,164
812,282,66,164
811,282,67,164
809,282,69,164
808,282,70,164
807,282,71,164
806,282,72,164
805,282,73,164
804,282,74,164
803,282,75,164
799,282,75,164
795,282,75,164
791,282,75,164
791,282,75,164
791,282,75,164
791,282,75,164
791,282,75,164
791,282,75,164
791,282,75,164
791,284,75,161
791,287,75,158
791,290,75,156
791,292,75,153
783,296,80,149
774,300,84,144
766,304,89,140
765,304,89,140
764,304,89,140
763,304,89,140
762,304,89,140
761,304,89,140
760,304,89,140
760,304,89,140
758,303,86,140
757,302,82,139
755,301,79,139
754,300,76,138
754,300,73,138
754,300,70,138
754,300,67,138
754,300,64,138
751,303,66,136
748,305,67,133
745,307,69,131
743,310,71,128
740,312,72,126
737,314,74,123
736,314,74,123
735,314,74,123
735,314,74,123
734,314,74,123
733,314,74,123
732,314,74,123
732,314,74,123
731,314,74,123
730,314,74,123
730,313,74,125
730,311,74,126
730,310,74,127
730,309,74,129
730,307,74,130
730,306,74,132
730,305,74,133
730,303,74,134
730,302,74,136
730,300,74,137
730,299,74,138
730,298,74,140
730,296,74,141
730,298,74,140
730,299,73,139
730,301,73,138
730,302,72,137
730,304,72,136
730,305,72,135
730,307,71,134
731,308,71,133
731,310,71,132
731,311,70,131
731,313,70,130
731,314,70,128
731,316,69,127
731,317,69,126
731,319,68,125
731,320,68,124
734,318,66,124
737,317,63,124
739,315,61,124
742,313,59,124
745,311,56,124
