448,186,26,52
442,186,24,55
440,186,24,55
437,186,23,55
435,186,22,55
428,186,22,55
422,188,22,55
417,188,22,55
417,188,19,55
410,188,19,55
407,188,19,55
403,188,19,55
400,189,15,53
394,189,17,54
389,190,17,54
384,191,17,54
381,190,17,54
376,189,17,54
371,189,18,55
367,190,18,55
362,190,18,55
358,190,18,55
355,189,20,57
349,189,23,56
344,190,20,55
342,190,17,54
340,190,17,54
334,190,17,54
330,190,17,54
325,190,17,54
321,188,19,55
317,189,19,55
310,191,19,56
306,191,19,56
302,190,19,56
298,190,19,56
293,190,24,59
292,190,20,57
290,189,17,57
285,189,17,57
279,190,21,58
275,190,21,58
272,189,17,55
269,189,17,55
266,189,17,55
264,189,15,53
259,188,15,53
257,188,15,53
253,188,15,53
249,188,12,53
246,188,14,50
241,189,14,50
239,189,14,50
236,189,14,50
232,188,14,50
229,187,14,50
227,186,14,50
221,188,14,50
216,189,14,50
214,188,15,55
210,188,15,55
203,187,20,58
203,188,17,56
198,188,17,56
192,189,17,56
187,190,17,56
183,189,17,56
183,189,15,52
179,190,16,51
178,188,15,55
176,192,15,48
176,192,15,48
171,191,15,48
166,192,15,48
164,191,15,48
161,192,15,48
158,192,15,48
155,192,15,48
148,191,15,48
146,191,15,48
144,190,15,48
141,190,15,48
138,190,15,48
133,187,16,51
131,186,16,51
127,185,16,51
125,185,16,51
123,186,16,51
121,186,16,51
120,185,16,51
118,185,16,51
115,185,16,51
113,185,17,51
110,184,17,52
109,184,17,52
107,184,17,52
105,183,17,52
104,182,17,52
102,182,17,52
101,182,17,52
97,183,19,53
94,183,20,51
91,183,20,51
91,182,17,50
87,183,18,49
85,183,19,50
85,183,19,48
83,183,19,48
100,186,19,48
130,186,19,48
151,180,19,48
146,178,19,48
147,179,19,48
147,179,19,48
155,180,19,48
163,180,19,48
171,181,19,48
179,181,19,48
205,179,19,48
228,180,19,48
231,179,19,48
230,179,19,48
229,179,19,48
229,179,19,48
228,179,19,48
227,178,19,48
226,178,19,48
225,177,19,48
224,176,19,48
224,176,18,48
224,176,17,48
222,176,17,48
221,176,17,48
218,176,17,48
215,176,17,48
213,177,18,46
211,176,18,46
209,176,18,46
205,176,18,46
205,176,15,46
201,175,15,46
199,175,15,46
198,174,15,46
196,173,15,46
193,173,15,46
190,173,15,46
188,173,15,46
186,173,15,46
184,173,15,46
183,173,15,46
181,172,15,47
180,171,15,47
179,171,15,47
176,172,15,47
174,171,15,47
172,170,15,47
171,170,15,47
170,170,15,47
169,170,15,47
168,170,15,47
167,170,15,47
167,169,15,47
164,169,17,48
163,169,17,48
162,169,17,48
161,170,16,46
160,169,16,46
159,169,16,46
158,169,16,46
157,169,16,46
155,169,16,46
153,169,16,46
152,169,16,46
151,168,16,46
150,168,16,46
149,168,16,46
148,168,16,46
147,168,16,46
146,168,16,46
145,168,16,46
143,167,16,46
141,167,16,46
140,167,16,46
139,167,16,46
138,167,16,46
137,167,16,46
137,167,16,46
136,167,16,46
134,167,16,46
132,167,16,46
130,167,16,46
128,166,16,46
128,166,15,46
128,166,14,46
127,166,14,46
125,166,14,46
123,167,15,45
121,167,15,45
120,167,15,45
119,166,14,45
118,166,14,45
117,166,14,45
117,166,14,44
116,166,14,44
115,165,14,44
114,165,14,44
113,165,14,44
112,165,14,44
111,165,13,44
111,165,12,44
109,165,12,44
108,165,12,44
107,164,12,44
105,165,12,44
104,165,12,44
102,165,12,44
101,165,12,44
99,165,12,44
99,165,13,44
98,166,13,44
97,166,13,44
96,166,13,44
95,165,13,44
94,165,13,44
93,165,13,44
91,165,13,44
89,164,13,44
87,164,13,44
87,163,13,44
86,163,13,44
85,164,14,44
84,164,14,44
83,164,14,44
82,164,14,44
81,164,14,44
81,163,14,44
79,163,15,43
77,164,15,43
75,164,15,43
74,164,15,43
73,164,15,43
72,164,15,43
71,163,15,43
71,163,15,43
69,163,15,43
67,162,15,43
64,163,15,43
62,163,15,43
62,163,15,43
61,163,15,43
60,163,15,43
58,163,15,43
56,163,15,43
53,162,15,43
51,162,15,43
49,162,15,43
47,162,15,43
44,162,15,43
42,162,15,43
40,162,15,43
