441,84,69,59
408,85,74,59
394,86,70,59
373,86,73,59
351,87,69,60
329,88,75,60
318,89,71,60
304,89,69,60
288,90,68,61
271,91,69,61
249,92,68,61
232,94,64,60
214,95,65,60
197,97,65,60
179,98,65,59
161,99,66,59
141,101,68,59
125,102,66,58
109,105,69,57
93,105,71,58
77,101,67,64
70,103,64,59
74,103,69,63
109,99,65,63
123,98,68,65
153,99,64,65
175,100,59,64
166,101,59,64
158,102,58,65
150,103,58,65
142,104,51,66
134,103,51,67
126,105,50,67
118,107,46,68
110,108,49,68
102,110,52,69
94,112,51,69
86,113,49,70
78,115,48,70
71,116,47,71
61,118,49,71
53,123,50,73
68,120,46,71
79,121,54,73
108,121,46,75
140,122,45,74
170,122,49,80
203,123,43,78
202,125,48,82
201,126,44,82
198,128,43,83
194,130,43,85
189,132,44,87
183,134,46,88
181,137,46,89
179,140,45,90
177,143,45,90
175,146,45,91
171,146,47,94
167,146,50,98
166,149,50,98
164,151,51,98
163,154,51,98
161,156,52,98
160,159,52,99
158,162,52,100
157,165,52,102
155,168,53,103
154,170,54,105
153,173,54,106
151,176,54,108
150,179,54,109
147,182,55,110
144,185,56,111
142,188,57,111
142,191,56,113
140,194,57,114
137,197,59,115
133,200,62,117
128,202,65,119
122,203,69,120
119,204,72,120
144,207,78,123
173,210,76,124
201,213,77,125
231,215,74,125
251,221,85,122
271,223,85,121
291,225,89,124
311,226,96,127
325,229,96,127
341,232,99,128
347,235,106,129
355,239,108,131
346,241,103,132
318,243,113,132
283,245,123,133
249,247,132,134
226,249,129,135
202,250,129,135
184,250,132,136
163,252,126,133
152,252,136,133
166,251,141,133
182,251,142,132
185,250,144,131
192,250,147,131
207,249,145,130
217,249,148,129
227,248,151,129
242,247,146,128
254,246,145,128
245,245,148,128
221,244,148,128
204,243,147,131
189,242,142,128
177,241,139,128
166,239,136,128
153,238,136,128
144,237,135,127
141,237,131,127
134,236,131,127
130,235,125,127
123,235,119,127
119,234,120,126
119,233,118,126
118,233,116,126
118,232,114,126
117,231,113,126
117,231,111,126
117,231,109,124
117,231,108,124
117,231,107,124
117,231,106,124
117,231,105,125
117,231,104,125
117,231,102,125
117,231,99,125
117,231,97,125
117,231,94,125
117,231,94,125
117,231,94,125
117,231,94,125
117,231,94,125
117,231,95,125
117,231,95,125
117,231,95,125
117,231,95,125
117,231,95,125
117,231,95,125
116,231,95,126
116,231,95,126
116,231,95,126
116,231,95,126
116,231,95,126
116,231,95,126
116,231,95,126
116,231,95,126
116,231,95,126
116,231,95,126
116,231,95,126
116,231,95,126
116,231,96,126
116,231,96,126
116,231,96,126
116,231,96,126
116,231,96,126
116,231,96,126
115,231,96,126
115,231,96,126
115,231,96,126
115,231,96,126
115,231,96,126
115,231,96,126
115,231,96,126
115,231,96,126
115,231,96,126
115,231,96,126
115,231,96,126
115,231,96,126
115,231,96,126
115,231,97,126
115,231,97,126
115,231,97,126
115,231,97,126
115,231,97,126
114,231,97,126
114,231,97,126
114,231,97,126
114,231,97,126
114,231,97,126
114,231,97,126
114,231,97,126
114,231,97,126
114,231,97,126
114,231,97,126
114,231,97,126
114,231,97,126
114,231,97,127
114,231,98,127
114,231,98,127
114,231,98,127
114,231,98,127
114,231,98,127
113,231,98,127
113,231,98,127
113,231,98,127
113,231,98,127
113,231,98,127
113,231,98,127
113,231,98,127
113,231,98,127
113,231,98,127
113,231,98,127
113,231,98,127
113,231,98,127
113,231,98,127
113,231,99,127
113,231,99,127
113,231,99,127
113,231,99,127
113,231,99,127
112,231,99,127
112,231,99,127
112,231,99,127
112,231,99,127
112,231,99,127
112,231,99,127
112,231,99,127
112,231,99,127
112,231,99,127
112,231,99,127
112,231,99,127
112,231,99,127
112,231,99,127
112,231,100,127
112,231,100,127
112,231,100,127
112,231,100,127
112,231,100,127
111,231,100,127
111,231,100,127
111,231,100,127
111,231,100,127
111,231,100,127
111,231,100,128
111,231,100,128
111,231,100,128
111,231,100,128
111,231,100,129
111,231,100,129
111,231,100,129
111,231,100,129
111,231,101,129
111,231,101,130
111,231,101,130
111,231,101,130
111,231,101,130
110,231,101,131
110,231,101,131
110,231,101,127
110,232,101,128
110,233,101,128
110,232,101,128
110,232,101,127
110,232,101,127
110,231,101,126
110,231,101,126
110,231,101,126
110,231,101,125
111,231,101,127
111,231,100,129
111,231,100,129
111,231,100,129
112,231,100,129
112,231,100,130
112,231,99,130
112,231,99,128
112,231,99,127
113,231,99,125
113,231,99,128
113,231,99,131
113,231,99,130
113,231,99,130
113,231,99,130
113,231,99,130
113,231,99,130
113,231,99,130
113,231,99,130
113,231,99,130
113,231,99,130
113,231,98,129
114,231,98,129
114,231,98,129
114,231,98,129
115,232,98,129
115,232,98,129
115,232,94,128
116,232,96,128
116,232,97,128
116,232,99,128
117,233,100,128
117,233,102,128
117,233,103,127
118,233,105,127
118,233,106,127
118,233,108,127
119,234,109,127
119,234,111,127
119,234,112,126
119,233,111,126
119,233,110,126
118,233,109,125
118,232,108,125
118,232,106,125
117,231,105,124
117,231,104,124
117,230,103,124
116,230,102,123
116,229,101,123
120,228,93,122
125,227,86,122
127,226,86,121
129,225,86,121
138,224,78,120
140,223,78,120
142,222,77,119
144,221,78,119
146,219,79,118
148,218,84,118
157,218,84,117
158,217,93,117
168,217,96,115
177,216,100,114
187,216,103,113
197,215,107,113
207,214,111,112
216,214,115,111
226,213,119,112
236,213,123,113
247,212,130,114
261,212,129,114
270,213,130,114
285,213,131,115
299,213,132,115
295,215,138,114
275,216,134,115
256,217,130,116
237,216,131,119
229,217,127,120
241,218,131,120
260,219,131,119
277,219,136,119
294,220,141,119
278,221,137,115
252,221,135,116
234,222,137,117
215,223,135,117
197,223,132,117
178,224,130,118
156,225,129,119
139,226,132,118
124,227,133,120
109,227,130,122
93,227,126,130
76,228,129,119
89,228,130,119
107,230,132,120
125,229,133,118
144,227,134,116
152,226,135,116
178,225,127,116
192,223,127,119
211,225,123,115
231,223,117,115
242,221,127,115
236,220,115,115
220,218,112,114
203,216,109,114
187,214,106,113
173,212,103,112
159,211,105,110
147,210,102,111
145,208,103,110
165,204,103,110
184,202,98,109
200,200,96,108
214,198,94,106
229,196,93,105
243,194,92,104
259,191,88,104
269,187,88,103
281,184,82,103
293,181,77,102
304,177,73,101
316,174,68,101
328,171,61,100
336,171,61,96
343,167,58,96
351,163,55,96
356,161,54,95
361,158,52,94
366,156,50,93
369,154,49,92
371,151,49,91
373,149,48,90
376,147,47,89
378,144,50,88
381,142,49,87
383,140,45,86
384,138,43,86
384,136,41,85
384,134,41,84
383,132,40,83
382,130,40,82
382,128,39,81
381,126,38,80
380,124,38,79
379,122,37,78
379,120,37,78
377,118,38,77
374,116,39,76
372,114,40,76
370,113,41,75
368,111,42,75
366,109,44,74
364,107,42,74
362,105,40,73
360,104,38,73
358,102,35,72
355,100,35,72
352,99,35,72
350,97,35,71
347,95,35,71
344,94,35,71
342,92,35,71
339,90,35,71
336,89,35,70
334,87,34,70
331,85,34,70
329,84,34,69
328,84,34,68
326,83,34,67
324,82,33,66
323,81,33,65
321,80,33,64
319,79,33,63
318,78,33,62
316,77,32,61
314,76,32,60
315,76,32,59
315,75,31,59
315,74,30,58
315,73,30,58
315,72,29,57
315,71,29,57
315,70,28,56
315,69,28,55
315,68,27,55
316,68,27,54
317,67,26,54
319,66,26,53
320,66,26,53
322,65,25,52
324,65,25,52
325,64,25,51
327,64,24,50
329,63,24,50
330,63,24,49
332,62,23,49
335,61,23,49
337,60,23,49
339,59,23,49
342,58,23,49
344,58,23,49
347,57,23,49
349,56,23,49
352,55,23,49
354,54,23,49
357,53,23,49
360,52,23,48
364,52,23,48
367,51,23,48
371,50,23,47
374,49,23,47
378,49,23,47
381,48,23,46
385,47,23,46
388,46,23,46
392,45,23,45
396,45,23,45
399,45,23,45
403,45,23,44
407,45,23,44
410,44,23,43
414,44,23,43
418,44,23,42
421,44,22,42
425,43,22,41
429,43,22,41
432,43,22,41
436,42,22,40
440,42,22,40
444,41,22,39
448,41,22,39
452,41,22,38
456,40,22,38
460,40,22,37
463,39,22,37
467,39,22,37
471,39,22,36
474,39,22,35
477,39,21,35
481,40,21,34
484,40,21,34
487,40,20,33
491,40,20,33
494,41,20,32
497,41,19,32
501,41,19,31
501,42,18,30
