229,83,21,45
232,86,16,46
234,86,15,46
234,88,16,46
234,85,17,46
237,87,16,44
238,88,19,46
238,87,17,44
241,86,16,44
242,85,17,43
244,83,16,46
245,85,16,45
246,86,15,44
247,87,17,43
248,85,17,45
250,87,18,43
251,87,17,45
253,87,15,43
253,87,15,44
253,87,14,41
253,88,13,45
253,87,15,45
253,87,15,43
253,87,15,46
252,88,16,45
254,89,16,43
254,87,17,46
256,88,17,45
256,89,19,46
257,90,18,44
256,89,20,44
257,89,20,45
258,89,17,45
259,89,17,45
260,89,19,47
262,90,15,45
262,89,16,47
262,90,16,47
262,90,17,48
262,88,16,48
263,92,16,44
262,93,17,45
265,92,15,46
264,91,17,50
266,90,15,46
266,93,15,45
266,94,16,45
264,91,17,49
264,93,17,47
264,93,18,48
265,95,17,47
265,96,19,47
266,96,19,45
267,96,19,47
268,97,17,47
267,96,19,47
268,95,19,46
268,95,18,47
268,97,17,47
268,98,19,48
268,97,19,50
269,97,19,52
270,97,18,52
270,99,18,49
268,99,20,51
270,100,17,45
270,98,19,51
270,99,19,51
270,101,19,51
270,101,19,49
272,100,18,49
272,101,18,49
272,102,19,48
271,102,19,48
273,101,18,50
275,102,17,50
277,102,17,51
278,103,17,49
278,102,18,50
278,102,19,49
279,103,19,50
280,103,19,51
280,103,19,50
280,103,19,52
281,103,19,53
281,103,21,53
282,103,19,51
282,103,19,51
282,104,21,51
283,105,20,52
284,105,20,51
284,105,20,52
284,105,19,54
285,107,21,52
285,107,23,50
287,104,22,55
288,105,20,55
289,107,19,55
288,107,21,53
290,107,21,54
289,106,23,56
290,108,23,54
292,108,23,55
292,108,22,53
294,108,21,54
292,107,22,56
292,109,23,55
292,109,24,56
292,108,23,55
293,110,24,58
293,110,25,57
294,109,24,58
295,110,21,58
294,111,24,55
296,112,23,57
295,113,23,55
296,111,22,57
296,113,24,57
296,113,24,57
296,114,24,53
297,113,23,56
298,113,23,57
299,115,22,55
299,113,23,58
299,112,20,57
300,114,20,57
300,113,21,60
302,114,21,59
303,112,21,60
304,113,22,59
305,115,21,59
305,116,23,57
307,115,22,57
308,116,24,58
308,117,26,59
310,117,26,59
312,117,26,59
314,117,25,60
315,117,24,61
314,119,25,61
316,119,23,59
316,117,25,61
318,119,26,61
319,121,23,61
321,121,22,60
321,120,23,60
323,121,22,62
323,122,22,61
323,122,23,61
324,121,23,61
325,121,24,61
325,123,27,60
329,125,25,58
329,124,27,61
331,125,25,62
331,126,27,63
331,125,26,63
331,127,26,60
331,127,27,59
333,128,28,61
333,130,29,60
334,129,28,60
335,128,27,63
335,129,27,64
337,129,25,65
336,131,28,63
337,129,26,64
339,131,27,63
339,131,29,65
341,131,29,63
341,132,27,63
342,130,28,67
343,134,28,65
343,133,27,66
344,134,28,67
343,132,31,69
345,135,31,69
347,137,30,66
349,135,31,67
348,135,31,69
349,137,27,71
350,139,27,68
349,139,29,68
351,138,29,71
351,140,29,69
351,141,31,69
353,141,29,70
354,139,26,71
354,142,25,72
355,143,26,73
356,143,26,73
356,143,27,71
357,144,29,71
357,146,31,70
359,147,35,70
362,145,31,72
365,145,29,73
366,147,30,73
369,149,29,69
369,147,31,71
373,147,33,73
374,147,34,75
376,151,36,73
379,147,35,76
383,150,32,75
385,151,31,73
386,151,31,74
389,151,31,76
390,151,32,72
392,152,33,76
397,153,31,76
397,154,33,75
401,155,31,76
402,153,31,78
403,155,31,80
406,155,31,79
407,156,29,78
408,154,31,80
409,157,34,77
411,160,34,77
414,159,33,78
417,157,32,81
418,159,33,79
421,161,29,79
422,161,30,78
407,159,30,82
387,162,31,80
361,163,33,82
331,164,34,81
317,165,31,81
319,163,31,79
320,165,32,83
322,166,31,80
326,168,30,79
327,167,33,81
329,167,33,81
329,169,37,80
334,169,35,84
335,166,35,85
339,169,30,83
340,171,31,81
343,171,28,83
343,172,31,80
345,170,31,83
348,172,34,81
351,174,35,83
353,173,36,84
357,174,33,83
360,173,33,87
361,175,35,83
363,175,34,87
365,175,34,85
367,176,35,86
369,177,37,87
371,179,37,85
375,179,37,87
378,178,34,89
380,178,33,91
383,179,31,91
383,183,35,89
386,182,34,89
388,182,40,91
393,185,41,87
397,186,39,90
399,186,39,91
400,185,40,93
404,187,39,92
407,190,39,91
409,191,41,90
413,191,41,90
419,189,43,95
422,194,45,90
424,195,46,93
431,193,41,93
437,193,41,95
438,195,39,95
443,197,38,95
447,195,39,99
452,195,39,97
457,200,43,92
455,200,56,95
468,199,43,98
477,199,39,100
480,201,43,99
488,203,43,100
491,201,45,101
497,201,45,103
499,205,49,99
501,206,53,101
493,205,44,100
472,206,41,101
442,207,42,101
403,209,47,104
375,210,47,101
344,209,45,104
315,213,49,102
296,214,51,106
272,213,52,106
246,215,49,106
217,219,40,104
186,219,42,108
156,221,45,105
128,221,47,108
100,223,42,107
75,238,41,103
78,240,53,104
83,238,51,102
90,239,50,108
94,244,53,103
98,244,53,110
103,244,50,110
110,244,54,109
115,244,53,111
118,249,59,108
122,248,60,111
134,248,53,111
140,249,55,112
144,252,55,111
150,252,55,113
157,251,55,114
164,252,54,116
170,255,57,110
173,256,65,113
186,255,57,114
196,256,55,117
200,259,58,118
206,260,57,118
213,260,56,118
217,258,59,120
225,264,59,118
226,264,61,118
236,263,56,121
240,263,58,121
246,266,57,121
253,269,57,122
260,237,51,127
274,216,63,123
280,221,63,121
282,223,71,121
300,220,60,126
305,221,63,128
313,225,62,123
319,227,63,127
327,227,59,129
333,228,63,127
343,233,69,125
344,233,77,128
361,231,65,127
370,232,63,129
379,234,62,133
387,237,61,134
393,235,67,137
401,237,72,133
411,242,71,131
412,244,71,133
419,242,68,135
429,242,61,138
440,246,58,141
449,250,59,139
460,249,62,142
469,250,69,143
477,255,68,137
475,257,83,139
503,256,55,129
513,258,59,129
529,262,55,142
515,265,71,142
500,262,61,145
482,260,61,148
468,260,57,147
441,264,76,143
407,266,83,145
403,265,59,146
383,266,57,149
362,269,65,151
334,276,64,147
317,276,63,147
296,276,63,145
289,281,74,144
300,287,78,142
308,287,68,145
332,284,60,149
343,286,59,153
354,293,67,149
369,292,63,151
383,290,70,153
393,293,72,152
401,297,78,151
412,296,79,155
439,296,66,151
453,301,67,153
437,304,75,158
420,304,72,161
394,302,76,160
377,306,77,157
346,310,91,156
337,308,79,162
322,309,74,161
308,313,72,163
275,315,86,162
266,319,77,158
250,316,76,159
230,319,81,157
205,322,100,155
188,321,89,158
176,323,78,158
191,324,79,156
204,328,81,153
216,330,85,151
236,328,79,153
249,327,83,151
262,329,88,152
272,332,91,149
288,330,85,151
303,328,85,153
320,284,86,172
334,246,79,173
350,205,83,168
367,203,81,168
381,202,85,171
394,207,96,167
399,209,103,168
419,210,96,170
421,207,79,167
396,214,86,174
367,216,97,174
353,215,91,178
338,215,87,178
321,218,91,176
301,221,103,173
295,220,96,177
280,218,94,177
264,220,87,178
250,224,91,175
225,224,95,181
217,222,89,183
200,224,95,181
183,229,103,178
155,231,112,175
156,229,93,178
142,228,94,185
122,235,98,183
131,238,99,183
150,237,95,185
176,235,95,186
193,236,94,184
200,240,107,178
224,237,94,180
250,236,90,185
269,239,92,186
276,242,108,182
310,242,95,183
327,239,97,185
346,240,95,185
353,242,103,183
370,240,95,183
403,239,96,182
416,240,101,185
433,242,100,185
444,245,101,182
467,242,93,186
468,240,86,185
451,242,96,185
419,245,113,181
421,239,93,181
405,237,98,187
389,239,100,183
367,240,109,180
350,239,99,180
348,231,96,186
331,231,86,187
310,232,95,187
295,234,98,183
287,232,76,178
271,226,82,184
256,226,84,183
232,227,94,182
208,227,103,179
208,224,87,169
192,223,83,169
172,225,87,161
158,226,77,171
142,219,76,155
122,217,83,161
103,221,79,149
89,219,81,161
74,219,77,162
61,217,79,165
44,217,80,167
26,222,80,158
48,220,80,173
64,217,75,176
72,215,80,165
88,215,81,172
100,215,80,163
121,213,73,168
142,209,68,177
156,208,70,168
172,205,67,174
189,201,67,175
198,200,72,166
214,200,83,170
225,200,86,162
224,201,93,162
258,194,67,172
273,192,63,170
289,195,73,165
301,191,64,164
316,187,65,163
326,185,73,164
337,187,85,163
347,184,81,162
369,182,65,162
387,181,55,161
397,180,61,163
401,183,65,159
416,179,57,153
426,174,61,160
440,173,78,158
445,175,80,155
455,171,72,155
446,166,59,157
419,165,57,160
386,166,60,157
370,163,56,155
337,159,58,157
305,161,79,152
274,161,82,152
269,159,68,151
257,155,49,153
234,155,57,152
212,157,63,151
184,155,59,153
166,151,55,148
146,149,58,148
116,152,83,149
88,151,81,146
77,149,60,145
50,148,53,149
32,153,59,145
34,141,57,146
41,137,57,146
53,130,59,151
64,131,63,157
77,131,63,151
88,129,62,157
98,125,51,151
108,119,57,157
117,123,51,158
122,121,48,148
134,119,47,145
140,115,51,135
149,117,49,130
154,119,51,125
161,116,55,144
172,112,47,143
179,110,49,143
186,110,47,149
194,111,45,150
196,107,47,149
204,104,49,149
210,105,49,142
216,104,49,151
226,101,46,150
234,101,47,139
242,98,45,147
248,97,45,142
251,98,46,148
259,95,47,145
268,92,46,131
274,92,51,127
285,108,51,130
293,142,47,141
301,179,47,162
308,217,49,147
319,260,47,152
343,280,49,130
351,278,44,124
357,274,48,126
365,276,58,124
375,275,59,123
380,274,57,122
389,272,49,124
403,270,42,126
408,270,40,127
416,270,39,125
399,268,44,125
372,265,42,122
345,268,45,120
317,268,54,119
277,266,55,121
256,263,45,121
231,260,44,125
208,262,41,123
180,260,45,123
149,259,42,121
124,261,43,117
96,260,56,119
66,261,57,117
78,257,47,113
86,254,45,118
96,254,42,120
104,255,39,117
108,252,40,116
115,250,39,113
122,250,46,114
128,250,57,115
129,251,60,113
136,250,59,109
157,246,45,114
163,246,51,111
173,246,47,111
183,244,38,110
189,241,41,111
188,241,55,111
204,242,45,109
212,239,39,107
215,235,36,111
218,235,37,111
224,237,36,111
228,232,36,111
230,231,37,107
236,231,41,109
240,233,40,106
242,230,37,107
248,225,35,108
255,225,33,109
256,227,33,104
260,225,34,107
264,224,33,102
266,222,36,103
271,223,36,102
272,221,37,103
278,219,33,101
284,217,32,103
288,218,33,101
290,219,35,100
297,215,31,101
299,213,33,100
303,213,40,99
308,213,39,99
310,214,37,99
318,211,33,97
323,209,31,99
327,209,31,99
329,209,33,99
331,205,32,96
336,205,32,95
341,205,37,96
344,206,36,95
348,205,35,94
355,201,30,98
359,201,31,95
365,202,31,95
367,199,33,95
371,197,32,94
377,197,37,93
379,197,36,94
381,197,35,93
388,195,32,93
392,195,34,92
397,194,29,95
401,195,29,93
403,194,30,91
409,193,28,88
410,190,33,92
415,193,31,91
418,190,31,93
421,189,30,92
425,187,30,90
427,188,31,89
431,189,30,92
435,187,29,87
435,185,30,89
438,184,30,89
442,185,31,87
446,185,31,87
449,181,31,87
453,181,30,90
455,181,30,87
456,182,30,88
457,179,32,87
461,177,31,87
461,176,32,87
465,179,30,85
467,177,30,87
470,176,30,85
470,175,31,85
471,175,31,82
472,175,32,81
473,173,30,83
473,171,31,81
475,170,31,80
477,171,30,79
478,171,31,77
481,167,30,86
480,167,34,85
479,168,37,86
481,168,37,81
480,164,40,83
485,163,36,83
489,166,38,80
495,165,35,81
496,163,35,79
500,160,31,85
500,163,35,83
501,162,35,81
494,163,34,77
451,162,37,78
415,161,35,76
387,161,35,80
355,160,38,81
324,159,35,78
295,151,33,77
292,149,37,77
292,147,36,78
295,145,34,80
297,143,33,79
299,143,34,79
299,146,33,77
268,143,34,78
237,145,33,75
228,147,32,77
230,146,33,75
232,146,29,76
234,143,32,75
238,144,31,75
239,143,32,76
242,143,30,75
246,141,30,77
248,140,31,75
250,141,30,75
252,141,31,76
253,139,31,74
255,139,31,72
259,139,29,73
260,138,29,73
262,137,30,73
263,137,33,73
265,137,31,71
267,137,29,69
268,135,30,72
268,135,30,71
268,134,32,72
270,135,32,71
275,135,30,69
277,133,29,70
279,133,30,69
282,133,29,71
283,131,29,70
284,129,29,71
287,130,27,69
290,131,28,69
290,131,28,67
292,129,30,67
294,129,31,68
295,129,30,69
296,128,29,67
299,127,29,69
301,128,29,67
302,129,29,65
303,128,29,66
304,126,29,67
306,124,31,68
308,127,27,65
306,127,28,65
307,123,29,67
306,122,30,67
308,123,28,67
308,123,29,66
308,121,29,66
308,120,30,67
310,123,28,65
310,124,27,62
310,121,28,63
308,119,29,65
308,121,30,65
310,121,29,62
308,120,30,63
310,118,29,64
312,117,29,65
312,119,28,63
312,118,28,63
313,116,26,63
314,117,28,60
312,117,28,61
315,116,27,62
315,115,27,62
315,114,29,61
317,115,29,61
318,115,27,59
318,113,25,63
318,113,25,59
318,112,25,62
317,113,27,60
318,111,26,61
318,111,27,61
319,111,25,61
320,111,25,61
319,111,25,58
317,111,27,59
317,109,26,60
316,111,27,57
317,110,27,57
320,109,25,59
321,107,26,58
320,109,27,57
321,107,26,58
321,107,25,56
322,107,25,57
321,106,26,58
323,108,25,55
323,107,26,58
324,104,25,57
324,105,25,57
323,106,24,57
323,105,25,57
323,104,24,57
321,103,27,57
323,104,24,55
323,104,23,57
325,103,22,55
325,103,21,53
325,103,21,55
325,102,21,56
325,100,20,58
326,100,19,57
325,101,22,55
327,102,21,54
330,101,20,55
331,99,19,56
332,100,20,56
332,101,19,54
333,100,18,54
334,97,19,57
335,99,19,54
335,99,19,55
336,99,18,54
336,99,19,51
338,99,16,52
338,98,17,52
337,99,19,53
337,98,17,53
337,97,18,54
338,97,18,53
338,98,18,51
340,97,16,52
339,96,15,53
341,95,16,53
339,95,18,52
340,96,17,52
339,95,18,51
339,93,17,53
339,95,16,52
339,95,20,52
341,93,18,52
342,93,19,54
341,93,20,50
341,94,19,51
341,93,19,51
340,91,19,52
340,91,16,53
339,93,20,51
340,92,20,52
341,92,17,51
341,90,19,53
339,91,19,51
338,92,19,51
337,91,20,50
337,91,16,49
334,91,21,47
335,90,19,51
335,91,17,47
335,89,19,51
335,89,18,49
334,90,20,49
333,89,19,50
332,89,20,50
332,88,19,51
332,89,19,49
332,90,20,47
333,89,18,47
333,87,19,49
334,88,17,47
334,87,18,48
333,87,19,49
334,87,18,47
333,86,19,49
333,87,19,48
336,85,15,48
336,85,16,47
335,85,18,49
337,85,17,47
336,85,19,48
335,85,17,47
335,85,19,47
335,85,18,48
336,85,18,47
336,85,17,46
337,84,17,47
337,85,17,47
335,83,19,47
337,83,17,47
335,83,17,47
336,82,16,46
335,83,17,46
335,84,17,47
335,83,17,45
335,82,18,45
335,83,17,46
334,83,16,47
331,83,18,45
331,81,17,48
331,82,19,45
330,82,18,47
330,82,17,44
330,81,17,46
331,82,17,43
330,81,17,44
329,81,17,45
329,81,17,46
329,81,15,45
329,81,16,45
329,80,16,46
329,81,17,45
330,79,18,47
331,80,16,43
332,79,17,45
333,79,17,45
333,79,17,45
333,79,17,44
335,79,17,44
335,81,16,43
335,79,17,41
336,78,16,46
336,78,16,45
335,79,16,43
335,78,17,44
334,79,17,43
333,80,17,40
332,79,17,41
333,79,17,42
333,77,15,43
331,78,16,43
332,77,15,43
329,76,19,43
329,77,17,43
327,77,16,41
327,77,17,41
327,77,16,43
327,78,16,40
326,77,17,41
327,75,17,42
