763,289,46,25
760,289,47,26
756,288,48,28
753,288,49,30
749,287,50,31
745,287,51,33
745,287,51,31
745,287,51,30
745,287,51,29
745,287,51,28
745,287,51,27
746,288,51,27
747,289,51,27
748,289,51,27
749,290,51,27
750,291,51,27
747,292,51,27
744,293,51,27
740,294,51,27
737,295,51,27
734,296,51,27
729,294,51,28
725,292,51,29
720,290,51,30
715,288,51,31
710,286,51,33
705,285,52,34
700,285,53,36
695,284,55,37
690,283,56,39
684,282,58,40
684,282,57,40
684,282,56,40
684,282,55,40
684,282,53,40
684,282,52,40
684,284,52,39
684,285,52,37
684,286,52,35
684,287,52,34
684,288,52,32
681,288,52,32
679,289,52,32
676,290,52,33
673,290,52,33
670,291,52,34
665,290,52,34
661,289,52,35
656,288,52,36
652,287,52,37
647,286,52,38
644,285,53,38
641,285,55,39
637,284,56,39
634,284,57,39
630,283,58,40
631,284,58,40
632,285,58,40
633,286,58,40
634,287,58,40
635,288,58,40
635,289,58,38
635,291,58,36
635,292,58,35
635,294,58,33
635,295,58,32
633,296,58,32
631,296,58,32
629,296,58,32
626,297,58,32
624,297,58,32
620,295,58,32
615,294,58,32
610,292,58,32
606,290,58,32
601,289,58,32
598,288,58,34
594,287,58,35
591,286,58,37
588,285,58,39
585,284,58,40
585,284,59,41
585,284,60,42
585,284,61,42
585,284,62,43
585,284,64,44
585,285,64,43
585,286,64,42
585,287,64,41
585,288,64,40
585,289,64,40
583,290,64,40
581,291,64,40
578,292,64,40
576,293,64,40
574,294,64,40
572,292,64,40
569,291,64,41
566,290,64,41
563,289,64,42
561,288,64,42
555,287,67,46
550,286,71,49
544,285,74,52
539,284,78,56
533,283,82,59
533,284,82,58
533,285,82,58
533,286,82,57
533,287,82,56
533,288,82,55
533,289,82,54
533,289,82,53
533,290,82,52
533,291,82,52
533,292,82,51
531,293,82,51
528,294,82,52
526,295,82,53
523,296,82,53
521,297,82,54
517,295,83,56
513,292,84,57
509,290,85,58
505,287,86,60
500,285,87,61
493,285,92,64
486,284,96,67
479,284,101,69
472,284,106,72
464,283,111,75
465,283,111,75
465,283,111,75
465,283,111,75
466,283,111,75
466,283,111,75
468,287,111,72
471,292,111,69
473,296,111,66
476,300,111,62
478,304,111,59
472,305,111,60
466,307,111,61
459,308,111,62
453,309,111,63
447,311,111,64
442,307,112,68
437,303,114,71
432,300,115,74
426,296,116,77
421,292,118,80
414,291,121,83
408,291,123,86
401,290,126,89
394,289,129,92
387,289,132,95
390,289,129,95
392,289,127,95
395,290,125,95
398,290,123,95
401,290,121,95
401,294,121,92
401,297,121,89
401,301,121,85
401,304,121,82
401,307,121,78
397,307,123,81
392,307,125,84
388,307,127,86
384,307,129,89
380,307,132,92
370,306,137,93
359,305,142,93
349,303,147,94
339,302,152,95
328,301,157,95
