113,220,78,111
113,218,77,112
111,220,77,111
113,219,77,112
113,220,76,110
112,219,76,112
111,220,76,110
112,219,74,112
113,216,72,114
115,217,69,111
119,217,67,112
122,216,67,108
121,219,64,106
132,215,65,108
133,212,68,108
146,211,62,110
154,213,69,103
154,213,76,103
163,211,81,103
168,213,97,102
180,210,97,105
189,213,109,103
209,211,112,102
220,209,119,100
234,210,124,101
242,214,131,100
263,211,127,107
290,212,112,103
276,214,112,103
267,216,114,102
259,220,114,100
242,220,119,102
238,220,118,98
230,220,126,104
225,222,130,102
225,223,118,98
218,220,124,103
219,221,122,103
215,220,123,102
226,219,110,99
212,218,117,102
209,214,114,103
204,210,112,104
198,205,110,104
201,202,99,104
195,200,97,104
187,194,94,103
213,187,95,103
242,181,83,103
265,181,79,103
286,177,74,105
303,176,76,98
326,169,69,98
345,164,54,95
355,160,53,97
367,157,44,98
377,152,51,93
386,147,49,93
391,145,53,91
400,139,47,90
405,135,45,91
408,132,48,93
416,130,45,88
420,125,45,86
421,122,48,82
429,123,45,77
430,117,44,82
433,115,43,79
429,112,48,80
433,111,43,77
442,108,39,74
438,108,44,71
438,103,44,74
441,103,41,69
445,100,36,69
444,98,40,70
447,95,36,67
443,93,39,69
446,88,35,65
445,87,36,67
442,82,44,64
447,78,37,66
448,81,36,61
445,78,39,63
446,75,38,62
446,74,40,61
447,68,41,65
450,66,39,61
448,65,41,61
452,63,36,61
452,59,38,59
451,60,37,57
454,60,34,58
455,55,36,58
456,54,33,59
461,50,31,58
462,49,33,57
460,49,36,54
460,47,38,56
466,48,32,54
466,47,34,50
472,45,29,50
469,43,34,53
477,41,28,50
477,40,31,53
484,39,29,50
482,36,34,52
488,37,31,49
492,34,30,50
493,34,34,48
497,34,32,45
503,33,27,43
502,34,32,42
508,31,28,46
511,31,29,43
515,30,29,45
520,27,29,46
525,26,27,47
530,28,29,40
536,24,23,45
541,25,27,40
548,25,22,40
548,23,27,40
553,22,22,40
558,19,26,46
563,23,26,40
570,19,21,40
575,20,20,23
576,17,27,23
582,16,23,23
585,13,28,25
588,15,28,24
596,13,26,24
602,14,21,27
609,15,18,25
