379,164,24,51
381,166,23,51
379,165,23,51
378,166,28,52
378,166,27,53
379,167,29,51
380,167,24,52
380,167,23,54
379,167,26,53
379,166,24,56
382,167,22,56
383,167,21,56
382,170,22,52
380,170,22,53
379,169,24,56
380,170,24,54
380,170,22,54
380,170,21,56
378,170,26,56
377,171,26,56
378,171,26,57
379,171,24,56
377,172,26,59
376,172,27,58
375,172,26,60
375,173,26,57
372,177,28,54
372,177,26,52
369,175,27,50
365,177,29,53
363,177,28,48
362,179,27,49
359,177,27,56
354,180,29,52
353,180,31,52
351,179,28,56
350,181,26,59
345,182,29,62
343,182,29,61
339,184,30,56
342,182,26,61
334,184,30,62
333,183,27,62
327,185,30,61
321,188,31,61
321,188,27,60
317,188,29,62
315,188,27,65
309,188,28,63
306,191,28,62
303,189,28,64
299,189,28,64
295,189,27,61
289,190,28,65
283,189,30,66
283,189,28,66
285,191,23,66
281,192,24,65
280,194,24,64
279,193,23,66
276,193,26,67
273,194,24,65
271,194,26,65
268,196,28,66
269,195,24,69
268,196,22,68
267,197,26,66
265,198,26,69
266,198,26,70
268,198,26,71
268,197,27,71
267,200,27,68
268,199,27,71
269,200,24,71
270,202,28,70
271,201,24,71
276,201,23,72
278,203,21,71
278,204,27,69
279,204,27,71
279,205,29,69
282,206,38,71
284,207,39,70
287,208,30,70
287,208,33,71
289,209,34,69
295,209,31,70
298,211,33,69
300,211,30,71
301,210,28,72
303,212,31,71
304,208,35,76
306,210,32,76
308,211,30,76
306,213,36,75
306,216,32,72
309,212,33,77
312,214,34,77
309,215,32,75
308,217,33,75
309,217,31,78
310,219,33,76
310,219,35,76
308,219,33,78
303,219,36,78
302,220,35,78
301,220,36,79
305,222,36,79
306,222,34,79
306,224,34,79
304,221,35,82
304,221,34,82
301,223,38,81
300,222,37,83
300,224,36,82
302,223,38,84
303,224,37,81
305,225,34,81
306,226,35,80
306,226,37,81
309,225,32,83
309,227,33,82
305,228,36,81
306,228,34,82
304,228,38,82
309,229,36,83
310,228,36,85
312,230,36,83
313,230,32,85
314,228,30,87
313,229,34,87
311,230,36,87
310,231,34,84
309,232,38,85
311,232,37,87
313,233,36,87
315,233,30,87
315,234,33,86
314,235,32,89
313,235,31,87
306,235,38,87
303,236,40,84
301,236,43,89
303,235,39,89
303,238,40,86
308,237,36,87
308,238,33,92
306,241,32,88
304,240,35,87
301,241,37,87
298,242,39,87
295,245,39,86
292,244,43,89
292,246,43,85
292,246,44,89
292,245,39,90
293,244,37,92
292,245,35,92
287,246,36,91
283,246,38,92
281,246,40,93
282,246,40,93
282,248,41,92
283,248,47,93
285,249,38,91
286,252,35,90
280,250,39,94
279,249,40,95
276,251,41,96
276,251,43,96
278,252,44,95
279,254,43,96
280,254,41,97
281,255,43,98
282,256,38,98
282,256,36,98
280,256,38,97
273,257,44,97
272,259,45,95
277,258,44,98
276,261,45,97
278,259,39,101
279,261,39,99
280,262,37,101
277,261,38,100
273,261,43,102
269,263,44,101
266,266,48,102
264,264,50,101
266,265,48,100
267,264,46,103
271,266,38,105
272,267,38,104
267,266,43,108
264,267,43,105
263,271,44,103
264,265,46,109
264,222,47,109
261,211,46,104
265,213,43,108
268,214,38,108
266,216,40,106
264,214,40,108
255,217,48,104
251,217,50,108
249,219,53,108
254,219,49,107
258,219,50,107
263,219,45,109
260,186,52,110
263,161,46,108
265,161,43,108
264,162,44,108
262,164,47,108
259,166,48,108
259,165,50,111
262,164,52,113
266,166,49,113
266,167,47,111
267,168,44,114
263,168,48,112
256,169,60,113
253,171,53,114
249,172,56,115
250,173,55,115
252,172,53,116
251,173,54,118
254,176,51,115
255,176,46,119
249,177,48,118
248,178,47,118
243,179,49,120
238,182,52,119
236,182,54,119
239,181,52,119
243,182,51,119
245,183,48,122
245,184,46,124
246,185,44,124
245,187,44,123
245,188,43,125
246,190,43,124
247,189,43,127
238,189,54,126
240,193,54,127
242,195,55,125
243,195,53,126
243,197,50,129
236,198,56,129
233,198,60,130
235,201,60,131
237,203,61,130
238,201,57,133
245,204,53,132
246,204,48,135
244,206,49,133
240,207,48,132
235,208,51,135
234,212,52,135
229,212,59,136
232,211,59,137
235,214,56,139
240,215,54,140
242,219,53,140
242,219,52,137
235,220,55,139
231,225,59,136
231,225,64,140
231,225,63,145
235,225,63,143
247,226,55,145
248,230,57,142
251,232,56,146
252,230,52,147
248,233,59,145
240,233,64,148
240,238,63,146
237,238,68,151
240,242,66,145
250,241,59,151
256,246,52,150
259,249,54,149
256,246,55,154
249,249,63,151
242,253,70,153
242,256,68,156
245,254,71,157
250,256,69,156
258,256,62,157
261,261,60,161
262,263,54,161
259,263,60,161
252,266,66,158
247,267,71,162
244,272,73,161
245,272,76,164
249,272,74,165
255,273,70,165
264,278,61,165
260,281,66,170
259,283,60,167
253,283,64,165
246,285,69,174
244,290,70,170
240,293,73,171
243,294,74,168
250,294,70,172
