628,297,57,141
628,295,55,140
627,296,55,141
627,296,55,141
627,296,55,142
627,295,62,146
627,295,58,146
627,295,58,145
627,296,57,142
627,296,57,142
627,296,60,144
627,295,55,141
627,296,53,140
627,295,53,140
627,295,53,140
627,295,60,144
627,295,60,145
625,294,62,145
627,295,60,146
625,297,63,143
625,294,60,145
625,296,62,142
623,295,65,145
623,297,63,142
623,296,62,143
622,292,65,148
622,297,65,142
620,298,68,141
622,296,65,142
620,296,68,145
622,297,65,142
622,296,63,143
620,298,66,142
620,298,66,142
620,296,66,143
620,295,63,144
620,296,63,143
620,296,60,144
617,298,62,141
618,298,58,142
618,297,60,141
622,296,58,144
622,295,57,147
622,295,58,145
622,296,58,144
622,296,57,144
622,296,60,144
622,297,57,143
623,297,60,143
623,297,63,143
623,297,63,144
625,298,62,143
625,298,58,140
623,298,66,141
623,300,65,140
622,301,63,140
625,302,63,138
622,302,66,139
617,303,70,138
615,304,71,134
617,305,68,134
612,308,73,132
615,311,71,132
614,315,71,125
617,315,70,125
622,319,60,121
620,323,62,119
620,322,62,119
620,322,58,117
617,322,62,118
615,325,62,116
615,326,62,118
615,325,62,115
615,327,63,111
614,329,63,113
615,326,62,116
612,331,63,112
614,328,63,115
612,330,65,111
612,327,65,114
615,330,63,112
614,329,63,109
612,330,65,110
614,331,62,112
615,329,60,115
614,328,63,114
612,324,68,118
617,324,60,118
615,321,66,120
615,321,68,122
617,319,70,123
618,315,74,127
618,314,84,127
620,312,89,129
620,310,89,131
620,311,94,129
620,305,89,135
618,307,92,133
623,303,89,136
627,300,96,138
646,302,84,136
656,298,78,141
659,298,73,141
657,297,78,141
661,300,78,137
667,299,76,143
665,298,78,142
665,300,78,140
670,302,76,139
675,300,74,138
675,298,79,140
678,296,81,142
680,295,81,142
682,295,83,146
685,292,79,146
693,294,78,147
696,291,76,148
699,292,81,150
698,292,84,150
695,294,91,146
704,292,86,149
703,293,87,146
698,293,92,145
701,293,87,147
707,291,92,149
712,292,94,144
720,291,86,146
725,292,89,147
732,290,86,147
727,289,97,149
738,288,97,152
732,290,105,148
732,291,110,150
737,294,105,144
741,293,117,149
751,292,115,147
750,294,117,145
751,293,113,145
751,293,120,145
756,294,107,146
756,293,100,147
756,293,100,147
759,293,107,149
761,292,99,147
764,292,99,149
762,291,89,149
764,294,87,149
758,289,87,150
758,293,87,147
754,294,84,143
746,302,92,139
746,301,87,140
748,300,87,140
748,303,89,133
746,304,86,133
750,301,87,140
753,300,81,139
766,300,73,138
766,299,76,139
767,294,68,145
771,296,70,146
771,297,70,146
771,294,68,143
775,292,65,147
772,293,70,149
771,293,70,147
771,292,70,147
772,292,70,149
772,292,68,149
769,290,70,148
772,291,71,150
766,291,70,150
764,295,73,146
761,292,79,148
759,294,79,145
758,299,78,137
754,303,83,134
748,310,86,128
746,313,91,128
745,315,91,126
745,317,91,124
743,318,92,121
745,316,91,126
745,316,97,122
750,315,94,121
750,312,91,127
754,314,83,122
751,311,87,126
753,304,86,133
751,306,94,129
754,304,87,135
753,304,81,131
750,302,94,140
753,299,87,139
751,300,74,140
746,303,86,133
746,307,87,129
745,307,86,132
745,314,70,120
746,313,73,124
740,314,71,123
745,317,65,123
746,314,60,118
745,314,58,128
737,318,58,117
741,323,58,116
737,313,53,128
737,316,53,122
737,299,79,138
725,291,91,143
732,299,83,140
740,300,79,134
733,303,87,134
735,307,84,132
738,310,83,128
735,310,99,128
741,320,92,119
743,323,94,114
750,320,86,120
743,321,96,115
741,319,94,118
751,307,83,132
748,305,84,134
741,299,91,138
743,305,92,136
741,300,94,139
743,303,104,134
740,306,108,134
758,309,92,133
751,316,99,127
745,315,105,130
745,322,108,117
753,327,104,108
737,331,112,109
738,335,107,103
735,329,105,110
737,329,102,111
732,326,105,105
717,324,115,111
719,326,97,110
716,325,99,116
716,325,97,113
712,328,100,110
716,327,94,115
711,324,97,122
709,323,96,127
709,320,99,126
711,320,89,128
711,317,87,131
711,319,91,127
704,321,97,126
703,318,100,127
704,321,96,126
695,323,112,120
691,328,113,114
691,328,113,114
690,326,112,116
691,326,107,113
688,328,100,113
690,329,96,113
693,326,94,112
691,327,96,110
693,323,89,115
698,318,89,121
698,315,87,125
699,313,78,130
698,310,84,132
699,306,83,132
696,311,86,124
699,309,91,126
706,305,83,136
703,307,84,132
703,305,83,131
696,281,81,153
695,274,89,154
699,274,89,158
703,273,74,156
704,278,79,151
703,273,73,157
698,272,84,167
695,240,86,178
693,241,86,168
688,240,89,170
685,236,91,173
683,234,96,170
683,236,86,164
686,239,91,168
686,244,89,164
690,253,81,160
691,261,74,152
690,266,84,153
690,275,86,158
693,272,83,164
695,277,83,155
695,278,74,150
698,272,86,164
714,284,65,147
704,287,78,147
707,285,96,146
703,287,104,146
703,285,105,138
704,287,108,142
704,284,113,136
704,285,110,138
703,282,113,137
701,288,110,127
704,297,108,141
704,295,105,139
704,283,96,153
704,285,87,155
706,281,81,160
703,286,89,154
704,280,87,160
706,279,83,168
711,284,78,162
719,282,71,164
716,280,79,164
720,281,73,162
717,283,76,157
722,278,70,154
727,280,73,155
738,281,68,155
738,280,76,156
741,279,79,161
745,283,86,157
746,281,79,157
746,282,79,154
748,282,76,157
745,281,78,158
753,282,73,157
743,279,87,159
741,282,83,156
735,281,94,155
738,281,86,159
730,281,97,160
735,281,87,159
737,284,84,159
730,282,89,155
728,280,60,159
716,282,73,154
727,277,60,166
717,279,66,163
722,279,62,164
719,281,65,164
711,279,66,167
703,273,78,170
699,280,79,163
696,280,84,164
690,280,84,165
680,282,97,159
672,279,100,161
667,281,105,161
669,278,97,162
669,281,70,159
665,279,71,160
659,278,71,162
656,279,71,162
648,280,74,161
644,280,81,161
636,279,79,162
630,282,65,155
628,281,65,159
618,276,89,167
614,281,89,159
605,276,70,162
604,276,70,165
599,277,68,161
602,279,60,163
594,274,65,166
593,275,70,166
589,279,66,161
584,276,73,161
583,280,73,166
578,289,76,157
568,283,73,160
542,283,94,157
549,281,58,149
554,282,58,150
555,280,58,150
537,278,62,154
539,278,60,153
539,276,62,154
541,274,62,154
541,276,94,157
541,269,104,170
541,276,108,162
539,272,104,167
526,285,63,159
528,282,63,160
531,286,62,157
518,289,60,153
518,285,60,153
516,287,62,156
512,291,62,153
502,290,78,151
497,287,87,155
497,290,89,150
500,285,89,156
495,286,91,147
505,286,89,150
512,286,81,147
508,287,81,148
515,284,79,149
529,279,58,146
529,281,58,147
529,282,58,146
529,283,57,144
529,282,57,144
529,284,57,145
575,282,57,145
568,280,57,146
580,283,57,145
578,285,58,146
580,307,60,118
578,307,65,129
581,308,60,126
593,295,57,145
588,290,57,145
596,293,57,143
597,293,57,141
594,292,55,138
601,292,55,138
614,289,53,138
544,285,55,139
534,288,57,141
554,298,55,140
568,294,55,139
615,299,55,138
622,294,53,137
631,298,53,137
631,298,53,137
635,299,55,138
625,301,70,136
627,303,66,136
627,302,70,136
625,302,79,138
617,300,91,137
635,298,65,139
641,305,58,133
651,301,60,136
649,300,65,139
656,300,68,135
659,301,66,136
659,300,70,140
665,301,57,138
662,302,60,135
672,303,53,133
670,301,52,137
670,303,62,131
677,304,52,131
677,302,52,131
656,300,73,136
657,301,68,133
652,302,76,139
651,304,79,135
652,301,81,139
652,301,81,139
643,303,81,136
641,304,86,137
643,305,78,134
641,307,76,132
636,304,74,136
638,305,58,133
630,302,62,138
622,302,63,136
610,301,70,138
601,301,73,138
594,306,76,134
586,307,91,132
575,309,100,128
568,308,112,131
563,308,108,131
563,308,110,130
560,311,110,129
557,311,105,126
552,311,102,127
546,314,100,120
539,313,91,120
537,311,73,127
525,309,76,130
518,309,79,134
510,306,73,134
497,309,89,123
497,307,74,130
481,307,87,126
473,305,91,131
461,302,91,130
461,300,91,137
450,299,94,137
444,300,87,138
431,298,99,141
431,299,91,137
426,299,97,136
434,301,86,138
435,305,84,129
444,309,73,124
442,308,73,127
452,296,63,134
444,298,71,133
465,304,49,129
439,299,65,128
447,311,60,130
453,308,53,119
457,314,49,121
461,313,49,120
411,304,70,132
372,298,86,145
367,297,89,144
364,295,87,145
346,298,91,145
343,299,84,149
338,301,78,145
333,302,79,138
333,299,66,139
337,305,71,127
332,311,66,124
317,297,70,129
311,296,53,132
309,296,53,132
254,282,60,129
243,268,81,134
240,266,81,146
232,262,87,152
223,268,74,148
220,265,70,140
194,261,63,143
191,270,55,130
173,269,70,153
144,275,83,150
152,283,74,152
123,290,68,142
128,275,66,164
113,290,73,151
118,291,65,149
107,289,63,152
104,289,63,150
97,290,66,153
86,286,79,159
74,287,84,154
65,289,91,152
58,288,97,155
57,289,91,154
53,286,92,157
50,286,92,156
42,286,104,155
32,283,96,157
26,285,100,158
21,286,107,153
19,284,105,158
19,286,105,155
15,281,105,157
15,282,107,155
15,281,91,160
13,282,84,159
11,278,81,160
8,279,68,158
8,275,70,166
2,277,68,161
5,276,68,166
5,278,68,162
5,279,63,158
5,278,58,160
0,278,66,165
2,281,60,159
2,281,63,157
0,281,63,159
0,280,63,160
0,281,60,158
0,279,63,158
3,278,57,160
0,277,57,164
2,280,55,159
2,278,53,161
0,279,60,158
0,282,58,155
0,283,55,156
0,285,58,155
3,286,52,154
0,287,62,150
0,290,58,148
0,289,65,150
0,289,65,147
0,289,70,149
0,291,70,146
2,293,71,146
3,294,68,148
5,298,66,137
10,298,58,139
16,303,62,136
15,304,70,135
26,299,65,138
31,303,53,135
31,301,73,137
32,302,73,135
34,305,81,131
45,308,79,128
45,308,86,130
45,305,78,132
44,309,83,126
42,307,89,133
57,304,96,131
62,304,113,130
91,308,102,119
86,309,97,128
81,310,131,127
130,316,83,115
133,327,83,101
123,312,83,125
121,311,105,127
133,300,102,132
146,301,96,127
157,305,87,128
165,299,92,129
165,309,92,128
186,310,84,125
204,310,92,130
210,304,86,132
222,305,74,126
212,304,70,130
230,306,65,128
228,316,65,121
278,314,57,118
282,316,63,125
296,313,58,121
298,313,74,127
314,313,71,117
319,316,76,112
322,315,71,118
327,320,71,119
337,320,66,117
363,321,60,115
366,323,66,125
379,322,63,119
385,320,58,116
380,328,53,102
406,326,49,99
405,325,53,107
403,328,53,110
416,332,45,102
424,336,47,97
452,329,36,101
408,332,62,111
419,336,58,106
423,339,63,105
421,331,73,111
311,306,63,136
324,302,53,134
291,305,81,134
291,301,79,139
491,313,53,135
471,321,79,126
466,323,89,125
473,321,94,128
474,326,92,120
476,323,86,120
489,326,68,119
494,333,63,111
494,330,68,109
495,340,62,104
499,320,57,118
492,320,66,116
492,319,68,117
492,320,63,119
492,320,73,120
491,321,74,121
491,320,66,116
487,321,66,121
482,321,70,116
489,321,65,120
491,319,62,119
486,321,66,120
484,320,62,117
486,320,53,114
479,320,62,118
481,320,55,122
478,320,57,118
479,319,57,120
471,319,62,119
471,318,58,120
469,320,58,112
469,322,63,116
471,323,58,115
468,318,65,121
471,317,57,121
463,312,65,127
461,313,65,124
458,312,66,124
457,320,65,128
466,319,70,125
465,315,74,124
471,308,76,118
460,307,65,127
455,309,58,133
444,305,71,134
440,299,73,141
444,314,68,132
445,317,71,126
445,317,63,123
448,316,58,126
447,318,57,125
442,320,62,124
442,315,63,125
448,318,57,122
445,318,52,122
439,322,65,119
442,321,63,119
444,309,62,130
445,313,50,127
447,308,52,130
444,306,58,135
448,311,52,128
452,315,50,128
452,316,52,128
450,314,57,130
452,318,52,130
455,316,52,128
452,319,53,124
453,316,53,126
452,317,53,124
455,317,55,123
453,318,53,127
453,318,62,127
452,318,60,125
452,319,58,126
453,319,58,125
452,316,60,129
452,318,62,120
450,317,62,124
450,319,58,121
450,317,63,128
448,316,63,121
445,317,70,122
448,316,60,122
445,318,65,122
444,316,66,124
442,317,65,125
444,316,63,125
442,315,63,126
437,316,66,129
440,317,62,124
440,317,58,123
444,316,58,123
439,318,60,125
439,318,62,123
440,317,58,121
442,319,57,119
434,320,57,120
432,318,58,121
431,317,55,125
431,317,62,121
429,318,60,123
426,319,62,122
423,316,65,128
424,320,65,123
429,320,58,123
426,318,55,125
423,318,65,122
423,317,66,129
426,315,63,132
424,314,68,131
426,316,63,135
424,325,71,122
429,316,70,122
419,321,78,118
432,327,76,109
437,332,70,107
424,330,76,113
426,321,68,122
432,324,63,114
427,324,68,119
435,318,71,122
435,318,71,122
429,320,63,124
437,324,52,121
429,315,58,121
418,319,70,124
419,318,66,123
424,324,62,114
426,319,71,127
424,324,62,122
416,324,73,118
418,325,66,121
423,318,62,121
424,327,62,107
423,334,65,110
432,337,57,106
427,335,58,109
405,318,66,122
393,325,68,109
400,321,81,120
405,314,58,122
395,315,73,125
400,317,63,123
403,316,68,116
398,316,68,124
397,318,68,118
392,317,71,121
389,318,71,122
389,317,65,123
385,318,68,120
384,317,70,116
382,318,66,120
382,319,66,121
382,316,60,122
382,316,60,128
379,316,60,124
377,321,60,119
377,321,62,123
379,324,57,120
376,327,65,122
372,327,62,117
379,329,62,114
376,333,60,110
382,335,62,105
384,332,65,108
379,336,86,107
379,332,89,104
385,332,86,109
384,327,92,113
389,329,91,112
390,329,84,109
392,322,83,121
397,323,81,119
398,323,79,116
397,323,79,116
401,325,76,112
400,325,84,115
390,329,100,114
392,333,99,109
379,337,108,103
369,341,120,101
366,337,120,104
345,328,136,113
337,329,136,114
327,334,130,108
301,331,105,117
293,321,104,120
298,320,100,122
304,321,87,116
303,324,89,114
280,346,117,85
269,355,123,80
267,355,120,82
256,354,121,77
262,352,97,93
262,355,105,84
261,351,89,92
259,347,87,94
644,283,60,153
257,347,89,97
259,347,81,96
270,348,74,99
270,341,79,100
278,337,73,106
270,341,74,100
277,347,74,94
278,347,73,97
274,348,79,91
275,349,79,93
287,349,73,89
288,349,70,92
306,356,52,83
312,347,53,95
309,353,55,95
304,343,58,97
316,352,47,94
308,343,50,98
312,337,53,94
312,338,50,108
312,335,57,109
319,333,58,109
322,338,66,105
321,340,71,101
324,340,78,101
329,340,78,100
329,341,89,98
335,340,91,105
340,345,92,96
345,346,97,97
348,346,92,99
358,346,92,94
359,349,87,92
385,348,70,91
392,336,70,108
390,328,71,119
387,325,78,114
392,322,81,121
395,326,70,116
385,327,58,117
390,328,63,109
413,332,92,106
419,336,87,108
432,335,76,107
429,338,78,103
434,335,81,106
442,334,81,107
448,336,84,107
455,336,71,108
458,336,68,111
455,335,78,109
458,335,78,113
458,332,71,115
461,329,78,114
463,326,84,119
457,329,91,117
458,329,100,112
460,325,94,121
457,320,87,121
466,319,68,123
465,317,66,122
458,316,73,123
461,320,66,124
461,317,66,129
468,318,58,128
461,311,66,133
460,299,62,144
458,285,71,158
468,268,63,174
466,265,63,174
473,262,58,175
468,257,63,174
469,253,62,182
469,234,63,197
473,234,63,199
473,234,70,190
474,235,65,189
478,238,62,184
481,242,65,192
484,245,65,182
487,253,65,176
487,260,65,177
486,266,65,178
491,275,65,172
487,275,66,173
492,274,66,174
491,271,73,172
499,273,73,166
503,271,71,171
515,269,73,179
521,269,65,173
523,269,71,174
533,271,65,170
536,274,70,168
541,273,68,166
547,274,68,164
557,267,70,180
549,272,73,171
562,279,71,164
576,284,71,159
580,292,73,150
591,291,97,152
594,293,91,149
596,294,86,150
599,293,87,150
604,291,78,151
599,288,89,153
610,287,78,156
609,290,84,151
610,290,83,150
614,293,74,150
614,290,73,152
