142,112,60,105
143,116,61,105
145,119,62,105
146,122,64,105
147,125,65,105
148,129,66,105
149,130,66,108
150,130,66,111
151,131,66,114
151,132,66,117
152,133,66,120
151,136,66,120
151,138,66,121
150,141,66,121
149,144,66,121
148,147,66,122
144,149,70,123
140,151,74,124
136,154,78,125
132,156,82,126
128,158,86,127
123,160,89,128
118,162,92,129
112,165,95,129
107,167,98,130
102,169,101,131
96,172,105,131
90,175,110,131
83,177,114,131
77,180,118,131
71,183,123,131
89,183,127,132
107,183,131,133
126,183,135,135
144,183,140,136
162,183,144,137
153,183,151,139
144,183,159,140
135,182,166,142
126,182,173,144
116,182,181,145
94,184,187,145
71,185,194,145
48,187,201,145
25,189,207,145
2,191,214,145
2,191,202,145
2,191,190,145
2,191,178,145
2,191,165,145
2,191,153,145
2,191,161,143
2,191,168,140
2,191,176,138
2,191,183,135
2,191,191,133
16,188,188,133
30,186,186,134
45,183,184,135
59,180,181,136
73,177,179,137
94,175,171,137
115,172,163,137
135,169,155,137
156,166,146,137
177,163,138,137
178,160,136,136
180,157,134,135
182,154,132,134
184,151,130,133
185,148,128,132
179,147,127,131
172,146,126,129
165,146,126,128
159,145,125,127
152,144,125,125
150,143,123,125
148,143,120,125
146,142,118,125
144,142,116,125
142,142,114,125
142,142,113,125
142,142,112,125
142,142,110,125
142,142,109,125
142,142,108,125
142,142,108,125
141,141,108,125
141,141,108,125
141,141,108,125
140,141,108,125
140,141,108,125
139,141,108,125
139,141,108,125
138,141,108,125
138,140,108,125
138,140,108,125
137,140,108,125
137,140,108,125
136,141,108,125
135,141,108,125
134,141,108,125
134,141,108,125
133,141,108,125
133,141,108,125
132,141,108,125
132,142,108,125
131,142,108,125
132,142,108,125
133,142,108,125
133,143,108,125
134,143,108,125
134,144,108,125
135,144,109,125
135,144,110,125
135,143,110,125
135,143,111,125
136,143,112,125
136,143,112,125
137,143,112,125
138,143,112,125
139,143,112,125
140,143,112,125
141,143,112,125
142,143,112,125
146,143,112,125
150,142,112,125
154,142,112,125
158,142,112,125
161,141,112,125
165,141,112,125
169,141,112,125
173,140,112,125
172,141,112,125
171,142,112,125
170,142,112,125
169,143,112,125
169,143,112,125
170,143,112,125
170,143,112,125
171,143,112,125
172,143,112,125
172,142,112,125
173,142,112,125
174,141,112,125
174,141,112,125
175,140,112,125
176,139,112,125
175,140,112,125
174,140,112,125
173,140,112,125
172,140,112,125
171,140,112,125
170,140,112,125
170,140,112,125
170,141,112,125
169,141,112,125
169,141,112,125
169,141,112,125
168,141,112,125
168,142,112,125
168,141,112,125
168,140,112,125
168,140,112,125
168,139,112,125
168,139,112,125
168,138,112,125
169,139,112,125
169,140,112,125
169,141,112,125
170,142,112,125
170,143,112,125
171,144,112,125
167,143,112,124
164,143,112,123
160,143,112,121
157,142,112,120
154,142,112,119
150,141,112,117
147,141,112,116
138,139,114,116
129,137,116,116
121,135,118,116
112,133,119,116
104,132,121,116
97,132,121,115
91,132,121,114
85,132,121,113
78,132,121,112
69,133,121,112
60,133,121,112
51,134,121,112
42,135,121,112
33,134,121,109
25,133,121,107
16,132,121,104
