97,186,358,293
78,192,339,275
60,189,320,262
41,182,299,254
27,177,285,249
16,177,268,237
0,171,255,229
0,166,231,224
0,162,206,218
0,158,188,213
0,154,202,206
20,149,198,200
48,146,193,194
51,145,181,191
45,142,173,185
40,139,167,181
38,136,162,178
35,135,153,173
34,133,150,171
29,132,146,164
28,129,139,161
24,127,135,155
23,124,130,153
23,123,126,149
22,120,122,146
21,119,118,145
21,118,114,140
21,116,110,136
21,115,105,132
20,114,104,129
21,112,103,125
21,110,99,124
23,108,96,121
26,107,93,119
27,105,92,117
28,104,90,114
30,103,88,112
29,101,92,112
30,99,92,109
32,98,89,108
34,97,89,105
37,95,90,103
40,94,89,102
43,93,88,101
46,92,88,98
50,91,86,98
53,89,88,95
57,87,87,94
64,87,84,93
67,85,86,93
69,85,86,90
73,83,86,88
79,83,85,87
82,82,84,86
86,82,83,86
89,81,85,85
94,80,83,84
99,79,82,82
105,78,81,82
111,77,79,81
114,77,79,78
118,76,80,78
126,77,76,76
129,76,77,76
134,75,76,73
138,74,74,74
143,73,76,73
149,72,73,72
153,71,71,72
156,71,72,71
163,70,72,70
166,69,71,70
172,69,80,67
178,67,73,69
181,66,79,69
185,63,76,71
192,61,76,71
195,62,71,69
