342,295,189,173
358,290,181,165
379,286,169,164
394,279,167,164
406,278,156,155
425,273,148,150
435,272,142,142
447,270,131,138
451,267,130,136
461,265,120,134
472,260,113,132
476,256,110,129
481,255,105,125
486,254,99,123
488,250,98,123
489,248,95,117
494,246,87,114
494,248,86,110
492,246,88,108
491,245,88,104
489,241,88,109
489,240,86,105
487,239,87,103
486,236,87,101
484,235,87,98
482,235,86,97
481,232,85,95
479,230,86,97
474,230,88,91
474,230,86,92
470,225,85,95
469,225,84,90
465,225,85,91
462,223,84,89
456,222,84,87
455,223,82,86
451,221,84,83
449,220,80,82
446,219,79,82
441,217,80,83
436,216,79,81
432,216,80,80
429,214,79,79
426,214,77,77
425,213,74,77
421,214,74,75
418,213,74,74
416,213,71,72
415,211,69,72
414,212,68,70
411,212,66,68
413,212,60,67
406,210,65,68
404,211,64,66
403,209,60,64
403,209,56,66
400,207,59,65
398,207,57,64
396,206,57,63
394,206,56,62
394,204,53,65
392,204,53,63
392,204,52,62
386,204,54,62
385,202,53,63
384,202,52,61
382,202,55,62
382,203,52,60
380,201,54,61
379,202,53,61
377,202,53,60
377,202,52,60
375,200,50,60
370,200,52,60
369,199,53,60
367,200,54,60
365,199,55,60
363,200,54,59
363,198,52,58
362,198,51,60
360,198,51,57
358,200,52,56
356,199,52,56
355,198,51,56
348,198,57,56
348,198,53,55
347,198,54,56
346,199,54,51
344,195,55,59
343,197,55,56
342,198,54,53
341,198,55,55
341,198,54,52
337,198,57,51
336,197,55,53
335,195,54,52
338,197,52,52
338,197,52,52
334,196,51,53
333,196,50,52
332,197,50,48
331,195,49,51
329,194,50,51
327,194,50,50
329,193,47,52
328,193,47,50
328,193,45,51
327,193,45,50
323,193,47,50
322,193,47,50
322,193,46,50
321,193,43,49
319,193,45,48
320,193,43,46
317,194,45,45
315,194,46,46
313,193,49,48
313,192,47,45
313,192,45,48
311,191,44,47
310,191,45,47
308,190,47,48
305,191,48,47
304,192,46,45
304,193,45,42
303,193,44,43
301,191,45,43
299,191,45,42
298,192,45,42
297,191,44,44
296,192,44,42
296,189,43,43
297,188,39,44
296,190,37,42
292,190,43,42
292,191,38,39
290,189,38,42
288,189,38,41
284,188,45,41
282,188,44,40
282,188,43,42
283,187,41,42
279,187,46,42
279,186,45,42
282,185,39,44
280,186,41,43
280,187,41,39
282,187,35,39
283,186,35,41
282,187,35,38
284,187,33,38
283,186,32,38
