515,304,19,36
514,305,19,36
513,305,19,36
512,305,19,36
510,305,19,36
509,305,19,36
508,305,19,36
507,305,19,36
506,306,19,36
505,306,19,36
504,306,19,36
502,306,19,36
502,306,19,36
501,306,19,36
500,306,19,36
499,306,19,36
499,306,19,36
498,306,19,36
497,306,19,36
496,306,19,36
496,306,19,36
495,306,19,36
494,306,19,36
493,306,19,36
492,306,19,36
491,306,19,36
490,306,19,36
488,306,19,36
487,306,19,36
486,306,19,36
485,306,19,36
485,306,19,36
484,306,19,36
484,306,19,36
484,306,19,36
483,306,19,36
483,306,19,36
482,306,19,36
482,306,19,36
481,306,19,36
481,306,19,36
480,306,19,36
480,306,19,36
479,306,19,36
479,306,19,36
478,306,19,36
478,306,19,36
478,306,19,36
478,306,19,36
478,306,19,36
477,305,19,36
477,305,19,36
477,305,19,36
477,305,19,36
477,305,19,36
477,306,19,36
477,306,19,36
476,306,19,36
476,307,19,36
476,307,19,36
476,307,19,36
475,307,19,36
475,308,19,36
475,308,19,36
475,308,19,36
475,308,19,36
476,308,19,36
476,308,19,36
476,308,19,36
476,308,19,36
476,308,19,36
476,309,19,36
476,309,19,36
476,309,19,36
476,309,19,36
476,309,19,36
476,309,19,36
476,309,19,36
476,310,19,36
476,310,19,36
476,310,19,37
476,310,19,37
476,310,19,38
477,310,19,39
477,310,19,39
477,310,19,40
477,310,19,41
477,311,19,41
477,312,19,41
478,312,19,41
478,313,19,41
478,313,19,41
478,314,19,41
478,314,19,41
479,314,19,41
479,314,19,41
479,313,19,41
480,313,19,41
480,313,19,41
480,313,19,41
481,313,19,41
481,313,19,41
481,313,19,41
481,312,19,41
481,312,19,41
481,312,19,41
481,311,19,41
481,311,19,41
481,311,19,41
482,311,19,41
483,310,19,41
483,310,19,41
484,310,19,41
484,309,19,41
485,309,19,41
486,309,19,41
487,309,19,41
488,309,19,41
489,309,19,41
490,309,19,41
491,309,19,41
492,309,19,41
493,309,19,41
494,309,19,41
494,308,19,41
495,308,19,41
495,308,19,41
495,308,19,41
496,308,19,41
496,308,19,41
496,308,19,41
497,308,19,41
497,308,19,41
497,309,19,41
498,309,19,41
498,309,19,41
498,309,19,41
498,309,19,41
499,309,19,41
499,309,19,41
499,309,19,41
500,309,19,41
500,309,19,41
500,309,19,41
500,309,19,41
500,309,19,41
500,309,19,41
500,309,19,41
500,309,19,41
500,309,19,41
501,309,19,41
501,310,19,41
501,310,19,41
501,310,19,42
501,310,19,42
501,310,19,42
501,310,19,42
501,310,19,42
501,310,19,42
502,310,19,42
502,310,19,42
502,310,19,42
502,310,19,42
502,310,19,42
503,310,19,42
503,310,19,42
503,310,19,42
503,310,19,42
503,310,19,42
504,311,19,42
504,311,19,42
504,312,19,42
504,312,19,42
505,313,19,42
505,313,19,42
505,314,19,42
505,314,19,43
505,315,19,44
505,316,19,45
505,316,19,47
505,317,19,48
505,317,19,48
505,317,19,48
505,317,19,48
504,317,19,48
504,317,19,48
504,317,19,48
504,317,19,48
504,317,19,48
504,317,19,48
504,317,19,48
503,317,19,48
503,317,19,48
503,317,19,48
503,317,19,48
503,317,19,48
503,317,19,48
502,317,19,48
502,317,19,48
502,317,19,48
502,317,19,48
502,317,19,48
502,317,19,48
502,317,19,48
502,317,19,48
501,317,19,48
501,317,19,48
501,317,19,48
501,317,19,48
501,317,19,48
501,318,19,48
501,318,19,48
502,318,19,48
502,318,19,48
502,318,19,48
502,318,19,48
502,317,19,48
502,316,19,48
502,315,19,48
502,315,19,48
502,314,19,48
502,313,19,48
502,313,19,48
502,312,19,48
503,311,19,48
504,310,19,48
505,310,19,48
514,309,19,48
522,308,19,48
531,307,19,48
539,307,19,48
546,306,19,48
552,307,19,48
552,307,19,48
553,307,19,48
553,307,19,48
553,308,19,48
553,308,19,48
553,308,19,48
553,308,19,48
553,308,19,48
553,308,19,48
553,308,19,48
554,308,19,48
554,309,19,48
554,309,19,48
554,309,19,48
554,309,19,48
554,309,19,48
557,309,19,48
559,308,19,48
561,308,19,48
564,308,19,48
569,308,19,48
574,308,19,48
576,309,19,48
579,310,19,48
581,310,19,48
582,310,19,48
584,310,19,48
586,310,19,48
588,310,19,48
589,311,19,48
591,311,19,48
593,311,19,48
596,310,19,48
599,310,19,48
602,309,19,48
609,309,19,48
616,309,19,48
624,308,19,48
624,308,19,48
625,308,19,48
625,307,19,48
626,307,19,48
626,306,19,48
627,306,19,48
627,304,21,49
627,303,22,51
629,303,22,51
630,303,22,51
632,302,22,51
638,306,22,51
645,310,22,51
645,310,22,51
644,310,22,51
644,310,22,51
644,310,22,51
643,310,22,51
643,310,22,51
643,310,22,51
643,310,22,51
642,310,22,51
642,310,22,51
642,310,22,51
641,310,22,51
641,310,22,51
641,310,22,51
641,310,22,51
640,310,22,51
640,310,22,51
640,310,22,51
640,310,22,51
639,310,22,51
639,310,22,51
639,310,22,51
639,310,22,50
639,310,22,50
639,310,22,50
639,310,22,50
639,310,22,50
639,310,22,50
638,311,22,50
638,311,22,50
638,311,22,50
637,311,22,50
637,311,22,50
637,311,22,50
636,311,22,50
636,311,22,50
636,311,22,50
635,311,22,50
635,311,22,50
635,312,22,50
634,312,22,50
634,312,22,50
634,312,22,50
634,312,22,50
634,312,22,50
634,313,22,50
634,313,22,50
634,313,22,50
634,313,22,50
633,313,22,50
632,313,22,50
632,313,22,50
631,313,22,50
631,313,22,50
630,313,22,50
630,313,22,50
630,313,22,50
629,314,22,50
629,314,22,50
629,314,22,50
629,314,22,50
628,314,22,50
628,314,22,50
628,314,22,50
628,315,22,50
628,315,22,50
628,315,22,50
628,315,22,50
628,315,22,50
627,315,22,50
627,315,22,50
627,315,22,50
627,315,22,50
627,315,22,50
627,315,22,50
627,315,22,50
626,315,22,50
626,315,22,50
626,314,22,50
625,314,22,50
625,314,22,50
624,314,22,50
624,314,22,50
623,313,22,50
623,313,22,50
622,313,22,50
622,313,22,50
622,312,22,50
622,312,22,50
622,312,22,51
622,312,22,51
622,312,22,52
622,312,22,53
622,313,22,53
622,313,22,53
622,313,22,53
622,313,22,53
622,313,22,53
622,313,22,53
622,313,22,53
622,313,22,53
621,313,22,53
621,313,22,53
620,313,22,54
620,313,23,54
620,313,23,54
619,313,23,55
619,313,23,55
619,313,23,56
618,313,23,56
618,314,24,56
617,314,24,57
617,314,24,57
617,314,24,57
616,314,24,58
616,314,24,58
616,314,25,59
615,314,25,59
614,314,25,59
613,314,25,59
613,314,25,59
613,314,25,59
613,314,25,59
613,314,25,59
613,316,25,59
613,318,25,59
612,319,25,59
612,321,25,59
612,323,25,59
612,317,25,59
612,312,25,59
612,312,25,59
611,313,25,59
610,313,25,59
610,314,25,59
609,314,25,59
608,314,26,59
608,314,26,59
608,314,26,59
607,314,27,59
607,314,27,59
607,314,28,59
606,314,28,59
606,314,28,59
606,314,28,59
606,314,28,59
605,314,28,59
605,314,28,59
605,314,28,59
605,314,28,59
605,314,28,59
605,314,28,59
604,314,28,59
604,314,28,59
604,314,28,59
604,314,28,59
604,314,28,59
603,314,28,59
603,314,28,59
603,314,28,59
603,314,28,59
603,314,28,59
603,314,28,59
602,314,28,59
602,314,28,59
602,315,28,59
601,315,28,59
600,315,28,59
600,316,28,59
599,316,28,59
598,316,28,59
598,316,28,59
598,316,28,59
598,317,28,59
598,317,28,59
598,317,28,59
598,317,28,59
598,317,28,59
598,317,28,59
598,317,28,59
598,317,28,59
598,317,28,59
598,317,28,59
598,317,28,59
598,317,28,59
598,317,28,59
598,317,28,59
598,317,28,59
597,317,28,59
597,317,28,59
596,317,28,59
596,317,28,59
595,317,28,59
595,317,28,59
594,317,28,59
594,317,28,59
593,317,28,59
593,317,28,59
593,317,28,59
592,317,28,59
592,317,28,59
592,317,28,59
592,317,28,59
592,317,28,59
592,317,28,59
592,317,28,60
592,317,28,60
592,317,28,60
592,317,28,60
592,317,28,61
592,317,28,61
592,317,28,61
591,317,28,61
591,317,28,61
590,317,28,61
590,317,28,61
589,317,28,61
589,317,28,61
588,317,28,61
588,318,28,61
588,318,28,61
587,318,28,61
587,318,28,61
586,318,28,61
586,318,28,62
586,318,28,62
586,318,28,63
586,318,28,63
586,318,28,64
586,318,28,64
586,318,28,65
586,318,28,65
586,318,28,66
578,319,28,66
569,319,28,66
560,318,28,66
551,318,28,66
551,321,28,64
551,321,28,64
552,320,28,64
562,323,28,64
572,325,28,64
582,327,28,64
581,325,28,64
580,323,28,64
579,321,28,64
585,318,28,64
591,316,28,64
600,313,28,64
614,314,28,64
628,315,28,64
639,318,28,64
648,318,28,64
653,318,28,64
663,312,28,64
671,311,28,63
680,310,28,61
685,308,28,61
691,305,28,61
696,304,28,61
700,302,28,61
705,301,28,61
710,299,28,61
726,300,28,61
742,300,28,61
747,302,28,61
742,302,28,61
737,302,28,61
730,300,28,61
724,298,28,61
718,295,28,61
713,292,28,61
711,293,28,61
709,293,28,61
712,293,28,61
716,293,28,61
719,294,28,61
723,294,28,61
721,292,28,61
720,291,28,61
719,289,28,61
717,290,28,61
716,291,28,61
715,292,28,61
713,293,28,61
714,297,28,61
715,301,28,61
715,305,28,61
715,304,28,61
715,303,28,61
715,302,28,61
715,302,28,61
715,301,28,61
715,300,28,61
714,301,28,61
713,302,28,61
712,303,28,61
711,304,28,61
710,305,28,61
709,310,28,63
709,315,28,64
708,320,28,65
707,323,28,65
707,325,28,65
706,328,28,65
706,328,28,65
706,329,28,65
706,329,28,65
706,329,28,65
706,330,28,65
706,330,28,65
706,331,28,65
706,331,28,65
706,331,28,66
705,331,29,67
705,331,29,68
705,330,30,69
705,330,30,70
704,330,30,71
704,330,31,72
704,330,31,72
704,329,31,72
704,328,31,72
703,327,31,72
703,326,31,72
703,325,31,72
703,324,31,72
702,323,31,72
701,322,31,72
700,321,31,72
699,319,31,72
699,318,31,72
699,317,31,72
699,316,31,72
699,315,31,72
700,314,31,72
700,313,31,72
700,312,31,72
699,313,31,72
698,314,31,72
698,315,31,72
697,316,31,72
696,317,31,72
695,318,31,72
695,318,31,73
695,318,31,73
694,318,31,73
694,318,31,73
694,318,31,74
693,318,31,74
693,319,31,74
693,320,31,74
692,321,31,74
692,322,31,74
691,323,31,74
691,324,31,74
691,325,31,74
690,326,31,74
689,327,31,74
689,328,31,74
688,328,31,74
687,326,31,74
685,324,31,74
684,321,31,74
683,319,31,74
682,316,31,75
682,312,31,76
682,308,31,78
682,308,31,78
682,308,31,78
682,308,31,78
682,310,31,78
682,312,31,78
682,314,31,78
682,316,31,78
682,316,31,78
681,316,31,78
681,317,31,78
681,317,31,78
680,317,31,78
680,317,31,78
680,318,31,78
679,318,31,78
679,318,31,78
679,318,31,78
678,320,31,78
677,321,31,78
676,323,31,78
674,324,31,78
673,326,31,78
673,325,32,79
672,324,32,79
672,323,33,80
671,323,33,81
671,322,34,82
670,321,34,82
669,320,35,83
669,321,35,83
668,321,35,83
668,321,35,83
667,321,35,83
666,322,35,83
666,322,35,83
665,322,35,83
665,322,35,83
662,322,35,83
659,322,35,83
656,322,35,83
653,322,35,83
650,322,35,83
647,321,35,83
644,321,35,83
641,321,35,83
634,321,35,83
627,320,35,83
625,320,35,83
624,319,35,83
622,318,35,83
617,320,35,83
611,321,35,83
605,322,35,83
600,324,35,83
590,324,35,83
581,323,35,83
572,323,35,83
567,326,35,83
563,328,35,83
559,330,35,83
557,335,35,83
555,340,35,83
553,344,35,83
549,343,35,83
544,342,35,83
538,341,35,83
532,341,35,83
529,339,35,83
525,338,35,83
522,336,35,83
516,334,35,83
510,332,35,83
504,330,35,83
491,335,35,83
479,340,35,83
474,342,35,83
469,343,35,83
467,343,35,83
466,344,35,83
465,344,35,83
463,344,35,83
462,344,35,83
462,344,35,83
461,344,35,83
461,344,35,83
461,344,35,83
461,344,35,83
461,344,35,83
460,344,35,83
459,344,35,83
459,344,35,83
458,344,35,83
458,344,35,83
457,345,35,83
455,345,35,83
454,345,35,83
453,345,35,83
451,345,35,83
450,346,35,83
449,346,35,83
449,346,35,83
448,346,35,83
448,346,35,83
447,346,35,83
446,346,35,83
446,346,35,83
445,346,35,83
445,345,35,83
444,345,35,83
443,345,35,83
443,345,35,83
442,345,35,83
441,345,35,83
441,345,35,83
440,345,35,83
439,345,35,83
439,344,35,83
438,344,35,83
437,341,35,85
436,338,35,87
435,335,35,88
434,332,35,90
434,329,35,92
433,326,35,94
432,326,35,94
430,326,35,94
429,326,35,94
428,326,35,94
427,326,35,94
426,326,35,94
425,326,35,94
424,326,35,94
423,326,35,94
422,326,35,94
421,325,35,94
421,325,35,94
420,325,35,94
420,324,35,94
419,324,35,94
419,323,35,94
418,323,35,94
418,323,35,95
417,323,35,97
417,323,36,98
416,323,36,100
416,323,36,101
416,323,37,103
415,323,37,104
414,323,37,104
413,324,37,104
411,324,37,104
410,324,37,104
409,324,37,104
407,325,37,104
406,326,37,104
405,326,37,104
403,327,37,104
402,327,37,104
401,328,37,104
399,328,37,104
399,329,37,104
399,329,37,104
398,329,37,104
398,330,37,104
398,330,37,104
398,330,37,104
397,330,37,104
397,331,37,104
397,331,37,104
396,332,38,104
395,332,39,104
394,333,40,104
393,333,41,104
393,334,41,104
392,334,42,104
391,335,43,104
390,335,44,104
390,335,44,104
389,335,44,104
389,335,44,104
388,334,44,104
388,334,44,104
387,334,44,104
387,334,44,104
386,334,44,104
385,334,44,104
383,334,44,104
382,334,44,104
381,335,44,104
379,335,44,104
378,335,44,104
378,332,44,107
377,329,44,109
377,326,44,111
376,324,44,113
376,321,44,116
375,318,44,118
374,317,44,118
373,317,44,118
373,316,44,118
372,316,44,118
371,315,44,118
370,315,44,118
369,314,44,118
368,314,44,118
367,313,44,118
366,313,44,118
365,312,44,118
364,314,44,118
363,315,44,118
362,316,44,118
362,318,44,118
361,319,44,118
360,320,44,118
359,322,44,118
359,320,44,118
359,317,44,118
358,315,44,118
358,313,44,118
357,311,44,118
357,308,44,118
356,309,44,118
356,310,44,118
356,311,44,118
355,312,44,118
355,313,44,118
355,314,44,118
354,315,44,118
353,316,44,118
351,316,45,118
349,317,45,118
348,318,46,118
346,318,46,118
345,319,47,118
344,319,47,118
343,319,47,118
343,320,47,118
342,320,47,118
341,320,47,118
340,320,47,118
339,320,47,118
337,320,47,118
335,320,47,118
332,320,47,118
330,320,47,118
327,320,47,118
325,320,47,118
323,320,47,118
321,320,47,118
319,320,47,118
317,320,47,118
316,320,47,118
314,320,48,118
313,320,49,118
312,320,50,118
310,320,51,118
309,320,52,118
308,320,53,118
306,320,55,118
305,320,55,119
304,319,55,121
303,318,55,123
302,318,55,124
300,317,55,126
299,316,55,128
298,316,55,129
297,315,55,131
296,316,55,131
294,316,55,131
293,317,55,131
292,317,55,131
290,318,55,131
287,318,55,131
284,317,55,131
281,317,55,131
278,317,55,131
274,316,55,131
273,316,55,131
272,316,55,131
270,316,55,131
269,316,55,131
268,316,55,131
266,316,55,131
265,316,55,131
264,321,55,131
263,326,55,131
262,331,55,131
261,336,55,131
259,341,55,131
258,346,55,131
256,343,55,131
254,341,55,131
252,339,55,131
250,336,55,131
250,336,55,131
250,335,55,131
250,334,55,131
250,334,55,131
250,333,55,131
250,332,55,131
249,332,55,133
248,332,55,135
247,332,55,136
246,332,55,138
244,332,55,140
243,332,55,142
242,332,55,144
241,331,55,146
239,331,55,147
238,331,55,149
237,331,55,151
237,331,55,151
236,331,55,151
236,331,55,151
236,331,55,151
235,331,55,151
235,331,55,151
234,331,55,151
235,332,55,151
235,334,55,151
235,335,55,151
235,336,55,151
235,338,55,151
236,339,55,151
236,340,55,151
235,341,55,151
234,342,55,151
234,343,55,151
233,344,55,151
232,344,55,151
230,344,55,151
229,344,55,151
228,343,55,151
226,343,55,151
224,344,55,151
221,344,55,151
218,345,55,151
216,346,55,151
215,347,55,151
214,348,55,151
213,350,55,151
213,351,55,151
212,352,55,151
208,353,56,151
205,353,57,151
201,354,59,151
198,354,60,151
194,355,61,151
191,355,63,151
189,355,63,151
188,355,63,151
187,355,63,151
186,355,63,151
185,355,63,151
184,355,63,151
181,357,63,154
179,358,63,157
177,360,63,161
174,361,63,164
172,363,63,167
169,363,65,167
167,362,68,167
164,362,71,167
161,362,73,167
160,362,73,167
158,363,73,167
156,364,73,167
155,365,73,167
153,366,73,167
153,366,73,167
154,366,73,167
154,366,73,167
154,366,73,167
154,367,73,167
154,367,73,167
155,367,73,167
153,367,73,167
151,367,73,167
149,368,73,167
147,368,73,167
145,368,73,167
143,368,73,167
139,369,73,172
136,369,73,178
133,370,73,183
130,370,73,188
127,371,73,194
123,370,77,194
120,369,80,194
116,369,84,194
113,368,87,194
109,367,90,194
111,368,90,194
112,368,90,194
113,369,90,194
115,370,90,194
116,370,90,194
117,371,90,194
122,372,87,194
127,373,84,194
132,374,81,194
137,375,78,194
141,376,74,194
143,376,79,194
145,375,84,194
146,374,89,194
148,374,94,194
150,375,94,194
152,376,94,194
154,377,94,194
156,378,94,194
157,379,94,194
159,380,94,194
161,382,94,194
164,381,94,194
167,381,94,194
169,381,94,194
172,381,94,194
175,381,94,194
177,381,94,194
180,381,94,194
183,381,94,194
185,380,94,194
188,380,94,194
191,380,94,194
194,380,94,194
197,380,94,194
200,380,94,194
202,380,94,194
205,380,94,194
207,380,93,194
209,379,92,194
211,379,91,194
213,379,90,194
214,381,90,192
214,383,90,190
215,385,90,188
215,386,90,186
216,388,90,184
213,393,90,180
210,398,90,175
207,402,90,170
204,407,90,166
204,404,90,169
204,400,90,173
205,397,90,177
205,394,90,180
204,393,90,180
204,393,90,180
203,393,90,180
202,393,90,180
202,392,90,180
201,392,90,180
200,392,90,180
199,392,90,180
199,391,90,180
198,391,90,180
197,391,90,180
196,391,90,180
196,391,90,180
195,391,90,180
194,391,90,180
193,391,90,180
199,387,90,184
204,383,90,188
210,380,90,191
216,376,90,195
221,372,90,199
233,373,90,199
245,373,90,199
257,374,90,199
267,375,90,199
277,375,90,199
288,376,90,199
300,380,90,196
312,384,90,192
324,388,90,188
336,388,90,188
349,388,90,188
362,388,90,188
371,388,90,188
379,388,90,188
387,388,90,188
397,388,90,189
407,387,90,190
417,386,90,190
427,386,90,190
448,389,90,186
468,392,90,183
488,395,90,180
498,395,90,180
507,395,90,180
516,395,90,180
519,395,90,180
521,395,90,180
523,395,90,180
525,395,90,180
528,395,90,180
530,395,90,180
536,395,90,180
542,394,90,180
549,394,90,180
555,394,90,180
570,392,90,180
586,390,90,180
601,388,90,180
616,386,90,180
643,399,90,170
669,412,90,160
686,416,90,156
703,420,90,151
720,424,90,147
734,427,90,144
749,429,90,142
763,431,90,139
777,434,90,136
792,436,90,134
827,437,90,134
862,439,90,134
