112,305,42,95
113,304,41,96
115,304,41,96
116,303,41,97
117,303,41,97
119,302,41,98
120,302,40,98
121,302,40,98
121,303,40,98
122,303,40,98
123,303,40,98
123,304,40,98
124,304,40,98
125,304,40,98
125,305,40,98
126,305,40,98
127,305,40,98
128,305,40,98
129,305,40,98
130,305,40,98
131,305,40,98
132,305,40,98
134,305,40,98
136,305,40,98
138,305,40,98
139,305,40,98
141,305,40,98
143,305,40,98
145,305,40,98
147,305,40,98
148,305,40,98
150,305,40,98
152,305,40,98
154,305,40,98
156,305,40,98
157,305,40,98
159,305,40,98
161,305,40,98
163,305,40,98
165,305,40,98
167,305,40,98
168,305,40,98
170,305,40,98
172,305,40,98
174,305,40,98
176,305,40,98
177,305,40,98
179,305,40,98
181,305,40,98
183,305,40,98
185,305,40,98
186,305,40,98
188,305,40,98
190,305,40,98
192,305,40,98
194,305,40,98
196,305,40,98
197,305,40,98
199,305,40,98
201,305,40,98
203,305,40,98
205,305,40,98
206,305,40,98
208,305,40,98
210,305,40,98
212,305,40,98
214,305,40,98
216,305,40,98
217,305,40,98
219,305,40,98
221,305,40,98
223,305,40,98
225,306,40,98
226,306,40,98
228,306,40,98
230,306,40,98
232,306,40,98
234,306,40,98
235,306,40,98
237,306,40,98
239,306,40,98
241,306,40,98
243,306,40,98
245,306,40,98
246,306,40,98
248,306,40,98
250,306,40,98
252,306,40,98
254,306,40,98
255,306,40,98
257,306,40,98
259,306,40,98
261,306,40,98
263,306,40,98
264,306,40,98
266,306,40,98
268,306,40,98
270,306,40,98
272,306,40,98
275,306,40,98
277,307,40,98
280,307,40,98
283,307,40,98
286,308,40,98
289,308,40,98
292,309,40,98
282,308,40,98
271,308,40,98
261,307,40,98
251,307,40,98
241,307,40,98
225,305,40,98
209,306,40,98
199,306,40,98
190,305,40,98
162,306,48,98
120,310,48,98
99,311,48,98
91,312,48,98
83,312,48,98
76,312,48,98
68,313,48,98
60,313,48,98
53,313,48,98
45,313,48,98
38,314,48,98
30,314,48,98
18,314,48,98
6,313,48,98
0,313,48,98
0,311,48,98
0,310,48,98
0,309,48,98
0,308,48,99
0,308,48,100
0,0,0,0
0,0,0,0
0,0,0,0
0,0,0,0
0,0,0,0
0,0,0,0
0,0,0,0
0,0,0,0
0,0,0,0
0,0,0,0
0,0,0,0
0,0,0,0
0,0,0,0
0,0,0,0
0,0,0,0
0,0,0,0
0,0,0,0
0,0,0,0
0,0,0,0
0,0,0,0
0,0,0,0
0,0,0,0
0,0,0,0
0,0,0,0
0,0,0,0
0,0,0,0
0,0,0,0
0,0,0,0
0,0,0,0
0,0,0,0
0,0,0,0
0,0,0,0
0,0,0,0
0,0,0,0
0,0,0,0
0,0,0,0
0,0,0,0
0,0,0,0
0,0,0,0
0,0,0,0
0,0,0,0
0,0,0,0
0,0,0,0
0,0,0,0
0,0,0,0
0,0,0,0
0,0,0,0
0,0,0,0
0,0,0,0
0,0,0,0
0,0,0,0
0,0,0,0
0,0,0,0
0,0,0,0
0,0,0,0
0,0,0,0
0,0,0,0
0,0,0,0
0,0,0,0
0,0,0,0
0,0,0,0
0,0,0,0
0,0,0,0
0,0,0,0
0,0,0,0
0,0,0,0
0,0,0,0
0,0,0,0
0,0,0,0
0,0,0,0
0,0,0,0
0,0,0,0
0,0,0,0
0,0,0,0
0,0,0,0
0,0,0,0
0,264,51,161
0,258,54,185
0,258,63,184
0,258,70,185
0,248,126,197
0,248,131,197
0,248,128,197
0,248,129,199
0,246,95,200
0,243,92,204
0,241,90,207
11,239,87,210
23,236,85,213
27,236,86,213
31,236,87,213
35,236,89,213
38,236,90,212
42,236,91,212
48,235,90,214
55,233,89,216
61,232,88,218
67,231,87,220
73,229,86,222
80,228,91,224
91,227,86,224
102,225,97,224
109,224,107,224
116,223,117,224
141,221,106,224
169,222,104,224
196,222,102,223
223,223,99,223
251,223,97,222
278,224,95,222
305,224,93,222
323,224,89,222
342,224,85,222
360,224,81,222
369,224,86,222
376,224,93,222
391,224,92,222
406,225,92,222
421,225,91,222
436,225,90,223
450,225,90,223
461,223,92,226
472,220,95,230
483,217,97,233
494,215,100,236
505,212,102,240
516,209,105,243
520,209,117,243
