342,154,26,67
341,156,24,65
339,155,24,67
336,157,24,65
334,156,24,66
331,157,29,67
331,156,28,68
329,156,31,74
328,156,31,71
326,158,34,71
328,157,30,70
328,158,30,69
329,159,29,70
326,160,31,69
327,161,30,70
323,162,31,69
323,160,29,71
322,161,30,69
322,162,30,70
322,163,30,69
323,163,29,69
323,163,28,67
323,163,30,70
325,161,29,71
325,162,28,72
325,162,27,73
323,162,27,71
321,164,26,70
320,164,27,73
318,164,26,69
317,165,29,70
315,164,31,73
317,169,24,65
315,165,28,70
314,166,27,66
313,164,29,72
312,165,30,70
309,163,31,72
305,166,31,74
302,168,31,77
303,168,29,77
298,168,33,76
297,169,33,75
292,168,30,74
292,172,28,71
288,171,32,76
284,170,32,77
283,170,29,76
280,171,31,78
272,172,34,74
270,175,37,76
267,172,36,77
268,172,30,77
264,173,28,75
261,172,27,77
258,176,29,75
252,173,35,79
252,175,29,74
248,173,29,78
245,175,26,74
238,175,30,73
227,177,44,76
230,174,38,78
227,174,38,80
229,174,29,77
220,174,31,80
218,175,26,79
211,178,34,76
205,177,37,77
205,177,30,78
200,177,29,78
185,176,40,82
177,177,48,78
173,179,47,77
175,177,37,80
175,176,31,80
171,176,27,80
162,178,36,78
156,181,38,75
152,181,41,78
153,181,35,76
153,180,30,78
145,181,35,75
142,182,34,76
150,184,38,76
178,181,39,79
194,182,39,77
220,182,32,77
243,180,34,77
267,180,31,81
290,178,32,82
315,177,34,82
335,177,37,79
361,178,34,81
383,177,38,81
375,177,46,80
373,177,40,82
372,177,39,83
371,177,34,80
369,177,33,82
367,177,32,85
364,180,31,81
361,180,33,84
356,180,35,84
354,181,32,81
349,182,34,84
338,182,40,81
334,182,41,84
328,182,43,83
326,181,37,82
326,179,32,86
316,183,36,85
315,183,34,87
312,182,33,87
309,182,31,85
306,184,30,83
302,184,32,87
288,186,46,86
289,186,38,86
285,185,36,87
284,184,33,87
279,187,34,85
270,189,37,85
270,187,35,90
265,188,33,86
258,188,37,90
245,190,48,87
245,190,46,85
245,189,41,90
243,190,37,89
242,192,32,87
236,192,35,88
234,195,32,86
232,193,30,87
226,193,34,90
221,193,34,91
214,193,39,91
203,195,47,89
206,195,40,92
203,196,40,93
200,196,38,90
199,197,32,90
196,196,34,93
189,198,36,93
185,198,38,92
182,198,38,88
198,202,39,88
214,199,46,93
239,200,45,93
259,199,48,92
287,198,41,92
302,200,34,93
322,199,36,93
352,203,41,91
373,204,40,93
370,204,35,93
363,203,38,94
359,203,39,95
353,204,45,94
349,204,39,93
347,201,35,89
343,201,33,92
341,200,32,93
337,201,31,92
331,203,35,90
327,203,35,92
323,208,32,85
315,197,38,97
304,203,33,93
299,206,44,93
299,202,44,98
296,203,43,93
293,203,34,94
287,204,38,98
281,205,39,96
275,204,45,98
276,204,39,98
272,204,39,98
267,206,39,97
258,207,47,96
253,206,48,99
252,209,46,95
251,209,43,98
250,207,38,101
244,209,40,100
238,211,40,97
232,211,40,99
230,211,36,100
223,213,35,98
220,214,37,99
203,214,52,96
204,212,51,100
204,213,46,99
199,214,38,97
193,214,37,98
187,215,36,98
175,214,47,101
170,216,41,92
166,215,36,101
162,217,35,90
156,221,34,87
152,223,29,77
148,224,29,77
139,222,28,80
132,228,29,76
127,230,32,82
112,223,38,93
104,221,44,95
101,217,45,100
95,217,34,103
88,223,37,97
71,219,51,99
68,219,52,101
66,222,52,97
61,223,47,98
59,221,39,103
54,220,35,91
40,218,44,102
36,215,48,105
34,221,44,99
26,220,40,100
23,219,36,103
18,218,37,102
5,219,46,103
0,213,50,111
0,207,51,118
0,221,45,103
