342,56,41,26
341,57,41,25
338,58,41,26
335,59,41,24
332,59,41,26
329,60,41,25
327,61,44,27
323,63,43,26
322,62,43,26
320,62,44,27
317,64,45,27
315,64,45,27
313,65,44,27
310,64,47,30
309,66,45,27
306,66,47,29
304,66,47,29
301,68,45,28
300,69,44,27
295,69,47,29
295,69,47,30
292,71,45,29
290,71,44,29
286,72,48,29
283,72,49,30
282,73,50,29
278,74,49,29
273,75,50,29
271,75,48,30
267,75,52,32
263,75,53,35
256,76,57,35
254,78,54,30
249,79,55,31
244,79,59,31
242,81,57,34
239,82,56,34
234,86,55,27
230,82,57,38
227,84,60,36
221,85,62,35
219,85,59,38
212,85,63,38
211,87,62,39
207,87,60,40
200,89,63,39
198,91,61,40
194,91,62,41
188,94,63,39
185,95,64,40
180,96,65,40
177,97,65,41
175,97,65,43
170,98,66,43
168,100,64,41
163,102,67,44
161,104,67,42
159,105,66,45
157,104,65,46
154,108,64,42
150,110,65,45
148,112,66,47
144,111,68,48
145,114,67,48
139,114,68,48
138,115,65,50
134,117,70,52
130,119,69,50
127,119,73,51
126,121,71,52
123,124,71,50
122,124,71,53
118,127,73,53
118,128,73,56
114,130,73,56
114,130,73,59
109,133,78,59
106,135,79,60
106,136,79,61
103,139,80,61
103,142,80,61
102,142,80,65
103,145,80,64
99,147,84,67
99,149,84,67
98,153,87,67
97,154,89,68
96,156,93,71
98,159,88,71
97,161,93,71
99,167,90,72
100,168,94,77
101,169,96,77
101,172,99,79
104,174,99,82
106,177,99,82
105,181,103,83
105,185,110,82
109,188,105,83
111,191,111,83
113,194,112,86
115,197,113,88
119,201,115,87
119,200,119,93
123,204,118,93
121,207,122,95
127,210,119,96
124,214,126,98
127,216,123,100
128,219,124,99
128,221,123,103
126,224,126,105
122,226,128,107
119,231,128,106
115,234,127,108
110,235,129,110
98,238,142,113
89,240,147,116
80,244,154,115
73,248,159,115
59,248,171,119
82,250,180,119
98,255,194,119
123,251,194,125
142,256,205,123
164,260,213,122
178,260,223,125
183,264,231,124
169,265,238,125
150,267,251,127
132,271,253,127
112,270,260,131
94,274,278,129
68,277,288,129
52,278,296,130
49,281,305,130
62,282,320,132
78,285,318,130
92,281,323,135
100,284,333,132
114,285,341,130
122,284,347,131
139,286,349,130
151,286,353,128
163,287,356,126
178,286,358,128
180,288,358,124
159,287,359,123
134,286,358,122
113,286,356,119
95,287,350,119
74,286,352,120
50,284,355,119
63,282,351,119
79,282,344,122
95,280,331,120
114,278,336,123
133,278,325,119
155,272,318,120
184,270,305,116
199,266,305,118
209,269,288,112
186,266,285,112
168,259,276,114
162,257,263,113
146,254,262,110
129,252,256,108
123,251,242,108
106,246,239,108
92,243,229,104
82,241,222,104
65,240,221,100
54,236,214,98
34,234,216,98
26,230,206,98
24,229,195,97
17,228,185,93
0,224,188,93
