33,173,193,107
41,171,186,105
49,170,179,104
57,168,172,103
65,166,165,102
71,165,163,101
76,163,161,101
81,161,159,100
86,159,157,99
92,157,154,99
94,156,153,99
95,154,152,99
97,153,151,99
99,151,149,99
101,149,148,99
107,149,143,98
112,148,137,98
118,147,132,97
118,146,134,96
157,145,144,96
172,144,137,95
196,140,130,94
200,140,123,93
201,141,123,92
201,140,122,91
201,139,122,90
201,137,122,90
201,136,122,91
201,135,122,92
201,134,122,93
201,133,122,92
201,132,122,91
201,132,122,90
201,131,122,90
204,130,117,91
206,129,113,92
209,128,107,93
209,127,107,92
209,126,107,92
209,125,107,91
210,124,106,91
210,123,104,90
211,122,102,90
211,121,101,90
212,120,99,90
212,119,99,89
212,118,99,88
212,117,99,88
212,116,99,87
212,115,99,86
212,115,99,88
212,114,99,85
212,114,99,87
212,133,99,87
212,153,99,86
212,153,98,85
212,153,96,84
212,153,95,83
212,153,94,82
212,151,94,83
212,149,94,83
212,147,94,84
212,145,94,85
212,145,95,85
212,145,95,84
212,145,95,84
212,145,96,83
212,145,98,82
212,146,100,81
212,146,103,80
212,146,105,79
213,145,107,78
214,143,110,76
216,142,112,75
217,140,114,74
219,140,115,74
222,140,115,74
225,140,116,74
225,140,120,74
225,140,124,74
226,140,128,74
226,140,133,74
229,139,135,74
233,139,137,73
236,138,140,73
240,137,142,73
243,137,146,73
245,137,150,73
248,137,155,73
251,137,159,73
254,136,157,72
258,135,157,72
261,134,157,72
264,133,157,71
268,132,156,71
273,132,156,71
278,132,156,71
284,132,156,71
289,132,156,71
294,132,156,71
299,132,157,71
304,132,157,71
309,132,157,71
315,132,165,71
320,132,187,69
326,132,184,71
331,132,187,71
337,132,187,71
342,132,187,71
348,132,188,71
354,132,188,71
359,132,188,71
365,132,188,71
369,132,186,69
373,132,184,66
378,132,187,67
383,132,190,68
388,132,193,69
393,132,196,69
396,132,198,69
399,132,199,69
381,132,202,69
352,130,201,71
351,131,205,68
370,132,190,66
382,130,187,68
383,127,190,71
386,129,194,71
394,127,189,74
397,128,194,70
383,128,194,70
359,130,189,71
363,128,188,73
363,127,195,72
370,128,195,73
373,130,197,72
383,128,198,75
397,130,193,74
406,129,192,75
412,129,194,77
405,130,204,76
388,129,200,78
364,130,196,77
347,131,192,76
354,132,193,76
362,132,193,76
371,132,193,76
379,132,193,76
387,132,193,76
396,132,193,76
401,132,193,76
406,132,194,76
412,132,194,76
418,132,194,76
424,132,194,76
428,132,192,77
434,132,196,79
441,131,190,80
445,130,186,82
449,130,181,83
451,133,180,82
454,132,177,82
426,132,204,84
399,132,196,83
373,132,194,83
356,132,190,83
355,132,205,83
371,132,204,83
376,132,202,83
382,132,201,83
385,135,204,83
389,135,207,83
380,135,211,83
355,136,210,83
330,136,207,83
308,135,207,83
295,135,216,83
308,132,207,86
316,132,210,86
323,132,213,86
332,132,212,86
341,132,212,86
349,132,211,86
356,132,213,86
363,132,215,86
350,133,218,86
319,132,221,86
297,132,219,86
269,132,218,86
263,132,219,86
268,132,220,86
273,132,221,86
278,132,222,86
285,132,225,86
290,132,225,86
298,133,221,86
305,134,221,85
289,131,225,87
258,134,227,85
234,134,222,85
209,134,218,85
183,136,228,83
184,136,229,84
187,135,233,86
196,135,226,86
204,135,230,85
210,137,226,82
217,135,228,83
223,136,228,82
230,134,231,85
236,134,230,85
243,134,230,85
256,135,229,82
260,134,227,85
228,134,230,85
209,136,231,84
182,138,230,83
167,134,228,85
136,137,226,82
123,134,235,87
130,134,235,85
138,134,233,85
146,134,230,85
153,134,231,85
161,133,228,86
163,132,235,83
171,134,233,82
177,132,233,85
186,134,227,85
188,132,231,87
200,134,228,85
202,132,232,85
203,130,239,87
209,130,232,85
219,131,231,85
227,130,225,86
221,130,232,87
190,130,230,87
152,130,236,88
127,134,233,85
127,134,233,85
127,134,233,85
127,134,233,85
127,134,233,85
127,134,233,85
127,134,233,85
127,134,233,85
