200,255,70,152
195,257,73,152
191,259,76,152
186,261,79,152
181,263,81,152
186,261,81,152
190,260,81,152
195,258,81,152
199,257,81,152
204,255,81,152
205,252,76,152
206,249,70,152
207,246,65,152
213,246,65,152
218,246,66,153
224,246,66,153
230,246,67,154
234,248,70,151
239,251,73,149
243,253,76,147
248,255,80,144
252,254,80,146
256,252,81,148
261,251,81,150
265,250,81,152
270,248,77,151
275,247,73,149
280,246,69,148
283,247,69,148
286,248,69,148
289,249,69,148
293,250,69,148
295,249,69,148
297,248,69,148
299,247,69,148
301,247,69,148
304,246,69,148
305,246,69,148
306,246,69,148
308,246,69,148
309,246,69,148
312,244,69,148
314,242,69,148
317,240,69,148
320,238,69,148
322,237,69,148
326,237,71,148
331,237,73,148
335,238,75,148
339,238,77,148
344,238,79,148
348,238,81,148
351,238,80,148
354,238,79,148
357,238,78,148
360,238,77,148
363,238,76,148
368,239,72,147
373,240,68,146
378,241,64,145
384,241,60,144
389,242,56,143
389,242,60,143
389,242,64,143
389,242,69,143
389,242,73,143
389,242,78,143
391,243,76,143
394,244,75,143
397,244,73,143
399,245,72,143
402,246,70,143
404,246,70,142
406,246,70,141
408,246,70,140
411,246,70,140
413,246,70,139
415,246,74,139
417,246,78,139
418,246,81,139
421,246,79,139
424,246,76,139
426,246,74,139
429,246,71,139
431,246,69,139
434,246,66,139
437,246,63,139
439,246,61,139
442,246,58,139
444,246,56,139
449,247,57,138
453,249,58,137
458,250,59,137
462,252,60,136
467,253,61,135
468,251,62,136
470,250,63,137
472,248,64,139
474,246,66,140
476,244,67,141
477,244,67,141
477,245,67,141
478,245,67,141
479,246,67,141
480,246,67,141
486,246,67,141
493,246,67,141
500,246,67,141
507,246,67,141
514,246,67,141
520,246,67,141
519,247,67,141
517,247,67,141
516,248,67,141
514,249,67,141
513,250,67,141
515,250,67,141
518,250,67,141
520,250,67,141
522,250,67,141
525,251,66,141
529,252,65,141
532,254,64,141
535,255,62,141
538,256,61,141
541,258,60,141
544,259,59,141
548,263,59,140
552,268,59,140
556,272,59,139
560,276,59,138
564,280,59,138
568,285,59,137
570,286,59,134
571,288,59,131
572,290,59,128
574,291,59,125
575,293,59,123
576,294,59,120
578,296,59,117
580,297,57,117
581,298,56,117
583,299,54,117
585,300,52,117
587,301,50,117
589,301,48,117
589,301,49,116
589,300,50,115
590,300,51,115
590,299,52,114
590,298,53,114
591,298,54,113
589,298,54,113
588,299,54,113
586,300,54,113
585,300,54,113
583,301,54,113
581,301,54,113
584,301,54,113
586,301,54,113
588,301,54,113
590,301,54,113
593,301,54,113
594,304,54,113
596,306,54,113
598,308,54,113
600,311,54,113
599,312,54,113
598,313,54,113
597,314,54,113
596,314,54,113
595,314,54,113
594,314,53,113
593,313,53,113
593,313,53,113
592,313,53,113
591,312,53,113
590,312,52,113
589,311,52,113
588,311,52,113
587,311,52,113
586,311,51,112
585,311,50,110
583,312,50,109
582,312,49,107
581,313,48,106
580,313,47,104
578,313,47,103
574,314,46,101
571,314,45,100
567,314,44,98
563,314,48,102
559,313,51,106
556,312,54,109
552,311,57,113
549,312,56,111
547,314,54,109
544,315,53,107
541,317,51,106
539,318,50,104
536,317,49,104
532,316,49,104
529,315,48,105
526,314,47,105
522,313,46,106
518,314,46,104
514,316,46,103
510,317,46,101
506,319,46,100
502,320,46,98
504,318,48,101
506,315,49,105
509,313,50,108
511,311,52,111
513,311,50,111
516,311,47,111
518,311,45,111
520,311,43,111
522,311,41,111
525,310,41,109
528,310,41,107
531,309,41,106
533,309,41,104
532,310,41,104
531,311,41,104
531,312,41,104
530,313,41,104
529,311,41,104
528,310,41,104
527,308,41,104
526,307,41,104
526,309,41,101
526,312,41,99
526,314,41,96
525,313,41,96
525,312,41,96
524,311,41,96
523,312,41,96
522,313,41,96
521,314,41,96
520,315,41,96
518,316,41,96
