383,204,92,237
377,203,95,240
372,199,92,239
370,190,87,238
366,182,88,230
364,179,87,231
360,177,89,234
351,176,89,228
344,169,89,232
341,161,87,225
337,158,86,227
334,158,85,225
332,151,85,225
329,145,85,214
327,140,84,218
323,140,85,217
317,135,82,215
312,129,83,210
306,123,84,210
304,121,82,210
301,122,81,209
296,118,79,209
292,112,83,204
288,108,80,203
286,106,82,203
283,125,82,206
277,154,80,199
277,149,81,196
272,146,82,195
273,146,78,193
271,139,78,188
267,134,78,190
267,133,76,190
262,133,77,188
258,132,73,185
250,125,71,185
245,122,70,186
238,123,70,182
233,117,67,183
229,113,66,175
222,110,67,177
217,111,70,175
209,109,69,176
203,104,67,171
198,100,66,176
194,100,62,173
192,98,62,172
185,93,65,168
181,90,65,167
176,90,68,167
171,90,65,166
163,86,65,162
160,82,64,162
155,82,67,164
152,81,65,163
147,78,68,165
144,74,65,157
140,73,64,158
136,73,63,156
150,70,61,158
175,67,66,157
204,63,66,153
242,61,57,156
270,59,62,156
301,55,62,157
334,53,62,153
329,56,63,152
327,56,62,155
325,59,57,148
316,54,59,153
311,52,60,148
304,50,60,150
301,50,59,149
300,49,55,148
295,46,57,143
286,45,60,144
286,45,54,144
280,43,57,143
278,40,55,140
272,35,59,142
271,34,56,145
269,35,55,142
270,34,55,140
267,29,55,138
267,54,56,149
265,110,52,145
260,156,60,140
266,182,52,135
263,180,52,136
262,182,53,135
262,181,49,136
259,178,55,135
259,176,54,133
259,174,54,133
259,174,56,133
259,172,52,134
259,170,50,127
258,169,49,130
256,167,49,131
256,167,51,131
258,166,48,123
256,163,50,127
255,161,49,128
255,162,50,127
252,159,50,128
252,158,51,123
252,157,50,124
254,156,48,124
253,157,48,121
253,154,45,119
250,152,49,122
249,153,49,119
246,151,52,120
247,145,50,115
247,144,48,116
246,144,48,119
243,142,49,119
246,139,46,120
244,138,45,114
243,134,45,115
243,133,47,115
242,135,45,115
238,133,47,111
240,127,45,116
236,130,49,114
238,127,47,115
243,129,43,110
242,124,41,113
243,121,43,116
243,123,47,112
242,124,45,111
243,119,45,110
246,118,43,111
244,118,46,112
247,119,43,108
249,117,43,106
249,114,44,108
250,116,43,108
248,115,43,107
246,114,43,108
246,111,43,107
245,108,45,108
245,111,41,106
245,110,43,105
244,108,43,103
243,108,44,104
240,107,45,105
240,105,41,103
239,102,43,105
240,101,40,105
239,103,43,103
238,103,40,101
238,100,43,104
238,99,41,102
237,98,39,105
236,98,43,103
235,100,40,101
232,96,41,103
233,95,40,102
233,98,41,98
234,97,41,99
235,95,40,98
236,93,41,98
233,92,44,98
233,96,44,94
236,94,43,94
235,93,44,93
237,91,44,94
238,90,43,97
243,88,36,98
243,89,39,95
245,87,40,96
245,86,41,98
248,87,40,95
249,87,38,94
250,86,38,91
254,83,36,94
259,83,35,95
261,85,36,92
264,83,35,91
266,81,36,92
267,82,38,93
272,81,39,93
275,82,36,92
278,81,37,87
280,78,34,90
281,80,38,90
284,80,35,88
289,78,34,86
292,77,33,85
294,76,35,87
296,76,37,86
296,77,36,87
300,72,32,88
300,76,35,87
303,77,31,82
305,73,32,86
305,71,33,87
306,69,35,91
306,71,33,87
304,69,37,88
303,69,36,84
305,67,35,86
309,66,33,90
306,66,33,90
306,62,38,92
308,64,36,87
308,66,35,86
309,63,34,88
308,69,32,82
309,68,31,78
304,61,34,84
306,62,33,83
308,63,30,81
308,61,32,85
306,58,33,87
306,60,32,86
308,64,30,81
308,61,32,86
306,58,31,82
305,56,32,83
304,59,31,81
305,60,30,79
306,58,31,80
305,56,33,83
304,57,32,81
305,56,33,82
308,58,28,77
308,57,33,75
309,53,30,82
306,55,29,77
309,56,29,76
309,55,31,77
311,52,28,81
311,53,31,78
311,54,29,80
312,56,29,77
312,53,31,78
308,53,29,77
268,53,32,81
242,57,29,78
206,55,33,78
171,51,29,77
132,51,35,79
101,55,32,74
95,45,34,75
94,44,35,76
97,41,31,77
98,43,32,74
99,43,32,74
99,44,30,77
100,40,31,76
103,41,28,75
102,42,31,74
102,42,33,74
103,40,32,74
104,40,31,73
104,40,31,74
106,40,30,72
107,40,31,73
109,39,33,75
107,38,36,74
110,37,35,73
107,38,37,71
109,35,36,72
107,37,36,71
107,36,37,71
110,35,34,72
111,35,33,71
112,34,34,71
114,33,33,71
114,33,32,71
113,32,35,74
112,33,35,71
113,32,35,69
114,30,33,73
114,31,32,71
116,31,31,70
115,31,32,71
115,30,33,71
115,30,34,71
116,29,34,71
114,32,36,67
115,29,32,69
113,29,38,69
115,29,33,70
116,29,35,67
116,29,34,68
117,29,34,66
117,27,35,70
117,28,35,67
117,27,36,68
118,27,35,68
117,25,36,68
119,25,35,68
122,24,33,69
121,24,33,68
122,24,33,67
120,24,35,70
120,22,36,71
117,24,37,67
117,24,36,66
117,22,33,68
116,24,34,64