665,396,39,25
671,396,39,25
676,398,39,25
683,397,35,25
689,397,35,25
695,397,35,25
700,397,35,25
705,397,35,25
709,397,35,25
714,397,35,25
719,397,35,25
725,398,35,25
732,398,35,25
739,398,35,25
747,398,35,25
752,397,32,25
757,397,29,25
765,396,31,25
772,395,33,25
777,395,33,25
782,396,33,25
787,395,31,25
792,395,30,25
797,395,29,25
803,394,29,25
808,394,29,25
814,394,29,25
819,392,23,21
816,395,23,21
815,395,24,21
814,396,25,21
814,396,27,21
816,395,27,21
819,393,27,21
819,393,27,21
819,392,27,21
819,392,27,21
819,391,27,21
819,391,27,21
802,392,40,21
785,393,54,21
736,393,54,21
697,395,54,21
659,394,54,21
633,392,54,21
592,394,54,21
554,402,48,21
527,402,48,21
513,400,48,21
485,399,38,21
460,400,38,21
439,401,35,21
419,402,31,21
398,403,28,21
377,402,28,21
365,399,29,29
345,404,29,25
332,404,29,25
318,404,29,25
306,405,29,25
294,405,29,25
282,406,29,25
269,406,29,25
257,407,29,25
245,407,29,25
233,408,29,25
220,408,29,25
211,409,31,24
201,409,33,23
191,410,35,22
182,410,37,21
172,411,39,20
167,411,39,20
161,410,39,20
156,411,39,19
151,412,39,18
145,413,39,17
139,412,39,17
133,411,39,17
126,411,39,17
120,411,39,17
117,411,39,17
115,410,39,17
116,411,37,17
116,411,35,17
117,412,33,17
118,412,31,17
114,412,31,17
110,412,31,17
111,412,31,17
111,412,31,17
112,413,31,17
112,413,31,17
112,413,33,17
112,413,34,17
113,413,35,17
113,413,35,17
113,413,35,17
113,413,35,17
114,413,35,17
114,413,35,17
114,413,36,17
114,413,38,17
114,413,39,17
114,413,40,17
114,413,41,17
114,413,41,17
115,413,41,17
115,413,41,17
115,413,41,17
115,413,41,17
116,413,41,17
116,413,41,17
116,413,41,17
116,413,41,17
117,413,41,17
117,413,41,17
117,413,41,17
117,413,41,17
118,413,41,17
118,413,41,17
118,413,41,17
118,413,41,17
119,413,41,17
119,413,41,17
119,413,41,17
119,413,41,17
120,413,41,17
120,413,41,17
120,413,41,17
120,413,41,17
121,413,41,17
121,413,41,17
121,413,41,17
121,413,41,17
122,413,41,17
122,413,41,17
122,413,41,17
123,413,41,17
123,413,41,17
123,413,41,17
123,413,41,17
123,413,41,17
123,413,41,17
123,413,41,17
123,413,41,17
123,413,41,17
123,413,41,17
123,413,41,17
123,412,41,17
123,412,41,17
123,412,41,17
122,412,41,17
122,412,41,17
122,412,41,17
122,412,41,17
122,412,41,17
122,412,41,17
122,412,41,17
122,412,41,17
122,412,41,17
122,412,41,17
122,412,41,17
122,412,41,17
121,412,41,17
121,412,41,17
121,412,41,17
121,412,41,17
121,412,41,17
121,412,41,17
121,412,41,17
121,412,41,17
121,412,41,17
121,412,41,17
121,412,41,17
121,412,41,17
121,412,41,17
120,412,41,17
120,412,41,17
120,412,41,17
120,412,41,17
120,412,41,17
120,412,41,17
120,412,41,17
120,412,41,17
120,412,41,17
120,412,41,17
120,412,41,17
120,412,41,17
119,412,41,17
119,412,41,17
119,412,41,17
119,412,41,17
119,411,41,17
119,411,41,17
119,411,41,17
119,411,41,17
119,411,41,17
119,411,41,17
119,411,41,17
119,411,41,17
119,411,41,17
119,411,41,17
119,411,41,17
119,411,41,17
119,411,41,17
119,411,41,17
119,411,41,17
119,411,41,17
119,411,41,17
119,411,41,17
119,411,41,17
119,411,41,17
119,411,41,17
119,411,41,17
119,411,41,17
119,411,41,17
119,411,41,17
119,411,41,18
119,411,41,18
119,411,41,18
119,411,41,19
119,411,40,19
119,411,40,19
119,411,40,20
119,411,40,20
119,411,40,20
119,411,40,21
119,411,40,21
119,411,40,21
119,411,40,20
119,411,40,20
119,411,40,20
119,411,40,20
119,411,40,20
119,411,40,20
119,411,40,20
119,411,40,20
119,411,40,20
119,411,40,20
119,411,40,20
119,411,40,20
119,412,40,20
119,412,40,20
119,412,40,20
119,412,40,20
119,412,40,20
119,412,40,20
119,412,40,20
119,412,40,20
119,412,40,20
119,412,40,20
119,412,40,20
119,412,40,20
119,412,40,19
119,412,40,19
119,412,40,19
119,412,40,19
119,412,40,19
120,411,40,19
122,411,40,19
123,410,40,19
125,409,40,19
126,408,40,19
128,407,40,19
129,406,40,19
142,405,40,19
155,404,40,19
167,403,40,19
180,404,41,19
193,405,43,19
206,406,44,19
219,407,46,19
232,409,48,19
245,410,49,19
258,411,51,19
269,411,51,19
281,412,51,19
292,412,51,19
308,412,49,19
324,412,48,19
339,412,47,19
347,413,44,19
355,413,41,19
360,415,41,19
365,417,41,19
369,419,41,19
372,419,43,19
375,419,44,19
378,419,45,19
381,421,45,19
383,424,45,19
386,426,45,19
388,428,45,19
389,428,45,19
389,428,45,19
390,428,45,19
388,426,45,19
387,425,45,19
385,423,45,19
385,423,45,19
385,423,45,19
384,423,45,19
384,423,45,19
383,423,45,19
382,423,45,19
381,423,45,19
380,423,45,19
378,423,45,19
377,423,45,19
376,423,45,19
375,423,45,19
373,424,45,19
383,424,39,21
393,424,33,23
403,424,27,25
407,424,35,25
412,424,42,25
417,424,49,25
422,423,54,25
428,423,58,25
434,422,63,25
441,422,63,25
448,422,63,25
455,422,63,25
460,423,63,25
465,424,63,25
470,424,63,25
471,424,65,25
472,424,67,25
473,424,69,25
476,424,69,25
479,425,69,25
481,425,69,25
486,425,69,25
492,425,69,25
497,426,69,25
499,426,69,25
501,426,69,25
503,426,69,25
503,426,72,25
504,426,75,25
504,426,78,25
504,426,80,25
504,426,83,25
507,426,82,25
510,426,80,25
513,426,79,25
516,426,78,25
516,426,78,25
517,426,78,25
518,426,78,25
518,426,78,25
518,426,78,25
517,426,77,25
517,426,77,25
516,426,77,25
515,426,76,25
515,426,76,25
514,426,76,25
514,426,75,25
513,426,75,25
513,426,75,25
513,426,75,25
512,426,75,25
512,426,75,26
512,426,75,26
512,426,75,26
511,426,75,27
511,426,75,27
511,426,75,27
511,426,75,27
510,426,75,28
510,426,75,28
510,426,75,28
510,426,75,29
510,426,75,29
510,426,74,29
510,426,74,29
510,426,74,29
510,426,73,29
510,426,73,29
510,426,73,29
510,426,72,29
510,426,72,29
510,426,72,29
510,426,72,27
510,425,72,26
510,424,72,25
510,424,72,25
510,424,72,25
510,424,71,25
510,424,71,25
510,424,71,25
510,424,71,25
510,424,71,25
510,424,71,25
510,424,70,25
510,424,70,25
510,424,70,25
510,424,70,25
510,424,70,25
510,424,70,25
510,424,70,25
510,424,69,25
510,424,69,25
510,424,69,25
510,424,69,25
510,424,69,25
510,424,69,25
510,424,68,25
510,424,68,25
510,424,68,25
505,418,61,25
500,411,53,25
495,404,45,25
494,402,45,25
493,400,45,25
492,398,45,25
491,396,45,25
490,394,45,25
487,393,45,24
483,392,45,24
480,391,45,23
476,390,45,22
473,390,45,21
469,389,45,21
464,389,45,21
459,388,45,21
454,388,45,21
449,388,45,21
447,387,45,21
446,386,45,21
444,385,45,21
443,384,45,21
442,384,40,21
441,384,35,21
440,384,30,21
439,384,25,21
435,384,25,21
432,384,25,21
429,384,25,21
426,384,25,21
423,385,25,21
420,386,25,21
417,386,25,21
414,386,25,21
411,386,25,21
409,386,25,21
406,386,25,21
403,386,25,21
402,387,25,21
402,387,25,21
403,389,25,21
407,391,25,21
410,391,25,21
413,391,25,21
411,392,25,21
403,388,29,20
405,388,30,19
407,390,30,19
410,388,27,19
414,388,26,19
416,388,24,19
419,387,24,19
421,390,23,19
424,389,23,19
427,388,23,19
427,390,28,19
421,389,31,19
423,389,30,19
426,388,28,19
427,387,30,19
422,387,31,19
428,387,28,19
429,388,29,19
430,388,30,19
431,388,29,19
432,388,29,19
432,388,29,19
434,387,29,19
436,386,29,19
437,387,29,19
440,388,29,19
441,388,29,19
442,387,30,19
449,387,28,19
452,387,28,19
467,390,26,19
473,390,31,19
482,390,32,19
492,390,34,19
500,390,35,19
507,390,36,19
515,390,37,19
522,389,38,19
530,389,39,19
538,389,39,19
545,389,40,19
553,389,41,19
560,388,42,19
559,388,52,19
573,388,46,19
586,388,40,19
600,388,35,19
607,388,33,19
614,388,32,19
622,388,30,19
629,388,29,19
631,388,26,19
632,388,24,19
634,388,21,19
635,388,21,19
636,388,21,19
637,388,21,19
638,388,21,19
639,388,21,19
640,388,21,19
641,388,21,19
645,388,21,19
648,388,21,19
651,388,21,19
655,387,21,19
659,385,21,19
663,384,21,19
666,385,21,19
669,386,21,19
672,386,21,19
674,386,21,19
676,386,21,19
679,386,21,19
681,386,21,19
684,386,21,19
687,386,21,19
690,386,21,19
693,386,21,19
695,385,21,19
698,384,21,19
701,383,21,19
704,383,21,19
708,383,21,19
712,382,21,19
714,382,21,19
715,382,21,19
717,382,21,19
719,382,21,19
719,382,21,19
720,382,21,19
721,382,21,19
721,382,21,19
722,382,21,19
724,382,21,19
726,382,21,19
728,382,21,19
731,382,21,19
733,382,21,19
735,382,21,19
737,382,21,19
740,382,21,19
743,382,21,19
746,382,21,19
749,382,21,19
751,382,23,22
753,381,24,24
755,380,25,27
756,380,25,26
758,380,25,25
759,380,25,25
746,380,30,24
733,380,35,23
720,380,40,23
707,380,45,22
703,381,47,21
698,382,48,20
694,382,49,19
679,383,49,19
664,383,49,19
656,383,49,19
648,384,49,19
641,383,52,19
633,382,55,19
633,382,48,19
633,382,41,19
633,382,34,19
633,382,27,19
630,381,27,19
627,381,27,19
626,381,30,19
624,381,32,19
622,382,34,19
620,382,37,19
618,382,39,19
618,382,40,19
618,382,41,19
618,382,41,19
618,382,42,19
618,382,43,19
619,382,43,19
619,383,43,19
619,383,43,19
620,383,43,19
620,383,43,19
619,383,43,19
618,383,43,19
616,383,43,19
610,383,43,19
604,383,43,19
598,383,43,19
592,383,43,19
586,382,43,19
580,382,43,19
574,382,43,19
568,384,43,19
562,386,43,19
537,385,34,19
512,385,25,19
502,386,34,19
492,386,43,19
483,387,52,19
478,387,52,19
473,388,52,19
469,388,52,19
469,388,52,19
469,388,52,19
470,387,52,19
470,387,52,19
470,387,52,19
471,387,52,19
471,386,52,19
471,386,52,19
472,386,52,19
472,386,52,19
471,385,51,19
471,385,51,19
471,385,51,19
471,385,51,19
471,385,51,19
471,385,51,19
471,385,51,19
471,385,51,19
471,385,51,19
471,385,51,19
471,385,51,19
471,385,51,19
471,385,51,19
471,385,51,19
471,385,51,19
471,385,51,19
471,385,51,19
471,385,51,19
471,385,51,19
471,385,51,19
471,385,51,19
471,385,51,19
471,385,51,19
471,385,51,19
471,385,51,19
471,385,51,19
471,385,51,19
471,385,51,19
471,385,51,19
471,385,51,19
471,385,51,19
472,385,51,19
472,385,51,19
472,385,51,19
472,385,52,19
472,384,52,19
472,384,52,19
473,384,52,19
473,384,52,19
473,384,53,19
473,384,53,19
473,384,53,19
473,384,53,19
474,384,53,19
474,384,54,19
474,384,54,19
475,384,53,19
476,384,53,19
477,384,52,19
478,384,51,19
480,384,51,19
481,384,50,19
482,384,49,19
