112,211,499,212
114,211,497,212
116,209,492,217
113,209,492,214
114,211,490,213
109,208,496,217
111,208,494,215
108,207,494,213
106,207,491,214
102,206,494,213
101,208,491,212
98,205,492,214
96,206,489,210
92,204,488,209
87,203,486,213
83,204,483,209
76,201,486,211
67,201,486,207
62,198,484,205
68,199,483,207
93,197,484,204
129,195,480,203
150,194,476,202
145,194,474,201
132,189,482,208
123,189,476,201
115,187,472,201
106,183,470,201
97,183,468,197
86,182,470,196
75,179,468,197
68,179,468,198
56,179,467,196
44,177,464,197
31,177,463,193
15,174,465,193
4,171,458,184
28,170,456,177
48,167,461,176
65,166,457,172
90,161,458,165
92,161,455,154
86,158,455,173
67,161,453,165
52,158,456,171
38,155,452,177
24,157,452,159
4,151,451,173
0,152,443,176
0,148,427,175
0,146,414,188
0,145,401,189
0,145,389,184
0,145,385,177
0,146,414,174
2,139,448,177
42,140,436,175
57,137,446,178
86,136,451,178
124,135,448,177
158,135,442,176
182,137,437,174
175,138,439,172
174,135,440,175
171,135,438,174
168,135,435,174
161,136,441,173
157,134,438,173
152,135,437,171
152,133,434,173
147,133,436,173
144,133,436,171
140,132,435,170
138,131,434,171
138,131,434,170
138,131,434,173
138,132,434,172
139,131,432,175
138,129,434,174
138,133,434,169
138,132,434,171
138,132,430,169
136,132,435,173
137,133,433,173
134,130,437,174
136,131,436,170
133,131,437,175
135,131,432,171
134,131,432,171
132,131,432,174
128,129,434,169
128,130,434,169
126,130,434,168
122,130,434,172
121,129,432,171
116,127,430,175
111,130,431,168
106,129,435,169
102,128,432,169
90,129,433,166
84,126,434,171
72,126,432,167
60,127,434,165
50,125,438,166
70,125,436,166
87,121,430,165
99,119,439,167
96,121,436,160
75,118,433,162
59,119,434,158
36,116,434,163
10,115,438,154
0,111,422,162
0,111,391,159
0,109,363,158
0,107,364,158
0,106,363,157
0,104,359,157
0,101,359,155
0,99,359,153
0,98,359,155
0,99,360,150
0,96,357,153
0,94,358,151
0,94,358,147
0,93,335,147
