160,212,65,213
156,208,65,213
152,205,65,213
148,201,65,213
144,198,65,213
140,195,65,213
133,191,65,211
125,188,65,209
118,184,65,207
111,181,65,205
104,178,65,203
95,173,65,203
120,168,65,203
145,163,65,203
170,158,65,203
195,153,65,203
221,150,64,201
247,147,64,199
272,144,63,197
310,143,62,195
339,139,62,193
376,137,62,193
413,136,62,193
439,127,62,192
439,123,62,190
440,119,62,189
435,118,62,186
429,118,62,184
424,117,62,181
422,113,62,181
419,109,62,181
417,105,62,181
412,102,62,179
408,100,62,178
404,97,62,176
399,95,62,176
394,93,62,176
389,91,62,176
387,123,62,176
385,155,62,176
383,187,62,176
381,228,62,176
379,269,62,176
378,280,60,169
376,292,59,162
372,289,59,162
367,286,59,162
362,283,59,162
358,280,59,162
354,278,59,162
350,275,59,162
346,273,58,162
343,271,57,162
339,269,56,162
335,268,56,161
330,267,56,160
325,266,56,159
319,267,54,157
313,267,53,155
303,264,53,155
292,260,53,155
282,256,53,155
273,254,53,155
264,252,53,155
256,250,53,155
246,251,53,155
237,251,53,155
228,252,53,155
218,250,53,152
207,248,53,150
197,246,53,147
187,246,53,147
176,246,53,147
166,246,53,147
146,245,53,147
162,244,53,147
177,243,53,147
200,240,53,147
223,237,53,147
246,235,53,147
272,235,53,147
297,235,53,147
322,235,53,147
342,232,53,147
361,230,53,147
344,230,53,147
330,230,53,147
316,230,53,147
302,230,53,147
289,229,53,147
276,227,53,147
263,226,53,147
251,226,53,147
239,226,53,147
226,226,53,147
219,225,53,147
212,223,53,147
205,222,53,147
202,222,52,145
227,221,51,144
253,221,49,142
276,218,49,142
299,216,49,142
322,213,49,142
356,206,49,142
367,207,49,142
378,207,49,142
366,205,49,142
354,203,49,142
342,201,49,142
332,200,49,142
322,199,49,142
311,198,49,142
301,197,49,142
291,196,49,142
280,195,49,142
272,196,49,142
263,197,48,142
254,198,49,142
246,198,45,142
237,198,40,142
257,198,49,142
299,198,49,142
315,196,47,142
331,194,45,142
347,192,49,142
369,190,49,140
391,189,49,138
413,188,49,136
442,190,49,136
471,192,49,136
458,188,49,136
446,185,49,136
434,182,49,136
424,181,48,132
414,180,47,129
404,179,46,125
396,180,46,125
388,180,46,125
379,181,46,125
373,179,46,125
366,178,46,125
359,176,46,125
351,176,46,125
343,176,46,125
335,176,46,125
326,175,46,125
318,174,46,125
310,173,46,125
303,170,46,125
296,168,46,125
290,165,46,125
285,164,46,125
279,163,46,125
274,162,46,125
270,162,46,123
265,161,46,121
260,161,46,119
256,161,46,119
252,161,46,119
248,161,46,119
244,158,46,118
241,155,46,117
237,153,46,116
236,153,45,116
235,153,43,116
234,153,42,116
232,151,42,116
231,150,42,116
229,148,42,116
227,147,42,116
224,145,42,116
222,144,42,116
225,141,39,111
228,139,36,105
