246,258,28,40
246,258,28,40
247,258,28,40
248,258,28,40
249,258,28,40
250,258,28,40
251,258,28,40
251,258,28,40
252,258,28,40
253,258,28,40
253,258,28,40
254,258,28,40
254,258,28,40
255,258,28,40
255,258,28,40
256,258,28,40
257,258,28,40
257,258,28,40
258,258,28,40
259,258,28,40
260,258,28,40
261,258,28,40
262,258,28,40
262,258,28,40
263,258,28,40
264,258,28,40
265,258,28,40
266,258,28,40
267,258,28,40
267,258,28,40
268,258,28,40
269,258,28,40
270,258,28,40
270,259,28,41
271,259,28,41
272,259,28,41
272,259,28,41
273,259,28,41
273,260,28,42
274,260,28,42
275,260,28,42
276,259,28,42
277,259,28,42
278,259,28,42
280,258,28,42
281,258,28,42
281,258,28,42
282,258,28,42
282,258,28,42
283,258,28,42
283,258,28,42
284,258,28,42
285,258,28,42
285,258,28,42
286,258,28,42
287,258,28,42
288,258,28,42
289,258,28,42
290,258,28,42
290,258,28,42
291,258,28,42
292,258,28,42
293,258,28,42
294,258,28,42
295,258,28,42
296,258,28,42
297,258,28,42
297,258,28,42
298,258,28,42
299,258,28,42
300,258,28,42
301,258,28,42
301,257,28,42
301,256,28,42
302,255,28,42
302,254,28,42
302,253,28,42
303,254,28,42
304,255,28,42
304,256,28,42
305,257,28,42
306,258,28,42
306,258,28,42
307,257,28,42
308,257,28,42
308,257,28,42
309,256,28,42
310,256,28,42
312,256,28,42
313,256,28,42
314,256,28,42
316,256,28,42
316,256,28,42
317,255,28,42
317,255,28,42
318,254,28,42
319,254,28,42
319,253,28,42
320,253,28,42
321,253,28,42
322,253,28,42
322,253,28,42
323,253,28,42
324,253,28,42
324,253,28,42
325,253,28,42
325,252,28,42
325,252,28,42
326,252,28,42
326,251,28,42
327,251,28,42
328,251,28,42
329,251,28,42
330,251,28,42
331,251,28,42
332,251,28,42
334,252,28,42
335,252,28,42
337,252,28,42
338,253,28,42
339,253,28,42
341,253,28,42
341,253,28,42
341,253,28,42
342,253,28,42
342,253,28,42
342,253,28,42
342,253,28,42
343,253,28,42
344,253,28,42
344,253,28,42
345,253,28,42
345,253,28,42
346,253,28,42
347,253,28,42
347,253,28,42
348,253,28,42
349,253,28,42
350,253,28,42
351,253,28,42
351,253,28,42
352,253,28,42
353,252,28,42
353,252,28,42
354,252,28,42
354,251,28,42
355,251,28,42
356,251,28,42
358,251,28,42
359,250,28,42
360,250,28,42
361,250,28,42
362,250,28,42
363,250,28,42
363,250,28,42
364,250,28,42
365,250,28,42
366,250,28,42
366,250,28,42
367,250,28,42
368,250,28,42
368,250,28,42
369,250,28,42
369,250,28,42
371,250,28,42
372,250,28,42
373,250,28,42
375,250,28,42
376,250,28,42
378,250,28,42
378,250,28,42
379,250,28,42
380,250,28,42
381,250,28,42
382,250,28,42
383,250,28,42
383,250,28,42
384,250,28,42
384,250,28,42
384,250,28,42
385,250,28,42
385,250,28,42
386,250,28,42
388,250,28,42
389,250,28,42
391,250,28,42
393,250,28,42
394,250,28,42
396,250,28,42
398,249,28,42
399,249,28,42
401,248,28,42
403,248,28,42
404,247,28,42
406,246,28,42
406,246,28,42
406,246,28,42
406,246,28,42
406,246,28,42
406,246,28,42
406,246,28,42
407,246,28,42
408,246,28,42
409,246,28,42
410,246,28,42
411,246,28,42
413,246,28,42
414,247,28,42
416,247,28,42
418,247,28,42
419,248,28,42
421,248,28,42
423,248,28,42
424,248,28,42
425,247,28,42
426,247,28,42
427,246,28,42
429,246,28,42
430,245,28,42
431,245,28,42
432,245,28,42
434,245,28,42
435,245,28,42
437,245,28,42
438,245,28,42
439,245,28,42
440,245,28,42
440,245,28,42
441,245,28,42
442,245,28,42
442,245,28,42
443,245,28,42
444,245,28,42
445,245,28,42
447,245,28,42
448,245,28,42
450,245,28,42
451,245,28,42
452,245,28,42
453,245,28,42
454,245,28,42
455,245,28,42
457,245,28,42
458,245,28,42
459,245,28,42
461,245,28,42
463,246,28,42
464,246,28,42
466,246,28,42
468,246,28,42
469,246,28,42
469,246,28,42
470,246,28,42
471,246,28,42
472,246,28,42
473,246,28,42
474,246,28,42
476,246,28,42
478,246,28,42
479,246,28,42
481,246,28,42
483,246,28,42
484,246,28,42
486,245,28,42
488,245,28,42
489,244,28,42
491,244,28,42
493,243,28,42
494,243,28,42
495,244,28,42
496,244,28,42
497,244,28,42
498,244,28,42
499,245,28,42
501,245,28,42
503,245,28,42
505,245,28,42
507,245,28,42
509,245,28,42
511,245,28,42
513,245,28,42
514,245,28,42
516,245,28,42
518,245,28,42
519,245,28,42
521,245,28,42
523,245,28,42
524,245,28,42
525,245,28,42
527,245,28,42
528,245,28,42
529,245,28,42
531,245,28,42
532,245,28,42
533,245,28,42
534,245,28,42
535,245,28,42
536,245,28,42
537,245,28,42
538,245,28,42
539,245,28,42
541,245,28,42
542,245,28,42
543,245,28,42
545,245,28,42
546,245,28,42
548,246,28,42
550,246,28,42
551,246,28,42
553,246,28,42
554,246,28,42
555,246,28,42
555,246,28,42
556,246,28,42
557,246,28,42
558,246,28,42
560,246,28,42
562,246,28,42
564,246,28,42
566,246,28,42
568,246,28,42
570,246,28,42
571,246,28,42
573,246,28,42
575,246,28,42
576,246,28,42
578,246,28,42
580,246,28,42
580,246,28,42
581,246,28,42
582,246,28,42
583,245,28,42
584,245,28,42
585,245,28,42
586,244,28,42
588,244,28,42
590,244,28,42
591,244,28,42
593,243,28,42
595,243,28,42
596,243,28,42
597,243,28,42
598,242,28,42
599,242,28,42
600,242,28,42
601,241,28,42
603,241,28,42
605,241,28,42
606,241,28,42
608,241,28,42
610,241,28,42
611,241,28,42
614,241,28,42
616,241,28,42
618,241,28,42
620,240,28,42
622,240,28,42
625,240,28,42
627,240,28,42
630,240,28,42
632,240,28,42
635,240,28,42
637,240,28,42
640,240,28,42
641,240,28,42
642,240,28,42
643,240,28,42
644,240,28,42
645,240,28,42
646,240,28,42
648,240,28,42
649,240,28,42
651,241,28,42
652,241,28,42
653,241,28,42
655,241,28,42
657,241,28,42
660,241,28,42
662,241,28,42
665,241,28,42
667,241,28,42
670,241,28,42
671,241,28,42
671,241,28,42
672,241,28,42
673,241,28,42
674,241,28,42
675,241,28,42
677,241,28,42
679,241,28,42
681,241,28,42
684,241,28,42
686,241,28,42
688,241,28,42
689,241,28,42
689,241,28,42
690,241,28,42
690,241,28,42
691,241,28,42
691,241,28,42
693,241,28,42
695,240,28,42
697,240,28,42
699,239,28,42
701,239,28,42
703,238,28,42
705,238,28,42
706,238,28,42
708,238,28,42
710,238,28,42
711,238,28,42
713,238,28,42
715,238,28,42
716,238,28,42
718,237,28,42
720,237,28,42
721,237,28,42
723,236,28,42
725,236,28,42
726,236,28,42
727,236,28,42
729,236,28,42
730,236,28,42
731,236,28,42
733,236,28,42
735,236,28,42
737,236,28,42
738,235,28,42
740,235,28,42
742,235,28,42
743,235,28,42
745,235,28,42
747,235,28,42
748,235,28,42
750,235,28,42
752,235,28,42
753,235,28,42
754,235,28,42
755,235,28,42
756,235,28,42
757,235,28,42
758,235,28,42
760,234,28,42
762,234,28,42
764,234,28,42
766,234,28,42
768,233,28,42
770,233,28,42
771,233,28,42
773,234,28,42
774,234,28,42
775,234,28,42
777,234,28,42
778,235,28,42
780,235,28,42
782,235,28,42
783,235,28,42
785,235,28,42
787,235,28,42
788,235,28,42
790,235,28,42
792,235,28,42
794,235,28,42
796,235,28,42
798,235,28,42
800,235,28,42
802,234,28,42
804,234,28,42
806,234,28,42
808,234,28,42
810,233,28,42
812,233,28,42
813,233,28,42
815,233,28,42
817,233,28,42
818,233,28,42
820,231,28,42
