316,102,146,94
308,97,144,93
300,92,141,93
292,87,139,92
284,82,136,91
280,81,130,88
275,81,124,84
271,80,118,81
265,68,115,80
261,69,113,76
256,65,110,76
252,60,107,76
248,57,105,76
242,57,102,76
239,75,100,76
237,114,99,75
234,152,98,74
232,191,98,72
229,230,97,71
227,268,96,70
225,283,95,67
223,280,92,66
222,277,88,66
220,274,85,66
218,270,82,65
216,268,81,64
214,266,80,63
211,264,79,62
209,262,78,61
207,260,78,60
206,258,76,59
206,256,74,58
206,254,72,57
205,252,70,55
205,249,68,54
205,248,67,54
205,246,67,53
205,244,66,52
206,242,66,52
206,241,65,51
208,239,65,50
210,237,64,50
212,235,63,49
215,233,63,48
217,232,62,48
220,230,62,47
223,229,63,46
226,228,63,46
229,226,63,45
232,225,63,44
237,224,63,44
241,222,63,43
246,221,63,43
250,220,62,43
255,218,62,42
260,217,61,42
265,216,60,42
270,215,59,41
275,214,59,41
280,213,58,41
285,212,57,40
289,211,56,40
294,210,56,39
299,209,55,38
303,208,54,38
307,207,54,38
311,207,54,38
315,206,54,38
319,205,54,38
323,204,54,38
328,203,53,37
332,202,53,36
337,201,52,36
341,200,51,35
345,199,50,34
350,198,49,34
355,197,49,34
359,196,49,34
364,195,48,34
369,194,48,34
371,194,48,33
