145,159,25,61
149,161,25,61
153,163,25,61
154,161,25,60
155,158,25,60
156,156,25,59
161,155,25,59
165,155,24,59
170,154,24,58
180,149,24,58
189,145,24,58
199,141,24,57
211,141,24,57
223,141,24,57
236,141,23,56
249,142,23,56
262,142,23,56
276,143,23,55
289,144,23,55
301,145,23,55
313,147,23,54
327,159,22,54
339,148,22,54
352,151,23,53
365,154,23,53
378,157,23,53
386,158,22,52
391,158,21,53
396,158,21,53
401,159,21,54
406,159,21,54
411,160,21,55
415,160,21,55
419,160,21,55
423,160,21,54
427,160,22,54
428,162,21,54
428,162,21,55
428,162,21,55
427,162,22,56
427,162,22,57
427,162,22,57
425,164,22,57
424,165,22,57
422,167,22,57
421,169,22,57
419,170,22,57
418,172,22,57
416,174,22,57
415,175,22,57
414,176,22,57
414,177,22,57
413,177,22,57
413,178,22,57
412,179,22,57
412,179,22,57
412,180,22,57
411,181,22,57
411,181,22,57
410,182,22,57
410,183,22,57
409,185,22,57
409,187,22,57
408,188,22,57
408,190,22,57
407,192,22,57
407,193,22,56
406,195,22,56
406,197,22,56
405,198,22,56
405,200,22,56
405,201,22,56
406,202,22,56
407,204,23,56
407,205,23,56
408,206,23,56
409,207,23,56
410,208,23,56
410,209,23,56
411,211,23,56
412,212,24,56
413,214,23,56
414,216,23,56
415,218,23,56
415,220,23,56
416,222,23,56
417,224,23,56
418,226,23,56
419,228,23,56
420,229,23,56
421,230,23,56
422,231,23,56
422,231,24,56
423,232,24,55
424,232,24,55
425,233,24,55
425,233,25,55
426,234,25,55
425,237,25,55
424,239,24,55
423,242,24,56
422,245,24,56
421,248,23,56
420,251,23,56
419,254,22,57
418,257,22,57
418,257,23,58
417,258,23,59
416,258,24,60
415,259,24,60
415,260,25,61
414,260,25,62
413,261,25,63
413,263,26,62
412,265,26,62
411,267,27,61
414,267,27,62
417,268,27,63
419,268,28,63
422,268,28,64
427,268,28,63
432,267,28,62
438,267,28,62
443,266,29,61
448,266,29,60
453,266,29,60
458,267,28,59
462,268,28,59
467,269,28,59
472,269,28,58
477,270,27,58
481,271,27,57
486,271,27,57
495,271,27,58
503,270,28,60
510,270,28,61
518,269,28,62
519,267,30,62
521,265,32,62
522,263,34,62
524,261,36,62
521,257,39,64
518,254,42,66
522,253,39,66
525,252,36,65
528,252,34,65
531,251,31,65
530,253,30,65
528,254,29,66
527,256,28,66
528,258,31,63
525,257,32,62
521,255,33,62
518,254,34,62
515,253,35,62
511,251,37,62
508,250,38,62
505,249,39,61
501,248,40,61
496,242,40,62
491,236,40,62
486,230,40,62
481,224,40,63
476,218,39,63
472,211,39,64
467,205,39,64
462,199,39,65
454,194,39,65
447,189,38,65
440,183,38,65
433,178,38,65
425,172,37,65
418,167,37,65
414,159,37,66
409,152,37,66
405,144,36,66
401,137,36,66
394,126,38,67
387,116,40,68
379,107,42,66
371,99,44,64
369,99,44,63
366,100,44,63
363,103,44,60
366,104,41,61
368,106,38,62
370,107,35,63
373,109,32,63
367,111,34,64
362,113,35,65
356,115,36,66
356,115,37,69
357,115,37,71
358,115,38,73
358,117,37,72
359,119,36,72
359,122,35,71
361,129,35,70
362,137,35,70
363,139,35,69
363,141,34,68
364,143,34,68
365,145,34,67
369,151,37,67
373,158,40,67
376,160,42,67
378,161,45,67
375,161,43,67
373,160,40,66
375,160,38,65
385,164,35,68
396,167,33,70
396,173,31,67
392,176,35,66
388,179,39,66
384,182,43,66
380,185,47,66
376,187,50,67
372,189,52,68
362,190,50,70
353,191,49,72
344,196,47,71
335,201,45,70
325,207,43,69
316,212,42,68
307,217,40,67
291,221,42,68
276,225,44,70
266,225,43,69
256,226,43,68
247,226,42,67
244,227,41,67
241,228,41,66
239,228,41,68
240,229,41,69
240,230,42,71
241,231,42,73
246,232,40,71
251,233,38,68
254,233,38,69
250,234,40,69
246,234,42,69
242,234,45,70
238,234,47,70
234,234,49,70
230,235,52,70
233,235,50,70
237,236,47,70
240,237,45,70
244,237,43,69
247,238,41,69
251,239,39,69
251,239,39,69
251,240,40,69
251,241,40,69
251,242,40,69
251,242,41,69
251,243,41,69
251,244,41,69
254,244,40,70
257,245,39,70
260,245,37,71
263,245,36,72
266,246,35,73
264,249,35,72
263,253,36,72
259,257,45,72
253,261,46,72
247,265,47,73
235,269,48,73
223,273,50,74
211,277,51,74
199,275,50,74
187,274,49,75
176,273,47,75
164,272,46,75
158,270,45,75
151,269,44,76
144,268,43,76
143,269,43,78
143,270,44,78
142,272,45,79
141,273,46,79
140,277,46,79
140,281,46,78
139,285,46,77
138,293,45,77
143,295,44,76
148,298,44,76
153,300,43,76
158,303,42,75
163,305,41,75
168,308,47,75
174,311,52,74
179,315,57,74
183,311,56,75
187,308,55,76
192,305,54,76
195,303,51,76
198,301,49,76
201,299,46,76
204,297,43,75
207,295,40,75
208,293,41,75
209,292,42,76
212,296,43,76
216,300,44,76
219,304,45,77
223,308,46,77
226,311,46,77
229,313,46,76
232,316,47,76
235,319,47,76
238,322,47,75
241,325,47,75
250,325,41,75
260,325,34,75
262,326,37,75
264,326,40,74
266,327,44,74
268,327,47,73
271,328,50,73
273,327,55,74
274,327,59,76
276,326,58,76
278,326,56,76
280,325,54,75
285,326,51,75
290,327,47,75
295,327,44,74
300,328,41,74
305,329,37,73
308,330,41,75
312,332,44,76
316,333,48,77
320,335,51,79
324,337,54,80
328,338,51,80
333,339,48,79
338,340,45,78
342,341,42,78
347,342,39,77
352,343,37,76
356,344,34,75
359,345,38,76
361,347,42,76
364,349,46,76
366,350,51,77
368,352,55,77
371,353,59,77
375,355,55,77
380,357,51,77
385,358,47,77
389,360,43,76
394,362,39,76
398,363,35,76
392,364,40,78
385,365,44,80
378,366,49,81
377,373,51,81
376,381,53,82
375,388,55,82
375,392,57,84
372,398,57,84
369,403,56,83
366,408,56,83
359,411,55,82
352,413,55,82
346,418,51,81
340,422,47,80
334,426,44,78
328,431,40,77
318,430,41,78
313,430,41,78
308,430,42,78
303,430,42,78
297,430,43,78
292,430,44,79
287,429,44,79
282,429,45,79
276,429,45,79
271,429,46,79
266,429,46,80
260,429,47,80
255,429,47,80
250,428,48,80
245,428,49,80
239,428,49,81
234,428,50,81
229,428,50,81
224,428,51,81
218,427,51,81
213,427,52,82
208,427,52,82
202,427,53,82
197,427,54,82
192,427,54,82
187,426,55,83
181,426,55,83
176,426,56,83
171,426,56,83
165,426,57,83
160,426,57,84
155,425,58,84
150,425,59,84
144,425,59,84
139,425,60,84
134,425,60,84
136,424,61,85
138,424,61,85
140,424,62,85
137,420,62,85
133,415,63,85
130,411,64,86
127,412,62,86
124,412,61,85
121,413,60,85
118,413,58,85
115,414,57,85
114,416,52,85
113,418,48,85
112,420,44,85
107,420,49,85
101,419,54,85
96,418,59,85
93,420,63,85
90,422,67,84
88,424,71,84
82,429,70,83
75,433,70,83
69,438,70,83
70,441,67,84
73,442,60,84
76,443,54,85
63,444,58,86
57,445,55,87
51,447,52,88
52,450,55,88
53,454,59,88
55,458,63,88
56,461,67,87
57,465,71,87
55,462,72,88
54,459,73,88
56,458,67,88
58,458,61,88
61,458,55,88
63,457,49,88
67,456,50,88
72,453,57,88
76,450,65,87
81,448,73,87
84,449,74,86
87,449,76,86
90,450,77,86
93,451,78,85
102,452,73,86
111,452,68,86
120,453,62,86
129,454,57,87
138,454,51,87
141,457,50,87
145,460,49,87
145,463,58,87
145,467,67,86
145,470,76,85
146,471,76,85
147,472,75,84
147,473,75,83
145,474,73,84
156,476,67,84
167,477,61,84
178,478,55,84
184,478,49,85
191,478,42,85
192,474,49,85
192,470,55,85
193,466,62,85
194,462,68,85
195,458,74,85
197,457,72,85
200,456,70,85
202,456,67,85
205,455,65,85
207,454,63,85
218,452,54,85
228,450,45,85
232,451,50,85
236,452,55,85
239,452,60,85
243,453,65,85
246,452,68,85
250,452,70,85
255,450,68,85
260,449,66,85
265,448,63,85
270,447,61,85
276,446,59,85
281,444,54,85
285,442,49,85
290,440,45,84
295,440,51,84
300,440,56,84
305,441,62,84
307,441,69,84
309,439,70,84
311,437,70,84
313,435,70,84
315,433,70,85
318,430,70,85
324,425,64,86
331,420,58,87
337,414,51,88
342,412,56,88
351,405,55,87
359,398,54,87
369,400,57,86
385,408,76,86
403,426,77,85
433,438,79,87
446,440,79,83
456,438,76,84
475,430,68,83
495,422,60,83
515,414,52,82
519,406,47,87
523,399,42,93
518,392,45,98
514,380,51,95
510,368,57,91
506,355,63,88
515,354,69,84
516,359,72,83
517,363,75,81
544,374,78,80
556,376,76,79
576,377,67,79
595,378,58,80
605,375,54,80
616,372,50,80
626,369,45,80
633,366,53,80
639,363,61,80
638,363,66,79
637,364,72,78
636,365,77,77
639,365,77,77
643,364,77,77
646,363,77,77
683,360,53,79
699,357,50,80
711,353,53,81
721,351,49,83
730,349,45,84
743,344,50,86
748,341,59,86
754,339,68,86
757,346,69,84
761,353,70,83
776,358,71,83
791,363,72,83
807,368,73,83
820,368,67,83
834,368,61,83
847,368,55,83
847,364,53,83
844,363,58,85
840,361,64,86
836,359,69,87
832,358,74,89
828,356,80,90
824,354,85,91
824,354,86,91
824,354,86,90
824,354,87,90
832,357,77,90
841,360,67,90
849,363,57,90
851,367,58,90
853,371,59,89
855,374,60,89
858,376,66,89
860,378,72,88
862,380,78,87
859,378,80,87
856,377,82,87
852,375,84,87
854,377,84,87
856,379,84,87
