577,352,17,17
577,352,17,17
576,353,17,17
575,353,17,17
574,353,17,17
573,353,17,17
572,353,17,17
571,353,18,17
570,353,18,17
569,353,18,17
569,353,18,17
569,353,18,17
569,354,17,17
569,354,17,17
569,354,17,17
568,355,17,17
568,355,17,17
568,355,17,17
568,355,17,17
568,355,17,17
567,355,17,17
566,355,17,17
566,355,18,17
565,355,18,17
564,355,18,17
563,356,18,17
562,356,18,17
562,356,18,17
561,357,18,17
560,357,18,16
559,357,18,16
559,357,18,16
558,357,17,16
557,357,17,16
556,357,17,15
556,358,17,16
555,358,17,16
555,358,17,16
554,358,17,17
554,358,17,17
553,358,17,17
553,359,17,17
553,359,17,17
552,360,17,17
552,360,17,16
552,360,17,17
551,360,17,17
551,360,17,17
550,359,17,17
550,359,17,17
549,360,17,17
548,360,17,17
547,361,17,17
546,361,17,18
545,362,17,18
544,362,18,18
543,362,18,18
541,362,18,18
540,362,18,18
539,362,18,18
538,362,18,17
538,363,18,17
538,363,18,17
537,363,18,17
537,363,17,16
536,364,18,17
536,364,18,17
536,365,18,17
536,365,18,17
535,366,18,17
535,366,18,17
535,366,19,17
534,366,19,17
534,366,19,18
533,366,20,18
532,366,20,18
532,367,20,18
531,367,20,18
530,367,20,18
529,368,20,18
527,368,19,18
526,368,19,18
525,368,19,18
523,368,18,18
522,368,18,18
521,368,18,17
521,368,18,17
520,368,18,16
519,368,18,16
518,368,18,15
518,369,18,16
517,369,18,16
516,370,19,16
515,370,19,16
515,371,19,16
514,371,19,16
513,371,19,17
513,371,19,17
512,371,19,17
511,371,19,17
510,371,20,17
508,371,20,17
507,371,21,17
506,372,21,17
504,372,21,17
503,372,21,17
503,373,21,17
502,373,20,17
501,373,20,16
500,374,19,16
499,373,19,16
498,373,20,17
498,373,20,17
497,373,20,17
496,373,20,17
496,373,20,17
496,374,20,17
496,375,20,17
496,375,19,17
496,376,19,17
495,376,20,17
495,377,20,17
495,377,20,17
495,377,20,17
494,377,20,17
493,377,21,17
492,377,21,17
492,377,21,17
491,377,21,17
490,377,21,17
488,377,21,18
487,378,21,18
486,378,21,18
485,379,21,18
483,379,21,19
482,379,22,19
481,379,22,19
480,379,22,19
479,378,23,19
477,378,23,19
477,379,23,19
476,379,23,19
475,380,23,19
475,380,23,18
474,381,23,18
474,381,22,19
474,381,22,19
474,382,22,19
474,382,22,19
474,382,22,20
473,382,22,20
472,382,21,20
472,382,21,20
471,382,21,20
470,382,21,20
469,383,21,20
468,384,21,20
467,385,21,20
466,385,21,20
465,386,21,20
463,386,21,20
461,386,21,20
460,386,21,21
458,385,21,21
456,385,21,21
455,386,21,21
455,386,21,21
454,386,21,21
453,387,21,21
452,387,21,21
452,387,21,21
451,388,21,21
451,388,21,21
450,389,21,21
449,389,21,21
449,389,21,21
448,389,22,21
447,389,22,21
447,389,22,21
446,389,22,21
445,390,22,21
443,390,22,21
442,391,22,21
441,391,22,21
440,392,22,21
440,392,22,21
441,392,22,21
443,393,22,21
450,392,22,21
457,392,22,21
463,393,22,21
466,393,22,21
469,392,23,21
469,393,23,22
470,393,24,22
470,394,25,23
470,396,25,23
472,396,25,23
474,397,25,23
476,397,25,23
477,397,26,23
477,397,26,23
476,397,26,23
476,397,26,23
476,397,26,23
474,397,26,23
473,398,26,23
472,398,26,23
470,398,26,23
469,398,26,23
467,399,26,23
465,399,26,23
463,399,26,23
461,399,26,23
458,399,26,23
457,400,26,23
455,400,26,23
454,400,26,23
452,401,26,23
450,401,26,23
449,402,26,23
448,402,26,23
447,403,26,24
446,404,26,24
444,404,26,24
444,405,26,24
443,405,26,24
442,406,26,24
441,406,26,24
441,407,26,24
439,407,27,24
437,407,27,24
436,407,27,24
434,407,28,24
432,407,28,24
431,407,28,24
429,408,28,24
427,408,28,24
426,409,28,25
424,409,28,25
422,409,28,25
420,409,27,25
419,409,27,25
417,409,28,25
415,409,28,25
414,410,28,25
413,410,28,25
411,410,28,25
410,411,28,26
409,411,28,26
408,412,28,26
407,413,29,26
406,414,29,25
405,415,29,25
404,416,30,25
403,416,30,25
402,416,30,25
402,416,30,25
401,416,30,25
400,416,30,25
398,417,30,25
396,418,30,25
393,419,30,25
391,420,30,25
389,420,30,25
387,420,30,26
385,420,30,26
382,420,30,26
380,420,30,26
377,420,31,27
376,420,30,27
374,421,30,27
372,421,30,27
371,421,30,27
369,421,30,27
368,423,30,27
368,424,30,27
367,425,30,27
366,427,30,27
366,428,30,27
365,428,30,27
364,428,31,27
363,428,31,28
362,428,32,28
361,428,32,28
359,428,32,28
358,428,32,28
356,429,32,29
355,429,32,29
353,429,32,29
351,429,32,29
348,430,32,29
346,431,32,29
343,431,32,29
340,432,32,29
338,432,32,29
336,432,32,29
333,432,33,29
331,432,33,30
328,431,33,30
327,432,33,30
325,434,32,30
324,435,32,31
322,436,31,31
321,437,31,31
319,437,31,31
318,437,31,31
317,438,31,31
315,438,31,31
314,438,31,31
311,439,32,31
309,439,32,31
306,440,33,31
304,440,33,32
301,441,34,32
299,441,34,32
296,442,34,32
293,442,34,32
291,442,34,33
288,443,34,33
285,443,34,32
283,443,34,32
280,444,35,32
277,444,36,33
274,444,37,33
273,445,37,33
272,446,37,33
271,447,37,33
270,447,37,33
269,448,36,33
269,449,36,33
268,450,36,34
267,451,36,34
267,452,36,34
266,453,37,35
265,453,37,35
263,453,38,35
262,453,39,35
260,453,40,35
259,452,40,36
260,454,40,36
260,455,39,36
261,456,38,36
262,457,39,36
262,458,40,36
264,458,40,36
273,458,40,36
279,458,40,36
289,458,40,36
305,458,40,36
308,460,40,36
311,461,40,36
315,463,40,36
318,465,40,36
321,467,40,36
326,467,40,36
334,470,40,36
341,472,40,36
353,473,40,36
413,479,40,36
457,479,40,36
493,482,40,36
509,482,43,38
518,485,43,38
517,484,43,38
516,483,43,39
514,482,43,39
513,481,43,40
508,484,44,40
503,486,44,40
498,486,44,40
493,486,43,40
488,486,43,41
484,486,44,41
479,486,45,41
474,486,46,41
470,488,47,41
467,489,47,41
464,490,48,41
461,491,48,41
458,493,48,41
456,494,48,41
454,496,48,41
451,497,48,41
449,499,48,41
445,499,49,41
442,500,49,41
438,500,50,41
434,500,50,41
430,501,51,41
426,501,51,42
421,501,50,43
415,502,51,43
409,503,51,43
402,505,51,43
397,505,51,43
391,505,52,43
386,505,52,44
380,505,52,44
375,506,52,44
367,506,53,44
360,507,53,44
354,507,54,44
348,509,55,44
342,511,55,45
335,513,56,45
331,516,56,45
326,519,56,45
321,522,56,45
316,525,56,45
312,525,57,45
307,525,57,46
303,525,57,46
298,525,58,46
