468,116,19,49
465,115,18,48
460,115,22,48
455,118,20,48
449,118,27,46
448,121,23,45
445,123,21,43
442,124,20,46
430,129,18,44
427,120,22,50
424,115,21,55
418,120,22,51
409,119,26,57
405,120,24,57
400,121,26,56
395,118,28,62
384,117,32,56
384,118,31,58
378,119,30,54
375,121,32,54
375,119,27,53
369,117,29,56
367,145,26,59
362,191,28,58
362,222,23,56
367,240,27,50
364,237,26,51
364,236,21,48
358,233,23,48
352,235,26,50
345,239,26,47
341,242,26,54
338,246,24,48
334,243,24,44
331,246,27,49
325,246,23,49
316,240,27,51
311,234,28,54
306,239,31,54
306,239,31,52
302,241,27,47
295,246,35,50
296,245,29,48
293,243,23,44
289,242,20,43
278,239,23,44
276,236,23,45
272,237,26,51
273,238,23,47
271,239,22,45
272,238,20,40
253,231,28,55
249,231,29,53
244,235,29,58
243,241,26,51
237,239,32,52
234,240,28,49
232,240,27,49
229,239,27,50
228,242,23,45
220,245,23,43
219,244,21,45
209,246,22,39
211,246,19,39
206,245,20,43
206,249,18,34
198,245,23,42
198,241,23,47
196,238,23,47
186,241,20,43
179,241,21,47
175,238,20,53
173,235,20,53
175,231,20,53
168,232,20,53
170,235,20,53
182,225,20,53
202,234,20,53
239,233,20,53
261,235,20,53
292,237,20,53
328,239,20,53
356,239,20,53
369,235,20,53
384,247,20,53
383,241,20,53
384,240,20,53
400,244,20,53
398,241,20,53
395,241,20,53
389,241,20,53
388,241,20,53
375,240,20,53
366,242,20,53
367,246,20,53
359,245,20,53
349,244,20,53
349,249,20,53
348,246,20,53
344,240,20,53
347,237,20,53
347,236,20,53
336,234,20,53
331,234,20,53
329,234,20,53
329,235,20,53
322,236,20,53
318,235,20,53
316,234,20,53
308,236,20,53
306,236,20,53
302,234,20,53
298,235,20,53
290,237,20,53
287,234,20,53
293,235,20,53
288,234,20,53
279,234,20,53
280,232,20,53
279,244,20,53
270,249,20,53
265,251,20,53
254,248,20,53
255,254,20,53
251,249,20,53
248,250,20,53
248,251,20,53
250,255,20,53
247,256,20,53
244,254,20,53
240,255,20,53
227,248,20,53
218,251,20,53
222,244,20,53
219,247,20,53
221,244,20,53
210,247,20,53
212,249,20,53
207,248,20,53
189,254,20,53
193,241,20,53
185,242,20,53
180,241,20,53
178,243,20,53
176,242,20,53
168,241,20,53
163,241,20,53
160,241,20,53
156,241,20,53
157,241,20,53
149,239,20,53
146,240,20,53
154,241,20,53
149,246,20,53
140,251,20,53
139,252,20,53
134,247,20,53
127,246,20,53
124,248,20,53
116,251,20,53
119,247,20,53
118,247,20,53
117,247,20,53
115,249,20,53
115,247,20,53
114,244,20,53
114,242,20,53
113,243,20,53
103,246,20,53
95,246,26,56
99,250,20,53
89,251,26,49
89,250,27,50
89,252,23,47
100,251,23,46
133,251,21,50
168,249,23,50
203,247,22,51
219,246,24,47
217,246,29,48
221,254,20,53
202,248,20,53
206,250,20,53
200,242,20,53
200,242,20,53
199,244,20,53
194,248,20,53
188,238,20,53
181,251,20,53
180,245,20,53
177,248,20,53
176,244,20,53
173,251,20,53
175,247,20,53
170,246,20,53
166,245,20,53
166,242,20,53
159,245,20,53
152,245,27,56
156,247,26,55
151,244,34,58
149,242,27,55
144,243,27,53
138,240,24,62
139,241,23,59
131,246,27,52
137,241,20,61
128,241,29,59
126,242,28,57
119,245,35,55
117,240,26,58
115,242,30,57
115,243,27,55
115,247,20,53
112,245,20,53
110,246,20,53
139,240,20,53
167,243,20,53
206,243,20,53
234,245,20,53
250,239,20,53
239,237,27,56
235,236,28,55
233,235,24,59
230,231,23,61
230,230,27,61
226,233,27,57
225,235,27,55
219,233,24,53
216,233,24,62
213,234,26,54
209,232,28,56
207,233,27,56
204,234,32,57
203,235,27,56
200,232,27,59
201,235,21,53
198,235,22,51
193,235,27,46
192,234,23,51
192,234,23,51
182,235,30,50
180,234,29,55
177,234,30,49
177,234,27,44
173,233,26,41
173,231,23,43
168,233,24,40
165,232,24,41
162,231,24,40
159,235,24,34
154,234,24,37
154,231,30,40
190,232,29,39
230,230,27,35
266,231,24,37
296,232,27,39
323,230,23,40
353,235,26,39
351,236,22,39
348,235,22,36
348,236,22,39
344,235,22,39
342,236,21,39
337,237,21,48
333,237,21,44
328,235,20,53
322,235,20,53
319,235,20,53
316,237,20,53
315,238,20,53
311,237,20,53
308,235,20,53
304,235,20,53
302,235,20,53
298,234,20,53
294,236,20,53
288,237,20,53
286,235,20,53
281,235,26,55
279,236,26,59
273,236,27,60
273,235,24,56
270,236,22,56
269,235,23,58
264,235,27,56
261,237,27,55
255,236,26,55
255,235,22,58
246,236,31,56
242,235,30,58
240,235,29,56
239,235,26,57
238,235,23,59
233,235,24,57
230,235,27,59
226,236,30,55
226,236,24,54
220,236,24,56
217,235,29,56
214,236,28,56
211,235,29,58
210,237,24,58
210,236,23,57
206,235,22,57
201,235,29,56
199,235,26,57
194,235,27,58
194,235,23,58
189,235,26,57
185,235,29,58
183,236,29,57
183,237,27,53
179,236,24,55
176,235,24,56
172,238,29,52
171,238,27,52
170,237,23,52
167,238,27,52
165,236,26,55
161,236,32,55
199,234,28,56
229,232,31,57
255,231,27,56
277,234,20,53
275,235,26,55
271,234,22,49
267,234,28,54
267,232,26,54
264,232,29,53
265,232,26,53
267,229,33,56
267,229,33,56
341,231,26,55
338,233,23,52
335,233,28,55
333,233,28,56
332,232,20,53
330,233,22,51
327,233,26,52
325,231,27,54
323,230,24,56
321,230,24,56
318,231,23,55
318,231,20,53
314,230,24,57
312,232,22,53
311,230,20,53
305,231,23,52
302,231,26,48
299,232,28,46
297,230,26,53
296,232,20,53
296,230,20,53
288,230,26,54
285,232,29,54
284,233,28,53
282,230,24,56
280,231,23,50
277,230,24,54
272,230,27,55
273,230,23,54
270,230,21,56
268,230,21,55
264,230,24,54
263,230,26,56
260,231,24,55
260,231,24,55
250,231,24,56
244,231,30,54
245,231,27,56
242,231,23,55
240,230,20,53
233,230,26,55
232,230,30,55
233,230,23,54
228,231,22,53
252,230,23,54
285,230,23,52
300,230,26,53
300,230,20,53
297,230,20,53
289,230,28,52
289,229,26,53
287,229,27,53
284,229,20,53
284,229,20,53
278,229,24,53
273,226,26,55
271,228,24,52
268,229,23,54
265,229,23,53
263,228,24,54
269,226,29,56
299,228,28,52
336,225,23,55
343,225,30,52
344,224,26,52
341,225,26,52
341,226,24,49
339,225,22,51
334,225,28,52
336,225,26,52
333,224,24,53
331,224,20,53
327,223,27,52
323,224,29,50
325,224,22,52
323,221,21,52
323,221,20,53
320,224,21,52
318,222,20,53
314,222,23,52
312,222,22,53
311,223,22,48
308,222,27,50
306,223,27,50
303,223,28,50
303,221,22,53
302,222,21,50
300,223,22,50
298,222,24,52
296,222,24,50
294,222,23,50
293,222,23,50
294,222,24,50
293,221,23,53
289,220,24,51
288,221,24,50
287,220,23,50
286,221,21,50
284,220,22,51
283,220,23,50
281,221,22,49
280,222,22,48
277,219,27,53
277,219,22,49
276,219,22,51
273,219,21,50
270,220,24,49
272,220,22,49
314,219,22,50
345,219,22,47
342,220,22,46
341,219,23,49
337,219,27,50
339,219,20,48
336,219,22,46
334,221,21,46
333,219,20,47
330,217,22,49
330,219,21,47
328,217,26,50
326,219,27,46
326,218,26,49
325,219,26,48
326,219,21,47
323,218,22,48
320,218,24,50
319,217,23,49
317,219,26,45
316,216,28,50
319,214,23,50
315,218,27,46
316,217,24,48
315,217,23,48
314,217,21,46
313,216,22,48
311,216,21,48
310,217,22,46
305,214,26,50
304,215,26,48
303,214,24,48
302,214,23,48
302,214,20,46
301,214,22,47
299,215,21,48
299,215,20,47
297,218,21,45
297,218,21,45
294,214,23,49
295,214,20,48
293,214,22,46
292,214,20,46
289,215,20,45
288,213,22,50
287,214,21,46
286,214,21,48
285,214,20,49
282,214,22,47
282,215,20,45
280,214,23,47
278,214,21,46
280,214,22,45
278,214,18,48
275,214,22,46
272,214,23,46
273,214,21,46
271,213,19,46
271,213,21,45
269,214,21,45
270,213,22,45
268,212,22,45
265,214,28,43
266,213,23,45
265,212,21,45
263,214,22,44
264,210,21,47
264,211,20,46
263,211,22,46
264,213,19,43
263,211,23,45
265,209,20,45
263,209,21,46
264,211,19,45
263,210,20,44
262,211,20,45
262,209,21,45
262,212,21,43
264,213,18,41
262,212,21,40
263,212,20,40
264,209,19,46
263,211,20,43
261,209,20,44
263,210,20,42
263,209,20,45
263,209,19,42
262,209,20,44
264,209,18,43
262,209,22,42
264,209,19,44
264,208,20,44
263,207,20,43
264,207,17,44
262,206,24,44
264,207,20,42
263,207,20,42
263,206,22,42
266,205,18,43
264,204,22,45
265,203,20,48
265,204,21,43
264,205,21,43
265,204,20,44
266,204,20,43
266,205,20,41
266,204,20,42
267,203,20,45
268,204,19,42
267,202,19,45
266,204,24,43
268,204,21,44
268,203,22,42
268,204,21,40
269,205,22,41
270,205,21,38
272,204,19,40
272,202,20,40
273,202,20,45
276,201,21,43
275,201,20,45
277,201,20,45
276,201,21,43
278,200,19,45
281,203,16,40
280,200,19,45
280,201,24,43
282,202,19,42
283,203,17,38
282,202,21,41
282,202,21,41
283,202,20,40
285,200,20,42
284,200,20,40
288,199,18,45
288,200,18,42
288,199,21,42
288,199,21,41
288,198,19,44
289,198,19,43
290,198,20,41
288,200,21,38
288,199,22,38
290,198,20,40
292,198,20,44
294,199,20,41
293,198,19,43
295,198,18,42
294,200,20,39
294,199,23,41
294,198,22,43
293,198,24,41
293,198,23,40
296,198,20,41
295,197,21,44
295,196,19,40
299,196,19,39
297,199,21,39
298,198,22,40
298,198,20,40
297,199,23,39
300,198,19,36
298,198,22,36
300,198,20,35
302,198,20,37
303,197,20,40
304,197,18,40
305,198,21,40
305,196,20,42
306,197,21,40
308,195,20,40
306,198,21,36
308,197,22,40
309,197,19,39
310,196,21,40
311,197,22,38
313,197,19,37
312,196,20,39
313,198,22,38
313,197,21,35
314,197,21,37
314,196,21,40
315,196,21,37
317,196,18,37
318,196,18,39
318,196,15,39
316,196,21,38
316,196,19,37
317,197,21,39
316,198,22,37
316,196,23,37
318,196,22,39
318,197,22,35
319,194,20,38
321,195,20,38
322,198,21,36
323,196,21,39
325,193,19,38
325,193,19,42
326,195,23,38
326,194,20,38
327,195,20,37
327,193,22,40
328,194,22,39
329,194,20,39
329,196,19,37
333,193,19,39
332,193,20,38
333,192,18,38
332,194,20,34
332,193,22,35
332,194,20,39
334,193,21,38
334,193,20,38
335,193,19,38
337,193,19,39
339,195,18,38
341,194,18,37
341,197,20,35
341,193,19,38
341,194,20,36
342,193,20,39
343,194,20,36
342,192,22,40
343,194,21,35
345,192,20,38
347,193,20,37
349,193,18,34
348,193,19,35
349,192,19,38
350,193,17,37
349,193,19,36
349,190,20,38
350,189,20,40
352,190,18,39
352,191,19,36
352,192,21,38
352,192,20,35
353,190,19,37
352,192,21,35
352,193,21,34
352,192,21,37
351,193,22,35
352,192,22,37
354,192,20,37
353,192,22,35
353,192,22,35
356,193,21,34
356,193,17,36
358,193,20,33
358,190,18,35
359,189,19,39
361,188,16,40
361,189,17,36
362,190,19,37
361,188,22,35
362,188,21,38
363,188,21,40
363,188,21,35
362,188,21,38
363,188,21,37
363,187,21,38
365,187,18,40
365,188,21,39
366,188,21,39
366,187,22,40
367,188,20,39
367,188,22,37
367,187,22,37
367,187,20,40
367,186,20,39
367,186,22,39
367,188,20,35
367,188,20,36
368,188,20,38
367,189,21,35
369,190,21,35
370,189,18,36
368,189,21,34
370,189,19,35
370,189,19,34
372,190,16,36
372,188,16,35
371,188,20,34
370,188,19,34
371,189,17,33
370,188,20,36
371,188,18,34
375,189,18,36
373,189,17,34
372,188,18,35
372,190,17,35
371,187,19,36
373,188,18,34
375,188,19,34
375,187,18,36
373,189,17,33
373,189,20,34
376,188,18,36
376,186,18,35
376,188,18,36
373,186,20,35
373,187,19,34
373,187,19,34
376,188,17,32
373,188,20,32
376,188,20,34
378,189,17,29
380,187,17,33
380,187,17,33
379,187,19,31
380,188,18,29
384,187,15,32
382,187,19,32
385,188,17,32
386,188,15,31
386,187,18,34
387,187,17,32
391,188,15,32
391,188,15,32
389,187,19,30
393,187,17,32
393,188,16,33
394,188,17,30
394,186,18,30
395,188,17,31
396,186,18,34
397,185,18,33
397,185,18,33
397,185,18,33
399,187,18,34
398,187,19,34
399,188,17,32
399,188,20,33
400,187,17,34
401,186,17,36
402,187,16,34
401,188,18,34
402,188,16,31
402,186,18,34
403,186,18,32
403,188,20,31
406,187,14,33
405,186,17,31
405,183,17,32
408,186,20,35
406,184,19,39
408,182,19,39
408,183,20,34
411,184,17,38
410,185,20,36
413,184,18,36
414,184,18,35
414,183,18,35
414,184,22,36
414,184,20,38
418,183,18,36
419,182,19,36
419,182,20,35
420,183,19,38
418,182,22,38
421,186,21,36
421,185,18,34
421,184,21,35
424,186,21,35
426,186,20,32
426,184,21,36
429,184,17,37
429,184,20,35
429,184,20,34
432,185,19,37
433,184,20,32
433,185,22,31
437,182,17,40
437,182,18,36
439,183,20,36
439,185,18,34
441,184,20,36
444,184,18,37
443,183,20,38
442,182,21,35
442,182,21,34
445,183,20,34
444,183,20,35
447,182,18,39
444,186,20,33
446,182,19,37
447,184,17,36
447,183,20,34
448,185,19,34
447,182,19,37
447,186,23,34
449,182,20,38
448,180,22,37
451,181,18,39
452,182,19,34
451,184,17,35
453,183,19,35
453,183,19,35
455,184,19,30
456,182,16,35
458,183,16,34
456,183,20,34
460,182,16,36
460,183,18,33
460,184,21,29
462,185,16,32
462,182,18,34
464,182,17,34
463,183,18,33
464,182,16,30
466,183,16,34
465,182,17,34
465,182,18,32
465,182,19,32
466,182,20,34
467,182,18,36
468,182,17,36
470,180,16,35
468,181,19,32
470,178,17,39
470,179,18,37
470,177,20,38
468,175,20,41
470,180,18,35
470,180,18,35
472,180,17,35
471,181,19,32
470,181,19,33
470,181,21,33
471,178,18,36
472,177,20,39
470,177,19,38
472,179,18,31
472,179,17,33
472,180,18,33
474,181,17,33
474,181,17,32
475,181,17,33
475,181,18,34
474,181,18,33
475,180,16,32
472,179,21,31
475,179,16,34
475,180,15,33
476,180,17,34
476,180,17,34
476,179,18,35
476,182,19,30
477,181,19,31
475,180,21,34
478,179,19,33
478,180,18,32
478,180,18,32
479,182,18,33
480,179,19,34
480,180,19,32
481,178,19,33
481,179,21,31
483,178,21,32
484,181,19,30
485,178,19,32
485,179,19,32
486,177,18,33
487,179,20,33
489,178,18,34
491,180,17,31
491,180,17,31
492,181,19,29
492,180,20,27
494,180,17,29
493,180,18,31
495,178,17,30
495,180,19,29
497,182,19,27
499,179,16,31
499,179,19,35
500,180,19,32
500,180,19,32
499,179,20,34
499,180,19,33
500,180,18,33
500,179,20,32
499,179,21,30
500,179,20,32
501,179,19,31
500,179,18,30
499,178,18,32
498,179,20,33
498,179,17,32
495,178,20,29
497,178,18,32
495,180,21,29
497,178,18,34
496,177,19,34
497,178,18,31
496,178,17,32
495,177,16,32
495,177,16,34
495,177,16,29
493,177,18,29
493,178,18,29
492,177,16,30
491,178,19,31
492,177,16,31
492,177,15,32
489,179,16,31
488,177,18,33
488,177,18,33
487,175,17,34
485,176,18,31
487,177,15,32
486,177,18,35
485,176,18,30
485,177,17,29
485,176,17,32
481,177,19,29
484,175,18,34
481,177,17,33
483,177,16,31
482,177,16,31
482,177,15,34
481,179,16,26
480,177,18,30
478,176,20,33
479,175,16,33
478,176,20,31
477,176,19,29
475,175,21,30
475,174,19,29
476,175,17,29
475,175,18,30
476,177,20,29
474,174,19,29
476,175,15,26
474,173,18,29
472,173,18,30
472,173,18,32
471,172,16,29
474,174,17,27
472,175,19,29
474,175,17,26
474,176,16,26
474,175,18,26
474,175,18,29
476,173,15,28
474,175,17,29
472,175,18,29
472,176,17,29
474,173,18,29
475,175,15,29
474,174,17,25
475,174,19,29
474,174,18,29
475,175,18,26
474,175,19,29
476,175,15,32
474,175,17,28
476,176,18,28
472,173,20,31
475,173,18,32
475,174,19,30
478,175,15,29
475,174,19,32
478,173,15,32
476,175,20,25
476,173,19,30
477,175,19,29
478,175,16,29
477,174,17,29
479,173,15,28
478,174,16,30
478,174,16,26
478,175,16,31
480,174,15,26
479,175,17,29
481,174,17,25
479,175,19,24
480,173,17,28
480,175,16,29
479,174,20,28
483,174,17,29
482,174,16,26
483,174,16,25
483,176,15,27
483,173,16,29
482,173,18,33
482,173,18,29
482,172,19,30
482,172,19,30
481,173,20,28
484,173,16,29
486,175,15,28
483,173,20,29
485,170,19,37
487,172,17,31
488,172,17,28
489,172,16,27
487,172,18,29
488,172,19,29
489,173,18,25
489,175,19,29
491,173,17,29
493,172,16,28
491,173,19,28
494,171,17,29
495,172,17,26
494,172,18,27
494,172,18,25
494,171,18,29
496,172,18,29
496,171,18,30
496,172,17,27
495,172,20,29
496,171,18,29
497,172,20,27
497,172,19,26
497,172,20,27
498,170,17,29
499,172,15,23
500,171,18,31
500,172,16,24
499,171,18,28
499,169,16,30
499,170,18,30
498,169,19,29
499,171,18,29
498,172,20,26
498,169,19,32
499,170,19,28
499,172,17,27
498,170,21,28
499,168,20,29
501,171,18,29
501,170,16,29
500,173,18,24
500,169,20,28
501,169,17,28
501,168,18,27
500,172,19,26
503,172,18,29
505,170,17,29
507,168,18,32
507,168,17,29
507,168,18,29
508,169,18,31
508,170,18,29
510,171,17,29
508,171,18,26
511,170,16,29
510,170,17,26
511,169,18,29
511,172,15,24
510,170,18,26
511,168,16,31
510,170,18,30
511,168,16,29
511,171,17,27
510,172,18,27
510,170,16,26
509,168,17,29
508,171,17,26
508,169,18,29
509,172,15,25
507,170,19,27
507,169,16,29
507,169,16,29
507,169,14,27
508,171,14,25
505,170,17,24
505,170,19,23
504,169,18,26
505,172,16,23
505,168,17,26
503,170,19,27
502,169,20,28
