65,280,26,47
65,279,28,46
66,279,29,49
68,278,28,48
70,278,31,49
70,278,36,51
71,280,36,48
74,281,39,47
78,280,37,48
79,281,37,46
79,280,37,49
74,281,44,47
79,279,39,48
87,281,31,45
89,278,31,48
96,277,24,51
96,278,26,48
96,278,31,49
99,277,29,52
100,278,29,53
100,279,32,49
104,280,29,49
105,280,31,49
107,281,31,48
108,279,31,48
110,280,29,47
113,279,28,51
115,280,28,47
120,278,24,48
120,278,26,47
123,277,26,48
123,279,26,48
123,279,31,48
125,279,31,48
126,279,31,48
128,279,34,48
130,280,32,44
134,279,31,44
138,280,29,42
138,278,31,42
144,278,24,44
146,279,26,43
147,279,26,43
144,278,28,43
147,279,28,43
147,279,28,41
147,278,31,41
151,282,26,41
147,285,28,41
147,288,26,37
146,290,26,38
167,279,19,44
167,277,24,42
167,279,24,40
170,277,23,42
172,279,23,44
172,277,24,40
172,277,28,40
176,279,26,42
175,279,28,41
176,279,29,42
180,279,26,42
183,278,29,39
183,278,29,43
186,278,29,42
186,276,31,43
191,277,26,41
191,278,28,39
191,278,29,39
194,279,28,43
198,279,26,39
199,278,26,41
199,279,29,41
202,279,29,44
202,279,29,44
202,278,32,45
207,277,29,44
209,277,29,45
212,276,28,47
214,277,29,45
215,276,28,45
217,278,32,42
220,277,29,41
225,279,26,44
225,279,26,44
227,278,29,41
228,280,29,42
232,280,32,41
232,277,28,42
233,278,29,41
238,272,29,43
246,271,24,46
243,275,26,38
249,273,21,43
251,275,21,41
253,274,24,42
251,276,24,38
256,277,23,43
257,277,24,46
256,279,28,47
257,278,28,48
254,277,32,47
269,276,21,49
267,276,26,45
267,276,26,45
270,277,24,44
274,275,24,44
278,277,23,47
280,276,23,47
283,277,23,44
283,277,29,52
280,276,31,51
285,277,28,49
288,277,29,47
291,276,26,47
288,275,29,50
293,276,28,49
291,274,31,53
298,276,29,52
298,273,29,56
301,277,28,50
301,275,34,53
299,276,40,53
298,276,40,52
301,277,39,48
301,276,39,49
308,275,36,52
309,275,36,53
314,274,32,55
321,275,26,53
322,275,26,53
321,272,36,57
327,274,32,56
325,276,39,51
329,275,42,53
327,277,45,50
329,277,40,51
322,276,50,50
333,277,40,51
340,277,32,50
345,273,28,52
343,275,32,51
346,273,29,54
351,274,28,55
351,274,32,53
353,273,36,56
355,274,36,54
353,273,42,56
351,278,47,51
351,275,50,53
355,278,45,49
356,274,45,54
364,276,36,51
377,273,24,55
376,275,28,56
379,273,28,56
379,273,29,59
379,273,31,58
384,276,39,56
385,274,37,53
385,273,39,55
385,278,44,53
389,274,40,54
392,276,39,55
397,276,34,53
397,275,36,57
405,275,28,55
406,274,28,54
411,274,26,56
413,274,28,57
414,274,31,56
414,275,34,54
411,274,37,57
413,276,39,54
411,274,44,55
414,275,45,54
416,276,37,54
423,276,36,55
424,274,36,57
429,273,32,56
429,274,34,55
435,273,29,58
439,273,31,59
440,274,39,58
442,274,37,57
440,274,40,55
444,275,37,53
445,275,37,56
445,274,40,56
447,277,42,51
455,276,32,51
460,275,29,49
461,273,32,54
460,276,31,51
466,275,29,50
469,272,29,49
466,273,34,52
476,275,31,50
484,274,23,49
484,274,23,49
486,274,23,49
486,276,26,48
486,275,28,49
491,274,28,49
492,274,28,49
492,273,29,50
495,273,29,50
502,273,23,50
502,273,28,50
502,273,28,50
505,275,29,49
505,274,31,50
508,273,31,51
512,273,31,51
515,273,29,50
518,274,29,50
520,273,29,47
518,274,32,48
525,273,28,48
521,274,36,48
525,274,34,48
525,275,34,50
529,277,32,49
534,277,32,48
537,275,29,52
542,276,28,49
542,273,29,52
546,275,28,50
549,274,29,49
547,274,31,53
550,274,32,50
552,272,34,52
552,273,32,49
559,275,32,52
559,275,31,52
559,272,32,54
559,275,37,53
562,275,36,52
567,275,34,53
567,276,36,52
571,277,36,52
576,273,32,53
576,272,32,53
581,275,31,48
584,273,29,49
583,274,29,50
588,272,28,49
589,272,28,52
593,274,31,47
594,274,29,48
599,275,28,45
602,275,26,48
602,275,28,48
601,274,31,51
605,274,29,51
607,272,29,48
609,274,32,50
610,272,29,53
612,274,29,52
617,273,28,51
618,273,31,51
618,273,31,52
622,274,26,49
627,274,31,49
628,276,31,43
631,274,28,49
633,274,29,47
635,273,31,45
635,273,32,42
638,273,31,43
638,273,32,46
643,273,29,43
646,273,31,44
649,274,29,45
652,273,26,49
651,274,29,45
652,275,31,46
654,274,29,46
661,274,26,49
661,273,32,49
661,274,32,49
664,273,31,51
670,274,26,50
670,273,28,51
672,274,36,57
673,276,31,50
675,274,31,55
673,275,34,54
678,276,31,54
682,277,32,53
685,276,31,60
688,276,29,60
688,275,31,58
693,274,29,50
696,274,26,51
693,275,31,51
699,274,28,51
699,274,28,53
703,275,23,50
704,273,28,51
707,275,26,50
709,274,26,51
709,273,26,50
714,275,23,51
719,274,23,51
717,273,24,51
719,275,24,51
720,273,23,51
720,276,31,50
719,275,37,56
725,275,32,60
724,277,39,56
722,278,37,56
724,278,42,58
728,275,39,62
728,277,36,58
730,277,36,59
733,277,34,58
735,275,34,59
735,275,34,59
743,275,28,61
743,273,31,61
743,276,31,60
748,275,29,62
748,275,36,62
751,276,31,61
750,278,34,59
751,277,36,59
753,277,36,60
756,278,34,58
761,277,28,62
762,278,29,60
762,276,31,63
766,276,29,62
771,275,26,63
769,276,32,64
771,276,32,63
774,276,31,62
772,278,42,62
774,279,40,61
772,279,40,61
774,279,42,61
774,279,42,61
777,279,39,60
785,279,36,63
792,277,28,66
792,279,29,64
790,279,36,62
795,277,29,66
795,279,37,62
796,279,36,62
800,277,32,64
801,280,32,61
798,279,42,61
803,281,36,60
808,280,32,61
809,280,31,61
813,281,31,60
816,279,31,63
819,277,32,65
821,280,32,62
819,279,40,62
822,280,42,62
821,280,42,61
822,282,45,57
824,280,40,61
826,279,40,61
826,281,40,62
830,280,37,62
837,278,32,62
840,278,34,65
843,278,29,64
843,278,34,64
847,277,34,63
850,278,37,64
853,279,36,62
852,279,37,62
853,278,36,63
855,278,39,63
861,280,32,60
861,279,34,59
864,280,32,59
866,279,32,60
868,277,31,66
874,277,29,64
874,277,31,60
877,278,26,61
881,276,26,62
877,278,34,61
884,277,32,61
884,278,32,64
886,278,32,62
890,278,34,59
889,278,36,64
894,280,31,63
895,277,29,61
895,277,37,64
900,278,31,62
900,279,34,61
900,277,40,63
902,279,40,62
903,281,36,61
903,279,39,62
