282,351,38,54
280,350,38,54
278,349,38,54
276,348,38,54
277,346,38,54
278,344,38,54
280,342,38,54
284,338,37,54
288,334,37,55
293,330,36,55
297,326,35,56
299,324,35,56
301,322,35,56
303,319,35,56
309,315,35,56
315,312,35,56
321,308,35,56
324,304,35,56
326,301,35,56
329,297,35,56
335,296,35,56
342,294,35,56
349,293,35,56
355,294,35,56
360,295,35,56
366,296,35,56
370,293,35,56
374,290,35,56
379,287,35,56
379,284,35,56
379,282,35,57
380,279,35,58
380,277,35,58
380,275,35,58
381,273,35,58
381,271,35,58
384,266,34,58
386,261,33,58
388,256,32,58
391,251,31,58
393,249,31,58
396,246,31,58
399,243,31,58
406,245,31,58
413,247,31,58
419,249,31,57
423,249,31,57
426,249,31,57
430,249,31,57
432,251,32,56
435,253,33,54
438,255,33,53
438,256,33,53
437,258,33,53
437,259,33,53
432,260,33,53
427,261,33,53
422,264,33,53
418,267,33,53
413,270,33,53
408,272,33,53
403,275,33,53
400,278,33,52
397,282,32,52
389,285,31,51
381,289,31,51
378,291,30,51
375,294,30,52
372,297,30,52
369,300,30,53
369,297,29,52
368,294,29,50
368,291,28,49
368,288,28,48
356,294,29,47
344,301,31,46
332,307,32,44
328,314,31,45
323,320,30,46
318,326,29,46
310,332,29,46
302,337,29,46
294,342,29,46
291,347,29,46
288,353,29,46
284,358,29,46
281,363,29,46
277,368,29,46
274,374,29,46
270,375,28,47
266,376,27,47
262,377,26,47
260,382,26,47
259,387,26,47
257,392,26,47
252,394,26,47
247,396,26,47
242,397,26,47
236,399,26,47
231,401,26,47
226,402,26,47
218,406,26,47
210,409,26,47
202,413,26,47
193,416,26,47
185,418,25,48
176,420,24,49
168,421,23,49
159,423,22,50
156,428,22,50
152,433,22,50
149,438,22,50
143,436,22,50
137,435,22,50
130,434,21,50
122,434,21,50
113,435,21,50
104,435,21,50
95,436,21,50
93,437,21,49
92,438,20,49
90,439,19,48
92,436,19,48
94,434,19,48
96,432,19,48
98,429,19,48
100,431,19,48
101,433,19,48
103,435,19,48
103,436,19,48
103,437,19,48
103,438,19,48
102,436,19,48
101,433,19,48
101,431,19,48
100,429,19,48
101,425,19,48
103,420,19,48
104,416,19,48
105,412,19,48
105,407,19,48
105,403,19,48
105,399,19,48
106,396,19,48
107,394,19,48
107,391,19,48
112,389,19,48
117,386,19,48
122,384,19,48
126,384,19,48
130,384,19,48
133,384,19,48
133,383,19,48
133,383,19,48
132,382,19,48
132,381,19,48
132,381,19,48
132,380,19,48
131,379,19,48
138,379,19,48
145,378,19,48
151,377,19,48
158,376,19,48
165,376,19,48
169,376,20,48
174,376,20,48
179,376,20,48
183,376,20,48
199,379,21,48
214,383,21,48
229,387,22,48
244,390,22,48
257,395,22,48
270,400,22,48
275,401,22,48
280,403,22,48
286,401,22,48
292,400,22,48
298,398,22,48
305,397,22,47
313,397,22,45
320,396,22,44
325,393,22,42
330,389,21,40
336,386,21,38
341,383,20,36
344,379,20,36
347,376,20,36
351,372,20,36
354,371,20,36
358,370,20,36
361,368,20,36
365,367,20,36
370,366,21,36
375,364,21,36
380,363,21,36
393,360,21,36
405,358,21,36
418,356,21,36
423,358,22,37
428,359,23,37
433,361,24,38
438,363,25,38
442,363,25,38
445,363,25,38
449,363,25,37
453,363,25,37
456,364,25,37
456,364,25,37
456,364,24,37
456,364,24,37
456,364,23,37
456,365,23,37
456,365,23,37
456,365,22,37
456,365,22,37
456,365,21,37
453,365,21,37
449,365,21,37
445,365,21,37
442,364,21,37
440,364,21,37
438,363,21,37
437,362,21,37
435,361,21,37
436,360,22,37
437,359,23,37
438,358,24,37
439,358,24,37
440,357,24,37
441,357,24,37
442,357,24,37
442,357,24,37
442,357,23,37
442,357,23,37
442,358,23,37
442,358,23,37
443,358,22,37
442,358,22,37
441,358,21,37
440,357,21,37
440,357,20,37
439,357,19,37
439,359,19,37
439,361,19,37
439,363,19,37
438,363,19,37
438,363,19,37
438,363,19,37
437,363,19,37
437,363,19,37
436,363,19,37
436,363,19,37
437,363,20,37
438,364,20,37
440,364,20,37
441,364,20,37
441,364,20,37
442,363,20,37
443,362,20,37
444,361,20,37
444,361,20,37
446,360,21,37
447,359,21,37
449,359,21,37
450,358,21,37
451,358,21,37
451,357,21,37
452,357,21,37
453,357,21,37
453,357,21,37
453,357,21,37
453,357,21,37
454,357,21,37
454,357,21,37
454,357,21,37
455,357,21,37
455,357,21,37
456,357,21,37
456,356,21,37
457,355,21,37
458,354,21,37
458,353,21,37
460,353,21,37
461,352,21,37
462,351,21,37
463,351,21,37
464,351,20,37
465,351,20,37
466,351,19,37
466,352,19,37
467,352,19,37
467,352,19,37
468,352,19,37
468,352,19,37
468,352,19,37
469,352,19,37
469,352,19,37
469,351,19,37
469,351,19,37
469,350,19,37
469,349,19,37
470,348,19,37
470,348,19,37
470,348,19,37
470,348,19,37
470,348,19,37
470,347,19,37
470,347,19,37
470,347,19,37
471,346,19,37
471,346,19,37
472,345,19,37
472,345,18,37
473,345,18,37
473,344,18,37
474,344,17,37
475,344,16,37
476,344,15,37
477,344,15,37
478,344,14,37
478,344,14,37
478,344,14,37
478,344,14,37
478,344,14,37
478,343,14,37
479,343,14,37
479,343,14,37
479,343,14,37
479,344,14,37
480,344,14,37
480,344,14,37
480,345,14,37
481,345,14,37
481,345,14,37
481,345,14,37
481,345,14,37
481,344,14,37
481,344,14,37
481,344,14,37
481,344,14,37
481,344,14,37
481,343,14,37
481,343,14,37
481,343,14,37
481,342,14,37
481,342,14,37
481,342,14,37
481,341,14,37
481,341,14,37
481,340,14,37
481,339,14,37
481,340,14,37
481,340,14,36
481,341,14,36
481,341,14,36
481,341,14,35
481,341,14,34
481,340,13,34
482,340,13,33
482,339,12,32
482,339,12,31
483,338,12,31
483,338,11,31
483,337,11,30
484,337,10,30
484,337,10,29
484,336,10,29
484,336,9,29
484,335,9,28
484,334,9,28
484,334,9,28
484,333,9,28
484,333,9,27
484,332,8,27
484,331,8,27
484,330,8,26
484,330,7,26
485,329,7,26
486,328,7,25
488,327,7,25
490,326,7,25
493,326,7,25
493,326,7,25
493,326,7,25
494,326,7,25
494,328,7,25
495,329,7,25
495,330,7,25
495,331,7,25
496,331,7,25
496,331,7,25
496,331,7,25
496,330,7,25
496,330,7,25
496,330,7,25
496,329,7,25
495,329,7,25
495,328,7,25
495,327,7,25
495,327,7,25
495,326,7,25
495,326,7,25
495,326,7,25
495,326,7,25
494,326,7,25
494,326,7,25
494,325,7,25
494,324,7,25
494,323,7,25
494,322,7,25
494,322,7,24
494,322,7,23
494,322,7,23
494,323,7,23
494,325,7,23
493,326,7,23
493,326,7,23
492,325,7,23
492,324,7,23
491,324,7,22
491,323,7,22
491,320,7,22
490,318,7,22
490,315,7,22
