330,343,79,109
329,342,78,106
324,338,78,112
327,339,76,107
324,340,74,111
319,342,74,114
317,341,73,112
316,339,71,114
311,339,71,112
311,339,71,112
311,339,71,112
311,339,71,112
311,339,71,112
295,338,73,110
295,338,73,110
290,340,74,110
287,341,74,110
287,341,74,110
287,341,74,110
278,341,76,112
278,341,76,112
278,341,76,112
270,340,78,112
269,341,78,112
267,341,78,113
262,342,78,113
261,344,78,112
261,345,76,114
256,348,78,111
253,347,79,112
251,347,78,115
249,346,78,113
246,344,86,112
244,345,83,112
241,342,83,114
240,344,76,112
236,345,76,112
236,347,76,113
235,349,74,112
232,348,74,114
227,345,74,112
225,343,78,111
223,343,76,112
225,341,76,113
228,342,74,114
227,346,76,113
223,350,76,114
222,356,78,115
217,362,78,113
214,364,79,115
210,364,81,117
206,364,81,116
202,364,91,117
199,363,94,118
206,365,83,116
201,362,84,120
196,363,86,121
194,362,86,122
189,363,84,122
180,364,86,123
180,364,86,123
180,363,86,120
172,365,84,120
181,363,83,120
176,359,79,119
175,355,79,118
168,352,81,117
164,352,81,117
162,350,83,117
165,350,83,117
165,350,83,117
176,348,86,116
185,351,86,117
185,351,86,117
219,355,87,117
228,355,86,117
235,357,92,117
251,361,91,118
262,362,89,119
280,366,91,118
287,366,91,120
296,365,91,121
299,364,89,121
303,363,87,120
304,361,87,122
311,359,87,125
314,358,87,121
322,359,87,117
333,358,86,115
348,357,87,116
361,356,89,115
372,355,92,119
387,353,94,116
401,346,87,120
403,343,87,122
400,344,87,122
403,346,86,118
408,343,79,123
411,344,86,123
427,344,84,122
437,350,96,118
458,352,99,123
487,357,87,120
502,359,94,120
525,361,91,120
537,361,91,119
546,355,91,122
549,353,89,119
549,349,87,120
549,347,87,117
550,344,86,117
560,342,86,120
567,344,87,119
576,345,87,116
591,347,83,120
596,348,83,121
596,348,83,121
596,342,81,123
594,344,86,120
591,339,86,124
596,335,83,123
596,336,84,118
596,335,83,116
593,334,87,121
584,334,84,120
578,335,84,121
571,335,87,121
570,333,84,120
568,329,86,123
570,329,84,119
571,330,83,118
568,334,84,117
557,339,86,118
534,343,87,117
473,347,89,119
439,351,89,119
408,351,87,122
389,350,79,118
379,339,84,120
385,336,76,120
385,334,74,116
387,332,76,117
382,326,83,121
382,321,81,127
384,325,78,121
387,324,81,118
382,328,79,118
387,326,79,119
390,330,78,119
390,332,79,119
387,334,78,116
390,333,78,123
389,336,79,117
389,337,78,117
387,335,81,119
387,334,79,116
387,334,78,118
380,330,86,121
389,334,78,117
389,330,78,118
389,330,76,118
385,327,83,120
384,324,83,120
389,329,79,117
392,329,81,116
400,328,83,115
411,327,81,117
418,327,83,118
427,328,79,117
424,330,83,121
427,334,74,117
429,339,79,115
434,334,84,121
450,332,79,121
455,332,83,121
458,331,79,120
457,332,83,120
461,334,79,117
461,335,83,118
461,335,91,119
486,330,81,118
499,325,76,120
512,323,78,119
515,327,78,116
512,325,79,119
513,326,81,119
510,319,81,124
515,326,78,116
516,328,76,114
515,329,83,117
513,328,83,119
515,331,79,117
516,330,74,117
515,327,79,119
516,327,74,120
515,327,81,118
515,326,74,118
512,326,83,117
516,327,76,118
515,325,76,120
516,325,76,120
516,325,76,116
516,326,79,117
516,328,74,115
516,329,79,118
516,330,76,115
516,328,81,115
515,324,83,119
510,325,84,116
516,324,79,115
518,324,74,115
516,325,74,116
516,327,76,118
518,328,76,116
516,328,74,117
516,325,76,118
515,322,78,118
515,320,73,117
515,319,79,117
515,317,78,119
516,321,76,115
518,323,74,121
520,324,71,115
516,324,76,119
516,325,76,115
516,326,74,117
516,326,78,114
516,326,79,117
516,326,76,115
516,327,73,116
516,327,78,116
516,326,79,119
516,328,78,114
516,329,78,115
520,328,74,117
518,327,78,115
518,324,79,118
518,322,74,117
518,320,79,117
516,319,79,116
516,320,78,117
516,321,76,118
518,324,78,117
518,324,78,117
516,325,78,117
518,327,79,113
516,327,81,116
518,327,76,116
520,327,73,115
520,329,73,117
520,330,74,116
518,328,76,118
518,332,76,116
518,332,76,117
516,332,78,116
516,332,78,117
520,332,70,116
518,332,78,116
516,332,76,119
515,331,78,117
516,330,79,117
520,330,78,116
518,330,76,115
515,330,78,118
518,330,76,118
520,332,76,117
518,333,71,115
518,334,78,115
520,333,71,118
516,335,74,115
516,334,79,117
520,335,73,117
516,333,78,117
516,335,79,117
515,333,81,119
516,333,76,117
516,333,78,117
516,333,79,115
516,332,76,116
518,332,74,120
516,333,76,117
518,332,73,119
516,332,74,117
518,332,74,119
516,332,76,118
515,333,78,120
515,331,76,118
515,332,78,117
515,332,76,122
516,332,78,119
516,332,74,117
515,331,76,119
515,332,74,117
515,331,78,120
515,331,73,121
515,331,78,121
515,331,74,122
513,331,76,118
513,329,74,124
515,331,66,120
513,331,71,120
513,331,71,123
515,332,71,118
513,331,73,118
512,328,74,122
507,328,79,123
508,331,74,121
508,326,79,123
510,329,73,120
510,330,76,121
510,333,76,119
505,331,78,122
507,330,81,124
507,334,81,119
507,332,78,121
502,335,84,118
507,335,78,118
507,336,78,118
505,337,79,119
507,338,76,118
503,338,76,119
500,336,79,122
499,337,78,122
492,340,81,120
492,341,83,119
495,345,79,118
497,351,78,109
494,349,79,115
497,353,71,113
492,355,83,110
484,356,87,109
487,357,86,109
495,362,78,107
487,359,84,108
489,361,84,107
487,359,87,107
487,359,89,107
491,357,81,107
482,357,91,109
484,362,87,105
487,359,84,107
489,361,84,107
487,362,87,106
484,359,89,106
489,361,84,107
487,363,87,105
482,363,92,105
489,362,84,108
486,364,89,106
484,362,91,108
486,363,87,107
487,364,86,106
487,362,87,108
489,365,83,107
487,361,84,111
484,365,91,105
487,365,84,104
484,363,87,107
492,366,76,104
491,365,84,107
491,366,83,103
491,365,84,105
489,367,83,103
491,365,84,107
491,364,81,106
489,364,83,107
491,364,81,106
489,365,84,103
487,364,87,106
487,364,87,106
492,364,81,105
487,368,83,102
491,367,81,103
489,367,83,103
487,367,84,104
491,364,79,109
489,366,87,106
491,365,78,109
492,366,81,104
489,366,84,105
489,365,84,105
497,364,78,108
495,365,79,103
495,363,78,108
491,366,79,102
491,366,79,101
492,363,81,104
495,362,76,106
495,364,79,106
495,364,79,106
502,358,76,111
503,358,73,108
503,358,73,109
505,356,68,112
497,357,79,109
503,357,73,110
495,356,83,113
495,356,81,113
497,357,78,108
497,357,78,108
499,352,76,115
499,350,76,116
502,347,68,119
499,348,74,116
500,346,71,120
500,347,73,116
503,343,71,120
497,345,79,121
499,343,76,121
503,341,71,124
500,340,70,123
499,337,71,127
499,336,70,128
503,334,68,130
505,334,63,132
503,333,66,130
500,335,70,130
505,330,66,136
505,333,66,131
503,331,66,132
507,332,62,132
507,331,60,133
503,332,66,134
502,331,68,135
502,331,68,135
502,331,68,135
502,331,68,135
500,327,66,136
505,327,62,133
505,325,63,134
505,324,60,136
502,324,66,136
503,327,63,135
503,325,62,135
502,327,60,134
499,330,65,134
503,330,62,134
500,329,65,135
499,331,66,137
502,332,68,136
505,335,60,133
508,333,58,138
505,336,60,137
507,334,60,138
508,333,55,140
508,335,58,135
507,333,57,139
508,333,57,140
505,337,65,136
505,335,63,139
507,336,58,138
507,335,58,138
503,334,65,135
512,334,50,132
510,331,58,135
507,332,57,134
507,328,58,138
513,328,49,140
513,327,50,138
512,329,52,138
513,330,52,137
513,333,55,135
513,334,52,135
512,335,52,138
512,337,50,140
508,340,55,136
510,339,55,140
513,341,50,139
507,346,60,134
507,350,60,132
507,343,55,138
505,346,58,133
508,341,57,136
505,339,60,136
505,336,58,136
505,337,62,137
503,336,62,133
505,335,58,132
503,329,60,135
503,331,62,133
503,328,58,132
503,328,58,133
505,329,60,131
505,328,58,130
503,324,58,133
502,329,58,132
502,328,60,136
503,333,62,133
503,331,62,135
503,333,58,135
503,336,58,133
503,336,60,135
503,336,60,133
505,335,57,133
502,335,60,136
500,334,65,136
503,340,62,133
503,340,60,132
503,342,58,134
503,341,60,132
505,342,60,134
505,342,58,134
503,344,62,129
505,344,53,131
502,341,58,135
503,341,57,137
503,340,58,136
503,342,62,133
499,342,63,133
502,340,58,134
500,344,62,131
507,346,55,130
503,341,62,136
502,341,60,136
502,344,63,135
505,342,53,136
505,341,57,139
505,345,55,133
492,347,68,135
500,345,62,135
500,338,63,134
502,329,58,135
495,326,65,137
499,320,60,134
497,316,66,135
489,314,68,134
492,314,65,135
499,314,65,135
497,313,58,139
495,320,62,134
494,322,65,132
497,322,63,136
495,320,66,134
495,320,66,134
495,315,63,132
495,315,63,132
495,315,68,129
495,314,63,131
495,313,63,132
497,310,60,133
495,308,60,134
497,307,65,131
491,304,70,135
499,309,62,130
494,306,66,130
499,304,63,134
499,308,62,132
497,304,65,138
492,309,70,136
499,313,63,136
500,320,58,132
499,320,62,132
499,321,65,133
499,319,63,136
499,319,63,136
500,323,63,131
500,318,60,139
500,322,65,133
499,326,66,134
500,326,62,133
503,319,58,137
499,323,66,135
503,315,57,138
503,315,57,138
500,316,58,135
503,312,62,133
499,307,65,137
500,307,58,134
499,303,62,139
495,306,63,132
495,302,63,138
499,299,58,138
494,297,65,138
492,294,68,137
489,293,70,135
491,293,66,135
494,292,63,132
486,289,71,135
486,289,71,135
486,287,74,136
481,287,81,135
487,286,71,135
489,283,76,136
499,281,76,136
507,285,79,131
521,282,81,133
542,283,81,133
560,282,87,135
583,278,92,132
583,277,91,132
584,277,87,133
576,276,89,132
575,276,83,134
575,276,83,134
575,279,71,130
575,279,71,130
594,283,70,132
601,287,78,131
612,289,81,136
615,294,89,134
609,297,104,133
615,298,107,132
617,297,108,134
618,297,107,133
627,295,97,133
630,291,96,136
636,294,89,133
644,289,79,135
643,294,76,131
643,291,70,139
644,289,74,133
644,291,76,127
641,288,79,135
641,290,83,132
641,291,91,132
646,294,96,129
648,296,105,129
651,297,107,127
654,300,104,126
657,298,97,127
656,296,91,130
665,290,73,136
664,294,71,131
669,293,70,130
665,297,74,129
669,299,78,129
675,302,81,129
675,305,87,125
680,313,91,121
680,307,92,128
678,307,94,128
673,304,97,132
670,303,86,132
667,301,81,127
665,305,81,127
654,301,91,126
646,290,99,140
651,302,99,127
667,303,92,127
685,302,84,131
675,301,99,130
675,297,91,132
673,304,87,124
643,301,97,129
646,296,86,130
636,301,91,126
646,300,84,130
651,308,78,121
651,308,78,121
651,308,78,121
635,288,91,137
635,288,91,137
635,288,91,137
635,294,76,125
635,294,76,125
625,311,74,109
617,301,74,116
630,306,74,109
625,304,83,115
648,307,71,122
649,308,76,125
648,295,92,131
639,298,76,120
639,301,71,120
638,298,87,117
625,298,96,125
636,301,97,120
654,307,81,117
638,300,97,124
657,291,83,137
669,308,73,117
659,295,89,131
662,298,81,128
677,298,74,129
678,303,76,123
678,303,76,123
664,299,83,125
664,299,83,125
661,293,89,130
673,298,89,122
673,291,81,132
678,293,79,132
659,289,96,138
672,295,86,132
675,301,78,126
669,295,78,130
664,317,73,108
652,299,76,129
628,301,89,126
639,318,79,110
644,316,76,113
646,320,70,108
654,316,73,112
652,310,74,117
662,305,71,121
659,309,73,112
664,314,76,114
669,308,62,115
669,310,70,122
667,312,70,124
672,310,63,125
675,308,74,128
677,309,76,129
682,307,76,132
675,313,83,124
667,312,84,121
659,308,91,126
662,310,94,128
656,314,100,122
661,312,96,126
664,319,71,113
667,318,86,116
669,316,83,121
667,314,71,125
662,313,71,127
664,314,74,125
664,317,74,122
661,316,83,125
656,316,84,123
657,319,89,119
656,324,99,116
665,322,92,115
667,322,92,117
673,322,81,110
680,317,74,114
677,323,68,109
672,321,60,113
664,322,66,111
662,320,65,115
664,321,60,113
657,325,68,108
662,329,68,104
662,327,65,102
662,321,74,110
657,324,65,102
652,322,65,102
648,325,65,102
652,326,65,102
661,327,65,102
672,329,65,102
686,331,65,102
686,331,65,102
686,329,65,102
643,334,65,102
686,332,65,102
686,331,65,102
673,332,65,102
661,336,65,102
656,335,65,102
648,331,65,102
644,335,58,94
643,336,57,93
636,333,58,94
630,334,62,95
627,331,65,97
618,331,65,96
620,328,66,94
615,337,65,93
610,338,65,95
605,337,65,97
602,335,62,94
602,335,62,94
588,335,63,92
584,337,63,91
576,340,62,94
576,338,62,91
573,334,62,91
567,339,63,91
563,338,63,93
557,336,65,94
552,337,65,94
547,336,63,95
546,336,63,96
544,338,63,95
536,338,63,99
533,337,65,99
525,337,66,99
520,342,70,97
518,344,68,93
516,338,65,97
516,342,63,98
521,346,63,94
525,346,63,94
549,347,63,94
565,348,63,94
573,351,62,98
573,353,58,97
570,352,62,98
568,349,58,100
567,345,57,99
570,338,57,98
570,338,57,98
578,341,60,96
578,343,62,95
578,345,63,95
573,348,65,96
568,347,66,94
563,346,66,93
563,345,66,91
559,344,68,91
557,345,70,89
555,348,70,89
549,346,70,90
549,346,70,90
544,348,70,91
541,338,76,90
541,338,74,89
544,346,73,90
544,347,70,88
542,350,73,90
539,348,71,88
537,351,71,84
534,351,74,91
525,352,83,89
528,354,76,89
531,354,71,91
534,353,66,90
531,353,66,90
531,350,65,90
528,353,65,90
529,353,65,91
526,355,65,91
521,353,65,91
518,356,65,91
518,352,65,91
513,350,65,91
507,355,66,91
510,356,68,94
505,356,66,96
507,354,68,99
495,357,70,99
489,358,68,99
491,359,63,97
489,363,71,92
484,362,70,91
486,364,71,93
484,367,71,92
482,365,71,94
482,364,73,93
479,367,71,91
484,366,70,92
478,370,68,91
476,369,68,95
468,367,70,95
463,369,66,95
465,366,66,94
460,367,68,105
458,366,71,104
452,370,74,110
450,366,73,111
452,364,65,112
448,368,66,96
452,368,68,110
448,371,71,112
450,367,76,118
455,367,79,116
461,366,71,111
463,368,66,108
463,366,68,107
461,365,68,104
460,362,68,104
455,359,73,102
450,357,79,99
457,355,76,103
465,361,70,101
474,362,68,120
474,365,73,111
479,359,68,118
482,364,66,113
481,364,73,108
469,365,87,108
476,364,74,115
476,364,74,111
474,365,79,107
474,366,79,106
471,364,81,108
474,364,79,105
474,359,74,112
474,362,79,114
474,362,78,110
473,363,81,107
471,361,84,113
473,364,81,111
469,359,84,116
468,361,87,113
468,361,89,115
473,358,84,117
469,357,87,117
468,358,84,120
468,358,84,119
466,362,87,119
465,365,89,113
465,365,89,119
463,364,89,119
463,364,91,116
461,366,94,114
463,367,91,116
463,367,92,117
460,364,92,118
461,361,92,119
461,363,94,116
460,361,94,116
458,361,96,119
458,354,97,126
460,361,94,118
461,364,92,117
468,366,84,118
481,369,73,121
482,374,87,116
491,375,86,118
499,368,81,121
497,369,84,118
497,364,87,120
497,362,86,117
499,361,84,117
499,361,84,117
503,356,84,112
512,352,83,119
521,355,78,114
534,358,78,119
549,357,83,117
555,357,96,124
573,359,86,119
573,355,87,119
571,349,81,124
571,349,81,124
570,352,86,113
570,353,87,114
583,350,86,117
596,350,89,117
605,350,89,118
615,350,84,120
612,350,86,113
614,346,89,114
612,353,86,107
614,348,84,113
615,350,84,104
615,346,79,110
615,343,84,111
618,348,84,112
617,340,83,117
617,339,81,120
618,338,83,112
618,342,81,112
618,338,79,118
625,344,81,115
627,343,73,116
631,342,78,117
625,341,79,117
630,339,79,119
627,339,81,119
630,334,79,117
630,340,79,116
630,338,78,117
631,337,78,117
628,342,79,115
631,337,79,119
630,336,79,118
631,334,78,118
631,333,78,120
631,334,79,117
633,334,79,118
633,334,79,118
631,326,81,123
631,326,81,123
630,325,76,124
630,324,74,129
627,323,84,125
631,324,83,123
633,326,83,126
631,325,86,126
631,323,84,124
630,322,86,128
631,321,84,130
631,324,84,124
630,329,83,129
631,326,83,129
627,328,83,130
630,326,86,130
630,322,87,129
631,322,87,132
630,323,87,134
630,323,92,128
633,327,83,127
631,324,84,123
633,322,86,125
636,319,84,130
636,313,84,132
638,320,87,129
638,315,84,132
639,321,83,129
639,320,83,130
643,321,83,122
639,316,86,133
652,308,87,138
641,318,86,133
639,313,81,139
639,318,81,128
643,310,81,134
639,313,86,135
636,321,86,134
635,320,86,135
630,318,91,126
630,310,96,135
656,309,91,125
656,292,92,127
644,289,96,130
659,299,92,126
685,296,94,110
698,270,96,142
627,278,96,140
643,305,71,133
643,308,74,128
633,314,79,128
631,313,84,129
635,308,84,135
633,314,79,134
635,315,79,139
633,316,83,131
635,317,79,133
631,315,83,131
630,319,83,128
630,315,83,133
633,317,81,129
635,314,78,129
635,312,76,132
635,316,76,128
638,316,74,124
638,318,68,122
630,316,83,125
636,311,74,132
635,314,70,130
635,318,71,128
633,314,74,128
630,318,78,127
630,319,76,128
631,316,74,130
631,319,76,124
631,318,74,126
631,318,76,122
633,313,74,127
630,316,78,131
633,314,71,127
635,315,73,131
631,316,73,129
627,312,74,136
630,308,78,133
627,311,78,136
630,311,73,134
633,312,60,129
633,313,60,132
630,315,62,132
630,314,65,129
627,320,62,118
628,316,65,120
625,313,62,127
622,316,63,130
622,314,63,130
622,314,63,131
620,319,65,125
620,318,60,125
620,316,63,126
620,317,60,126
620,316,65,128
622,318,65,123
620,316,65,125
623,316,63,128
620,317,65,127
622,316,65,123
622,315,66,131
617,318,71,125
618,316,68,127
623,318,65,129
622,317,66,133
620,316,68,129
618,316,66,127
620,320,66,123
622,317,63,128
622,317,65,127
622,320,66,122
617,318,70,128
620,318,68,131
622,319,70,122
622,318,70,126
622,318,65,125
623,316,65,129
622,317,68,127
622,318,65,124
622,320,71,125
622,313,68,136
623,318,71,125
625,317,70,128
627,318,71,123
625,316,66,127
628,316,70,126
627,321,76,120
630,315,73,126
627,316,79,125
628,320,78,122
628,312,79,132
631,319,68,123
631,318,58,127
628,317,71,128
631,317,73,126
630,318,76,127
628,318,71,133
630,318,66,132
628,320,63,131
633,320,57,134
631,322,60,126
631,320,66,132
628,321,66,127
630,320,65,129
630,322,57,126
631,319,57,131
631,320,63,129
630,320,62,127
631,319,68,131
633,322,62,126
631,320,63,127
631,324,58,122
633,319,58,128
630,318,58,129
635,320,60,123
633,317,57,128
635,318,57,123
633,323,57,121
631,320,55,124
633,320,57,124
630,319,57,124
633,320,60,123
636,322,53,124
633,322,58,118
635,321,57,122
633,323,60,125
635,323,57,121
635,323,57,124
633,324,62,119
635,322,58,121
633,324,68,131
636,326,65,132
636,322,66,138
635,322,73,135
635,321,70,136
635,318,71,137
635,318,74,134
633,323,71,132
633,322,74,133
635,322,68,133
633,321,73,132
633,318,78,138
633,319,76,136
636,325,66,131
633,320,73,138
633,320,70,138
630,324,71,132
630,324,66,134
633,321,70,136
636,325,58,131
633,326,62,130
635,318,66,138
633,319,63,137
631,325,66,132
631,323,66,132
631,323,60,134
635,322,62,136
633,323,62,132
633,321,62,137
627,322,70,137
631,323,65,131
633,328,60,129
631,321,65,139
633,328,68,130
631,323,63,134
631,324,62,132
631,327,63,131
631,325,66,132
628,327,68,131
630,323,68,131
631,325,63,127
631,324,62,131
630,324,68,132
631,323,63,129
630,326,60,128
630,324,62,127
628,326,62,127
627,323,65,129
623,327,68,123
623,327,66,126
625,325,65,128
623,321,65,128
623,326,73,125
628,327,68,123
625,325,74,130
627,328,70,124
622,326,74,125
623,325,74,133
620,326,79,132
625,326,70,133
620,324,74,138
623,328,79,128
622,325,74,134
622,324,71,131
620,326,71,129
622,327,74,130
620,327,74,131
623,325,66,134
623,330,71,126
623,326,71,130
623,327,78,130
623,329,83,130
627,324,68,131
623,329,73,129
622,326,73,135
620,329,78,127
618,331,73,122
618,331,71,119
618,331,70,122
623,328,63,128
618,332,68,125
622,333,65,120
618,333,65,122
620,333,63,117
623,332,63,126
622,334,65,127
623,334,62,123
618,337,70,121
618,333,70,125
618,337,70,122
628,334,58,121
628,334,57,121
628,337,60,117
630,335,58,118
628,331,57,125
627,335,60,120
628,334,60,114
627,331,57,123
631,336,55,115
631,334,55,117
622,337,62,121
622,337,62,121
622,337,62,121
622,335,66,120
631,332,57,121
631,332,52,119
630,336,57,119
633,331,55,122
636,332,53,121
631,329,55,125
633,331,55,123
631,331,57,123
633,331,62,124
631,330,62,130
631,328,58,127
630,330,63,120
631,330,63,129
628,330,65,121
628,333,66,120
630,330,62,124
623,329,74,126
630,328,70,125
627,331,70,130
627,331,66,128
633,334,62,125
633,329,63,129
633,332,60,130
633,330,62,133
627,328,66,129
630,328,65,129
631,331,65,121
628,332,65,127
628,327,65,130
630,332,62,124
630,331,63,129
630,329,62,129
631,329,62,131
623,333,71,126
627,328,63,130
630,333,63,126
627,326,66,131
627,329,68,126
630,330,65,126
625,332,68,124
628,328,63,130
628,332,66,130
625,334,70,128
625,330,70,128
628,330,63,133
625,331,65,128
623,332,73,128
625,329,65,125
625,330,66,127
627,331,65,128
623,332,71,123
625,329,73,129
623,331,68,127
627,328,68,132
623,334,78,131
631,332,58,135
633,331,63,130
628,331,65,126
627,327,65,130
627,328,68,127
623,327,68,130
628,328,68,127
628,328,73,127
630,328,70,127
628,325,70,128
625,328,73,126
627,330,70,126
623,328,74,129
623,329,83,131
623,329,83,131
630,328,76,132
625,329,83,134
633,330,63,129
631,331,65,131
633,327,66,138
628,329,66,135
631,333,63,133
628,332,68,132
631,328,66,139
625,326,76,139
627,328,73,140
627,327,74,135
635,328,65,132
630,329,63,137
631,332,71,130
627,330,71,134
625,331,74,129
627,328,76,128
623,326,74,129
622,329,74,128
636,328,55,124
628,331,68,121
631,332,62,124
623,329,73,124
625,330,73,127
623,324,74,130
630,324,63,136
623,323,76,127
623,323,76,135
623,323,76,135
628,324,71,131
623,324,78,128
623,325,76,132
622,324,81,134
623,327,73,136
627,328,68,136
628,330,70,133
625,330,71,131
628,329,70,125
623,330,74,127
625,330,78,130
631,332,68,125
625,330,70,126
630,333,66,123
630,333,66,123
630,330,65,133
623,327,81,134
623,330,76,122
635,331,60,127
633,328,62,125
630,330,68,121
628,331,70,131
627,330,74,123
625,334,74,123
623,334,74,123
628,332,68,126
627,336,70,121
633,329,73,126
630,340,65,128
628,334,71,133
623,333,74,128
627,334,83,131
627,336,83,129
623,333,84,134
620,333,84,132
623,334,83,131
625,333,78,132
628,332,74,130
627,332,76,130
622,336,83,129
623,333,81,132
625,332,78,133
630,331,62,137
628,329,73,127
631,330,68,139
630,332,73,136
630,333,66,136
631,333,63,137
631,332,66,143
636,329,65,141
633,334,63,133
633,331,68,132
631,330,70,132
635,328,66,135
623,324,76,140
630,331,66,120
622,329,78,130
623,333,71,122
628,332,65,123
625,329,71,129
627,332,70,125
623,331,73,132
623,330,70,130
623,332,71,128
627,333,73,123
628,338,71,128
630,335,71,128
625,335,73,123
625,337,79,122
627,333,73,129
633,333,68,126
630,335,71,122
623,332,78,123
625,332,76,125
628,332,73,126
630,333,66,125
623,334,73,122
623,334,73,122
625,327,78,135
622,331,78,128
623,330,74,129
623,332,70,128
628,334,70,121
623,332,70,122
622,331,76,122
623,332,73,125
623,332,74,127
623,338,73,119
623,334,74,125
623,333,74,127
628,337,68,128
623,334,73,128
631,333,63,126
623,333,76,126
625,332,70,126
625,335,68,126
623,335,73,128
623,336,73,125
623,336,73,125
623,334,71,124
623,332,76,129
622,333,73,126
623,333,74,130
622,331,76,129
625,335,66,124
623,334,70,128
623,343,73,121
623,345,66,121
625,337,65,127
623,340,73,125
623,339,74,125
628,335,66,133
622,330,78,135
622,338,73,125
631,333,63,128
620,337,73,125
622,331,73,133
623,334,71,131
620,336,73,127
622,334,78,128
622,335,83,125
623,334,78,131
622,336,78,124
623,334,76,127
623,332,76,129
622,330,74,128
620,334,78,127
620,333,81,127
630,331,70,134
622,330,76,133
625,336,73,120
630,333,68,127
628,334,70,126
631,334,65,128
636,333,58,125
622,333,79,127
623,334,73,123
622,332,78,120
623,331,76,130
622,333,74,126
622,334,76,127
625,334,70,130
623,335,81,124
625,334,74,123
623,337,76,120
623,337,74,123
622,338,76,122
625,335,65,124
623,337,78,126
625,336,74,126
622,332,79,134
623,339,74,126
623,339,74,126
623,339,74,126
622,339,68,123
623,338,70,125
623,336,73,127
623,339,73,125
622,338,74,128
623,337,76,127
623,337,71,126
623,340,71,126
620,332,73,137
623,339,78,126
623,338,79,131
623,335,84,135
623,339,73,131
623,339,73,131
623,339,73,131
622,343,74,133
623,339,63,132
622,331,76,137
627,336,73,137
620,336,78,135
625,338,68,138
631,338,70,131
625,339,83,135
623,339,78,128
627,339,81,133
625,338,86,133
625,334,81,132
628,341,78,124
627,331,86,133
628,330,81,134
627,333,78,128
627,335,81,128
625,335,83,131
628,337,79,132
625,336,79,132
625,334,78,143
625,332,84,139
627,339,78,132
622,338,81,136
622,339,84,130
618,337,84,135
633,338,71,138
627,339,78,134
623,335,84,141
620,337,89,142
622,339,91,138
622,334,83,140
623,336,81,131
623,333,83,137
623,332,83,136
623,331,83,132
623,330,83,132
622,329,83,132
623,332,83,130
623,332,83,130
623,333,83,131
623,332,83,127
623,334,83,125
623,336,84,135
625,336,79,132
623,342,81,127
623,340,76,127
623,333,76,145
623,334,86,131
623,333,79,136
623,333,79,136
623,333,73,140
623,333,73,140
623,333,81,140
623,334,78,135
622,332,81,143
623,334,76,135
625,335,79,138
627,333,78,139
623,333,78,140
623,333,81,144
622,332,79,144
623,334,84,136
623,331,73,142
623,332,78,140
625,334,76,136
623,332,79,139
625,334,74,139
623,331,78,141
622,333,83,138
622,330,79,141
623,332,81,141
623,333,76,142
623,333,79,138
625,335,81,139
623,333,81,144
625,335,76,141
627,334,79,140
625,335,79,138
625,338,83,139
623,334,83,144
622,333,87,146
623,339,79,133
623,331,78,147
622,328,81,144
622,340,81,136
622,331,83,141
623,332,76,145
623,332,81,145
623,333,81,138
622,333,89,142
622,334,73,137
622,331,74,139
622,331,74,143
622,332,84,138
622,330,83,141
622,329,83,140
623,328,81,147
622,328,81,141
622,326,84,145
623,324,86,144
628,333,81,137
625,333,83,137
631,335,87,144
633,333,89,141
628,336,91,139
625,333,91,143
627,336,91,144
630,331,91,143
635,332,89,141
628,342,89,140
623,332,91,144
620,332,91,142
622,335,91,145
625,333,87,145
628,332,89,142
628,335,89,142
630,340,91,146
630,334,89,147
622,331,91,144
623,328,87,143
625,331,89,140
630,330,89,143
630,330,89,143
622,326,87,143
620,324,87,143
620,321,89,144
622,323,87,144
622,323,87,144
618,323,89,141
620,323,87,144
618,324,87,142
618,323,89,144
620,323,87,141
622,323,87,141
622,322,86,142
620,322,87,139
622,320,87,139
622,323,86,138
622,321,86,138
622,322,86,136
622,319,86,137
622,321,86,139
623,321,86,140
622,321,86,138
623,323,86,141
622,322,87,138
622,324,87,139
623,323,87,142
623,325,86,140
623,324,86,138
623,325,86,136
622,323,87,133
622,324,86,136
622,325,87,134
623,325,86,135
623,325,86,135
623,325,86,134
623,328,86,133
623,327,87,134
622,328,87,132
622,328,87,132
623,329,86,133
623,328,86,133
622,327,86,131
623,327,86,133
623,327,84,134
623,326,87,132
623,328,86,133
623,327,86,133
623,327,86,134
623,327,87,136
623,326,87,137
623,325,87,136
623,327,87,136
623,326,86,135
625,325,86,141
623,326,87,139
623,326,87,139
622,326,87,136
627,324,87,141
623,325,87,139
622,326,87,136
622,327,87,137
623,327,87,140
623,327,87,140
627,323,89,145
623,323,91,147
623,322,91,144
623,323,91,147
623,324,91,143
623,327,89,143
625,328,89,142
627,327,87,142
627,328,89,142
625,329,87,139
625,328,86,136
623,328,87,135
623,328,87,135
623,330,89,137
623,328,89,137
623,328,89,134
622,328,91,137
620,328,91,133
623,327,91,140
622,329,91,139
623,327,91,140
622,327,89,136
622,328,89,136
622,328,89,136
623,322,91,140
625,322,89,140
623,325,89,138
623,323,89,137
623,327,91,141
623,327,91,141
622,323,92,144
622,323,91,140
623,323,91,143
625,324,89,145
623,322,91,143
627,321,91,146
623,322,91,143
623,321,91,145
623,322,91,143
625,325,91,146
625,325,91,146
623,326,91,152
623,326,91,152
623,326,89,146
623,326,89,149
623,324,92,151
622,326,91,149
622,327,91,148
622,325,92,151
622,324,91,149
620,325,91,147
618,329,91,146
620,328,92,151
618,329,92,150
620,327,92,151
620,328,91,150
620,327,91,151
618,331,89,149
622,330,89,152
622,330,91,155
622,329,89,151
622,333,87,148
620,332,87,144
622,333,86,147
622,331,86,145
622,336,86,144
622,335,86,144
622,333,86,146
622,334,84,146
622,331,84,143
622,333,84,143
622,332,83,142
623,330,84,142
622,329,84,144
622,330,86,145
622,331,86,146
622,330,86,146
622,330,86,146
617,334,89,145
618,333,89,144
620,326,87,144
620,330,87,145
620,331,91,143
622,331,91,145
622,330,91,145
620,331,87,144
620,331,87,142
620,329,87,144
622,328,87,144
618,324,87,147
618,325,89,145
618,325,89,141
618,328,87,139
618,328,87,139
618,328,87,139
622,332,91,148
622,332,91,148
620,332,91,149
620,332,91,149
620,332,91,149
630,331,78,144
633,333,74,141
628,328,91,145
625,339,86,141
630,335,78,143
627,332,79,145
633,337,86,144
628,335,89,147
635,334,76,150
635,334,76,150
630,337,91,146
628,339,81,145
627,341,89,146
630,345,84,135
630,345,84,135
630,343,87,145
628,334,87,148
628,337,81,143
628,333,81,153
627,335,83,147
628,334,91,146
633,335,78,145
638,335,71,144
635,336,74,134
628,340,81,139
631,335,89,148
628,333,91,150
627,339,83,149
633,341,78,150
630,342,81,142
630,342,81,151
630,342,79,150
636,343,73,146
631,343,78,145
636,342,73,145
628,341,81,145
630,343,81,147
627,341,83,145
631,340,79,151
630,338,83,151
631,334,83,152
627,332,86,156
628,333,96,153
631,329,83,151
630,328,86,153
631,329,89,149
636,330,78,148
628,327,94,149
627,330,94,147
630,329,87,147
635,327,68,153
636,332,71,148
633,334,86,147
638,335,74,142
638,335,70,140
633,339,74,144
639,342,71,144
636,346,70,136
638,346,63,140
641,349,65,134
639,346,68,136
639,348,70,140
643,348,63,132
639,350,68,130
638,346,74,133
641,344,62,137
641,344,62,137
638,348,66,129
639,344,68,129
638,341,65,133
638,338,70,134
638,338,70,134
638,338,70,134
638,330,65,135
638,331,62,131
638,331,62,131
638,331,62,131
638,324,65,131
638,324,65,131
631,319,71,130
631,316,74,131
636,312,66,130
638,306,60,133
638,306,60,133
639,307,70,124
641,301,58,132
639,298,68,133
639,299,65,130
638,304,62,125
638,300,65,131
638,300,65,131
638,300,65,131
635,288,65,132
636,281,66,133
638,277,58,129
636,274,70,127
635,271,63,128
636,266,65,131
635,264,66,130
635,264,66,130
635,255,70,136
633,258,66,130
636,251,60,136
638,250,63,129
638,244,60,133
639,240,58,132
635,239,70,130
638,237,62,132
638,235,65,130
638,231,63,137
635,230,65,131
633,235,65,128
633,233,63,130
635,227,63,136
635,230,68,135
638,230,63,133
636,228,65,135
636,228,66,135
638,230,58,135
635,230,66,128
