247,512,38,58
247,510,38,58
248,508,38,57
248,507,38,57
246,506,38,57
244,505,38,57
242,504,38,57
241,503,38,57
238,503,38,57
236,502,38,57
234,501,38,57
232,501,38,57
229,500,38,57
226,499,38,57
224,498,38,57
221,497,38,57
218,496,38,57
216,495,38,57
214,494,38,57
214,493,37,57
215,492,36,57
210,489,37,57
205,487,38,57
203,485,38,57
201,483,38,57
199,481,38,57
197,479,38,57
195,478,38,57
194,478,38,57
192,477,38,57
190,476,38,57
188,475,38,57
186,474,37,57
184,473,35,57
182,471,34,56
180,470,33,56
178,470,33,56
176,470,33,56
174,470,33,56
172,470,33,56
170,469,33,56
168,469,33,56
166,469,33,56
164,469,33,56
162,470,33,56
160,471,33,55
159,472,33,55
157,473,33,55
155,474,33,54
153,474,33,54
152,474,33,54
150,474,33,54
148,472,33,54
146,471,33,54
144,469,33,54
142,467,33,54
140,466,33,54
138,464,33,54
136,463,33,54
135,462,33,54
133,461,33,54
131,459,33,54
129,457,33,54
127,455,33,54
126,454,33,54
125,452,32,54
124,450,32,54
123,448,31,54
122,446,31,54
122,445,31,54
121,444,30,54
120,444,30,54
119,443,29,54
118,443,29,53
117,442,28,53
116,442,28,52
115,443,28,52
114,443,27,51
113,443,26,50
113,443,26,50
112,442,26,50
112,441,26,50
112,440,26,50
111,439,26,50
110,438,26,49
108,437,26,49
107,436,27,48
106,435,27,48
107,434,27,48
108,433,27,48
118,434,27,47
127,436,28,45
139,436,28,45
157,437,28,45
157,436,28,42
157,434,27,40
156,429,27,42
154,424,26,44
152,423,26,45
149,422,26,46
147,420,26,44
146,425,26,47
144,430,26,49
143,429,27,47
142,428,27,45
140,434,27,49
139,432,27,48
137,430,27,46
136,428,27,45
135,428,27,46
134,429,27,46
133,429,27,47
133,422,27,45
131,422,28,44
130,421,28,43
129,420,28,43
128,419,28,42
127,418,29,42
127,419,27,43
128,419,24,45
126,418,25,44
125,417,25,44
123,416,26,43
122,416,26,43
122,416,26,44
121,416,26,44
121,416,26,45
120,416,26,45
120,416,26,45
120,416,26,45
119,416,26,45
119,416,26,45
119,420,26,45
119,418,26,45
120,417,26,45
120,415,26,45
120,414,26,45
123,414,29,43
143,417,26,39
144,417,26,39
149,416,27,38
149,416,27,38
144,416,27,38
140,417,27,38
139,413,27,39
139,409,27,39
138,401,27,40
136,397,27,41
134,392,27,41
133,388,27,42
133,386,27,42
134,384,27,42
135,382,27,42
131,381,27,42
127,381,27,42
126,378,27,42
125,374,28,43
124,371,28,44
123,371,28,44
122,370,28,44
121,369,28,44
120,369,28,44
118,369,28,44
117,369,28,44
116,369,28,44
114,369,28,44
119,374,27,44
117,373,26,43
115,372,25,43
114,371,25,42
112,369,24,42
111,369,24,42
111,368,24,42
110,367,24,42
109,367,24,42
108,366,24,42
108,365,24,42
107,364,25,42
106,362,26,42
106,361,26,42
105,361,27,41
104,361,27,41
103,361,27,41
102,361,28,41
101,361,28,41
100,361,27,40
100,362,26,39
100,362,25,38
99,365,26,38
97,368,27,38
97,369,27,38
97,369,27,38
96,370,27,38
96,370,27,38
96,362,27,38
94,362,27,38
93,361,27,38
92,361,27,38
90,360,27,38
89,360,27,38
88,359,27,38
87,361,27,38
87,363,27,37
86,365,27,36
86,367,27,36
85,369,27,35
85,368,27,36
85,366,26,38
85,365,25,39
84,363,24,40
84,362,23,42
83,364,23,41
83,365,23,40
82,367,23,39
81,369,23,38
81,371,23,37
81,372,23,35
79,372,23,36
78,372,23,36
77,370,24,36
76,368,24,36
76,366,25,36
75,368,24,36
75,370,24,36
74,372,23,35
73,374,22,35
73,375,21,35
73,377,23,36
71,380,23,37
69,383,23,38
70,381,23,38
71,378,22,39
71,376,22,40
68,380,22,41
67,380,23,40
66,380,23,40
66,380,23,40
65,380,24,40
68,374,22,43
67,375,22,42
66,375,22,41
66,376,22,41
65,377,23,40
65,376,23,39
64,374,23,38
63,375,23,38
63,375,24,37
62,375,24,37
61,376,25,37
60,376,25,36
59,376,26,36
59,375,24,35
59,374,23,35
59,373,22,34
59,372,21,34
59,372,20,33
59,371,19,33
58,371,19,33
57,371,19,33
57,371,19,33
56,371,19,33
58,368,19,33
60,365,19,33
61,363,19,33
62,360,19,33
66,358,19,33
69,355,19,33
69,356,19,33
69,357,19,33
69,357,19,33
69,358,19,33
69,359,19,33
69,360,19,33
69,360,19,33
69,361,19,33
74,360,19,33
78,360,19,33
82,359,19,33
86,361,19,33
85,362,19,33
85,364,19,33
85,364,19,32
85,364,18,32
85,364,18,32
86,363,17,32
86,363,17,32
86,363,17,31
85,364,17,31
83,365,17,31
82,367,18,31
81,368,18,31
80,369,19,31
79,368,19,32
79,367,19,33
79,366,19,33
79,365,19,34
78,364,19,34
78,362,19,34
77,359,19,33
76,357,19,32
76,355,19,31
76,354,19,31
77,353,19,31
77,352,19,31
77,351,19,31
77,350,19,31
76,349,19,31
75,348,19,31
77,346,19,31
81,345,19,30
85,344,19,30
89,341,19,29
90,340,19,29
92,338,19,29
93,337,19,29
95,335,19,29
97,334,19,29
96,332,19,29
95,330,19,29
95,329,19,29
95,327,19,29
96,325,19,29
95,324,19,29
93,322,19,29
92,320,19,29
92,316,19,29
92,314,19,29
92,313,19,29
92,311,19,29
92,309,19,29
92,307,19,29
92,306,19,30
91,305,19,31
91,304,19,31
91,303,19,32
91,302,19,33
89,301,19,33
89,298,19,33
88,296,19,33
88,293,19,33
87,290,19,33
87,290,19,32
87,290,19,32
87,290,20,31
87,290,20,31
87,289,20,31
87,288,20,31
87,288,20,31
87,287,20,31
86,286,20,31
86,285,20,31
86,284,20,31
83,286,20,31
83,285,20,30
83,284,20,30
84,283,21,30
84,283,21,30
84,282,21,30
84,281,20,30
84,280,20,30
84,279,19,29
83,278,18,29
83,277,17,29
83,276,17,29
83,275,16,29
83,275,16,29
82,274,17,29
82,274,17,28
82,274,18,28
82,274,18,28
81,273,18,28
81,273,19,28
81,273,19,28
80,273,19,28
80,274,19,29
79,274,19,29
79,274,19,29
78,275,19,29
78,275,19,30
81,271,19,30
80,273,19,30
79,276,19,30
78,278,19,30
79,275,19,30
79,272,19,30
80,269,19,30
78,271,19,30
77,274,19,30
78,271,19,30
80,268,19,30
79,270,19,31
78,272,19,31
76,273,19,32
76,273,19,33
77,275,19,32
77,276,19,32
77,277,19,32
78,279,19,32
82,277,19,31
85,280,19,30
91,281,15,28
93,275,18,28
95,270,20,28
96,271,16,29
97,266,17,28
98,261,18,27
100,265,17,25
101,269,16,24
107,273,18,24
117,274,18,26
126,281,15,24
129,273,19,24
132,281,16,27
131,281,17,27
131,281,18,27
131,276,17,27
131,272,17,27
131,268,17,27
131,268,17,26
131,268,17,26
132,268,18,26
133,268,18,25
134,267,18,25
135,267,19,25
136,267,19,24
137,268,17,24
138,268,15,24
137,266,17,24
137,265,19,24
137,265,17,26
138,266,15,27
138,267,16,26
138,268,18,26
138,269,19,25
138,269,16,25
139,270,13,24
138,269,16,25
138,268,19,25
138,268,17,24
138,268,14,23
137,269,15,23
136,270,16,24
136,272,17,24
135,273,18,25
138,274,19,25
136,272,19,25
135,271,18,25
134,269,17,25
135,268,18,25
136,268,19,25
135,267,18,25
134,267,17,25
133,266,15,25
136,265,19,25
135,266,18,25
134,267,17,25
132,268,16,25
133,264,18,25
134,261,19,25
133,265,15,24
133,265,16,24
133,264,17,25
133,263,18,25
133,262,19,25
133,263,19,25
133,263,19,25
133,264,19,25
133,262,19,25
133,260,19,25
133,259,19,25
133,259,19,25
133,259,19,25
132,259,19,25
132,259,19,25
132,259,19,25
132,259,19,25
132,258,19,25
132,257,19,25
132,256,19,25
132,255,18,25
132,254,18,25
132,253,18,25
132,255,18,25
132,256,18,25
132,256,18,25
132,256,18,25
132,255,18,25
132,255,18,25
134,255,18,25
136,255,18,25
138,255,18,25
140,255,18,25
142,255,18,25
145,252,18,25
147,251,18,25
148,251,18,25
148,249,18,25
148,247,18,25
148,248,18,26
148,248,18,26
148,249,18,27
148,249,18,27
148,249,18,26
149,250,18,25
149,250,18,25
150,250,18,25
151,251,18,25
152,251,18,25
152,251,18,25
152,253,18,25
151,255,18,24
154,253,18,24
158,252,18,23
161,250,18,23
161,250,18,23
161,250,18,23
161,250,18,23
163,250,18,23
164,250,18,23
167,251,18,23
173,251,18,22
180,251,17,22
187,252,17,22
197,251,18,23
199,252,17,23
200,248,16,23
200,244,15,23
201,243,15,23
201,242,15,23
202,240,15,23
202,239,15,23
203,238,15,23
214,241,15,23
226,244,15,23
237,247,15,23
248,249,15,23
260,252,15,23
257,250,15,23
255,248,16,23
252,245,16,23
250,243,16,23
248,240,16,23
248,240,16,23
248,239,16,23
248,238,16,23
248,238,16,23
248,237,16,23
248,236,16,23
248,236,16,24
248,237,16,24
249,239,16,24
249,240,16,24
250,242,16,24
251,243,16,24
251,242,16,24
251,240,16,24
251,238,16,24
251,236,16,24
253,234,16,24
256,232,16,24
251,233,16,24
252,233,16,24
253,233,15,23
254,232,15,23
255,232,14,23
254,233,14,23
