428,231,117,169
411,235,109,165
393,239,101,162
376,243,94,159
359,247,86,156
349,249,78,153
339,251,70,150
330,252,71,152
322,253,72,154
314,254,73,156
305,255,74,157
304,257,73,156
303,258,73,154
302,260,72,153
301,261,71,152
300,263,70,150
295,261,71,152
290,260,73,153
285,258,74,154
281,257,75,156
276,255,76,157
271,256,77,158
267,257,79,158
263,257,80,159
258,258,82,159
254,259,83,159
246,260,87,157
239,262,90,154
231,263,93,151
224,264,96,148
224,265,89,149
225,265,82,149
225,266,75,150
226,266,69,150
231,261,70,153
237,255,71,156
243,250,73,158
248,244,74,161
256,245,78,159
264,245,83,157
272,246,87,156
272,247,87,156
272,249,87,156
272,250,87,156
272,251,87,156
270,254,81,156
268,257,75,156
267,260,69,156
265,263,63,156
265,261,68,156
266,259,72,156
266,257,77,156
267,255,81,156
267,255,84,156
267,255,86,156
267,255,88,156
267,255,91,156
263,255,91,156
259,255,91,156
255,255,91,156
255,255,82,158
255,255,73,161
255,255,65,163
251,253,65,164
246,251,66,165
241,250,67,167
240,251,69,166
240,252,72,165
239,254,75,164
239,255,78,163
240,252,78,163
242,249,78,163
243,245,78,163
244,242,78,163
247,242,75,162
249,242,73,161
252,242,70,159
257,243,74,159
262,244,78,158
267,245,81,158
272,246,85,157
278,247,85,157
285,249,85,157
291,250,85,157
297,252,85,157
304,253,85,157
307,252,83,157
311,251,81,157
315,249,80,157
318,248,78,157
325,246,73,158
331,245,69,159
338,244,64,160
344,242,59,161
347,242,63,161
350,242,67,161
353,242,70,161
355,242,74,161
356,244,74,158
357,245,74,155
358,246,74,153
359,248,74,152
365,246,70,152
371,245,66,152
377,244,62,152
383,242,57,152
383,243,70,152
383,245,82,152
383,246,94,152
386,246,94,152
388,247,94,152
390,247,94,152
393,248,94,152
399,248,90,149
405,248,86,147
411,248,81,144
418,247,77,145
425,246,73,146
432,245,69,147
439,244,65,148
439,244,67,147
440,245,69,145
440,245,70,144
440,246,72,142
441,246,74,141
445,246,73,143
449,245,72,144
453,245,71,146
457,244,70,148
461,244,69,150
463,244,71,149
464,244,74,148
466,244,76,147
467,244,79,146
468,244,81,144
469,246,81,144
470,247,81,144
471,249,80,144
472,250,80,144
473,252,80,144
474,253,81,144
478,251,77,145
483,249,73,146
487,247,68,147
492,244,64,147
496,242,59,148
500,243,59,151
503,243,58,154
506,243,57,157
510,244,56,160
513,244,56,163
514,246,56,159
516,247,56,155
517,248,56,151
519,250,56,147
520,251,56,143
525,250,56,143
531,249,56,143
536,247,56,143
541,246,56,143
543,246,56,143
546,246,56,143
548,246,56,143
551,246,56,143
554,246,56,143
554,246,56,143
554,247,56,143
555,247,56,143
555,247,56,143
556,248,56,143
561,248,56,143
566,248,56,143
571,249,56,143
568,249,56,143
564,249,56,143
561,250,56,143
563,251,56,143
565,252,56,143
567,253,56,143
568,254,56,143
570,255,56,143
573,255,57,140
577,254,58,138
580,253,59,135
583,253,61,133
586,252,62,130
589,251,63,128
591,255,63,128
593,259,63,128
594,263,63,128
596,266,63,128
598,270,63,128
602,272,63,128
606,274,63,128
609,277,63,128
613,279,63,128
617,281,63,128
621,282,60,128
625,283,57,128
629,284,54,129
633,285,51,129
636,286,48,129
640,287,46,129
644,289,43,130
644,289,43,130
644,290,43,130
644,291,43,130
644,292,43,130
644,292,43,130
644,293,43,130
644,294,43,130
644,295,43,130
644,295,43,130
644,296,43,130
644,297,43,130
644,298,43,130
646,298,43,130
647,298,43,130
648,299,43,130
649,299,43,130
650,299,43,130
651,300,43,130
653,300,43,130
654,300,43,130
655,301,43,130
656,301,43,130
657,301,43,130
657,302,43,129
657,303,43,128
657,304,43,127
657,304,43,127
657,305,43,126
657,306,43,125
657,307,43,124
657,307,43,124
657,308,43,123
657,309,43,122
657,308,43,124
657,308,43,125
657,308,43,126
657,307,43,128
656,307,43,127
656,306,43,126
656,306,43,124
656,306,43,123
656,305,43,122
652,306,43,122
649,306,43,122
646,306,43,122
642,307,43,122
639,307,43,122
636,308,43,120
633,309,43,119
631,310,43,117
628,311,43,115
624,311,43,112
620,311,43,109
617,311,43,106
613,311,43,103
609,311,43,100
605,312,43,100
601,314,43,100
597,315,43,100
593,317,43,100
589,318,43,100
586,317,43,100
583,316,43,100
581,315,43,100
578,314,43,100
578,314,43,101
579,314,43,101
580,314,43,102
580,313,43,102
581,313,43,103
581,313,43,104
582,312,43,104
583,312,43,105
583,312,43,106
584,311,43,106
585,311,43,107
585,311,43,107
587,310,43,107
590,309,43,107
592,309,43,107
594,308,43,107
596,307,43,107
595,307,43,108
594,307,43,109
593,307,43,109
592,308,43,110
591,308,43,110
590,308,43,111
589,308,43,111
588,308,43,112
587,308,43,112
585,309,43,113
584,309,43,110
583,309,43,107
583,309,44,107
582,309,45,107
582,310,47,107
581,310,48,106
581,310,49,106
580,310,51,106
580,311,52,106
