2,261,106,224
6,260,106,222
10,260,106,220
14,259,106,219
18,259,106,217
22,259,102,217
26,259,98,217
30,259,94,217
36,258,97,217
43,257,100,217
50,256,103,217
57,255,106,217
62,255,102,217
67,255,98,218
73,255,94,218
78,255,91,219
81,254,90,219
85,252,89,219
89,251,88,219
92,249,87,219
96,247,86,219
100,246,85,219
105,248,85,219
110,250,85,219
115,251,85,219
118,254,85,212
122,256,85,206
126,259,85,200
131,260,85,196
136,261,85,193
141,263,85,189
142,263,88,188
142,263,91,188
143,263,94,188
144,263,96,187
143,264,96,187
142,266,96,187
141,268,96,187
145,266,96,185
149,263,96,183
154,261,96,182
155,261,95,182
157,261,93,182
158,261,92,182
160,261,90,182
161,261,89,182
163,261,87,182
163,264,87,178
163,267,87,175
163,270,87,172
165,269,87,172
167,269,87,172
168,268,87,172
172,269,87,172
176,269,87,172
180,270,87,172
182,270,87,172
185,270,87,172
188,270,87,172
191,270,87,172
193,268,87,172
196,266,87,172
201,267,85,170
205,268,83,167
209,268,81,165
213,267,80,165
217,266,79,165
220,264,78,165
223,263,78,165
226,262,78,165
229,260,78,165
231,259,78,165
232,260,78,165
233,262,78,165
234,263,78,165
235,264,78,165
237,264,78,165
239,264,78,165
241,263,78,165
243,263,78,165
244,263,78,165
247,263,78,165
251,263,78,165
254,263,78,165
257,264,76,162
260,265,75,160
263,266,74,158
266,267,72,155
269,268,71,153
273,269,70,151
276,270,69,148
281,270,69,149
286,270,70,150
291,270,71,151
296,270,72,152
301,270,72,153
306,270,73,155
311,270,74,156
315,274,77,152
319,278,81,149
324,282,84,146
328,287,87,143
333,289,84,144
338,291,81,144
343,294,77,145
348,296,74,146
353,295,71,148
357,294,69,150
362,293,66,152
367,292,63,154
365,295,68,150
363,297,73,146
361,299,78,143
359,301,83,139
363,304,83,139
367,306,83,139
370,308,83,139
374,311,83,139
379,311,81,136
384,311,80,132
389,311,78,129
394,311,76,126
395,312,76,126
396,313,76,126
397,314,76,126
398,314,76,126
403,314,76,126
407,314,76,126
411,313,76,126
416,313,76,126
420,313,76,126
425,314,76,126
430,315,76,126
434,317,76,126
439,318,76,126
443,318,72,126
446,318,69,126
450,318,65,126
454,321,65,126
457,324,65,126
461,327,65,126
462,327,63,126
464,327,62,126
465,327,61,126
467,327,59,126
469,326,59,126
471,324,59,126
473,322,59,126
476,320,59,126
478,318,59,126
479,317,59,126
480,317,59,126
481,316,59,126
482,315,59,126
483,314,59,126
482,315,59,126
480,316,59,126
479,317,59,126
477,318,59,126
475,318,59,126
474,319,59,126
472,320,59,126
472,320,59,122
472,320,59,117
472,320,59,113
469,320,59,113
467,321,59,114
464,321,59,114
461,322,59,115
457,322,59,115
452,323,59,115
448,324,59,115
447,324,59,115
445,324,59,115
444,324,59,115
443,324,59,115
444,323,59,115
445,322,59,115
446,321,59,115
447,321,59,115
448,320,59,115
449,319,59,115
450,318,59,115
453,317,59,115
456,316,59,115
459,314,59,115
461,316,59,115
464,317,59,115
466,319,59,115
468,320,59,115
470,322,59,115
474,324,59,115
478,326,59,115
481,327,59,115
481,325,59,115
481,322,59,115
481,319,59,115
481,316,59,115
479,316,59,115
476,315,59,115
474,314,59,115
474,315,59,115
474,316,59,115
474,317,59,115
474,318,59,115
476,317,59,115
477,315,59,115
478,314,59,115
480,312,59,115
481,311,59,115
483,312,58,113
484,313,57,111
485,314,56,108
486,314,56,106
488,315,55,104
489,316,54,102
489,315,54,102
490,314,54,102
490,314,54,102
491,313,54,102
491,312,54,102
492,311,54,102
492,310,54,102
493,309,54,102
491,310,54,102
490,312,54,102
488,313,54,102
487,314,54,102
488,314,54,102
490,314,54,102
491,313,54,102
493,313,54,102
494,312,54,102
496,312,54,102
498,311,54,102
500,311,54,102
500,311,52,102
500,311,50,102
500,311,48,102
500,311,46,102
500,311,44,102
503,310,44,102
506,309,44,102
508,308,44,102
511,307,44,102
511,308,44,102
510,309,44,102
510,310,44,102
509,311,44,102
510,313,44,100
510,314,44,98
511,316,44,96
511,311,44,102
512,311,44,102
512,311,44,101
513,312,44,101
514,312,44,101
514,312,44,100
515,313,44,100
516,313,44,100
516,313,44,99
517,314,44,99
518,314,44,98
518,314,44,98
520,314,44,99
521,313,44,100
523,312,44,101
524,311,44,102
525,310,44,102
526,309,44,102
527,309,44,102
528,308,44,102
529,308,44,102
530,307,44,102
529,307,44,102
528,307,44,102
527,308,44,102
526,308,44,102
525,308,44,102
525,308,44,102
524,308,44,102
523,309,44,102
522,309,44,102
522,308,44,102
521,308,44,102
520,307,44,102
520,307,44,102
519,307,44,102
518,306,44,102
518,306,44,102
517,305,44,102
517,305,44,102
516,304,44,102
515,304,44,102
515,303,44,102
514,302,44,102
514,301,44,102
513,299,44,102
513,298,44,102
512,297,44,102
511,296,44,102
511,294,44,102
510,293,44,102
510,292,44,102
509,290,44,102
511,290,44,102
512,290,44,102
514,290,44,102
515,290,44,102
517,290,44,102
517,290,44,100
517,290,44,98
517,290,44,96
517,290,44,94
514,289,44,94
511,289,44,94
508,288,44,94
506,287,44,94
506,287,44,94
506,287,44,93
506,287,44,92
506,287,44,91
506,287,44,90
506,287,44,89
506,287,44,88
506,287,44,87
504,286,44,87
503,285,44,87
502,284,44,87
501,283,44,87
499,282,44,87
498,280,44,87
497,279,44,87
496,278,44,87
494,277,44,87
