398,264,233,140
399,262,232,143
393,262,238,145
393,261,238,145
394,262,237,143
391,262,240,143
388,260,243,144
386,260,245,141
384,259,247,143
382,258,249,142
379,259,252,144
378,261,251,139
375,258,254,141
371,260,256,141
369,256,258,143
364,257,260,142
358,257,265,141
351,256,268,142
347,255,269,142
341,255,269,140
334,254,270,141
329,255,268,139
318,252,271,140
310,251,279,139
301,251,279,140
294,252,282,136
287,249,283,140
277,250,287,138
266,250,293,138
255,249,295,137
248,250,297,135
234,247,299,136
226,248,303,135
216,246,302,135
206,246,305,136
196,246,309,134
185,245,310,137
177,245,310,135
170,244,311,133
162,244,312,135
153,244,314,135
172,245,318,132
196,243,316,132
217,245,319,129
214,243,319,131
206,244,321,130
198,247,322,130
189,246,318,130
179,246,318,130
168,246,318,129
157,247,318,127
146,246,319,126
137,246,317,128
122,245,319,129
112,246,319,126
104,246,320,127
138,246,320,130
170,245,320,132
171,246,321,133
169,246,327,135
162,248,326,135
151,251,323,135
138,247,329,140
131,248,325,142
114,248,330,145
106,250,327,145
128,250,334,146
161,252,327,145
154,253,327,147
142,254,327,152
133,256,326,150
127,256,319,155
117,259,319,154
111,259,316,156
105,261,315,157
100,262,311,161
96,264,304,160
89,266,300,162
84,269,292,164
80,271,289,168
80,271,281,168
77,274,279,165
76,274,272,172
72,278,268,172
72,282,262,172
72,262,255,167
71,204,247,174
72,166,246,176
70,109,245,179
79,109,231,179
81,110,226,184
82,113,223,185
86,117,217,185
90,119,209,185
94,121,202,188
99,122,199,192
101,124,199,193
105,126,204,194
115,130,203,193
118,133,212,198
126,134,216,200
129,139,233,204
131,142,244,206
133,144,259,209
137,147,270,212
143,150,285,214
149,155,300,217
160,159,309,219
165,161,320,220
177,166,331,224
188,172,346,226
202,175,355,231
218,182,363,230
217,187,372,235
204,191,378,241
178,198,386,245
165,201,399,248
151,209,406,253
132,214,417,258
122,221,430,252
146,234,432,244
169,239,449,240
206,248,425,229
227,256,404,220
258,265,373,213
290,273,341,204
327,283,304,193