44,225,40,95
50,224,40,95
56,223,40,95
62,222,40,95
68,221,40,95
74,220,40,95
81,219,40,93
88,219,40,91
95,219,40,89
102,218,40,87
113,217,40,87
123,215,40,86
134,213,40,85
145,211,40,85
155,210,40,84
167,210,40,84
179,210,40,84
192,211,40,84
204,211,40,84
214,210,40,84
223,208,40,84
233,207,40,84
243,205,40,84
247,204,39,81
252,203,38,79
257,201,37,77
262,200,36,75
265,198,36,75
268,196,36,76
270,194,36,76
273,192,36,77
275,191,36,77
277,189,36,77
279,188,36,77
281,187,36,77
282,186,36,77
282,185,36,77
283,184,36,77
284,183,36,77
284,182,36,77
284,180,36,77
283,179,36,77
283,177,36,77
282,176,36,77
282,175,36,77
281,174,35,77
280,174,34,77
279,174,34,77
278,174,33,77
275,173,33,76
273,173,33,76
271,172,33,75
268,172,33,74
266,171,33,74
266,171,33,74
265,172,33,74
265,172,33,74
265,172,33,74
264,172,32,74
264,171,31,74
263,170,30,74
263,170,29,74
263,168,29,74
263,167,29,74
263,165,29,74
263,164,29,74
263,163,29,73
264,162,29,72
265,162,29,72
266,161,29,71
267,160,29,71
268,160,29,71
269,159,29,71
270,158,29,71
270,158,29,71
269,158,29,71
268,158,29,71
268,157,29,71
264,157,29,71
261,157,29,71
257,156,29,71
254,156,29,71
250,156,29,71
247,155,29,71
245,155,29,71
242,154,29,71
240,154,29,71
238,153,29,71
236,153,29,70
235,152,29,69
234,152,29,68
232,151,29,67
231,151,29,67
230,151,29,67
229,151,29,67
228,151,29,67
227,151,29,67
227,151,29,66
227,151,29,65
227,151,29,64
227,151,29,64
226,150,29,64
226,149,29,64
226,148,29,64
225,147,29,64
225,146,29,64
225,145,29,64
222,145,29,64
220,144,29,64
218,144,29,64
216,143,29,64
214,142,29,64
214,143,29,64
215,143,29,64
215,143,29,64
215,144,29,64
214,144,29,64
212,143,29,64
211,143,29,64
210,143,29,64
210,142,29,64
211,140,29,64
211,139,29,64
212,137,29,64
212,137,29,64
212,137,29,64
211,137,29,64
211,137,29,64
211,137,29,64
211,137,29,64
211,137,29,64
211,137,29,64
211,136,29,63
211,136,29,62
211,136,29,62
210,135,29,61
210,135,29,60
210,135,29,60
209,135,29,60
209,135,29,60
209,135,29,60
208,134,29,60
208,133,29,60
208,132,29,60
208,131,29,60
208,130,29,60
208,130,29,60
209,130,29,60
209,130,29,60
209,130,29,60
210,130,29,60
210,129,29,60
210,129,29,60
211,129,29,60
211,129,29,60
211,129,29,60
211,129,29,60
212,129,29,60
212,129,28,59
212,129,28,59
212,129,27,58
213,128,27,57
213,128,27,57
213,128,26,56
213,128,26,55
213,128,26,54
213,128,25,54
214,128,25,53
214,128,24,52
215,128,24,52
216,128,24,51
216,128,24,51
217,128,24,51
218,128,24,50
219,128,24,50
221,128,24,50
222,129,24,50
223,129,24,49
224,128,24,49
226,126,24,49
227,125,24,49
228,124,24,49
230,123,24,49
230,123,24,49
231,123,24,49
231,124,24,49
232,124,24,49
233,123,24,49
235,122,24,49
237,122,24,49
238,121,24,49
239,121,24,49
239,121,24,49
240,121,24,49
240,121,24,49
243,121,24,49
245,121,23,49
247,120,22,49
249,120,21,49
251,120,21,49
251,120,21,49
251,119,21,49
252,119,21,49
252,118,21,49
252,118,21,49
252,117,21,49
252,117,21,49
252,116,21,49
252,116,21,49
253,115,21,49
254,115,21,49
255,115,21,49
256,115,21,49
257,114,21,49
259,114,21,49
260,114,21,49
261,114,21,49
262,114,21,49
263,113,21,49
264,113,21,49
265,113,21,49
266,113,21,49
268,113,20,48
270,113,19,46
273,112,18,45
275,112,17,43
277,112,16,42
278,112,16,41
280,111,16,41
281,111,16,40
282,111,16,40
283,111,16,39
284,111,16,39
284,111,16,39
285,111,16,39
285,111,16,39
286,111,16,39
287,111,16,39
287,111,16,39
288,111,16,39
289,111,16,39
289,110,17,40
289,109,17,40
289,108,18,41
289,108,18,41
289,107,18,41
288,107,18,40
288,107,18,40
288,106,18,39
288,106,18,39
288,106,18,38
288,106,18,38
288,106,18,38
287,106,18,38
287,106,18,38
287,105,18,38
288,105,18,38
289,105,18,38
290,105,18,38
290,105,18,38
291,105,18,38
292,105,18,38
293,105,18,37
293,104,18,37
294,104,18,37
295,103,18,36
296,103,18,36
297,103,18,36
298,103,18,36
300,103,18,36
301,103,18,36
302,103,18,36
302,103,18,36
303,102,18,36
303,102,18,36
304,102,18,36
304,102,18,36
304,102,18,36
305,102,18,36
305,102,18,36
306,102,18,36
306,102,18,36
306,101,18,36
306,101,18,36
306,100,18,36
306,100,18,36
307,100,18,36
308,100,18,36
308,100,18,36
308,100,18,36
308,100,18,36
308,100,18,36
308,100,18,36
308,100,18,36
309,100,18,36
310,100,18,36
310,100,18,36
311,100,18,36
311,100,18,36
311,100,18,35
311,100,17,35
311,100,17,35
311,100,17,34
311,99,17,34
312,99,17,34
313,99,17,34
314,98,17,34
314,97,17,35
314,97,17,37
314,96,17,38
313,95,17,39
313,95,17,39
313,95,17,39
313,96,17,39
313,96,17,39
314,96,17,39
314,95,17,39
314,95,17,39
314,95,17,39
315,95,17,39
315,95,17,39
315,95,17,39
316,95,17,39
316,95,17,39
317,95,17,39
318,95,17,39
318,95,17,39
319,94,17,39
320,94,17,39
321,94,17,39
325,95,17,39
366,93,17,39
363,92,17,39
363,92,16,39
364,92,16,39
364,92,15,39
365,92,14,39
366,92,14,39
367,92,14,39
368,92,14,39
369,92,14,39
370,92,14,39
371,92,14,39
372,92,14,39
373,92,14,39
374,91,14,39
