142,61,27,59
142,61,27,58
139,61,26,60
136,61,27,62
135,61,26,60
134,62,27,61
135,61,26,63
135,62,24,62
134,63,24,61
134,64,24,58
133,63,24,61
133,63,26,60
132,62,26,61
131,64,27,61
129,64,27,64
127,65,28,63
124,65,28,63
124,65,28,61
124,66,26,60
126,65,24,61
126,66,24,60
124,65,26,60
124,65,26,61
126,66,23,63
124,67,28,61
124,66,27,61
121,66,28,62
121,67,27,60
121,66,24,65
120,66,23,63
119,67,24,60
117,67,26,61
117,68,26,58
117,68,26,61
117,67,26,64
116,68,23,63
115,68,26,65
114,69,27,62
113,69,29,62
113,69,28,62
114,69,27,61
113,69,27,64
113,71,28,62
113,69,28,66
114,69,27,65
112,69,26,64
113,71,24,64
112,71,28,65
111,72,29,65
112,73,24,62
110,71,24,65
111,71,26,64
110,73,26,64
109,73,28,66
109,74,29,64
110,74,29,64
109,75,28,65
109,74,26,66
107,75,27,66
105,73,28,66
107,74,26,66
107,72,28,70
107,73,28,67
109,73,29,68
107,75,30,66
109,76,29,66
109,76,30,66
107,77,30,68
109,76,30,67
107,79,31,65
107,77,29,68
106,75,30,68
105,76,30,67
107,78,31,68
106,77,30,70
107,78,31,69
106,77,31,68
107,76,31,68
105,81,28,68
104,80,29,67
103,81,30,66
103,81,28,68
103,81,28,68
98,82,29,65
98,82,30,66
100,84,30,66
96,86,29,65
97,84,29,64
93,88,30,65
95,87,30,66
94,85,30,66
94,88,30,66
93,87,30,66
92,87,30,67
93,88,30,67
94,86,30,66
96,90,30,65
99,92,31,68
97,94,31,68
99,93,31,68
98,95,30,67
103,104,27,61
104,99,27,66
105,102,24,58
105,93,27,65
103,93,30,66
103,86,29,71
104,87,29,73
101,86,33,73
106,87,30,73
105,87,28,74
105,88,28,71
105,87,30,75
105,87,29,72
110,89,30,71
109,89,32,72
110,90,32,72
113,88,30,74
113,90,30,74
111,90,32,75
112,92,30,72
107,91,31,72
109,92,31,74
106,93,31,72
105,92,31,73
104,93,32,74
103,94,31,69
104,94,29,70
102,95,30,66
102,97,30,67
103,95,30,67
100,98,30,65
99,93,29,69
99,95,29,68
101,93,23,68
96,95,27,72
95,95,29,66
101,97,28,67
99,97,29,67
100,97,28,70
99,96,30,65
98,93,29,68
99,92,29,70
99,92,27,68
97,95,30,66
98,94,27,66
98,97,29,65
98,94,24,75
100,95,27,70
99,99,28,68
99,101,30,66
100,95,27,69
105,90,26,72
102,98,29,64
102,97,27,64
101,98,30,65
100,98,31,69
101,99,29,64
99,103,29,60
99,101,28,62
99,104,27,61
99,106,27,58
97,104,27,58
96,108,28,57
96,151,28,61
100,162,28,57
99,162,28,61
100,161,31,60
100,166,32,56
102,166,31,54
103,165,32,55
102,162,33,56
103,164,26,57
100,168,32,52
99,165,32,52
100,165,31,55
99,165,32,52
100,164,30,55
103,166,26,60
102,167,28,65
101,169,30,59
102,168,29,61
101,170,30,58
99,166,32,58
99,167,32,63
100,168,33,59
100,164,31,61
99,169,32,63
100,173,31,61
102,169,30,59
105,172,29,59
102,177,32,60
102,178,33,61
105,178,29,59
101,174,34,58
102,171,33,56
102,170,33,63
103,171,33,61
107,175,29,59
107,169,31,61
107,174,34,63
107,174,33,67
105,174,32,71
105,175,33,74
106,177,29,66
106,178,28,67
103,181,31,77
104,181,31,82
103,185,30,73
103,187,32,70
101,182,33,72
102,185,31,66
102,182,31,68
95,179,34,90
93,181,35,90
93,181,37,88
95,182,32,89
93,179,32,84
88,182,34,93
88,184,36,91
89,184,38,89
85,184,37,95
84,184,32,91
78,183,41,97
76,184,36,94
77,171,33,98
72,129,39,98
74,84,31,91
71,86,33,92
72,85,32,89
70,86,39,91
67,85,44,89
77,86,32,91
77,87,34,97
74,90,33,91
73,91,35,91
76,90,33,95
74,91,35,91
76,90,38,93
78,93,35,91
78,95,32,86
76,93,35,84
78,93,33,85
78,93,34,88
79,93,35,91
81,94,31,87
81,94,39,93
81,96,35,89
82,95,39,98
85,98,31,93
89,97,34,94
89,99,33,89
92,99,31,99
93,98,33,99
93,99,34,87
90,101,38,100
87,102,39,97
86,103,37,98
87,101,37,100
87,103,37,101
86,103,36,102
82,103,39,99
84,103,36,99
81,103,38,98
83,106,35,92
77,104,40,95
78,105,34,98
76,104,34,97
73,106,36,99
76,108,34,93
76,108,34,88
74,108,34,93
74,107,32,95
74,110,43,105
70,109,39,105
69,111,44,97
66,110,44,103
62,111,52,95
59,110,54,94
57,114,54,91
55,115,55,105
57,115,59,98
59,115,56,107
60,115,52,105
61,118,52,107
63,119,45,106
63,118,45,105
62,119,45,108
62,119,45,103
60,120,50,106
54,121,55,98
59,122,49,101
51,122,53,106
54,124,59,100
52,126,51,108
54,127,45,103
52,129,48,98
56,127,46,98
56,127,41,93
53,130,45,106
48,130,50,105
44,130,48,100
41,131,52,103
83,130,53,102
119,129,45,98
114,133,48,92
113,135,46,94
111,135,49,92
110,135,46,93
109,135,46,100
105,137,48,102
104,139,44,106
104,139,46,109
98,144,50,104
98,144,48,100
98,143,53,102
99,146,48,100
103,150,45,93
102,150,44,98
100,151,44,103
95,150,53,106
95,151,48,104
97,153,45,106
96,153,46,103
97,154,45,104
98,153,47,120
98,155,45,116
99,155,46,120
99,158,46,113
101,156,41,105
102,156,39,114
100,159,43,118
101,159,40,108
101,161,43,110
101,161,46,115
106,161,44,127
107,162,45,121
111,162,44,123
113,165,47,120
114,168,47,120
115,167,44,129
116,166,45,128
118,168,48,124
116,168,48,127
119,173,45,127
124,172,48,129
126,173,47,128
131,174,45,124
128,177,46,133
130,178,48,130
151,180,44,131
171,178,46,130
184,180,50,135
187,180,50,137
190,182,50,140
192,182,50,135
195,183,46,135
197,186,46,136
194,187,46,145
196,191,44,142
194,189,48,131
197,192,43,137
196,193,43,141
198,197,46,142
197,198,47,139
202,197,48,140
202,200,44,139
204,204,43,143
201,203,44,150
206,207,38,142
207,205,34,146
199,207,48,143
198,209,51,146
201,214,47,144
185,214,44,145
150,214,57,145
116,221,62,153
109,225,54,152
106,226,50,154
105,228,49,150
102,229,49,151
104,231,51,151
101,236,57,151
103,236,55,154
105,238,56,151
102,238,63,153
104,241,61,155
104,243,59,159
101,244,65,159
100,244,62,157
98,246,66,156
99,247,66,161
101,254,65,159
104,254,49,151
103,254,53,152
104,255,54,161
104,258,50,166
98,262,57,162
98,262,53,164
80,264,61,163
53,265,63,161
35,269,79,167
45,274,71,167
38,273,77,167
50,273,66,170
61,276,59,166
55,280,61,170
59,282,59,172
55,283,60,172
59,285,54,171
57,285,56,173
56,290,60,171
62,292,56,175
65,293,53,179
66,293,56,180
68,297,60,176
69,298,66,182
73,302,60,179
74,303,64,178
