253,61,19,50
256,61,18,49
254,60,17,51
254,61,17,49
254,62,17,51
254,60,18,52
254,61,18,52
247,63,26,51
251,64,22,49
250,63,23,51
253,63,22,51
251,64,22,52
250,64,25,52
253,65,21,52
249,64,26,50
249,62,25,54
250,66,25,52
251,65,26,51
249,63,36,60
250,65,26,55
246,73,28,50
250,67,28,52
250,67,26,55
254,70,26,52
249,70,27,54
247,68,27,58
251,66,25,62
251,67,27,60
251,66,36,59
250,69,36,57
256,70,23,58
251,70,27,56
254,68,25,57
255,66,26,54
258,68,23,53
258,70,26,54
262,68,23,53
259,69,26,60
258,69,26,59
260,73,26,53
260,75,26,54
256,73,30,62
259,75,26,63
255,77,31,59
260,73,28,61
265,74,27,61
256,77,32,56
263,81,28,58
262,76,27,57
258,77,32,59
262,78,28,64
268,80,25,58
264,77,30,62
268,77,26,60
269,80,26,60
269,75,26,63
267,79,27,62
269,79,27,60
275,76,25,62
273,80,26,64
275,75,28,65
278,78,25,59
282,78,22,59
281,79,22,59
281,83,22,60
282,82,23,60
284,82,23,61
285,84,23,60
286,84,23,61
288,86,23,61
289,86,23,62
290,89,23,60
290,89,23,60
291,89,23,61
291,89,23,62
291,92,23,61
294,87,23,61
294,86,23,62
295,89,25,63
300,91,25,62
302,94,25,62
300,94,34,64
304,93,25,63
307,95,25,64
310,91,25,64
311,91,25,64
317,88,25,63
322,96,23,63
324,95,25,61
328,95,25,58
334,94,31,63
339,96,30,64
342,99,31,61
348,100,32,59
356,97,31,58
359,93,32,66
367,94,35,67
372,96,38,66
382,97,34,67
390,97,30,67
395,93,35,71
404,91,32,73
413,99,35,64
425,95,27,67
430,97,31,64
440,95,28,69
449,95,27,63
453,97,23,67
464,93,26,66
473,94,26,61
480,91,28,61
491,93,28,62
500,92,27,60
509,93,27,58
518,89,32,58
526,93,32,59
537,93,27,58
537,93,30,59
552,92,32,58
558,93,32,58
567,89,28,59
574,87,32,58
584,89,35,58
596,93,28,59
604,92,34,60
611,93,35,58
615,92,34,60
622,93,27,57
642,98,35,60
646,96,35,62
649,99,34,57
658,102,34,56
