488,224,29,89
488,224,29,89
490,224,29,89
490,224,29,89
490,222,29,89
492,220,29,89
492,220,29,89
492,220,29,89
494,220,29,89
496,220,29,89
498,220,29,89
498,220,29,89
500,220,29,89
500,220,29,89
503,220,29,89
505,220,29,89
507,220,29,89
507,220,29,89
509,218,29,89
509,218,29,89
509,218,29,89
511,218,29,89
511,218,29,89
511,216,29,89
513,216,29,89
513,218,29,89
513,218,29,89
513,218,29,89
515,216,29,89
517,216,29,89
517,216,29,89
520,214,28,85
522,214,28,85
522,214,28,85
524,214,28,85
526,214,28,85
526,214,28,85
526,214,28,85
528,214,28,85
528,214,28,85
530,214,28,85
532,214,28,85
532,212,28,85
534,212,28,85
534,212,28,85
534,212,28,85
537,212,28,85
539,212,28,85
541,212,28,85
543,212,28,85
543,212,28,85
543,212,28,85
543,212,28,85
543,212,28,85
545,212,28,85
549,210,28,85
549,210,28,85
551,210,28,85
551,210,28,85
551,210,28,85
554,210,28,85
554,210,28,85
556,210,28,85
556,210,28,85
560,210,28,85
560,210,28,85
562,210,28,85
564,210,28,85
566,206,28,85
566,206,28,85
566,206,28,85
568,206,28,85
571,206,28,85
573,206,28,85
575,206,28,85
575,206,28,85
575,206,28,85
577,206,28,85
579,206,28,85
579,204,28,85
581,204,28,85
581,204,28,85
583,204,28,85
585,204,28,85
585,202,28,85
588,202,28,85
590,202,28,85
588,202,28,85
559,204,28,85
550,204,28,85
525,202,28,85
507,200,28,85
495,202,28,85
476,200,28,85
486,200,28,85
484,200,28,85
484,200,28,85
486,200,28,85
488,200,28,85
490,202,27,80
490,202,27,80
492,202,27,80
494,202,27,80
496,202,27,80
498,202,27,80
498,202,27,80
500,200,27,80
500,200,27,80
503,200,27,80
505,200,27,80
505,202,27,80
507,202,27,80
509,200,27,80
511,200,27,80
513,200,27,80
515,200,27,80
515,200,27,80
499,200,27,80
482,198,27,80
461,198,27,80
446,198,27,80
433,198,27,80
414,198,27,80
391,198,27,80
376,198,27,80
355,198,27,80
344,198,27,80
350,198,27,80
350,198,27,80
352,198,27,80
354,198,27,80
354,196,27,80
356,196,27,80
356,196,27,80
356,196,27,80
358,196,27,80
360,196,27,80
360,196,27,80
362,196,27,80
362,196,27,80
364,196,27,80
364,194,27,80
367,194,27,80
367,194,27,80
367,194,27,80
369,194,27,80
369,194,27,80
369,194,27,80
369,194,27,80
371,194,27,80
371,194,27,80
371,194,27,80
373,194,27,78
373,194,27,78
373,194,27,78
373,192,27,78
375,192,27,78
375,192,27,78
375,192,27,78
377,192,27,78
377,192,27,78
377,190,27,78
379,190,27,78
379,190,27,78
379,190,27,78
381,190,27,78
381,190,27,78
381,190,27,78
381,190,27,78
381,190,27,78
381,190,27,78
384,190,27,78
384,190,27,78
384,190,27,78
384,190,27,78
384,190,27,78
384,190,27,78
384,188,27,78
384,188,27,78
384,188,27,78
386,188,27,78
386,188,27,78
388,188,27,78
388,188,27,78
388,186,27,78
388,186,27,78
388,186,27,78
390,186,27,78
390,186,27,78
390,186,27,78
390,186,27,78
392,186,27,78
392,186,27,78
392,186,27,78
392,186,27,78
392,186,27,78
392,186,27,78
392,186,27,78
392,186,27,78
392,186,28,75
392,186,28,75
392,186,28,75
392,186,28,75
392,184,28,75
392,184,28,75
392,182,28,75
392,182,28,75
392,182,28,75
392,182,28,75
392,182,28,75
392,182,28,75
392,182,28,75
392,182,28,75
392,182,28,75
392,182,28,75
392,182,28,75
392,182,28,75
392,182,28,75
390,182,28,75
390,182,28,75
390,182,28,75
390,182,28,75
390,182,28,75
390,182,28,75
388,182,28,75
388,182,28,75
388,182,28,75
388,182,28,75
388,182,28,75
386,180,28,75
386,180,28,75
386,180,28,75
386,180,28,75
386,180,28,75
386,180,28,75
386,180,28,75
386,180,28,75
386,180,28,75
384,180,28,75
384,180,28,75
384,180,28,75
384,180,28,75
384,180,28,75
384,180,28,75
382,180,27,72
382,180,27,72
380,180,27,72
380,180,27,72
380,180,27,72
380,180,27,72
378,180,27,72
378,180,27,72
378,180,27,72
378,180,27,72
376,180,27,72
376,180,27,72
376,180,27,72
374,180,27,72
374,180,27,72
374,180,27,72
372,180,27,72
370,178,27,72
370,178,27,72
370,178,27,72
370,178,27,72
370,178,27,72
370,178,27,72
370,178,27,72
370,178,27,72
370,178,27,72
370,178,27,72
368,176,27,72
368,176,27,72
368,176,27,72
368,176,27,72
368,176,27,72
368,176,27,72
367,176,27,72
367,176,27,72
365,176,27,72
365,176,27,72
365,176,27,72
365,174,27,72
365,174,27,72
365,174,27,72
365,174,27,72
363,174,27,72
363,174,27,72
363,174,27,72
365,174,27,71
365,174,27,71
363,174,27,71
363,174,27,71
363,174,27,71
363,172,27,71
363,172,27,71
365,172,27,71
365,172,27,71
365,172,27,71
365,172,27,71
365,172,27,71
365,172,27,71
365,172,27,71
365,172,27,71
365,172,27,71
365,172,27,71
365,172,27,71
365,172,27,71
365,172,27,71
365,172,27,71
367,168,27,71
367,168,27,71
367,168,27,71
367,168,27,71
367,168,27,71
369,168,27,71
369,168,27,71
369,168,27,71
369,168,27,71
369,168,27,71
369,168,27,71
369,168,27,71
369,168,27,71
369,168,27,71
369,168,27,71
369,168,27,71
369,166,27,71
369,166,27,71
369,166,27,71
369,166,27,71
369,166,27,71
369,166,27,71
369,166,27,71
369,166,27,71
369,166,27,71
369,166,27,71
371,166,27,71
371,166,27,71
371,166,27,71
371,166,27,71
371,166,27,68
371,166,27,68
371,166,27,68
371,166,27,68
373,166,27,68
373,166,27,68
373,166,27,68
373,164,27,68
373,164,27,68
373,164,27,68
373,164,27,68
373,164,27,68
373,164,27,68
373,164,27,68
373,164,27,68
373,164,27,68
373,164,27,68
375,164,27,68
375,164,27,68
375,164,27,68
375,162,27,68
375,162,27,68
375,162,27,68
375,162,27,68
375,162,27,68
375,162,27,68
375,162,27,68
375,162,27,68
377,162,27,68
377,162,27,68
379,160,27,68
379,160,27,68
379,160,27,68
379,162,27,64
379,162,27,64
379,162,27,64
379,162,27,64
379,162,27,64
379,162,27,64
379,162,27,64
379,160,27,64
379,160,27,64
381,160,27,64
381,160,27,64
381,160,27,64
381,160,27,64
381,160,27,64
381,160,27,64
384,158,27,64
384,158,27,64
384,158,27,64
384,158,27,64
384,158,27,64
386,158,27,64
386,158,27,64
386,158,27,64
386,158,27,64
386,158,27,64
386,158,27,64
386,158,27,64
386,158,27,64
386,160,27,61
386,160,27,61
386,160,27,61
386,158,27,61
386,158,27,61
386,156,27,61
386,156,27,61
386,156,27,61
386,156,27,61
386,156,27,61
388,156,27,61
388,156,27,61
388,156,27,61
388,156,27,61
388,156,27,61
390,156,27,61
390,156,27,61
390,156,27,61
390,154,27,61
390,154,27,61
390,154,27,61
390,154,27,61
390,154,27,61
390,154,27,61
390,154,27,61
390,154,27,61
390,156,27,61
390,156,27,61
390,156,27,61
390,156,27,61
390,154,27,61
390,154,27,61
390,154,27,61
390,154,27,61
390,154,27,61
390,154,27,61
390,154,27,61
390,154,27,61
390,154,27,61
390,154,27,61
392,154,27,61
392,154,27,61
392,154,27,61
392,154,27,61
394,152,27,61
394,152,27,61
394,152,27,61
394,152,27,61
394,152,27,61
394,152,27,61
394,152,27,61
394,152,27,61
394,152,27,61
396,150,27,61
396,150,27,61
396,150,27,61
396,150,27,61
396,148,27,61
396,148,27,61
396,148,27,61
396,148,27,61
398,150,27,61
398,150,27,61
401,152,27,61
401,152,27,61
401,152,27,61
401,150,27,61
401,150,27,61
401,150,27,61
403,148,27,61
403,148,27,61
403,148,27,61
405,148,27,61
405,148,27,61
405,148,27,61
405,148,27,61
405,148,27,61
405,148,27,61
405,148,27,61
405,148,27,61
407,148,27,61
407,148,27,61
407,148,27,61
407,148,27,61
407,148,27,61
407,148,27,61
409,146,27,61
409,146,27,61
409,146,27,61
409,146,27,61
411,146,27,61
411,146,27,61
411,146,27,61
413,146,27,61
413,146,27,61
413,146,27,61
413,146,27,61
415,144,27,61
415,144,27,61
415,144,27,61
415,144,27,61
415,144,27,61
418,146,27,61
418,146,27,57
418,146,27,55
420,146,27,55
420,146,27,57
422,146,27,57
422,146,27,57
424,146,23,57
424,146,23,57
426,146,23,57
426,146,21,55
428,146,21,57
428,146,21,55
430,146,21,55
430,146,21,55
430,146,21,55
432,146,21,55
432,144,21,55
431,146,23,55
432,146,23,55
435,146,23,55
435,146,23,55
435,146,23,55
437,146,21,55
435,146,27,53
437,146,23,53
435,144,25,54
437,142,25,55
437,142,27,53
437,142,27,53
439,142,27,53
439,142,27,53
439,142,27,53
439,142,27,53
439,142,27,53
439,140,27,57
443,142,19,53
443,142,23,53
445,142,21,55
445,142,21,55
445,142,21,56
445,140,23,56
445,140,27,56
443,140,27,56
445,140,27,56
445,140,27,56
445,140,27,56
445,140,27,56
445,140,27,56
445,142,27,56
445,142,27,56
445,142,27,56
445,140,27,56
445,140,27,56
445,140,27,56
445,140,27,56
445,140,27,56
445,140,27,56
445,140,27,56
445,140,27,56
445,140,27,56
445,140,27,56
445,140,27,56
445,140,27,56
445,140,27,56
445,140,27,56
445,140,27,56
445,140,27,56
445,138,27,56
445,138,27,56
445,138,27,56
445,138,27,56
445,138,27,56
445,138,27,56
445,138,27,56
445,140,27,56
445,140,27,56
445,140,27,56
443,140,27,56
443,140,27,56
443,140,27,56
443,140,27,56
443,138,27,56
443,138,27,56
443,138,27,56
441,138,27,56
441,138,27,56
441,138,27,56
443,138,27,56
441,138,27,56
