125,149,31,116
123,151,31,116
121,149,31,116
121,149,31,116
121,149,31,116
121,149,31,116
115,148,37,114
117,148,37,114
117,150,37,114
115,150,37,114
115,150,37,114
115,150,37,114
115,150,37,114
113,151,37,114
115,151,37,114
113,151,37,114
116,152,37,114
114,152,37,114
114,152,37,114
115,152,37,114
115,152,37,114
115,152,37,114
115,152,37,114
115,152,37,114
115,152,37,114
115,152,37,114
115,152,37,114
115,152,37,114
115,152,37,114
113,156,37,114
113,156,37,114
113,156,37,114
112,158,37,114
112,158,37,114
112,158,37,114
112,160,37,114
112,160,37,114
112,160,37,114
112,160,37,114
112,160,37,114
112,160,37,114
112,160,37,114
113,162,37,114
115,162,37,114
115,165,37,115
115,165,37,115
115,165,37,115
117,165,37,115
117,165,37,115
117,165,37,115
118,165,37,115
118,165,37,115
118,165,37,115
118,165,37,115
118,165,37,115
118,165,37,115
120,165,37,115
120,165,37,115
118,164,39,118
118,164,39,118
120,167,39,118
120,167,39,118
118,167,39,118
118,167,39,118
118,167,39,118
118,167,39,118
118,167,39,118
118,167,39,118
118,167,39,118
118,167,39,118
118,167,39,118
118,167,39,118
118,167,39,118
116,168,39,118
116,168,39,118
120,172,39,118
122,174,39,118
122,175,39,118
122,175,39,118
122,175,39,118
123,176,39,118
123,176,39,118
123,178,39,118
125,180,39,118
124,181,39,123
124,183,39,123
124,184,39,123
124,182,39,123
124,182,39,123
124,182,39,123
125,184,39,123
125,184,39,123
125,184,39,123
125,184,39,123
125,185,39,123
125,185,39,123
126,188,39,123
126,188,39,123
126,188,39,123
126,188,39,123
126,188,39,123
126,188,39,123
126,188,39,123
126,188,39,123
126,188,39,123
126,188,39,123
126,188,39,123
126,188,39,123
126,188,39,123
126,188,39,123
126,188,39,123
131,192,39,123
131,194,39,123
131,192,39,123
132,191,39,123
134,191,39,123
132,191,39,123
134,191,39,123
134,191,39,123
134,191,39,123
134,191,39,123
132,193,39,123
132,193,39,123
132,193,39,123
130,193,39,123
130,193,39,123
130,193,39,123
136,197,39,123
140,197,39,123
143,198,39,123
146,198,39,123
150,197,39,123
152,197,39,123
154,197,39,123
158,197,39,123
163,197,39,123
165,197,39,123
167,197,39,123
171,199,39,123
174,198,40,127
180,198,40,127
182,199,40,127
184,199,40,127
188,199,40,127
192,200,40,127
193,200,40,127
199,201,40,127
203,204,40,127
201,204,40,127
199,204,40,127
197,204,40,127
195,204,40,127
195,204,40,127
195,204,40,127
194,205,40,127
194,205,40,127
194,205,40,127
194,205,40,127
194,205,40,127
205,205,40,127
207,205,40,127
211,205,40,127
214,205,40,127
216,205,40,127
218,207,40,127
222,207,40,127
224,207,40,127
228,209,40,127
233,209,40,127
229,209,40,127
231,209,40,127
233,209,40,127
231,209,40,127
229,209,40,127
231,207,40,127
229,205,40,127
227,203,40,127
227,203,40,127
225,203,40,127
225,201,40,127
223,203,40,127
221,205,40,127
221,203,40,127
221,203,40,127
219,203,40,127
219,205,40,127
218,207,40,127
216,207,40,127
214,207,40,127
214,207,40,127
210,207,40,127
208,207,40,127
208,207,40,127
204,209,40,127
204,209,40,127
203,210,40,127
201,209,40,127
199,209,40,127
199,209,40,127
199,207,40,127
197,209,40,127
195,207,40,127
193,207,40,127
193,207,40,127
193,207,40,127
191,209,40,127
189,209,40,127
189,209,40,127
186,209,40,127
186,209,40,127
186,211,40,127
182,209,40,127
180,211,40,127
178,213,40,127
176,213,40,127
176,213,40,127
176,213,40,127
171,214,40,127
184,210,40,127
186,209,40,127
191,207,40,127
194,209,40,127
199,209,40,127
199,209,40,127
203,211,40,127
206,211,40,127
210,209,40,127
214,208,40,127
218,206,40,127
218,206,40,127
218,208,40,127
218,206,40,127
224,206,40,127
226,208,40,127
228,208,40,127
233,208,40,127
229,208,40,127
229,208,40,127
229,208,40,127
229,208,40,127
227,208,40,127
225,210,40,127
223,208,40,127
223,208,40,127
223,208,40,127
223,208,40,127
221,208,40,127
221,206,40,127
221,206,40,127
221,206,40,127
221,206,40,127
221,208,40,127
221,208,40,127
221,208,40,127
221,208,40,127
221,208,40,127
221,210,40,127
219,210,40,127
219,210,40,127
219,210,40,127
219,212,40,127
217,212,40,127
217,212,40,127
212,213,40,127
215,211,40,127
210,211,40,127
209,211,40,127
207,211,40,127
205,211,40,127
205,211,40,127
203,211,40,127
199,211,40,127
199,209,40,127
197,211,40,127
195,211,40,127
195,211,40,127
195,211,40,127
195,211,40,127
193,211,40,127
195,209,40,127
193,210,40,127
191,210,40,127
191,210,40,127
191,210,40,127
191,211,40,127
191,211,40,127
187,211,40,127
189,211,40,127
189,211,40,127
188,215,40,127
186,213,40,127
186,213,40,127
186,213,40,127
186,213,40,127
185,217,40,127
183,215,40,127
181,213,40,127
181,213,40,127
181,211,40,127
181,211,40,127
181,211,40,127
181,211,40,127
181,211,40,127
178,213,40,127
176,209,40,127
176,209,40,127
178,211,40,127
174,211,40,127
176,211,40,127
174,213,40,127
174,213,40,127
174,213,40,127
172,213,40,127
172,213,40,127
170,213,40,127
167,213,40,127
167,213,40,127
163,215,40,127
161,215,40,127
161,217,40,127
157,217,40,127
154,217,40,127
158,217,40,127
154,217,40,127
150,214,40,127
152,218,40,127
152,218,40,127
146,216,40,127
148,216,40,127
142,216,40,127
142,216,40,127
140,216,40,127
138,214,40,127
138,214,40,127
136,216,40,127
137,217,40,127
135,217,40,127
133,214,40,127
133,214,40,127
133,214,40,127
133,214,40,127
127,217,40,127
127,217,40,127
127,217,40,127
123,218,40,127
123,218,40,127
123,218,40,127
118,220,40,127
120,220,40,127
125,220,40,127
128,220,40,127
128,220,40,127
131,220,40,127
135,220,40,127
127,219,40,127
125,219,40,127
125,219,40,127
125,219,40,127
125,219,40,127
125,219,40,127
125,219,40,127
125,219,40,127
119,219,40,127
114,221,44,128
112,221,44,128
110,221,44,128
108,222,44,128
104,222,44,128
104,222,44,128
100,222,44,128
98,221,44,128
98,221,44,128
103,221,44,128
105,221,44,128
109,221,44,128
110,220,44,128
110,219,44,128
116,219,44,128
120,219,44,128
122,223,44,128
123,219,44,128
123,219,44,128
129,221,44,128
129,221,46,130
133,221,46,130
133,223,46,130
137,223,46,130
