418,287,39,93
418,287,39,93
420,287,32,90
418,287,32,90
416,286,32,90
413,287,32,90
413,287,32,90
407,285,32,90
407,285,32,90
407,283,29,94
407,283,29,94
403,283,29,94
403,283,29,94
402,281,29,94
401,284,28,88
397,284,28,88
397,284,28,88
395,282,28,88
395,282,28,88
392,282,28,88
392,282,28,88
392,282,28,88
392,282,28,88
386,281,28,88
386,281,28,88
384,280,28,88
384,280,28,88
379,277,28,88
379,277,28,88
379,277,28,88
377,276,28,88
377,276,28,88
376,275,28,88
376,275,28,88
370,275,28,88
370,275,28,88
370,275,28,88
370,275,28,88
367,274,28,88
367,274,28,88
367,276,27,82
367,276,27,82
364,276,27,82
364,276,27,82
363,272,27,82
363,272,27,82
361,271,27,82
361,271,27,82
361,271,27,82
361,271,27,82
356,271,27,82
356,271,27,82
356,271,27,82
353,267,27,82
353,267,27,82
352,267,27,82
352,267,27,82
351,266,27,82
351,266,27,82
347,267,27,82
347,267,27,82
347,267,27,82
344,265,27,82
344,265,27,82
344,262,27,82
343,261,27,86
343,261,27,86
339,260,27,86
339,260,27,86
339,260,27,86
337,258,27,84
337,258,27,84
337,258,27,84
337,258,27,84
333,258,27,84
333,258,27,84
333,258,27,84
333,258,27,84
329,259,31,74
329,259,31,74
328,254,29,81
328,254,29,81
322,254,29,81
322,254,29,81
322,254,29,81
322,254,29,81
324,257,27,75
324,257,27,75
320,256,27,75
318,255,27,75
317,252,27,75
317,252,27,75
314,249,29,80
314,249,29,80
314,249,29,80
313,251,29,80
313,251,29,80
310,254,29,71
313,256,29,71
313,256,29,71
320,246,27,80
320,246,27,80
328,246,27,80
328,247,27,80
333,246,27,80
337,248,25,74
342,248,25,74
342,248,25,74
347,245,25,74
350,242,25,74
352,242,25,74
358,242,25,74
362,242,25,74
362,242,25,74
369,242,25,74
371,244,25,74
376,244,25,74
377,243,25,74
380,239,29,78
382,239,29,78
385,239,29,78
388,239,29,78
396,238,23,73
401,242,23,73
404,242,23,73
407,241,23,73
412,240,23,73
416,239,23,73
420,239,23,73
422,239,23,73
428,238,23,73
432,238,23,73
432,239,23,73
432,239,23,73
432,239,23,73
430,239,23,73
429,236,23,73
429,236,23,73
429,236,23,73
429,236,23,73
427,236,23,73
427,236,23,73
427,236,23,73
423,235,23,73
423,235,23,73
423,235,23,73
423,235,23,73
421,231,23,73
421,231,23,73
418,231,23,73
418,231,23,73
418,233,23,73
418,233,23,73
414,233,23,73
414,233,23,73
411,232,23,73
411,232,23,73
411,232,23,73
411,232,23,73
406,231,23,73
406,231,23,73
406,231,23,73
401,228,23,73
401,228,23,73
399,225,29,73
401,226,25,72
397,226,25,72
395,226,25,72
395,226,25,72
395,226,25,72
390,228,25,69
390,228,25,69
386,224,25,69
386,224,25,69
382,224,25,69
382,224,25,69
380,224,25,69
380,224,25,69
378,226,25,69
377,225,21,69
377,225,21,69
375,225,21,69
370,224,21,69
369,223,21,69
369,223,21,69
367,222,21,69
367,221,21,69
365,225,21,69
364,224,21,69
361,224,21,69
367,222,21,69
367,222,21,69
370,222,21,69
371,221,21,69
377,220,21,69
377,220,21,69
380,221,21,69
385,221,21,69
385,221,21,69
386,221,21,69
389,221,21,69
394,220,21,69
396,216,21,69
401,217,21,69
401,217,25,67
401,217,25,67
403,218,25,67
402,218,25,67
397,218,25,67
396,214,25,69
396,214,25,69
392,213,25,69
392,213,25,69
388,213,25,69
388,214,22,68
388,214,22,68
386,213,22,68
386,213,22,68
380,213,22,68
380,213,22,68
378,212,22,68
378,212,22,68
375,212,22,68
375,212,22,68
371,212,22,68
371,212,22,68
368,212,22,68
368,212,22,68
365,208,22,68
365,208,22,68
359,208,22,68
359,208,22,68
359,208,22,68
355,208,22,68
353,209,21,65
353,209,21,65
350,209,21,65
350,209,21,65
348,209,21,65
348,209,21,65
344,206,21,65
344,206,21,65
341,206,21,65
341,206,21,65
336,206,21,65
336,206,21,65
334,206,21,65
334,205,21,65
330,205,21,65
328,203,21,65
327,203,21,65
327,203,21,65
324,203,21,65
321,203,21,65
321,203,21,65
321,203,21,65
318,202,21,65
316,202,21,65
316,202,21,65
314,201,21,65
314,201,21,65
311,201,21,65
311,201,21,65
311,201,18,60
309,201,18,60
308,201,18,60
305,201,18,60
304,199,18,60
302,199,20,61
302,200,20,61
302,200,20,61
297,202,21,57
297,202,21,57
297,202,21,57
296,200,21,57
296,200,21,57
296,200,21,57
296,200,21,57
293,199,21,57
293,199,21,57
293,199,21,57
292,198,21,57
292,198,21,57
288,197,21,57
288,197,21,57
288,197,21,57
287,197,21,57
287,197,21,57
284,197,21,57
284,197,21,57
284,197,21,57
284,197,21,57
282,197,21,57
282,192,20,61
282,192,20,61
280,192,20,61
280,192,20,61
280,192,20,61
280,193,19,58
278,193,19,58
278,193,19,58
278,193,19,58
278,190,19,58
276,189,19,58
276,189,19,58
276,189,19,58
276,189,19,58
273,192,19,58
273,192,19,58
273,192,19,58
273,192,19,58
269,188,19,58
269,188,19,58
269,188,19,58
269,188,19,58
267,188,19,58
267,188,19,58
265,189,20,57
265,189,20,57
263,188,20,57
263,188,20,57
261,188,20,57
261,188,20,57
260,187,20,57
260,187,20,57
257,188,20,57
257,188,20,57
257,188,20,57
257,185,16,60
257,185,16,60
254,184,16,60
252,182,20,61
252,182,20,61
248,184,20,61
248,184,20,61
248,187,21,53
253,187,21,53
253,187,21,53
259,186,21,53
262,184,21,53
267,184,21,53
267,184,21,53
274,184,21,53
274,184,21,53
280,185,21,53
284,184,16,53
285,185,22,53
285,185,22,53
292,184,22,53
292,184,22,53
292,184,22,53
291,181,22,53
291,181,22,53
290,181,22,53
287,181,23,55
285,181,23,55
285,181,23,55
285,181,23,55
282,181,23,55
282,180,19,57
282,180,19,57
280,179,19,57
278,180,19,57
278,180,19,57
277,183,18,52
277,183,18,52
275,183,18,52
273,183,18,52
271,181,18,52
271,181,18,52
270,178,18,52
270,178,18,52
266,177,23,57
265,181,22,52
265,181,22,52
265,181,22,52
261,181,22,52
261,181,22,52
260,176,19,55
260,176,19,55
258,177,19,55
258,177,19,55
258,177,19,55
256,178,19,51
253,178,19,51
253,178,19,51
250,178,19,51
250,178,19,51
249,176,19,51
249,176,19,51
246,176,19,51
246,176,19,51
244,176,21,53
244,178,18,50
244,178,18,50
244,178,18,50
241,177,18,50
241,177,18,50
239,176,18,50
239,176,18,50
236,177,19,49
236,177,19,49
234,177,19,49
235,180,15,48
235,180,15,48
233,180,15,48
233,177,14,50
231,173,18,53
231,173,18,53
231,173,18,53
229,173,18,53
228,176,19,49
228,176,19,49
228,176,19,49
228,175,15,50
228,175,15,50
228,173,15,50
228,173,15,50
228,173,15,50
228,173,15,50
227,175,14,48
227,175,14,48
227,175,14,48
227,175,14,48
223,171,18,51
223,171,18,51
223,171,18,51
223,172,15,45
223,172,15,45
223,172,15,45
223,172,15,45
223,172,15,45
223,172,15,45
223,172,15,45
223,172,15,45
223,172,15,45
223,172,15,45
223,172,15,45
223,172,15,45
223,172,15,45
223,172,15,45
219,172,16,46
219,172,16,46
219,172,16,46
220,169,14,46
220,169,14,46
220,169,14,46
220,169,14,46
220,169,14,46
220,169,14,46
217,172,16,45
217,172,16,45
217,172,16,45
217,172,16,45
217,172,16,45
217,169,16,45
217,169,16,45
217,169,16,45
217,170,14,46
217,170,14,46
217,170,14,46
217,170,14,46
217,170,14,46
214,169,14,46
214,169,14,46
214,169,14,46
214,169,14,46
214,169,14,46
214,169,14,46
214,169,14,46
214,169,14,46
214,169,14,46
212,166,18,49
212,166,18,49
212,166,18,49
212,167,16,48
212,167,16,48
212,167,16,48
212,168,14,43
212,168,14,43
212,168,14,43
212,168,14,43
210,168,14,43
210,168,14,43
210,168,14,43
210,168,14,43
210,168,14,43
210,168,14,43
210,168,14,43
208,167,14,43
208,167,14,43
207,165,14,43
207,165,14,43
207,165,14,43
207,165,14,43
207,165,14,43
205,165,14,43
205,165,14,43
205,165,14,43
202,166,14,45
202,165,14,41
202,165,14,41
201,165,14,41
201,165,14,41
198,165,14,41
198,165,14,41
197,165,14,41
197,165,14,41
197,165,14,34
197,165,14,34
197,165,14,34
193,165,14,34
193,165,14,34
192,168,14,34
192,168,14,34
192,166,14,34
192,166,14,34
186,165,14,34
186,165,14,34
186,165,14,34
186,165,14,34
185,167,14,40
185,167,14,40
185,167,14,40
182,165,14,40
182,165,14,40
181,162,14,40
181,162,14,40
180,162,14,40
178,164,14,40
178,164,14,40
176,164,14,40
176,164,14,40
174,164,14,40
174,164,14,40
172,164,14,40
173,163,14,40
169,161,16,42
169,161,16,42
168,161,16,42
168,161,16,42
165,161,16,42
165,161,16,42
161,162,16,42
163,162,16,44
161,160,16,44
161,160,16,44
161,160,14,41
161,160,14,41
159,161,14,41
160,164,13,39
156,164,13,39
156,164,13,39
155,160,13,39
155,160,13,39
152,163,13,37
152,163,13,37
148,164,16,36
148,164,16,36
148,164,14,35
146,164,14,35
146,164,14,35
143,164,14,35
143,164,14,35
143,164,14,35
144,160,13,39
142,160,13,39
142,160,13,39
142,160,13,39
140,162,13,39
140,162,13,39
140,162,13,39
139,160,13,39
139,160,13,39
139,159,13,39
139,159,13,39
135,160,13,39
135,160,13,39
137,162,13,39
137,162,13,39
134,161,13,39
134,161,13,39
133,160,13,39
133,160,13,39
131,160,13,39
131,160,13,39
131,159,13,41
131,159,13,41
129,158,13,41
129,158,13,41
129,158,13,41
129,158,13,41
129,158,13,41
129,158,13,41
134,157,13,41
140,158,13,41
140,158,13,41
146,158,13,41
148,158,13,41
156,159,13,41
159,159,13,41
163,158,13,41
163,158,13,41
168,158,13,41
173,158,13,41
176,158,13,41
180,158,13,41
178,157,13,41
178,157,13,41
178,155,15,44
178,155,15,44
178,155,15,44
178,155,15,44
175,155,15,44
175,155,15,44
175,155,15,44
175,155,15,44
175,155,15,44
173,155,15,44
173,155,15,44
173,155,15,44
173,155,15,44
173,155,15,44
173,155,15,44
169,154,15,44
169,154,15,44
169,154,15,44
168,154,15,44
168,154,15,44
167,153,15,44
167,153,15,44
165,156,15,44
165,156,15,44
164,156,15,44
164,156,15,44
163,152,14,43
163,152,14,43
161,152,14,43
161,152,14,43
158,152,14,43
158,152,14,43
158,152,14,43
157,152,14,43
157,152,14,43
154,153,18,38
154,153,18,38
151,152,18,38
151,152,18,38
151,152,18,38
150,150,14,44
150,150,14,44
148,150,14,44
148,150,14,44
144,149,14,44
144,149,14,44
144,147,14,44
144,147,14,44
142,148,16,41
